Header,foot_Accel_X,foot_Accel_Y,foot_Accel_Z,foot_Gyro_X,foot_Gyro_Y,foot_Gyro_Z,shank_Accel_X,shank_Accel_Y,shank_Accel_Z,shank_Gyro_X,shank_Gyro_Y,shank_Gyro_Z,thigh_Accel_X,thigh_Accel_Y,thigh_Accel_Z,thigh_Gyro_X,thigh_Gyro_Y,thigh_Gyro_Z,trunk_Accel_X,trunk_Accel_Y,trunk_Accel_Z,trunk_Gyro_X,trunk_Gyro_Y,trunk_Gyro_Z
0,-11.0816142377664,-11.7387651721028,11.3272239354982,-0.0177090532128403,-0.00587266672015825,0.00847595227063496,-1.41753368498985,5.61209366236508,-1.79313658783276,-0.0234621762764762,-0.00638934326768346,-0.0017694399986892,-6.38935655342448,2.35215723307154,-3.44861935574605,-0.0224246140714925,-0.00158258886511039,0.00870393826243157,-4.37500018156879,11.1234951899865,-10.0954056957632,-0.0250685941382054,-0.0128809525865014,-0.00821787511972241
0.005,-11.0738158844556,-11.7298817786431,11.3194511844218,-0.0179318938794597,-0.00622012392302607,0.00830713546097485,-1.41721186677273,5.60791076869467,-1.79187339309175,-0.0237122632240788,-0.00666928777439274,-0.00168774280162795,-6.38536213386715,2.35039286379078,-3.44619735511429,-0.0226568944007418,-0.0015790890185044,0.00872189261806658,-4.37250401401434,11.1152831473463,-10.0878250946442,-0.0257886710217635,-0.0128841155275788,-0.00821527427369168
0.01,-11.0660175311448,-11.7209983851832,11.3116784333454,-0.0182900495051946,-0.00689460361753113,0.00787741493467511,-1.41689004855562,5.60372787502426,-1.79061019835071,-0.0240881056217113,-0.00722618955041335,-0.00149989068617928,-6.38136771430982,2.34862849451001,-3.44377535448257,-0.0229998052391486,-0.00155685508859258,0.00871820695547803,-4.37000784645966,11.107071104706,-10.0802444935251,-0.0271620769584778,-0.0127837811912152,-0.00811758601880527
0.015,-11.058219177834,-11.7121149917235,11.3039056822688,-0.0184789967545112,-0.00753658004843369,0.00725789309357296,-1.41656823033873,5.59954498135387,-1.78934700360968,-0.0242206648730076,-0.0077822271057274,-0.00126145553059553,-6.37737329475226,2.34686412522925,-3.44135335385081,-0.0231043999534423,-0.00150400600099445,0.00863597033035418,-4.36751167890543,11.0988590620657,-10.072663892406,-0.0283983068932914,-0.0124604892647581,-0.00783885544609211
0.02,-11.0504208245231,-11.7032315982636,11.2961329311925,-0.0185142727602281,-0.00816082374426781,0.00644299202985077,-1.41624641212161,5.59536208768345,-1.78808380886865,-0.0241260286182988,-0.0083468551140786,-0.000973283694222806,-6.37337887519493,2.34509975594849,-3.43893135321906,-0.0229857524272122,-0.00142267067548716,0.00848168487883126,-4.36501551135075,11.0906470194254,-10.065083291287,-0.0294836303425733,-0.0119031979711165,-0.00739494074642543
0.025,-11.0426224712123,-11.6943482048039,11.2883601801159,-0.0184152125744258,-0.00875992292853164,0.00544368601480586,-1.41592459390449,5.59117919401305,-1.78682061412761,-0.0238269037873133,-0.00892150496819931,-0.000642628393032782,-6.3693844556376,2.34333538666773,-3.43650935258731,-0.0226649174365935,-0.00131624161402703,0.00827464767235804,-4.36251934379629,11.0824349767851,-10.0575026901679,-0.0303866617150769,-0.0111074012088803,-0.00679936563873204
0.03,-11.0348241179014,-11.6854648113441,11.2805874290395,-0.0182009905183202,-0.00929395636774136,0.00429382145202237,-1.41560277568738,5.58699630034264,-1.78555741938658,-0.023348501826522,-0.0094961842404333,-0.000284809664161007,-6.36539003608027,2.34157101738695,-3.43408735195555,-0.0221643999097905,-0.00118884967865923,0.00805304401202714,-4.36002317624161,11.0742229341448,-10.0499220890488,-0.0310499023452659,-0.0100802654531903,-0.00605700927953127
0.035,-11.0270257645906,-11.6765814178843,11.272814677963,-0.0178920331780251,-0.00970084187835683,0.00304736319203522,-1.41528095747026,5.58281340667223,-1.78429422464556,-0.0227211083101269,-0.010050696264397,7.87065179062413e-05,-6.36139561652271,2.33980664810619,-3.4316653513238,-0.0215111107622239,-0.00104480010507877,0.00786890290911145,-4.35752700868738,11.0660108915045,-10.0423414879297,-0.0314010822853231,-0.0088451146633141,-0.00516933889666192
0.04,-11.0192274112798,-11.6676980244245,11.2650419268866,-0.0175112037953148,-0.00992963996973345,0.00175968759681103,-1.41495913925314,5.57863051300183,-1.78303102990452,-0.0219796229293306,-0.0105633508624528,0.000426851948977592,-6.35740119696538,2.33804227882543,-3.42924335069208,-0.0207371619090764,-0.000888469882678611,0.00776924965367708,-4.3550308411327,11.0577988488642,-10.0347608868107,-0.0313828494754542,-0.00743816993685871,-0.00414423882822191
0.045,-11.0114290579689,-11.6588146309647,11.2572691758102,-0.0170822136782807,-0.00997648923594555,0.000464691226156137,-1.4146373210358,5.57444761933142,-1.78176783516351,-0.0211582572912143,-0.0110217382035313,0.000746422413652724,-6.35340677740805,2.33627790954466,-3.42682135006032,-0.0198759324187014,-0.000724492087544351,0.0077747023333545,-4.35253467357825,11.0495868062239,-10.0271802856916,-0.0309816952213795,-0.00590016380676217,-0.00300349371274857
0.05,-11.003630704658,-11.6499312375049,11.2494964247336,-0.0166258216298305,-0.00988172619048735,-0.000821997964923313,-1.41431550281868,5.57026472566101,-1.78050464042246,-0.0202861982810802,-0.0114227635629403,0.00103200863417074,-6.3494123578505,2.3345135402639,-3.42439934942857,-0.0189576132377858,-0.000557704909424443,0.00788048533123781,-4.35003850602357,11.0413747635836,-10.0195996845725,-0.0302197503783372,-0.00427465789462339,-0.00178084832552597
0.055,-10.9958323513472,-11.6410478440451,11.2417236736571,-0.0161566362086394,-0.00969457202841042,-0.00208119272481784,-1.41399368460156,5.5660818319906,-1.77924144568144,-0.0193865278900156,-0.0117640036529302,0.00127977206520177,-6.34541793829317,2.33274917098313,-3.42197734879682,-0.0180067375035069,-0.000392783505199024,0.00807632638889544,-4.34754233846911,11.0331627209433,-10.0120190834535,-0.0291197463312139,-0.00261205020354364,-0.000513170371749495
0.06,-10.9880339980364,-11.6321644505853,11.2339509225807,-0.0156865860212825,-0.0094563588618863,-0.00329396941667549,-1.41367186638445,5.5618989383202,-1.77797825094041,-0.0184788944824578,-0.0120415609436632,0.00148574348405815,-6.34142351873584,2.33098480170237,-3.41955534816506,-0.0170442895949951,-0.000233819287494779,0.00835363694171891,-4.34504617091466,11.024950678303,-10.0044384823344,-0.0277005091584056,-0.000965906585819864,0.000763135734843896
0.065,-10.9802356447256,-11.6232810571255,11.2261781715043,-0.0152325417615757,-0.00920992011386655,-0.0044669055928684,-1.41335004816756,5.55771604464979,-1.77671505619936,-0.017584312787383,-0.012255180165147,0.00164947995477841,-6.33742909917851,2.32922043242161,-3.41713334753331,-0.0160930647833354,-8.39880911288205e-05,0.00869639009361541,-4.34255000335997,11.0167386356627,-9.99685788121531,-0.026003753802112,0.000616210001940776,0.00200843759410401
0.07,-10.9724372914147,-11.6143976636657,11.2184054204279,-0.0148157081225895,-0.00900241560744892,-0.00562757791632001,-1.41302822995044,5.55353315097938,-1.77545186145834,-0.0167261075136231,-0.0124084916968864,0.00177458256076136,-6.33343467962095,2.32745606314084,-3.41471134690158,-0.0151787458178407,5.4584426691707e-05,0.00907953540967152,-4.34005383580552,11.0085265930224,-9.98927728009622,-0.0240954909038029,0.00209007793404976,0.0031770158072215
0.075,-10.9646389381039,-11.605514270206,11.2106326693514,-0.0144525793660681,-0.00887429838461328,-0.00679068980695626,-1.41270641173332,5.54935025730897,-1.77418866671731,-0.0159257046276372,-0.0125040500664189,0.00186502278942695,-6.32944026006362,2.32569169386008,-3.41228934626983,-0.0143250891586957,0.000180515610682815,0.0094785186705528,-4.33755766825107,11.0003145503821,-9.98169667897716,-0.0220369199594281,0.00340287501749724,0.00421985284988804
0.08,-10.9568405847931,-11.5966308767461,11.2028599182748,-0.0141502959919125,-0.00885090509052921,-0.00794517276869153,-1.41238459351621,5.54516736363857,-1.77292547197628,-0.015198381021262,-0.0125437788296495,0.0019234534931651,-6.32544584050629,2.32392732457932,-3.40986734563808,-0.0135492500164882,0.000292213687749359,0.00987380556658298,-4.33506150069661,10.9921025077418,-9.97411607785807,-0.0198717835883135,0.00449402670643957,0.00509446825035401
0.085,-10.9490422314822,-11.5877474832864,11.1950871671985,-0.0139086932370726,-0.00894134385703968,-0.00906683777180676,-1.41206277529909,5.54098446996817,-1.77166227723525,-0.0145519205707762,-0.0125341708507235,0.00195252869277137,-6.32145142094873,2.32216295529855,-3.40744534500635,-0.0128605193014229,0.000386883965876074,0.0102471975485783,-4.33256533314193,10.9838904651015,-9.96653547673901,-0.0176389098330966,0.00530790338962091,0.0057754259655595
0.09,-10.9412438781713,-11.5788640898265,11.1873144161219,-0.0137202083539808,-0.00913873984340906,-0.0101165528020954,-1.41174095708197,5.53680157629775,-1.77039908249422,-0.0139877933987512,-0.0124852179766019,0.00195535207979706,-6.3174570013914,2.32039858601778,-3.4050233443746,-0.0122617940419187,0.0004608149309013,0.010579340040333,-4.33006916558747,10.9756784224612,-9.95895487561992,-0.0153801981667339,0.00579450499516857,0.00625167074422275
0.095,-10.9334455248605,-11.5699806963668,11.1795416650455,-0.0135651856243049,-0.00941884979720481,-0.0110264567568769,-1.41141913886486,5.53261868262734,-1.76913588775318,-0.0135002794513419,-0.0124031691611603,0.00193465767553551,-6.31346258183407,2.31863421673702,-3.40260134374282,-0.011748837545224,0.000511145813480453,0.0108519089958705,-4.32757299803302,10.9674663798209,-9.95137427450086,-0.0131358942693205,0.00589977438791958,0.00651508146450446
0.1,-10.9256471715497,-11.5610973029069,11.1717689139691,-0.0134073431585597,-0.00973576365992385,-0.0117179923268025,-1.41109732064751,5.52843578895695,-1.76787269301215,-0.0130662172062028,-0.012287236930803,0.00189336999616791,-6.30946816227674,2.31686984745626,-3.40017934311106,-0.0112996503353981,0.000538117618462059,0.0110520602381787,-4.32507683047857,10.9592543371806,-9.94379367338178,-0.0109411846538146,0.00557288528768026,0.00656230441967513
0.105,-10.9178488182389,-11.5522139094472,11.1639961628927,-0.0131910669840695,-0.0100195482736542,-0.012144535020509,-1.4107755024304,5.52425289528654,-1.76660949827112,-0.01262942297523,-0.0121329093640249,0.00183690997010582,-6.30547374271919,2.3151054781755,-3.39775734247934,-0.0108583017116549,0.000546631849273943,0.0111750403390262,-4.32258066292388,10.9510422945403,-9.93621307226272,-0.00882819859669829,0.00478891129523625,0.00640869941056995
0.11,-10.9100504649281,-11.5433305159874,11.1562234118161,-0.0128379135195003,-0.0101875609957193,-0.0123022795339231,-1.41045368421328,5.52007000161613,-1.76534630353008,-0.0120932183332608,-0.011937738645863,0.00177576283470764,-6.30147932316186,2.31334110889473,-3.39533534184758,-0.0103275794894878,0.000545935964060819,0.0112190808569842,-4.32008449536966,10.9428302519,-9.92863247114363,-0.00682651049655103,0.0035561659708999,0.00609059955093001
0.115,-10.9022521116173,-11.5344471225276,11.1484506607396,-0.0122525214580762,-0.0101670500237205,-0.0122072310762186,-1.41013186599639,5.51588710794572,-1.76408310878907,-0.0113346028793858,-0.0117056110170001,0.00172572382525545,-6.29748490360453,2.31157673961396,-3.39291334121586,-0.00958389821721512,0.000547126469167892,0.0111768594847215,-4.31758832781497,10.9346182092597,-9.92105187002454,-0.0049594123775548,0.00190503854801103,0.00565288221466924
0.12,-10.8944537583064,-11.5255637290678,11.1406779096632,-0.0113617139288641,-0.00991316336397859,-0.0118885419645244,-1.40981004777927,5.51170421427531,-1.76281991404802,-0.0102551225230537,-0.0114458673316108,0.00170207178575962,-6.2934904840472,2.3098123703332,-3.39049134058411,-0.0085284045462623,0.000558913022944488,0.0110379274677845,-4.31509216026052,10.9264061666194,-9.91347126890548,-0.00323822538929559,-0.000117053914943517,0.00513933408507513
0.125,-10.8866554049956,-11.516680335608,11.1329051585867,-0.0101662365137405,-0.00941541180111776,-0.0114023019752433,-1.40948822956216,5.50752132060491,-1.76155671930699,-0.0088416211817768,-0.0111687991822978,0.00171120627165786,-6.28949606448964,2.30804800105243,-3.38806933995235,-0.00714731639437233,0.000583929727594813,0.0108003974596893,-4.31259599270584,10.9181941239791,-9.90589066778639,-0.00165824552635769,-0.00244101174138291,0.00459061875079433
0.13,-10.8788570516848,-11.5077969421482,11.1251324075104,-0.00874062608705297,-0.00869243119968696,-0.0108244461387572,-1.40916641134504,5.5033384269345,-1.76029352456597,-0.00716826380108077,-0.0108831381529177,0.0017498996485227,-6.28550164493231,2.30628363177167,-3.38564733932057,-0.00551374180446731,0.000619448393265854,0.0104743886247521,-4.31009982515138,10.9099820813388,-9.89831006666734,-0.000201117781893809,-0.00497970787057431,0.00404187302374926
0.135,-10.8710586983739,-11.4989135486884,11.1173596564338,-0.00718169350191915,-0.00777945553100788,-0.010219072851327,-1.40884459312792,5.49915553326409,-1.75903032982492,-0.00534114481109722,-0.0105964861051597,0.00181192489968368,-6.28150722537498,2.30451926249091,-3.38322533868887,-0.00373253289016575,0.000661501728781834,0.0100746718389998,-4.30760365759693,10.9017700386985,-9.89072946554825,0.0011570140241266,-0.0076412121504135,0.00351791718721264
0.14,-10.8632603450631,-11.4900301552286,11.1095869053574,-0.00556966061968608,-0.00671983245518612,-0.00961603758017411,-1.40852277491081,5.49497263959368,-1.7577671350839,-0.00345562790578912,-0.0103162040635892,0.0018927790686925,-6.27751280581742,2.30275489321014,-3.38080333805712,-0.00189784579525478,0.000707454824488203,0.00961464754681514,-4.30510749004225,10.8935579960582,-9.88314886442919,0.00243799565792121,-0.0103356188621384,0.00303042700393628
0.145,-10.8554619917522,-11.4811467617688,11.101814154281,-0.00396210977413457,-0.00556447959643658,-0.00900807153857669,-1.40820095669369,5.49078974592328,-1.75650394034287,-0.00158912912217396,-0.0100499854747401,0.00199013114480235,-6.27351838626009,2.30099052392939,-3.37838133742534,-8.59017260491654e-05,0.000756081259572249,0.00910587540279281,-4.30261132248779,10.8853459534179,-9.8755682633101,0.00365733677351065,-0.0129710907864172,0.00257837019398388
0.15,-10.8476636384414,-11.472263368309,11.0940414032045,-0.00239842332310808,-0.0043743834615284,-0.00835432823369968,-1.40787913847657,5.48660685225287,-1.75524074560184,0.0001945137550294,-0.00980631950320283,0.00210323500494494,-6.26952396670276,2.29922615464861,-3.37595933679361,0.00164077323136236,0.000807198178096543,0.00855952171113184,-4.30011515493334,10.8771339107776,-9.86798766219104,0.00482143333525493,-0.0154464112959442,0.00214958981617676
0.155,-10.8398652851306,-11.4633799748493,11.086268652128,-0.000902559970537387,-0.00321819029040013,-0.00759321085953046,-1.40755732025923,5.48242395858247,-1.75397755086081,0.00184540007945182,-0.00959444942789905,0.00223263707332701,-6.26552954714543,2.29746178536785,-3.37353733616186,0.00323380549486305,0.000861601206524688,0.00798744376010701,-4.29761898737888,10.8689218681373,-9.86040706107195,0.00592708655533588,-0.0176503196815432,0.00172577431221104
0.16,-10.8320669318197,-11.4544965813894,11.0784959010516,0.000518089991813981,-0.00215446656691303,-0.00668264056331148,-1.40723550204211,5.47824106491206,-1.75271435611978,0.00334123419565269,-0.00942313385313693,0.00238009139423414,-6.26153512758788,2.29569741608709,-3.37111533553011,0.00467260634683568,0.000921123833395497,0.00740200399606803,-4.2951228198242,10.860709825497,-9.85282645995289,0.00696637976356915,-0.0194807275851943,0.00129745475774988
0.165,-10.8242685785088,-11.4456131879297,11.0707231499752,0.00187443349577109,-0.0012091840153008,-0.00564826366675602,-1.40691368382522,5.47405817124165,-1.75145116137874,0.00470443010563511,-0.00929908240504176,0.00254817946560104,-6.25754070803055,2.29393304680632,-3.36869333489838,0.00598136318054005,0.00098834678413483,0.00681531343150004,-4.29262665226975,10.8524977828567,-9.84524585883383,0.00793278906397397,-0.0208704988950622,0.000881859395093507
0.17,-10.816470225198,-11.4367297944698,11.0629503988987,0.00318937097468828,-0.000376688825445848,-0.00458117862857209,-1.40659186560811,5.46987527757125,-1.75018796663771,0.00599407439471187,-0.00922700872253421,0.00273888881721535,-6.25354628847322,2.29216867752556,-3.36627133426663,0.00722091594767776,0.00106532248660975,0.00623929936146797,-4.29013048471529,10.8442857402164,-9.83766525771475,0.00882136366279848,-0.0217884869554045,0.00052160860878949
0.175,-10.8086718718872,-11.4278464010101,11.0551776478222,0.00448318557293758,0.000361843749539354,-0.00358142931752817,-1.40627004739099,5.46569238390084,-1.74892477189668,0.00727094485633755,-0.00921068700705267,0.0029512580697064,-6.24955186891566,2.2904043082448,-3.36384933363487,0.00845349282919861,0.00115126246359146,0.00568473621745625,-4.28763431716084,10.8360736975761,-9.83008465659566,0.00963035212930851,-0.0222322347727411,0.000261846891381967
0.18,-10.8008735185764,-11.4189630075502,11.0474048967458,0.00576079716100202,0.00102874197130502,-0.00270968809546704,-1.40594822917387,5.46150949023043,-1.74766157715564,0.00856684739694333,-0.00925294049389585,0.00317951063268366,-6.24555744935833,2.28863993896403,-3.36142733300309,0.00971159100615031,0.00124065343216274,0.00515872208915192,-4.28513814960615,10.8278616549358,-9.8225040554766,0.010368228224759,-0.0222365862767432,0.000130011285833159
0.185,-10.7930751652655,-11.4100796140905,11.0396321456693,0.0070076566508754,0.00164342936227117,-0.00198146958561987,-1.40562641095676,5.45732659656003,-1.74639838241461,0.00987674468756585,-0.00935472915754958,0.00341318961235609,-6.241563029801,2.28687556968326,-3.35900533237137,0.0109901242311405,0.00132391410801633,0.0046654317259086,-4.2826419820517,10.8196496122955,-9.81492345435751,0.0110492604993453,-0.021864581685752,0.000134154085764845
0.19,-10.7852768119546,-11.4011962206307,11.0318593945929,0.0081938213725711,0.00221000462006793,-0.00138780429594207,-1.40530459273964,5.45314370288962,-1.74513518767358,0.0111683192574121,-0.00951418000114271,0.00363932834359701,-6.23756861024367,2.2851112004025,-3.35658333173961,0.0122566443701636,0.00139071550910433,0.00421150164984225,-4.28014581449725,10.8114375696552,-9.80734285323845,0.0116775324202662,-0.0211694655843121,0.000271427336134678
0.195,-10.7774784586438,-11.3923128271709,11.0240866435164,0.00928518189801417,0.00271207403992439,-0.000922994080763182,-1.40498277452252,5.44896080921921,-1.74387199293255,0.0124022825003952,-0.00972503175632039,0.00384582623218496,-6.23357419068611,2.28334683112174,-3.35416133110786,0.0134724047517834,0.00143455455642813,0.00381168779927486,-4.27764964694279,10.8032255270149,-9.79976225211936,0.0122438580822678,-0.020171616889169,0.000532020548680018
0.2,-10.769680105333,-11.3834294337111,11.0163138924399,0.0102540359325475,0.00311752537976056,-0.000605845660812587,-1.40466095630541,5.4447779155488,-1.74260879819153,0.0135502675727745,-0.00997442609328828,0.00402413733628143,-6.22957977112878,2.28158246184098,-3.35173933047614,0.0146106829593822,0.00145641485266674,0.00349211076377703,-4.27515347938811,10.7950134843746,-9.79218165100028,0.0127349701474692,-0.0188617454654324,0.000897017324179928
0.205,-10.7618817520222,-11.3745460402513,11.0085411413635,0.0110776485078947,0.00338672390000194,-0.000475994066494132,-1.40433913808806,5.4405950218784,-1.7413456034505,0.0145922248318159,-0.0102428820991632,0.00416875325846232,-6.22558535157145,2.27981809256021,-3.34931732984438,0.0156539026389395,0.00146386007942658,0.0032879825428606,-4.27265731183343,10.7868014417344,-9.78460104988122,0.0131345308039983,-0.0172116900854562,0.00133915677267588
0.21,-10.7540833987114,-11.3656626467915,11.0007683902869,0.0117338978284899,0.00349500491081085,-0.000564891649505041,-1.40401731987117,5.43641212820799,-1.74008240870945,0.015505710680855,-0.0105102705922426,0.0042747859319391,-6.22159093201412,2.27805372327944,-3.34689532921263,0.0165817372827885,0.0014646228708092,0.00323117892472111,-4.2701611442792,10.7785893990941,-9.77702044876216,0.0134242841866697,-0.0152021179258585,0.00183085149489588
0.215,-10.7462850454006,-11.3567792533317,10.9929956392106,0.0122048934321273,0.00346214958686951,-0.000869282932956675,-1.40369550165406,5.43222923453759,-1.73881921396844,0.0162663907302192,-0.0107640111864221,0.00433686120117254,-6.21759651245657,2.27628935399868,-3.34447332858088,0.0173703822876942,0.00146019715060343,0.00333544511110912,-4.26766497672452,10.7703773564538,-9.76943984764307,0.0135952812137812,-0.0128617625800676,0.0023525094989735
0.22,-10.7384866920897,-11.3478958598719,10.9852228881341,0.0124757161217408,0.0033477800492018,-0.00135140411776873,-1.40337368343694,5.42804634086718,-1.7375560192274,0.0168464145169202,-0.0109997081510579,0.00434924055146755,-6.21360209289924,2.27452498471792,-3.34205132794912,0.017990901898756,0.00144568603902624,0.00359584809119577,-4.26516880917006,10.7621653138135,-9.76185924652398,0.0136467978110965,-0.0102694092574902,0.00289106588555535
0.225,-10.7306883387789,-11.3390124664122,10.9774501370575,0.0125264501393717,0.00321085506034296,-0.00196270544557283,-1.40305186521982,5.42386344719677,-1.73629282448637,0.0172074985353423,-0.0112147906827333,0.00430700088273824,-6.20960767334191,2.27276061543715,-3.33962932731737,0.0184032107311887,0.00141508340556566,0.00399977089093952,-4.26267264161561,10.7539532711732,-9.75427864540492,0.0135692144469186,-0.00751123739815432,0.00342926367573891
0.23,-10.7228899854681,-11.3301290729523,10.9696773859812,0.0123337067056209,0.00308260757647819,-0.00266455347260449,-1.40273004700271,5.41968055352636,-1.73502962974534,0.017306451782258,-0.0114049920133347,0.00420790371866612,-6.20561325378435,2.27099624615639,-3.33720732668564,0.0185622481719229,0.00136537059388026,0.0045335903392923,-4.26017647406115,10.7457412285329,-9.74669804428586,0.0133392026057765,-0.00464762548831581,0.00394054280091637
0.235,-10.7150916321572,-11.3212456794926,10.9619046349047,0.011882387025778,0.0029794381252995,-0.00342175097623727,-1.40240822878559,5.41549765985595,-1.7337664350043,0.0171110269498125,-0.011566392811587,0.00405143394449678,-6.20161883422702,2.26923187687562,-3.33478532605389,0.0184340492815862,0.00129498792273873,0.00518384649533723,-4.25768030650647,10.7375291858926,-9.73911744316678,0.0129379888625978,-0.001719744953481,0.0044047396676367
0.24,-10.7072932788464,-11.3123622860328,10.9541318838283,0.011176001361828,0.00292964824996075,-0.00418108929260113,-1.40208641056847,5.41131476618555,-1.73250324026327,0.0166117342465467,-0.0116981575606397,0.00383542696474372,-6.19762441466969,2.26746750759486,-3.33236332542214,0.0180076507610294,0.00119975376163795,0.00593813920804998,-4.25518413895202,10.7293171432523,-9.73153684204769,0.0123734853114405,0.0012270298651705,0.00483153152362533
0.245,-10.6994949255355,-11.303478892573,10.9463591327518,0.0102374343952523,0.00297266862831521,-0.0048693587709892,-1.40176459235136,5.40713187251514,-1.73124004552224,0.0158221502571023,-0.0118023138589911,0.00355613702656711,-6.19362999511236,2.26570313831409,-3.32994132479038,0.017295299290004,0.0010728194818292,0.00678422191163053,-4.25268797139756,10.721105100612,-9.72395624092863,0.0116814106787376,0.0041358588992703,0.00525765570675285
0.25,-10.6916965722247,-11.2945954991131,10.9385863816753,0.00910101821257943,0.0031331701922012,-0.00541227179983759,-1.40144277413424,5.40294897884473,-1.72997685078121,0.0147693342188909,-0.0118814212229584,0.0032120580776679,-6.18963557555469,2.26393876903333,-3.32751932415863,0.0163226242904264,0.000908672750142967,0.00770721062316786,-4.25019180384311,10.7128930579717,-9.71637563980957,0.0109059624988902,0.00694937154202651,0.00571930493531506
0.255,-10.6838982189139,-11.2857121056534,10.9308136305989,0.00780331896256931,0.00340830166161298,-0.00574713581429204,-1.40112095591712,5.39876608517433,-1.72871365604018,0.0134826126233127,-0.0119368911705758,0.00280583400660032,-6.18564115599736,2.26217439975257,-3.32509732352688,0.0151172376901994,0.000705343874761317,0.00868801318114155,-4.24769563628843,10.7046810153314,-9.70879503869048,0.0100818046445534,0.00961911230578636,0.006234391926449
0.26,-10.6760998656031,-11.2768287121936,10.9230408795224,0.00637642515040644,0.0037741930402613,-0.00582044544761339,-1.40079913770023,5.39458319150392,-1.72745046129916,0.0119847894315434,-0.0119683670271153,0.00234280140162993,-6.18164673644003,2.2604100304718,-3.32267532289512,0.0136998072410675,0.000463271828023923,0.00970324604278373,-4.24519946873397,10.6964689726911,-9.70121443757142,0.00922608702175755,0.0121028178887404,0.00680298199331682
0.265,-10.6683015122923,-11.2679453187338,10.915268128446,0.0048449826596699,0.00418900943793272,-0.00558264496426364,-1.40047731948289,5.39040029783352,-1.72618726655811,0.0102878398440342,-0.0119737664536746,0.00182955535142965,-6.1776523168827,2.25864566119103,-3.3202533222634,0.0120796131188631,0.00018384801160448,0.0107247071459147,-4.24270330117952,10.6882569300508,-9.69363383645234,0.00833688526153457,0.0143528059143797,0.00741024798058409
0.27,-10.6605031589813,-11.2590619252741,10.9074953773695,0.00323111709546417,0.00459198769332933,-0.004995399017748,-1.40015550126577,5.38621740416311,-1.7249240718171,0.00840159711238805,-0.0119517756515219,0.00127508769395187,-6.17365789732514,2.25688129191028,-3.31783132163164,0.0102632378564839,-0.000130695975661244,0.011717518628677,-4.24020713362484,10.6800448874105,-9.68605323533328,0.00739873420138963,0.0163117541644375,0.0080295555463068
0.275,-10.6527048056705,-11.2501785318142,10.8997226262931,0.00156494949217248,0.00491488255815919,-0.00405208404303829,-1.39983368304866,5.3820345104927,-1.72366087707606,0.00635386714334695,-0.0119058032290626,0.00069275474924597,-6.16966347776781,2.25511692262951,-3.31540932099989,0.00827504187989626,-0.000476783031909868,0.012640303805388,-4.23771096607038,10.6718328447702,-9.67847263421419,0.00639528254669139,0.0179243919691182,0.00863309318297416
0.28,-10.6449064523597,-11.2412951383545,10.8919498752166,-0.000111325326056445,0.00511115834895469,-0.00279328804038903,-1.39951186483154,5.37785161682229,-1.72239768233501,0.00420278939383457,-0.0118439391882353,9.82088641215736e-05,-6.16566905821048,2.25335255334875,-3.31298732036817,0.00617039666221325,-0.000849926120211607,0.0134540921655754,-4.2352147985157,10.6636208021299,-9.6708920330951,0.00532412792565772,0.0191485796312673,0.00921291023728687
0.285,-10.6371080990489,-11.2324117448946,10.8841771241401,-0.00174795012771256,0.00518312507078975,-0.00130311715838053,-1.39919004661442,5.37366872315189,-1.721134487594,0.00203235644525729,-0.0117728794578338,-0.00049551596354947,-6.16167463865293,2.25158818406798,-3.31056531973638,0.00403234469055215,-0.00124454829250297,0.0141382540920342,-4.23271863096147,10.6554087594896,-9.66331143197601,0.00420707929465878,0.0199598948804306,0.00979584164440797
0.29,-10.6293097457379,-11.2235283514349,10.8764043730637,-0.0032905760589688,0.00517386867492532,0.00031630913587589,-1.3988682283973,5.36948582948148,-1.71987129285296,-6.2040232878925e-05,-0.0116896011282644,-0.00107797729404802,-6.1576802190956,2.24982381478721,-3.30814331910463,0.00195786697707613,-0.00164915963040706,0.0147014390630707,-4.23022246340679,10.6471967168493,-9.65573083085698,0.00308880838413657,0.0203669642892751,0.0104227411309144
0.295,-10.6215113924271,-11.2146449579751,10.8686316219872,-0.00468034708889797,0.00512835401093038,0.00197662091920844,-1.39854641018019,5.36530293581107,-1.71860809811194,-0.00198942896968282,-0.0115796930929626,-0.00163561391835964,-6.15368579953827,2.24805944550646,-3.30572131847291,4.16623599962361e-05,-0.00204111262323908,0.0151763089856537,-4.22772629585234,10.638984674209,-9.64815022973789,0.00202356126088413,0.0204292283965579,0.011107293483639
0.3,-10.6137130391163,-11.2057615645153,10.8608588709108,-0.00585766495651584,0.00506543967565092,0.00361183190405742,-1.39822459196307,5.36112004214067,-1.7173449033709,-0.00367148520544609,-0.0114274165748069,-0.00214817108589449,-6.14969137998082,2.24629507622569,-3.30329931784115,-0.00163371950741437,-0.002390171933197,0.0155981283892919,-4.22523012829765,10.6307726315687,-9.64056962861883,0.00105943353309469,0.0202407616636854,0.0118245607776263
0.305,-10.6059146858055,-11.1968781710555,10.8530861198343,-0.00677063802985487,0.00498188952314788,0.00516336139399812,-1.39790277374595,5.35693714847026,-1.71608170862987,-0.00504389387434094,-0.0112253022380765,-0.00259164714825584,-6.14569696042349,2.24453070694492,-3.3008773172094,-0.00300089190616656,-0.00266782826844305,0.0159862558667359,-4.22273396074343,10.6225605889284,-9.63298902749975,0.00022981584521607,0.0198872021010983,0.0125312943721299
0.31,-10.5981163324947,-11.1879947775957,10.8453133687578,-0.00738390104221646,0.00487175812301593,0.00656882644600263,-1.39758095552907,5.35275425479986,-1.71481851388884,-0.00606023554911802,-0.0109717815939769,-0.00294411590006585,-6.14170254086605,2.24276633766416,-3.29845531657764,-0.00401200903753654,-0.00285238029138737,0.0163433023425951,-4.22023779318874,10.6143485462881,-9.62540842638066,-0.000448701810615421,0.0194186300036249,0.0131813863432312
0.315,-10.5903179791839,-11.1791113841359,10.8375406176814,-0.00768228746979869,0.00473234392425231,0.00776509580142372,-1.39725913731195,5.34857136112944,-1.7135553191478,-0.00669692923494436,-0.0106662014264169,-0.00318840519779554,-6.13770812130861,2.24100196838339,-3.29603331594592,-0.00464358408734531,-0.00292907038107917,0.0166598794788285,-4.21774162563429,10.6061365036478,-9.6178278252616,-0.000977121596987274,0.0188448748859344,0.0137251358378647
0.32,-10.582519625873,-11.1702279906761,10.8297678666049,-0.00767028093573859,0.00455433449328333,0.00869603338149299,-1.3969373190946,5.34438846745904,-1.71229212440677,-0.00695417679251788,-0.0103125856894012,-0.00331160605223372,-6.13371370175128,2.23923759910263,-3.29361131531417,-0.00489732732602964,-0.00289087012974499,0.0169137776266977,-4.21524545807983,10.5979244610075,-9.61024722414251,-0.00137142037697221,0.0181443143272992,0.0141119405985883
0.325,-10.5747212725622,-11.1613445972163,10.8219951155285,-0.00737432653564302,0.00431830211271674,0.00931852440930288,-1.39661550087749,5.34020557378864,-1.71102892966574,-0.00685852860475322,-0.00992575140875029,-0.0033057149624621,-6.12971928219383,2.23747322982187,-3.29118931468244,-0.00480253015449165,-0.00274099240564166,0.0170694195723998,-4.21274929052538,10.5897124183672,-9.60266662302345,-0.00165846061304186,0.0172809306541579,0.0143024427092582
0.33,-10.5669229192514,-11.1524612037565,10.814222364452,-0.00684427058588376,0.00400000271546548,0.00960368441190343,-1.39629368266037,5.33602268011823,-1.70976573492472,-0.00646488248877658,-0.0095291131155423,-0.00316869353361504,-6.1257248626365,2.2357088605411,-3.28876731405069,-0.00441783449478327,-0.00249251940172427,0.0170815583152636,-4.2102531229707,10.5815003757269,-9.59508602190436,-0.00187576639364389,0.0162096679343708,0.0142691400650102
0.335,-10.5591245659406,-11.1435778102967,10.8064496133755,-0.00614414006788443,0.00357507523809517,0.00953360135270773,-1.39597186444325,5.33183978644782,-1.70850254018367,-0.00584521827361842,-0.00914726004243558,-0.00290424421302655,-6.12173044307906,2.23394449126034,-3.28634531341891,-0.00381918288559983,-0.00216412630502559,0.0169055337349409,-4.20775695541624,10.5732883330866,-9.58750542078531,-0.00206326396372461,0.0148817771509479,0.013991533497335
0.34,-10.5513262126296,-11.134694416837,10.7986768622991,-0.00533664570040067,0.00302661443055684,0.00910803994805454,-1.39565004622614,5.32765689277741,-1.70723934544266,-0.00506994940418926,-0.00879865000879951,-0.00252339688324374,-6.11773602352173,2.23218012197957,-3.28392331278715,-0.0030793624377496,-0.00177568699514752,0.0165178694859272,-4.20526078786179,10.5650762904463,-9.57992481966622,-0.00224081549283699,0.0132780701569737,0.0134681835466323
0.345,-10.5435278593188,-11.1258110233771,10.7909041112226,-0.00447443883206783,0.00235061462011084,0.00836333480351537,-1.39532822800902,5.323473999107,-1.70597615070162,-0.00420175613984775,-0.00848877636126091,-0.00204653067721122,-6.11374160396429,2.23041575269881,-3.28150131215543,-0.00226055534683751,-0.00134517403848898,0.0159322626497243,-4.20276462030711,10.556864247806,-9.57234421854716,-0.00239667957521339,0.0114350318306452,0.0127229748768966
0.35,-10.535729506008,-11.1169276299174,10.7831313601462,-0.00360192193130158,0.00155131974934089,0.00737476600249499,-1.3950064097919,5.3192911054366,-1.70471295596059,-0.00330182681592517,-0.00821021090485713,-0.00150019535000958,-6.10974718440696,2.22865138341805,-3.27907931152367,-0.00142147436353326,-0.00088740041341935,0.0151897741247916,-4.20026845275265,10.5486522051657,-9.56476361742807,-0.00250360888345954,0.00942246141681198,0.0117859705715505
0.355,-10.5279311526972,-11.1080442364575,10.7753586090697,-0.00275827416646628,0.00064132896956241,0.00623005168989392,-1.39468459157479,5.31510821176619,-1.70344976121956,-0.00242930945201814,-0.00795169022956191,-0.00091069547760066,-6.10575276484951,2.22688701413728,-3.27665731089195,-0.000618586440544236,-0.000415130776650507,0.0143349735880499,-4.19777228519797,10.5404401625254,-9.55718301630901,-0.00254218433537909,0.00730644387772394,0.010679309884302
0.36,-10.5201327993864,-11.0991608429978,10.7675858579933,-0.00197516107598293,-0.000348240878505703,0.00500174633516293,-1.3943627733579,5.31092531809578,-1.70218656647852,-0.00163089814895464,-0.00770664402772505,-0.00030015042614277,-6.10175834529218,2.22512264485652,-3.2742353102602,0.000103580748200554,5.95895142533418e-05,0.0134031955186333,-4.19527611764374,10.5322281198851,-9.54960241518992,-0.00250955409233843,0.00513800801440658,0.00942373709819366
0.365,-10.5123344460756,-11.090277449538,10.7598131069168,-0.00127537179966088,-0.00136883675829499,0.0037417674709334,-1.39404095514067,5.30674242442538,-1.7009233717375,-0.000937260336205958,-0.00747503243764321,0.000314056631215808,-6.09776392573474,2.22335827557575,-3.27181330962844,0.000716141773944224,0.000525383399109118,0.0124206022064273,-4.19277995008918,10.5240160772448,-9.54202181407084,-0.00241502378822221,0.00295633277935057,0.00804397217403021
0.37,-10.5045360927647,-11.0813940560782,10.7520403558403,-0.00067646284153498,-0.00236607748352369,0.00248947421289957,-1.39371913692344,5.30255953075497,-1.69966017699647,-0.000369279294138209,-0.00725920809408978,0.000916632971694877,-6.0937695061773,2.22159390629498,-3.26939130899666,0.00119994615653483,0.00097152727984039,0.0114105954355935,-4.19028378253461,10.5158040346045,-9.5344412129518,-0.00227234296910085,0.000794805282593652,0.00657115018612631
0.375,-10.4967377394539,-11.0725106626184,10.744267604764,-0.00019433853188483,-0.00328314888127328,0.00127795847028226,-1.39339731870643,5.29837663708457,-1.69839698225543,5.7319628558792e-05,-0.00705834943817964,0.00149025708476907,-6.08977508661997,2.21982953701423,-3.26696930836493,0.00154139087369845,0.00138734315919666,0.0104024801214118,-4.18778761498004,10.5075919919642,-9.52686061183272,-0.00209440808205547,-0.00130791731383564,0.00505265096648448
0.38,-10.4889393861431,-11.0636272691586,10.7364948536874,0.000157897965687839,-0.00406398973094672,0.000136518253855441,-1.39307550048932,5.29419374341416,-1.6971337875144,0.00033276527370929,-0.00686885122045036,0.00201573964897798,-6.08578066706252,2.21806516773346,-3.26454730773318,0.00173337789930636,0.00176247287362704,0.00943272622625617,-4.18529144742558,10.4993799493239,-9.51928001071363,-0.00188981674974208,-0.00330177428545691,0.00355320272179411
0.385,-10.4811410328322,-11.0547438756988,10.728722102611,0.000376399680887198,-0.00466702020355411,-0.000910458644027222,-1.39275368227209,5.29001084974375,-1.69587059277337,0.000459230514543189,-0.00669065072373736,0.00247744447202491,-6.08178624750519,2.21630079845269,-3.26212530710143,0.00178107356518536,0.00208869731465155,0.0085372883360256,-4.18279527987102,10.4911679066836,-9.51169940959454,-0.00165782185578265,-0.0051249188407031,0.00213950955752329
0.39,-10.4733426795212,-11.045860482239,10.7209493515346,0.000472552487542998,-0.0050777421794222,-0.00184954587821768,-1.39243186405497,5.28582795607334,-1.69460739803233,0.000458457968055248,-0.00653159463979327,0.00286725145891771,-6.07779182794775,2.21453642917193,-3.25970330646967,0.00170923499025956,0.00236105504859656,0.0077447499430754,-4.18029911231645,10.4829558640433,-9.50411880847548,-0.00138609599484832,-0.00670129516505122,0.000871587566620545
0.395,-10.4655443262104,-11.0369770887792,10.713176600458,0.00046915534939902,-0.0053121442873905,-0.00268606074723387,-1.39211004583785,5.28164506240294,-1.6933442032913,0.000370615717720195,-0.00640626591694005,0.0031823305422402,-6.07379740839053,2.21277205989117,-3.25728130583795,0.00156061321208768,0.002575503265676,0.00707358843224616,-4.17780294476199,10.4747438214031,-9.49653820735642,-0.00106234654409654,-0.00794631043103636,-0.000182289503888114
0.4,-10.4577459728996,-11.0280936953194,10.7054038493816,0.000387318906634657,-0.0054115771941531,-0.00344564967486717,-1.39178822762085,5.27746216873253,-1.69208100855028,0.000240289068495593,-0.00633247695182807,0.00342026066929832,-6.06980298883298,2.2110076906104,-3.2548593052062,0.00138125587405483,0.00272494585953443,0.00652984647633755,-4.17530677720742,10.4665317787628,-9.48895760623734,-0.000692281843492086,-0.00878720888022357,-0.000928084444707297
0.405,-10.4499476195888,-11.0192103018596,10.6976310983051,0.000232529118632721,-0.00542524528771818,-0.00415940365894903,-1.39146640940373,5.27327927506212,-1.69081781380925,9.27369104339189e-05,-0.0063294290455303,0.0035784502881296,-6.06580856927565,2.20924332132964,-3.25243730457444,0.0011962264531692,0.00279890325011291,0.00610381370317336,-4.17281060965297,10.4583197361225,-9.48137700511825,-0.000299113625523025,-0.00918822195506045,-0.0012657776778701
0.41,-10.442149266278,-11.0103269083999,10.6898583472288,-1.32875603095863e-05,-0.00538834391201808,-0.00483893456050185,-1.39114459118662,5.26909638139172,-1.68955461906822,-8.77079234474071e-05,-0.00641833195562527,0.00365758880623823,-6.0618141497182,2.20747895204887,-3.25001530394269,0.000987963421725655,0.00278668255470388,0.00576841465660339,-4.1703144420984,10.4501076934822,-9.47379640399919,9.45306573655943e-05,-0.00916612498261073,-0.00113498149304907
0.415,-10.4343509129671,-11.00144351494,10.6820855961522,-0.000386219117719118,-0.00531695594564319,-0.0054693906114602,-1.39082277296939,5.26491348772131,-1.68829142432719,-0.000353383383508035,-0.00662194559519259,0.00366284465322243,-6.05781973016076,2.20571458276811,-3.24759330331096,0.00070122271772208,0.00267980448225691,0.00548527099182681,-4.16781827454395,10.4418956508419,-9.4662158028801,0.000477812702936468,-0.00877939014199428,-0.000528804226070971
0.42,-10.4265525596563,-10.9925601214803,10.6743128450759,-0.000921687311475904,-0.00521800934206063,-0.00603382690768347,-1.39050095475227,5.2607305940509,-1.68702822958615,-0.000760288208667442,-0.00695798282956138,0.003601945059492,-6.05382531060343,2.20395021348735,-3.24517130267921,0.000277379322731339,0.0024745636878068,0.00521975660260664,-4.16532210698949,10.4336836082016,-9.45863520176104,0.000851767371140664,-0.00809614852470819,0.000529575707192292
0.425,-10.4187542063455,-10.9836767280204,10.6665400939993,-0.0016377054897227,-0.00509568204457198,-0.00654273171297022,-1.39017913653527,5.25654770038049,-1.68576503484512,-0.00133756335917743,-0.00742949998284822,0.00348376088077834,-6.04983089104599,2.20218584420658,-3.24274930204746,-0.000314036960161394,0.00217572170968537,0.0049545723922653,-4.16282593943492,10.4254715655613,-9.45105460064195,0.00122839238396418,-0.00717050246026707,0.00200541068145472
0.43,-10.4109558530347,-10.9747933345607,10.6587673429228,-0.00253148306097532,-0.00495321075291248,-0.00703239150606332,-1.38985731831815,5.25236480671009,-1.68450184010409,-0.00208354819100035,-0.00802318730447101,0.00331801565998233,-6.04583647148866,2.20042147492583,-3.2403273014157,-0.00107135285755857,0.00179690433416594,0.00469092284961916,-4.16032977188047,10.417259522921,-9.44347399952289,0.00162755073994306,-0.006038779356706,0.00385488209276674
0.435,-10.4031574997239,-10.9659099411008,10.6509945918464,-0.00358420656497035,-0.00479637169921695,-0.00753638355001509,-1.38953550010103,5.24818191303968,-1.68323864536305,-0.00297888795255013,-0.00871593560511912,0.00311508420142597,-6.04184205193121,2.19865710564505,-3.23790530078395,-0.00197442314456117,0.00135713321370347,0.00444079684799642,-4.1578336043259,10.4090474802807,-9.43589339840381,0.0020697346708472,-0.00472460802487253,0.00602373676421784
0.44,-10.3953591464129,-10.9570265476411,10.64322184077,-0.00476405603525673,-0.00463596575367398,-0.00806284216421852,-1.3892136818838,5.24399901936928,-1.68197545062203,-0.0039962049935132,-0.00947915955317145,0.00288586885673224,-6.03784763237388,2.19689273636429,-3.2354833001522,-0.00299476124971537,0.000878409573801197,0.00422108002898102,-4.15533743677145,10.4008354376404,-9.42831279728475,0.00256962921582476,-0.00324424126142199,0.00844359196460507
0.445,-10.3875607931021,-10.9481431541813,10.6354490896935,-0.00602539763545044,-0.00448761040108291,-0.00859224183029691,-1.38889186366669,5.23981612569887,-1.68071225588099,-0.00510007016424112,-0.0102786371797072,0.00264216761299148,-6.03385321281644,2.19512836708353,-3.23306129952044,-0.00409578980965324,0.000385585289489339,0.00405080054115543,-4.15284126921688,10.3926233950001,-9.42073219616569,0.00313149130284128,-0.00161189036484291,0.0110271182104956
0.45,-10.3797624397913,-10.9392597607215,10.627676338617,-0.00730878597925632,-0.00436989950562832,-0.00909596308115001,-1.38857004544968,5.23563323202846,-1.67944906113996,-0.00624178400148323,-0.0110765959729946,0.00239778622158748,-6.02985879325911,2.19336399780276,-3.23063929888872,-0.00522808768666491,-9.44145664054991e-05,0.00394511797981925,-4.15034510166242,10.3844113523598,-9.4131515950466,0.00374443479682258,0.000151323378431457,0.0136708225442588
0.455,-10.3719640864805,-10.9303763672617,10.6199035875405,-0.00854761331964677,-0.00430006390499594,-0.00956316157856053,-1.38824822723257,5.23145033835805,-1.67818586639893,-0.0073589981346697,-0.0118379615794685,0.00216909669248796,-6.02586437370167,2.191599628522,-3.22821729825696,-0.00632961863045486,-0.000535609895654787,0.0039065739372381,-4.14784893410774,10.3761993097195,-9.40557099392754,0.00438138096620144,0.00200433150305455,0.0162676963993064
0.46,-10.3641657331697,-10.9214929738019,10.6121308364641,-0.00968026940153041,-0.0042908231901776,-0.010007967601133,-1.38792640901545,5.22726744468764,-1.67692267165789,-0.00838712041608737,-0.0125353333474087,0.00197329299569308,-6.02186995414422,2.18983525924123,-3.22579529762521,-0.0073374338592105,-0.000916721231504303,0.00392128765978945,-4.14535276655329,10.3679872670792,-9.39799039280845,0.00500476617939252,0.00387676482211448,0.0187179816881166
0.465,-10.3563673798589,-10.9126095803421,10.6043580853876,-0.0106592382450979,-0.00434985684765599,-0.0104530109501537,-1.38760459079833,5.22308455101724,-1.67565947691688,-0.0092735623722714,-0.0131480992217679,0.00182462433577772,-6.01787553458689,2.18807088996047,-3.22337329699349,-0.00820159579945062,-0.00122326937385292,0.00396463678307412,-4.14285659899872,10.3597752244389,-9.39040979168939,0.0055761591816358,0.00567106259986187,0.0209306073635573
0.47,-10.348569026548,-10.9037261868823,10.5965853343112,-0.0114548193732287,-0.00447326442122675,-0.0109119196733393,-1.38728277258122,5.21890165734683,-1.67439628217583,-0.00998541249704704,-0.0136573889501872,0.00172987392651565,-6.01388111502945,2.1863065206797,-3.22095129636173,-0.00889189052445167,-0.00144770547877097,0.00401495358701567,-4.14036043144426,10.3515631817986,-9.38282919057031,0.00606880438480563,0.0072745482348433,0.0228232717508295
0.475,-10.3407706732372,-10.8948427934225,10.5888125832348,-0.012054821555502,-0.00463751186041595,-0.0113816833469205,-1.3869609543641,5.21471876367642,-1.67313308743481,-0.0105095933427281,-0.0140435554047453,0.00168574820150159,-6.00988669547212,2.18454215139894,-3.21852929572998,-0.00939698667246181,-0.00158890211698268,0.00406534505122031,-4.1378642638897,10.3433511391583,-9.37524858945125,0.00647837386083175,0.00857535566456798,0.0243275697000001
0.48,-10.3329723199264,-10.8859593999628,10.5810398321582,-0.0124569427379622,-0.00480120812684694,-0.011842019650173,-1.3866391361471,5.21053587000602,-1.67186989269378,-0.0108433384656795,-0.0142890810201971,0.00168063890727408,-6.00589227591468,2.18277778211818,-3.21610729509823,-0.00971456589490534,-0.00165125752997557,0.00412459523862013,-4.13536809633524,10.335139096518,-9.36766798833213,0.00682334028048217,0.00947754906264878,0.0253969402955178
0.485,-10.3251739666155,-10.8770760065029,10.5732670810819,-0.0126599459891316,-0.00491343346659679,-0.0122568171881648,-1.38631731792998,5.20635297633561,-1.67060669795276,-0.0109849151859402,-0.0143829015862983,0.0016994849623157,-6.00189785635735,2.18101341283742,-3.21368529446647,-0.00984231915225098,-0.00164274979107611,0.00421010037483865,-4.13287192878067,10.3269270538777,-9.36008738721307,0.00713390927472111,0.00991298374287008,0.0260093908088966
0.49,-10.3173756133046,-10.8681926130432,10.5654943300053,-0.012666761059556,-0.00492738000590777,-0.0125765283011465,-1.38599549971275,5.20217008266521,-1.66934350321171,-0.0109422575548833,-0.0143234731800973,0.00173007004538096,-5.9979034367999,2.17924904355664,-3.21126329383472,-0.00978724888841878,-0.00157162539560571,0.00433747354707056,-4.13037576122622,10.3187150112374,-9.35250678609398,0.00743196507686238,0.0098497981055898,0.0261511743004029
0.495,-10.3095772599938,-10.8593092195833,10.557721578929,-0.0124923638306369,-0.00481613376935155,-0.0127489411472313,-1.38567368149563,5.1979871889948,-1.66808030847068,-0.0107452610041072,-0.0141208595755842,0.00176861502063298,-5.99390901724257,2.17748467427589,-3.20884129320297,-0.00957886339268906,-0.00144369630191579,0.00450883449578112,-4.12787959367165,10.3105029685971,-9.34492618497492,0.00770935422472229,0.0092911944839643,0.0257930176806107
0.5,-10.3017789066829,-10.8504258261236,10.5499488278524,-0.0121591464833396,-0.00458121294233564,-0.012739241967071,-1.38535186327852,5.19380429532439,-1.66681711372965,-0.0104334328686326,-0.0137961035640244,0.00181970654686449,-5.98991459768513,2.17572030499512,-3.20641929257124,-0.0092573655592614,-0.00126341432062057,0.00470760244698577,-4.1253834261172,10.3022909259568,-9.33734558385584,0.00792116909740904,0.00826068195832741,0.0248963029990358
0.505,-10.2939805533722,-10.8415424326637,10.5421760767759,-0.01168993881759,-0.00425253541274595,-0.0125430689585007,-1.3850300450614,5.18962140165398,-1.66555391898862,-0.01003819175141,-0.013372829158579,0.00188928833370802,-5.98592017812769,2.17395593571436,-3.20399729193949,-0.00885512530233978,-0.00103566779792752,0.00491273617343632,-4.12288725856263,10.2940788833165,-9.32976498273678,0.00800886724814602,0.00679700132995529,0.0234431172423511
0.51,-10.2861822000613,-10.832659039204,10.5344033256996,-0.0111139298573446,-0.00388035928604176,-0.012179538630801,-1.38470822684428,5.18543850798358,-1.66429072424758,-0.00958978717536891,-0.0128676282727764,0.00197806825126993,-5.98192575857036,2.17219156643359,-3.20157529130773,-0.00840226230691854,-0.000765313108523114,0.0051189355241917,-4.12039109100817,10.2858668406762,-9.32218438161769,0.00793173561764677,0.00496724811115908,0.0214504031300616
0.515,-10.2783838467506,-10.8237756457442,10.526630574623,-0.0104686482702785,-0.00351563801316318,-0.0116749772826367,-1.38438640862717,5.18125561431317,-1.66302752950655,-0.00912398335393447,-0.0122949896985253,0.00208209736800646,-5.97793133901291,2.17042719715283,-3.19915329067598,-0.00793373250516623,-0.000459163407607344,0.00533059456678641,-4.1178949234536,10.2776547980359,-9.31460378049863,0.0076685180682254,0.00286373761620949,0.0189687170027461
0.52,-10.2705854934396,-10.8148922522844,10.5188578235467,-0.00978819827532023,-0.0031786755917517,-0.011052742111792,-1.38406459041016,5.17707272064276,-1.66176433476552,-0.00866776655522183,-0.0116773679879197,0.00219485182221613,-5.97393691945558,2.16866282787206,-3.19673129004423,-0.00747599767897252,-0.00013006140736275,0.00554682610476804,-4.11539875589915,10.2694427553956,-9.30702317937954,0.00721188684029583,0.000581693424036407,0.0160859248867165
0.525,-10.2627871401288,-10.8060088588246,10.5110850724702,-0.00909870089366802,-0.0028460530040812,-0.010329961633394,-1.38374277219293,5.17288982697236,-1.66050114002449,-0.00823268298268648,-0.0110424919065084,0.0023049910649319,-5.96994249989814,2.1668984585913,-3.1943092894125,-0.00703994748647039,0.000202813520667494,0.00576741919976069,-4.11290258834458,10.2612307127553,-9.29944257826048,0.00658269415336695,-0.00178995699031212,0.0129274312000043
0.53,-10.254988786818,-10.7971254653648,10.5033123213938,-0.00843116011581892,-0.00248711113368357,-0.00952488197424396,-1.38342095397581,5.16870693330195,-1.65923794528346,-0.00783335002064546,-0.0104149323468301,0.00239673029305025,-5.96594808034081,2.16513408931053,-3.19188728878072,-0.00663927038863505,0.000518115152938813,0.00599825195194184,-4.11040642079001,10.253018670115,-9.29186197714142,0.00582851479785178,-0.00416761906669856,0.00963355495885775
0.535,-10.2471904335072,-10.788242071905,10.4955395703172,-0.00783517492755389,-0.00210764499839554,-0.0086716610794475,-1.3830991357587,5.16452403963154,-1.65797475054244,-0.00750907859846235,-0.00981092629614804,0.00245566023336838,-5.96195366078337,2.16336972002977,-3.18946528814899,-0.00631297757529641,0.000798191373144756,0.00624294181232623,-4.10791025323556,10.2448066274747,-9.28428137602234,0.00499780436141902,-0.00647964032067963,0.00632241600149422
0.54,-10.2393920801964,-10.7793586784452,10.4877668192408,-0.0073738288781147,-0.00174518061343783,-0.00782067233368564,-1.38277731754158,5.16034114596114,-1.65671155580139,-0.00732091151750347,-0.00923662274959282,0.00247260154954322,-5.95795924122604,2.16160535074901,-3.18704328751724,-0.00612292878657498,0.00103219939551298,0.00649710407483402,-4.10541408568099,10.2365945848344,-9.27670077490328,0.00412186337732882,-0.00867551713227529,0.0030712637352646
0.545,-10.2315937268854,-10.7704752849854,10.4799940681643,-0.00710199764387091,-0.00144009410288334,-0.00702458070727512,-1.38245549932458,5.15615825229073,-1.65544836106038,-0.0073248909082831,-0.00869112325858527,0.00244351653701015,-5.95396482166859,2.15984098146824,-3.18462128688549,-0.00612691469889102,0.00121470257789885,0.00674801321572499,-4.10291791812654,10.2283825421941,-9.26912017378419,0.00321169054430057,-0.0107287842208171,-7.33521787503214e-05
0.55,-10.2237953735746,-10.7615918915256,10.4722213170879,-0.00704807414475658,-0.00122428780769377,-0.00633110735559479,-1.38213368110735,5.15197535862032,-1.65418516631935,-0.00754704248038205,-0.00817126131874119,0.00236889332721588,-5.94997040211115,2.15807661218747,-3.18219928625373,-0.00635326408803563,0.00134352890652026,0.0069756278732901,-4.10042175057197,10.2201704995538,-9.26153957266513,0.0022638100285786,-0.0126332492574835,-0.00307781255504768
0.555,-10.2159970202638,-10.7527084980658,10.4644485660115,-0.00720754827165169,-0.00112442885839554,-0.00578265943921844,-1.38181186289023,5.14779246494992,-1.65292197157831,-0.00797351931622536,-0.00767336672330286,0.00225308500672712,-5.94597598255382,2.15631224290671,-3.17977728562198,-0.00679044762575389,0.00141933362566188,0.00715697148148345,-4.09792558301751,10.2119584569135,-9.25395897154604,0.0012734924764849,-0.0143953649177336,-0.00591049744865906
0.56,-10.208198666953,-10.7438251046061,10.456675814935,-0.00754396302021438,-0.00116290394576662,-0.00541166360727438,-1.38149004467311,5.14360957127951,-1.65165877683728,-0.00855199787559376,-0.00719204002989305,0.00210247810286528,-5.94198156299638,2.15454787362595,-3.17735528499026,-0.00738786401952886,0.00144561109999497,0.00727336953018562,-4.09542941546295,10.2037464142732,-9.24637837042695,0.000248341875018706,-0.0160270237454472,-0.00853577326338133
0.565,-10.2004003136421,-10.7349417111463,10.4489030638586,-0.00799709562938003,-0.00134643303084292,-0.0052283564685642,-1.381168226456,5.1394266776091,-1.65039558209625,-0.00920449717260168,-0.00671706251632812,0.00192226058901925,-5.93798714343905,2.15278350434519,-3.1749332843585,-0.00806825819065904,0.00142800697925829,0.0073175071886113,-4.09293324790849,10.1955343716329,-9.23879776930789,-0.000785658256156346,-0.0175448454004447,-0.0109124336530625
0.57,-10.1926019603313,-10.7260583176865,10.4411303127821,-0.00849367136400539,-0.00164924043310206,-0.00520794778780492,-1.38084640823899,5.1352437839387,-1.64913238735521,-0.00984465448162539,-0.00623147031544915,0.00171442302187957,-5.9339927238816,2.15101913506442,-3.17251128372675,-0.00874488491432314,0.00137382295352365,0.00729679533402522,-4.09043708035392,10.1873223289926,-9.23121716818881,-0.00178226731340008,-0.0189752406515317,-0.0129990976309376
0.575,-10.1848036070204,-10.7171749242267,10.4333575617056,-0.00894786654060655,-0.00201736489804897,-0.00529233031666203,-1.38052459002188,5.13106089026829,-1.64786919261418,-0.0103796227180356,-0.00571650824897234,0.0014811455244019,-5.92999830432427,2.14925476578365,-3.17008928309502,-0.00932354838930414,0.0012928922612196,0.00722835529488897,-4.08794091279947,10.1791102863523,-9.22363656706972,-0.00267142788839985,-0.0203530663977151,-0.0147615769789663
0.58,-10.1770052537097,-10.7082915307669,10.4255848106292,-0.00925761768320376,-0.00239440195617606,-0.00540449260325097,-1.38020277180465,5.12687799659788,-1.64660599787315,-0.0107037358908433,-0.00516013592913644,0.00123070312182535,-5.92600388476683,2.14749039650289,-3.16766728246324,-0.00969673545683602,0.00119856266948787,0.0071279346172629,-4.0854447452449,10.170898243712,-9.21605596595066,-0.00336538978599977,-0.0217107349055159,-0.0161763850703905
0.585,-10.1692069003988,-10.6994081373071,10.4178120595527,-0.00931493916207409,-0.00273431448953081,-0.00545658279736737,-1.37988095358753,5.12269510292747,-1.64534280313212,-0.0107104670286613,-0.00455826778437872,0.000978031370453542,-5.9220094652095,2.14572602722213,-3.16524528183149,-0.00975614978484546,0.00110687557931471,0.00700398280296345,-4.08294857769044,10.1626862010717,-9.20847536483157,-0.00378133298735677,-0.0230713710375626,-0.0172321290958778
0.59,-10.1614085470881,-10.6905247438473,10.4100393084761,-0.00902325815748149,-0.00299527787834343,-0.00535188229031451,-1.37955913537041,5.11851220925706,-1.6440796083911,-0.010312861119469,-0.00390983116579872,0.000740215889927635,-5.91801504565206,2.14396165794136,-3.16282328119973,-0.00941344751585885,0.00103428508452234,0.00685963004017383,-4.08045241013588,10.1544741584314,-9.20089476371251,-0.00385996109749129,-0.0244497138036945,-0.0179292490868934
0.595,-10.1536101937771,-10.6816413503875,10.4022665573998,-0.0083094147876717,-0.00313451025861727,-0.00500199102080878,-1.37923731715341,5.11432931558667,-1.64281641365007,-0.00945187039264944,-0.00321514353003263,0.000532935762571822,-5.91402062609461,2.1421972886606,-3.16040128056801,-0.00860857387899767,0.000995283560717113,0.00669527665435933,-4.07795624258142,10.1462621157912,-9.19331416259342,-0.00356636549451712,-0.0258518515654264,-0.0182772395307015
0.6,-10.1458118404662,-10.6727579569277,10.3944938063233,-0.00714355820508672,-0.00311030320900868,-0.00437057582925718,-1.37891549893629,5.11014642191626,-1.64155321890904,-0.00810735858670653,-0.00248047022668782,0.00036877879009943,-5.91002620653728,2.14043291937983,-3.15797927993626,-0.00732066240333234,0.000999572645980253,0.00650872750452392,-4.07546007502674,10.1380500731509,-9.18573356147436,-0.00288627708882967,-0.0272706745707706,-0.0182909676071358
0.605,-10.1380134871555,-10.6638745634679,10.3867210552469,-0.00556434760057388,-0.00290027162795932,-0.00350651574537336,-1.37859368071906,5.10596352824584,-1.640290024168,-0.00631884420466478,-0.001724035819406,0.000255076165729153,-5.90603178697984,2.13866855009907,-3.15555727930453,-0.0055887712438899,0.00104825961174443,0.00629428514578784,-4.07296390747229,10.1298380305106,-9.17815296035531,-0.00182482757423086,-0.0286792903271012,-0.017985580920403
0.61,-10.1302151338446,-10.6549911700081,10.3789483041703,-0.00367362167341744,-0.00252832192639501,-0.00251193016959016,-1.37827186250195,5.10178063457544,-1.63902682942697,-0.00418691595579599,-0.000974253345692167,0.000192080957843104,-5.90203736742251,2.13690418081831,-3.15313527867278,-0.00351340262901943,0.00113275917697336,0.00604341364583988,-4.07046773991772,10.1216259878703,-9.17057235923622,-0.000400831680883316,-0.030030413379756,-0.017375726516481
0.615,-10.1224167805339,-10.6461077765483,10.371175553094,-0.00159627588403415,-0.00206094378640693,-0.00147704861731579,-1.37795004428483,5.09759774090503,-1.63776363468592,-0.00184222874309822,-0.000260755961284729,0.000174604358097242,-5.89804294786506,2.13513981153754,-3.15071327804102,-0.00122563725690279,0.00123882458258343,0.00574560453790931,-4.06797157236326,10.11341394523,-9.16299175811716,0.00135647963426753,-0.0312688592096172,-0.0164865730851596
0.62,-10.1146184272229,-10.6372243830885,10.3634028020175,0.00055518184121521,-0.00156579087428191,-0.000458188573000719,-1.37762822606783,5.09341484723462,-1.63650043994491,0.000592767735881632,0.000390360591208779,0.000194687926652535,-5.89404852830774,2.13337544225678,-3.14829127740927,0.0011511962530846,0.00135011667394525,0.00538859074594789,-4.06547540480869,10.1052019025897,-9.15541115699807,0.00340295183503768,-0.0323477786441927,-0.0153577308724929
0.625,-10.1068200739121,-10.6283409896287,10.355630050941,0.00269012032187594,-0.00107142403221407,0.000508870721048465,-1.37730640785071,5.08923195356422,-1.63523724520388,0.00302245245108654,0.000959373760460001,0.000239378557157458,-5.89005410875029,2.13161107297601,-3.14586927677755,0.00352092636608335,0.00144842578664952,0.00496748942107836,-4.06297923725424,10.0969898599494,-9.14783055587901,0.00568577566103062,-0.0332347793145938,-0.0140251445369355
0.63,-10.0990217206013,-10.6194575961689,10.3478572998646,0.00473428553709051,-0.000560680429231161,0.00140955051956556,-1.37698458963359,5.08504905989381,-1.63397405046284,0.00537095155658236,0.00144171553655808,0.000287238243767993,-5.88605968919296,2.12984670369525,-3.14344727614576,0.00580848272805277,0.00151598898441536,0.00450025012834991,-4.06048306969979,10.0887778173091,-9.14024995475992,0.00816126437772522,-0.0339096439413088,-0.0125135022401988
0.635,-10.0912233672905,-10.6105742027092,10.3400845487881,0.00662636192426321,2.71275704117257e-06,0.00225881738237927,-1.37666277141636,5.0808661662234,-1.63271085572181,0.00756960489632653,0.00185243018937879,0.000312296912348156,-5.88206526963552,2.12808233441449,-3.14102527551401,0.00794730711801407,0.00154082577807798,0.00402763674907764,-4.05798690214522,10.0805657746688,-9.13266935364086,0.0107986790819903,-0.0343614276650693,-0.0108586778306245
0.64,-10.0834250139796,-10.6016908092494,10.3323117977117,0.0083228905830086,0.000642976498026335,0.00308630940447145,-1.37634095319925,5.076683272553,-1.63144766098078,0.00956186250827221,0.00221736216335122,0.0002934538759366,-5.87807085007819,2.12631796513372,-3.13860327488229,0.0098832974143628,0.00151981375579632,0.00359580400285971,-4.05549073459076,10.0723537320285,-9.12508875252178,0.0135693630925369,-0.0345823005701447,-0.00912549368005396
0.645,-10.0756266606688,-10.5928074157896,10.3245390466351,0.00980054185855543,0.00136232764976832,0.00390958268089488,-1.37601913498224,5.07250037888259,-1.63018446623974,0.0113128401827281,0.00256246617735069,0.000219690707670458,-5.87407643052074,2.12455359585296,-3.13618127425053,0.0115837134170063,0.00145781344214802,0.00324272716190963,-4.05299456703619,10.0641416893882,-9.11750815140272,0.0164377420751683,-0.034558984060296,-0.00739897657998579
0.65,-10.067828307358,-10.5839240223298,10.3167662955588,0.0110493320972884,0.00214573294727658,0.00472584960849607,-1.37569731676513,5.06831748521218,-1.62892127149871,0.0128044189628324,0.00291021331225141,8.9245061819338e-05,-5.8700820109633,2.12278922657219,-3.13375927361878,0.0130319815629169,0.0013651029425012,0.00299434877323752,-4.05049839948174,10.0559296467479,-9.10992755028363,0.0193554661542703,-0.0342749443126221,-0.00577132386187853
0.655,-10.0600299540471,-10.5750406288699,10.3089935444822,0.0120671320569573,0.00296377208233649,0.005522816377098,-1.37537549854801,5.06413459154178,-1.62765807675768,0.0140260340335371,0.00327770739712902,-9.15160370471046e-05,-5.86608759140597,2.12102485729142,-3.13133727298705,0.014218128936411,0.00125517511887849,0.0028611730028286,-4.04800223192717,10.0477176041076,-9.10234694916454,0.0222600189429713,-0.0337239311296818,-0.0043423087737511
0.66,-10.0522316007363,-10.5661572354102,10.3012207934058,0.012857584760651,0.00377860802263378,0.00629116625094427,-1.37505368033078,5.05995169787137,-1.62639488201665,0.0149696861034475,0.0036756235990594,-0.000309503674715957,-5.86209317184853,2.11926048801067,-3.1289152723553,0.0151336724426556,0.00114295622330658,0.0028374373500424,-4.04550606437272,10.0395055614673,-9.09476634804548,0.0250806700643258,-0.0329205288104375,-0.00322005439834831
0.665,-10.0444332474254,-10.5572738419504,10.2934480423293,0.013425277254016,0.0045567201486931,0.00702775993536974,-1.37473186211366,5.05576880420097,-1.62513168727563,0.0156259132312239,0.00411121832394823,-0.000549582360211214,-5.8580987522912,2.1174961187299,-3.12649327172355,0.0157679163004657,0.00104250792711984,0.00290781364813522,-4.04300989681815,10.031293518827,-9.08718574692639,0.0277450347342545,-0.0319008269550585,-0.00250797468644137
0.67,-10.0366348941146,-10.5483904484906,10.2856752912529,0.0137718539259833,0.00527447497579106,0.00773121923229957,-1.37441004389666,5.05158591053056,-1.6238684925346,0.0159834706878215,0.00459058544990971,-0.000799140840444424,-5.85410433273375,2.11573174944913,-3.12407127109179,0.0161080732413329,0.000964678659347825,0.00305472713504543,-4.04051372926358,10.0230814761867,-9.07960514580734,0.0301839701933398,-0.0307158875197563,-0.00228623561798097
0.675,-10.0288365408037,-10.5395070550308,10.2779025401765,0.0138965272498855,0.00591454222167367,0.00839955282275121,-1.37408822567954,5.04740301686015,-1.62260529779357,0.0160327092592703,0.00511718012169677,-0.00104970388859862,-5.85010991317642,2.11396738016837,-3.12164927046004,0.0161429769747389,0.000915674753958643,0.0032615501245558,-4.03801756170901,10.0148694335464,-9.07202454468825,0.0323388190875979,-0.029423533729698,-0.00260052575184684
0.68,-10.021038187493,-10.530623661571,10.2701297891,0.0137977796406957,0.00646101452397329,0.00902776380729993,-1.37376640746243,5.04322012318975,-1.62134210305253,0.0157694072637656,0.0056898965294483,-0.00129714993159176,-5.84611549361898,2.1122030108876,-3.11922726982831,0.0158670942920505,0.000896397388264996,0.00351347583286451,-4.03552139415456,10.0066573909061,-9.06444394356916,0.0341656456865962,-0.0280826469393968,-0.00345845482106671
0.685,-10.0132398341822,-10.5217402681112,10.2623570380235,0.0134748694432131,0.00689161719140332,0.00959508813810135,-1.37344458924531,5.03903722951934,-1.62007890831148,0.015200309661139,0.00630149842294261,-0.00154079284328672,-5.84212107406165,2.11043864160684,-3.11680526919653,0.0152859902852647,0.000902409938939885,0.00379554461704957,-4.03302522659999,9.9984453482658,-9.0568633424501,0.035628200758925,-0.0267500265774638,-0.00482986436907437
0.69,-10.0054414808714,-10.5128568746514,10.2545842869471,0.0129325089280521,0.00717600483034188,0.0100589024374426,-1.37312277102808,5.03485433584893,-1.61881571357047,0.0143495791451558,0.00693939570845183,-0.00178168580259239,-5.83812665450421,2.10867427232608,-3.11438326856481,0.0144227560658338,0.000925561345252411,0.00409177934514377,-4.03052905904553,9.9902333056255,-9.04928274133101,0.0366946303753431,-0.0254811090838304,-0.00665278020835212
0.695,-9.99764312756048,-10.5039734811916,10.2468115358706,0.0121941047108394,0.00729319441303807,0.0103827415502797,-1.37280095281108,5.03067144217852,-1.61755251882944,0.0132653851611128,0.00759205616089031,-0.00202133675539956,-5.83413223494676,2.10690990304531,-3.11196126793305,0.0133248586358988,0.000957917111622609,0.00438965836309257,-4.02803289149097,9.9820212629852,-9.04170214021195,0.0373530544862415,-0.0243375410410886,-0.0088474163852423
0.7,-9.9898447742496,-10.4950900877319,10.2390387847942,0.0113156376129968,0.00724812741332932,0.0105710436566302,-1.37247913459396,5.02648854850811,-1.61628932408841,0.0120251355787518,0.00825380930156993,-0.00225972055901149,-5.83013781538943,2.10514553376455,-3.1095392673013,0.0120693075335266,0.000995110782655484,0.00468048655353422,-4.02553672393651,9.97380922034491,-9.03412153909289,0.037618674645109,-0.0233916710203918,-0.0113296526138924
0.705,-9.98204642093884,-10.486206694272,10.2312660337177,0.0103792322580139,0.00706478911335747,0.0106613142950895,-1.37215731637684,5.02230565483771,-1.61502612934737,0.0107284756644126,0.00892029089236691,-0.00249327856073111,-5.82614339583199,2.10338116448379,-3.10711726666955,0.0107550851651424,0.00103543798401635,0.00495127208742652,-4.02304055638194,9.96559717770461,-9.02654093797381,0.0375087701710451,-0.0227130576240546,-0.0140123842726083
0.71,-9.97424806762785,-10.4773233008123,10.2234932826412,0.00946990538539692,0.00677369744778556,0.0106890422127047,-1.37183549815973,5.01812276116731,-1.61376293460634,0.00947831937211074,0.00958339586277872,-0.00271581494762298,-5.82214897627466,2.10161679520302,-3.10469526603779,0.00948411090357239,0.00107738267962346,0.00518290144051593,-4.02054438882749,9.95738513506431,-9.01896033685475,0.0370196032696047,-0.0223487731593063,-0.0168008965079642
0.715,-9.96644971431709,-10.4684399073525,10.2157205315648,0.008662995646402,0.00641021316721404,0.0106688353267998,-1.3715136799425,5.01393986749689,-1.61249973986531,0.00837079289874163,0.0102327104484691,-0.00292053660107787,-5.81815455671722,2.09985242592226,-3.10227326540607,0.00835195491288264,0.00111999437277445,0.00535937339266276,-4.01804822127292,9.94917309242402,-9.01137973573566,0.0361391805690534,-0.0223166172765958,-0.0195938473506027
0.72,-9.95865136100622,-10.4595565138927,10.2079477804883,0.0080245336954946,0.00601285189034297,0.0105996246018928,-1.37119186172549,5.00975697382648,-1.61123654512427,0.00749447170712432,0.010856956642722,-0.00310086135917034,-5.81416013715989,2.09808805664149,-3.09985126477432,0.00744766916249683,0.0011638461514485,0.00547449413406238,-4.01555205371847,9.94096104978372,-9.0037991346166,0.0348729261195937,-0.0226036029302285,-0.0222874947215278
0.725,-9.95085300769546,-10.4506731204329,10.2001750294119,0.00760646508587745,0.00561935192782582,0.0104842310864935,-1.37087004350838,5.00557408015608,-1.60997335038324,0.00691922856694989,0.011445019422756,-0.00325223704663745,-5.81016571760244,2.09632368736072,-3.09742926414256,0.00684259341483791,0.0012099705249462,0.00553312505517515,-4.0130558861639,9.93274900714342,-8.99621853349751,0.0332533207980083,-0.0231625177380209,-0.02478054618437
0.73,-9.94305465438464,-10.4417897269731,10.1924022783354,0.00743930988902287,0.00526510657166495,0.0103455654826954,-1.37054822529126,5.00139118648567,-1.60871015564221,0.00668217412122231,0.0119896420212728,-0.00337436852505557,-5.80617129804511,2.09455931807997,-3.09500726351081,0.00657613881423379,0.00125930624643549,0.00555277380044317,-4.01055971860944,9.92453696450312,-8.98863793237845,0.0313384184653705,-0.023913856849911,-0.0269815602038931
0.735,-9.93525630107371,-10.4329063335132,10.1846295272589,0.00753311695517736,0.0049813805664451,0.0102248117531726,-1.37022640707414,4.99720829281527,-1.60744696090119,0.00678791396357094,0.0124905677593995,-0.0034705250673827,-5.80217687848767,2.0927949487992,-3.09258526287906,0.00665599492731284,0.0013144244590782,0.0055641439640594,-4.00806355105499,9.91632492186282,-8.98105733125936,0.0292080671375659,-0.0247521699089775,-0.028817212695431
0.74,-9.92745794776295,-10.4240229400535,10.1768567761825,0.00787873511991142,0.00479221806478149,0.0101690728571364,-1.36990458885703,4.99302539914486,-1.60618376616016,0.00721235913465155,0.0129522618901072,-0.00354502554275317,-5.79818245893023,2.09103057951844,-3.0901632622473,0.00706138180425435,0.00137977511990121,0.00560351537309424,-4.00556738350042,9.90811287922253,-8.97347673014031,0.0269530858134274,-0.0255585514329512,-0.030238064185064
0.745,-9.91965959445207,-10.4151395465937,10.169084025106,0.00843826880386252,0.00470637309663551,0.0102112896022491,-1.36958277063991,4.98884250547445,-1.60492057141913,0.00789764721110132,0.0133715183065331,-0.00360137238791322,-5.7941880393729,2.08926621023767,-3.08774126161555,0.00773620682215979,0.00145544232899906,0.00568983861228612,-4.00307121594585,9.89990083658223,-8.96589612902122,0.0246522385375085,-0.0262314974267741,-0.031215567118605
0.75,-9.91186124114131,-10.4062561531339,10.1613112740296,0.00913596572493682,0.00470988922181335,0.0103432539271203,-1.36926095242279,4.98465961180405,-1.60365737667809,0.00875065194275922,0.0137283653538087,-0.00364238024610635,-5.79019361981545,2.08750184095691,-3.08531926098382,0.00858628314741153,0.00153121255761022,0.00580861426226778,-4.00057504839128,9.89168879394193,-8.95831552790213,0.0223584426455769,-0.0267166709792155,-0.0317334996596962
0.755,-9.90406288783043,-10.3973727596741,10.1535385229532,0.00986977696912361,0.00477282250506224,0.0105104623075837,-1.36893913420568,4.98047671813364,-1.60239418193706,0.00965867878885684,0.0139989090853221,-0.00367237476106635,-5.78619920025812,2.08573747167615,-3.08289726035207,0.00949641268452549,0.00159181199348537,0.00593123836083897,-3.99807888083683,9.88347675130163,-8.95073492678307,0.0201153902474174,-0.0269970324953816,-0.0317882685087089
0.76,-9.89626453451962,-10.3884893662143,10.1457657718767,0.0105412556083326,0.00486075355589039,0.0106412125340466,-1.36861731598856,4.97629382446323,-1.60113098719603,0.0105179331753056,0.0141697158828474,-0.00369769886628603,-5.78220478070068,2.08397310239538,-3.08047525972032,0.0103606184358286,0.00162464260090448,0.00603739276444991,-3.99558271328226,9.87526470866134,-8.94315432566398,0.0179695331085057,-0.027064542644782,-0.0313915854721655
0.765,-9.88846618120868,-10.3796059727545,10.1379930208003,0.0110807623191519,0.00494031188155861,0.0106728732841795,-1.36829549777144,4.97211093079283,-1.599867792455,0.0112589230159877,0.0142350116817137,-0.0037244150447262,-5.77821036114335,2.08220873311462,-3.07805325908856,0.0111074948126614,0.0016201022026218,0.00611145932865411,-3.99308654572781,9.86705266602104,-8.93557372454492,0.0159564008866653,-0.0269146646599394,-0.0305637272385725
0.77,-9.88066782789792,-10.3707225792947,10.1302202697237,0.0114475660307705,0.00498622931707166,0.0105552507242847,-1.36797367955432,4.96792803712242,-1.59860459771396,0.0118448203764496,0.0141987736432834,-0.00375814361208383,-5.77421594158591,2.08044436383385,-3.07563125845684,0.0116990194254709,0.00157337716265764,0.00614767579048183,-3.99059037817324,9.85884062338074,-8.92799312342584,0.0141022045195654,-0.0265448352424178,-0.0293353252124862
0.775,-9.87286947458711,-10.3618391858349,10.1224475186474,0.0116115622718587,0.00498561041753545,0.0102543295490904,-1.36765186133721,4.96374514345201,-1.59734140297293,0.0122441914139218,0.0140828711260686,-0.00380564121535244,-5.77022152202858,2.07867999455308,-3.07320925782506,0.0121042201993518,0.0014884566923013,0.00616414632348293,-3.98809421061878,9.85062858074044,-8.92041252230678,0.0124381474558771,-0.0259455740747067,-0.0277621266750835
0.78,-9.86507112127623,-10.3529557923752,10.1146747675708,0.0115495182889805,0.00493449985549837,0.00976282585332298,-1.36733004312009,4.95956224978161,-1.5960782082319,0.0124239517218098,0.0139159547797137,-0.00387268111773296,-5.76622710247113,2.07691562527233,-3.07078725719333,0.0122908230336764,0.00137347341007371,0.00618477328246607,-3.98559804306421,9.84241653810015,-8.91283192118769,0.0109847869726382,-0.0251154685958172,-0.0259210288067412
0.785,-9.85727276796541,-10.3440723989153,10.1069020164944,0.0112620309132994,0.00483803876407757,0.00909769512838626,-1.36700822490297,4.95537935611119,-1.59481501349087,0.0123759158412404,0.0137152753325656,-0.00396080060950022,-5.76223268291369,2.07515125599156,-3.06836525656158,0.0122499253364551,0.00123257595576128,0.0062111772767723,-3.98310187550976,9.83420449545985,-8.90525132006863,0.0097294486140102,-0.024088677733931,-0.0238833633944939
0.79,-9.84947441465454,-10.3351890054556,10.0991292654179,0.010776839880351,0.00471234842495583,0.00828500573000318,-1.36668640668586,4.95119646244079,-1.59355181874983,0.0121265241288407,0.0134904874562821,-0.00406907419687234,-5.75823826335636,2.07338688671079,-3.06594325592982,0.0120064792960543,0.00106700147316585,0.00623210586253622,-3.98060570795519,9.82599245281955,-8.89767071894957,0.00863933241201656,-0.0229292335148346,-0.0217027080758039
0.795,-9.84167606134378,-10.3263056119957,10.0913565143414,0.0101285784564512,0.00457517478726677,0.00735082589158656,-1.36636458846885,4.94701356877039,-1.5922886240088,0.0117107440850119,0.0132577251653029,-0.00419758914097447,-5.75424384379892,2.07162251743003,-3.06352125529807,0.0115950900632193,0.000881456248347978,0.0062500346708626,-3.97810954040074,9.81778041017925,-8.89009011783048,0.00768962422966111,-0.0216986859058347,-0.0194275823882102
0.8,-9.8338777080329,-10.317422218536,10.0835837632651,0.00934391651124996,0.00442661395941005,0.00631775623841508,-1.36604277025162,4.94283067509998,-1.59102542926777,0.0111516193692617,0.0130369044809356,-0.00434553396503769,-5.75024942424159,2.06985814814927,-3.06109925466635,0.0110397661590172,0.000685586530056424,0.00628162314783304,-3.97561337284617,9.80956836753896,-8.88250951671142,0.00687264517070642,-0.0204365332615788,-0.0171125235280848
0.805,-9.82607935472214,-10.3085388250762,10.0758110121885,0.00844113163843306,0.0042350664737118,0.00520271772962599,-1.36572095203451,4.93864778142957,-1.58976223452675,0.010459966310282,0.0128391369211547,-0.00450679977424669,-5.74625500468414,2.0680937788685,-3.05867725403459,0.0103524705773019,0.000490936691730256,0.00633926596805786,-3.97311720529171,9.80135632489866,-8.87492891559233,0.00618975013243783,-0.0191635919739801,-0.0148192800943888
0.81,-9.81828100141126,-10.2996554316164,10.0680382611121,0.00743009904703543,0.00394781957814926,0.00402520873495193,-1.36539913381739,4.93446488775916,-1.58849903978572,0.00963358117651501,0.0126654873957583,-0.00467139054417876,-5.74226058512681,2.06632940958774,-3.05625525340284,0.00953143795144037,0.000307602757063609,0.00642277271378142,-3.97062103773715,9.79314428225836,-8.86734831447328,0.00563769642759431,-0.0178979073190804,-0.0126145246158015
0.815,-9.81048264810039,-10.2907720381566,10.0602655100356,0.00631917775990651,0.00352406144973498,0.00281784240821366,-1.36507731560027,4.93028199408876,-1.58723584504469,0.00866729298139123,0.0125130652983163,-0.00483128629638649,-5.73826616556937,2.06456504030697,-3.05383325277108,0.00857105100358654,0.000140851272518416,0.00652284660761389,-3.96812487018258,9.78493223961807,-8.85976771335419,0.0052004113712201,-0.0166692225240312,-0.0105538630542064
0.82,-9.80268429478957,-10.2818886446968,10.0524927589591,0.00513298273849902,0.00295732441858226,0.00162394469253012,-1.36475549738327,4.92609910041836,-1.58597265030366,0.00758104818940719,0.0123735654263108,-0.00498295812724201,-5.73427174601204,2.06280067102621,-3.05141125213933,0.00749006268985721,-1.20109544917363e-05,0.0066221758046873,-3.96562870262801,9.77672019697777,-8.85218711223513,0.00485327570231322,-0.0155177860474641,-0.00865590891593892
0.825,-9.79488594147875,-10.273005251237,10.0447200078827,0.00391515755998949,0.00227236118963765,0.00048989412372867,-1.36443367916604,4.92191620674794,-1.58470945556262,0.0064263401075451,0.0122295519957922,-0.00512648808986302,-5.7302773264546,2.06103630174544,-3.04898925150758,0.00633833800924728,-0.000161845395450701,0.00669623763566009,-3.96313253507356,9.76850815433747,-8.84460651111604,0.00457410374886555,-0.0144804581291741,-0.0068954190389285
0.83,-9.78708758816794,-10.2641218577772,10.0369472568063,0.00270986759657374,0.00151463068532448,-0.000538298815958383,-1.36411186094892,4.91773331307753,-1.58344626082159,0.00526037111441577,0.0120589360359188,-0.00526558862102945,-5.72628290689715,2.05927193246468,-3.04656725087582,0.0051716110692486,-0.000324318003302067,0.00672170021212309,-3.96063636751899,9.76029611169717,-8.83702590999695,0.00435261827496469,-0.0135799778673717,-0.00522020087410685
0.835,-9.77928923485712,-10.2552384643175,10.0291745057298,0.00154845732205755,0.00074120748220451,-0.00141693028536509,-1.36379004273181,4.91355041940713,-1.58218306608056,0.0041261130577786,0.0118424917879908,-0.00540777310009674,-5.72228848733982,2.05750756318391,-3.0441452502441,0.00403201082058764,-0.0005158742507008,0.00668476419398468,-3.95814019996453,9.75208406905688,-8.82944530887789,0.00419412208049573,-0.0128234852050375,-0.00356965341861582
0.84,-9.77149088154624,-10.2463550708576,10.0214017546533,0.000450915058978858,1.12331679561357e-05,-0.00210721650011039,-1.36346822451469,4.90936752573672,-1.58091987133952,0.00305281023599899,0.0115657278791427,-0.00556252900225736,-5.71829406778227,2.05574319390315,-3.04172324961235,0.00294850832002444,-0.00075153082532541,0.00658051541130466,-3.95564403241008,9.74387202641658,-8.82186470775881,0.00411681892594464,-0.0122034129825649,-0.00188452542118557
0.845,-9.76369252823542,-10.2374716773979,10.0136290035769,-0.000568879857620733,-0.000618625442216345,-0.0025778790941297,-1.36314640629769,4.90518463206632,-1.57965667659849,0.00206244401689534,0.0112144757595672,-0.0057382741355465,-5.71429964822505,2.05397882462238,-3.03930124898059,0.0019429830033688,-0.00104476307763647,0.00640554407716639,-3.95314786485551,9.73565998377628,-8.81428410663975,0.00414593162378819,-0.0116955047345821,-0.000110332673533952
0.85,-9.75589417492455,-10.2285882839381,10.0058562525004,-0.00150015692321376,-0.00109368526082775,-0.00280813011314659,-1.36282458808057,4.90100173839591,-1.57839348185747,0.00117362563956094,0.0107733401579232,-0.00594064572298527,-5.71030522866749,2.05221445534163,-3.03687924834884,0.00103394565157684,-0.00140699593768199,0.0061546872294726,-3.95065169730105,9.72744794113598,-8.80670350552066,0.00430796598481151,-0.0112611650010148,0.00180133627370978
0.855,-9.74809582161373,-10.2197048904782,9.99808350142393,-0.00233377453490547,-0.00136353888213619,-0.00279030375064083,-1.36250276986334,4.8968188447255,-1.57713028711643,0.000402692029527561,0.0102324243243255,-0.00617280347629002,-5.70631080911016,2.05045008606086,-3.03445724771711,0.000237962087939287,-0.00184473070574227,0.0058271077463551,-3.94815552974649,9.71923589849569,-8.7991229044016,0.00462697329902418,-0.0108582710148564,0.00388975008050765
0.86,-9.74029746830291,-10.2108214970185,9.99031075034748,-0.00306043488316662,-0.0013909083656787,-0.00253076667366749,-1.36218095164622,4.89263595105509,-1.5758670923754,-0.00023534308312524,0.0095921353028465,-0.00643508460299404,-5.70231638955272,2.0486857167801,-3.03203524708536,-0.000429174433434195,-0.00235702908601391,0.00543021828529577,-3.94565936219203,9.71102385585539,-8.79154230328251,0.00512187006634023,-0.0104485998261574,0.00618089447969007
0.865,-9.73249911499204,-10.2019381035587,9.98253799927102,-0.00366844458007643,-0.00116105704172797,-0.00204973677732621,-1.36185913342911,4.88845305738469,-1.57460389763436,-0.000724577259295212,0.00886010030860596,-0.00672316692998156,-5.69832196999539,2.04692134749933,-3.02961324645361,-0.000950492912138512,-0.00293561402881342,0.00497487099190609,-3.94316319463746,9.70281181321509,-8.78396170216345,0.00580346627682864,-0.00999609774791099,0.0086840842454303
0.87,-9.72470076168122,-10.1930547100989,9.97476524819456,-0.00414256900154405,-0.000680428238967593,-0.00138022949233293,-1.3615373152121,4.88427016371428,-1.57334070289333,-0.00104682421293769,0.00804677135644525,-0.00702681557261343,-5.69432755043795,2.04515697821857,-3.02719124582188,-0.00130678630660913,-0.00356610228174288,0.00446959145584852,-3.94066702708301,9.69459977057479,-8.77638110104436,0.00667168568709992,-0.00946418739301134,0.0113886175166837
0.875,-9.7169024083704,-10.1841713166391,9.96699249711821,-0.00446460068075884,3.3289562164513e-05,-0.000566246622389055,-1.36121549699499,4.88008727004387,-1.57207750815232,-0.00118227243678071,0.00716347908746909,-0.00732997369100571,-5.69033313088062,2.0433926089378,-3.0247692451901,-0.00147747171153789,-0.00422918498615869,0.0039178804718077,-3.93817085952844,9.6863877279345,-8.76880049992531,0.00771259831243104,-0.00881672781105646,0.0142604096147581
0.88,-9.70910405505958,-10.1752879231793,9.95921974604164,-0.00461559388923464,0.000953457581919393,0.000338581958154362,-1.36089367877776,4.87590437637347,-1.57081431341129,-0.00111169505857852,0.00622231282424565,-0.0076120814946591,-5.68633871132317,2.04162823965704,-3.02234724455838,-0.00144299747850219,-0.00490214551076275,0.00331699963113854,-3.93567469197399,9.6781756852942,-8.76121989880622,0.00889486100593932,-0.00802289706248871,0.0172413030752541
0.885,-9.70130570174877,-10.1664045297195,9.95144699496529,-0.0045799802317992,0.00203539895943057,0.00127268102526167,-1.36057186056064,4.87172148270306,-1.56955111867026,-0.000820378693081803,0.0052373352625686,-0.00785085125646773,-5.68234429176573,2.03986387037627,-3.01992524392659,-0.0011889457132722,-0.00556106004998605,0.00265833781055467,-3.93317852441942,9.6699636426539,-8.75363929768716,0.0101684377671466,-0.00706596240221549,0.0202533060998041
0.89,-9.69350734843789,-10.1575211362597,9.94367424388872,-0.0043506618907232,0.00321113867579115,0.00217134123079809,-1.36025004234352,4.86753858903265,-1.56828792392922,-0.000303629244706331,0.00422578751507136,-0.00802579299110836,-5.6783498722084,2.03809950109551,-3.01750324329487,-0.000711494432939785,-0.00618321503808735,0.00193028137035118,-3.93068235686485,9.6617516000136,-8.74605869656807,0.0114702134357718,-0.00594990713050635,0.0232044452969817
0.895,-9.68570899512707,-10.1486377427999,9.93590149281226,-0.00393362680467986,0.00439754954154835,0.00297506599277489,-1.35992822412652,4.86335569536225,-1.56702472918819,0.000427400390133505,0.0032078394029259,-0.00812136160528001,-5.67435545265096,2.03633513181475,-3.01508124266311,-2.29356746594673e-05,-0.00674923950221251,0.00112283640402754,-3.92818618931028,9.65353955737331,-8.73847809544901,0.0127358263537876,-0.00469814818970297,0.0259928608884047
0.9,-9.6779106418162,-10.1397543493401,9.9281287417358,-0.0033513474532856,0.00550923096857467,0.00363658576924299,-1.3596064059094,4.85917280169184,-1.56576153444715,0.00134126383509646,0.00220494690386955,-0.00812891507818039,-5.67036103309363,2.03457076253398,-3.01265924203136,0.000844126625991454,-0.00724486950135944,0.000230448311631618,-3.92569002175583,9.64532751473301,-8.73089749432992,0.0139075149384142,-0.00334868840365685,0.0285114638331695
0.905,-9.67011228850538,-10.1308709558804,9.92035599065946,-0.00264358420461979,0.00646616633100119,0.0041209751945252,-1.35928458769229,4.85498990802144,-1.56449833970613,0.00238581840749059,0.00123749154901225,-0.00804672567258423,-5.66636661353618,2.03280639325322,-3.01023724139964,0.00183629893802439,-0.00766197853578237,-0.000749667861501165,-3.92319385420126,9.63711547209271,-8.72331689321086,0.0149313502602642,-0.00195101207478881,0.0306548242283335
0.91,-9.66231393519456,-10.1219875624205,9.91258323958289,-0.00186501584065238,0.00719620137285,0.00440029694354247,-1.35896276947506,4.85080701435103,-1.56323514496511,0.00349263853226757,0.000322072898039908,-0.00787859400178837,-5.66237219397885,2.03104202397245,-3.00781524076788,0.00288364906238051,-0.00799879601831481,-0.00182103338335514,-3.9206976866468,9.62890342945241,-8.71573629209178,0.0157517893646866,-0.000562954417369413,0.03232734034573
0.915,-9.65451558188369,-10.1131041689608,9.90481048850643,-0.00108015998733709,0.00764092896897295,0.00444821242145431,-1.35864095125794,4.84662412068062,-1.56197195022406,0.00458542243263326,-0.000528548368886534,-0.00763356454085794,-5.65837777442141,2.02927765469169,-3.00539324013613,0.00390847966402754,-0.00825919707131972,-0.00298481769088822,-3.91820151909224,9.62069138681212,-8.70815569097272,0.0163184008635283,0.000755849124912185,0.0334527806170161
0.92,-9.64671722857287,-10.1042207755009,9.89703773743008,-0.00035464716953528,0.00777155668832433,0.00423695809731182,-1.35831913304094,4.84244122701021,-1.56070875548303,0.00559318228407114,-0.00129961338947735,-0.00732801765857285,-5.65438335486408,2.02751328541093,-3.00297123950438,0.00483972329929118,-0.00845039102695577,-0.00422521672991544,-3.91570535153778,9.61247934417182,-8.70057508985363,0.0166094845457372,0.00195388652857332,0.0339851766984487
0.925,-9.63891887526205,-10.0953373820412,9.88926498635351,0.000254096273254184,0.00760267112316688,0.00373821820836832,-1.35799731482382,4.8382583333398,-1.55944556074201,0.00646260857555096,-0.00196810155506203,-0.00698743393972686,-5.65038893530664,2.02574891613015,-3.00054923887262,0.00562635790733872,-0.00858042819389598,-0.00549625561261499,-3.91320918398321,9.60426730153152,-8.69299448873457,0.0166500409493026,0.00299549625987908,0.0339182667513941
0.93,-9.63112052195123,-10.0864539885814,9.88149223527716,0.000703468098088786,0.00718830077446171,0.00293407030079155,-1.3576754966067,4.8340754396694,-1.55818236600096,0.00716203363546828,-0.00250315358991973,-0.00664434709234978,-5.64639451574919,2.0239845468494,-2.9981272382409,0.00624111272936512,-0.00865714596331699,-0.00672557273446744,-3.91071301642876,9.59605525889122,-8.68541388761548,0.0165015174178591,0.00386254354525254,0.0332868574354613
0.935,-9.62332216864041,-10.0775705951216,9.87371948420059,0.000975859387309556,0.00660255929608105,0.00184228937764742,-1.35735367838947,4.82989254599899,-1.55691917125993,0.00768277274107982,-0.00287117066501887,-0.00633148501287994,-5.64240009619186,2.02222017756863,-2.99570523760912,0.00668054060464391,-0.00868649378328908,-0.00783217673607879,-3.90821684887419,9.58784321625093,-8.67783328649639,0.01623437700881,0.00455396621147989,0.0321527535960623
0.94,-9.61552381532954,-10.0686872016618,9.86594673312425,0.00108871299485475,0.00591932356490525,0.000535076070262622,-1.35703186017236,4.82570965232858,-1.55565597651891,0.0080409689500572,-0.0030441050753067,-0.00607246368540443,-5.63840567663442,2.02045580828787,-2.99328323697739,0.0069652479653514,-0.00867057583301886,-0.00875009849230996,-3.90572068131974,9.57963117361063,-8.67025268537733,0.0159004885651961,0.00508200383584129,0.0305811445280955
0.945,-9.60772546201872,-10.059803808202,9.85817398204767,0.00108518934785202,0.00520188591877951,-0.000876862098871258,-1.35671004195535,4.82152675865817,-1.55439278177788,0.00826801474089533,-0.00301063578043872,-0.00587660931813476,-5.63441125707709,2.0186914390071,-2.99086123634564,0.00712892310559171,-0.00860972233654002,-0.0094487353424878,-3.90322451376528,9.57141913097033,-8.66267208425825,0.0155138051865742,0.00546144384649948,0.0286283068478913
0.95,-9.5999271087079,-10.0509204147422,9.85040123097133,0.00100881199105936,0.00449945610489606,-0.00227671340653472,-1.35638822373824,4.81734386498777,-1.55312958703685,0.00838918611926103,-0.00277985612814121,-0.00574175082326275,-5.63041683751965,2.01692706972634,-2.98843923571388,0.00719685425571425,-0.00850605115117811,-0.00993349633611266,-3.90072834621071,9.56320708833004,-8.65509148313919,0.0150541989033059,0.00570315554978434,0.0263449962619636
0.955,-9.59212875539703,-10.0420370212824,9.84262847989476,0.000888701046665992,0.00384424250733434,-0.00355983473370095,-1.35606640552112,4.81316097131737,-1.55186639229582,0.00841129509721916,-0.00237266595417584,-0.00565956053488258,-5.62642241796232,2.01516270044557,-2.98601723508216,0.00717464340227482,-0.00836261639949796,-0.0102290009168641,-3.89823217865626,9.55499504568974,-8.6475108820201,0.0144888927437064,0.005817270825393,0.0237793813510582
0.96,-9.58433040208621,-10.0331536278226,9.83485572881841,0.000742145203226881,0.00324999624425364,-0.00464495400281084,-1.355744587304,4.80897807764696,-1.55060319755478,0.00832972627065481,-0.00181359457363853,-0.00561823938351327,-5.62242799840487,2.01339833116482,-2.98359523445041,0.00705597320893957,-0.00818146066724839,-0.0103675153343262,-3.89573601110158,9.54678300304944,-8.63993028090104,0.013784648281764,0.0058129775468663,0.0209788797685025
0.965,-9.57653204877533,-10.0242702343628,9.82708297774195,0.000578963027136306,0.00271797938116704,-0.00547951692823764,-1.35542276908677,4.80479518397655,-1.54934000281375,0.00813845311236467,-0.0011286140023958,-0.00560570828863696,-5.61843357884754,2.01163396188404,-2.98117323381865,0.00683298020696546,-0.00796514916000315,-0.0103833254228956,-3.89323984354712,9.53857096040914,-8.63234967978195,0.0129173246356065,0.00569534579723916,0.0179997646114829
0.97,-9.56873369546452,-10.015386840903,9.81931022666538,0.000400954531682081,0.00224733906491768,-0.00603101812575831,-1.35510095086977,4.80061229030614,-1.54807680807272,0.00783033102750857,-0.000342538541559162,-0.00561431376216995,-5.6144391592901,2.00986959260329,-2.9787512331869,0.00649720385158656,-0.00771869349439048,-0.0103030415505506,-3.89074367599255,9.53035891776884,-8.62476907866289,0.011888970788068,0.00546814838483157,0.0149151220277427
0.975,-9.5609353421537,-10.0065034474433,9.81153747558903,0.000203655187184605,0.00183447258876991,-0.00628253033756257,-1.35477913265265,4.79642939663573,-1.54681361333169,0.00739785510414242,0.000523133145102373,-0.00564119607728485,-5.61044473973266,2.00810522332252,-2.97632923255517,0.00604042644561533,-0.0074489198798236,-0.0101437427595514,-3.8882475084381,9.52214687512855,-8.61718847754381,0.0107228134867389,0.00513528240334105,0.0118079474020137
0.98,-9.55313698884288,-9.99762005398344,9.80376472451258,-1.79595692356774e-05,0.00146498315672822,-0.00623955490332799,-1.35445731443554,4.79224650296533,-1.54555041859066,0.00683957295812559,0.00144963839320784,-0.00568438048951517,-5.60645032017533,2.00634085404175,-2.97390723192339,0.00546038957990307,-0.00716270382475089,-0.00992200364054577,-3.88575134088353,9.51393483248825,-8.60960787642475,0.00943640283447511,0.00469706096550795,0.00875490447430947
0.985,-9.54533863553206,-9.98873666052361,9.79599197343612,-0.000265886739110625,0.00111350622107471,-0.00593121824922904,-1.35413549621842,4.78806360929492,-1.54428722384962,0.00616384653040326,0.00241934211785182,-0.00574063308060133,-5.60245590061788,2.00457648476099,-2.97148523129164,0.00476418473769907,-0.00686647489132024,-0.00965929291391367,-3.88325517332908,9.50572278984795,-8.60202727530569,0.00803104067248844,0.00414976386234098,0.00581731310876986
0.99,-9.53754028222119,-9.97985326706385,9.78821922235954,-0.000539433985735842,0.000749064075715364,-0.00540350281971595,-1.35381367800119,4.78388071562452,-1.54302402910859,0.00538750372249834,0.00341376852189198,-0.00580607079775412,-5.59846148106055,2.00281211548022,-2.96906323065991,0.00396705188261078,-0.0065671929483819,-0.00938105912374455,-3.88075900577451,9.49751074720766,-8.5944466741866,0.00649947996000318,0.00348947349696479,0.00304381981703332
0.995,-9.52974192891037,-9.97096987360402,9.7804464712832,-0.000838653252647401,0.000342580338033359,-0.00471250792488565,-1.35349185978419,4.77969782195411,-1.54176083436757,0.00453008903861345,0.00441453650520494,-0.00587755204124769,-5.59446706150311,2.00104774619946,-2.96664123002816,0.00308687586945871,-0.00627262357419615,-0.00911312330262607,-3.87826283822005,9.48929870456736,-8.58686607306754,0.00482881545227309,0.0027155257407334,0.000473404444307398
1,-9.52194357559955,-9.96208648014425,9.77267372020663,-0.00116903125327774,-0.000123944407710118,-0.00391794145465667,-1.35317004156707,4.7755149282837,-1.54049763962652,0.00360562274159683,0.00540721086562056,-0.00595412799171957,-5.59047264194578,1.99928337691869,-2.96421922939641,0.00213616098020768,-0.00599056044648329,-0.00887701776915569,-3.87576667066548,9.48108666192706,-8.57928547194845,0.00299789976207215,0.00183338731486733,-0.00186587814912647
1.005,-9.51414522228873,-9.95320308668448,9.76490096913028,-0.0015420220478593,-0.000655343274910754,-0.00307545318045401,-1.35284822334995,4.77133203461329,-1.53923444488549,0.00261986469968454,0.00638099259689415,-0.00603729020986604,-5.58647822238834,1.99751900763793,-2.96179722876465,0.00111942793623633,-0.00572885148329839,-0.00868863681385992,-3.87327050311103,9.47287461928676,-8.57170487082939,0.000984577003238331,0.00085862904633294,-0.0039547729864769
1.01,-9.50634686897786,-9.94431969322466,9.75712821805371,-0.00196884022814406,-0.00125000957769273,-0.00223338957675931,-1.35252640513283,4.76714914094289,-1.53797125014447,0.00157797839401878,0.00732298362349578,-0.00612922889391884,-5.58248380283101,1.99575463835717,-2.95937522813293,4.10211560520938e-05,-0.00549595822382173,-0.00856039494915537,-3.87077433555646,9.46466257664646,-8.56412426971031,-0.00121571769592465,-0.000179344673366643,-0.0057755364713793
1.015,-9.49854851566704,-9.93543629976489,9.74935546697736,-0.00245378472016153,-0.00190389576825633,-0.00143840288046883,-1.35220458691583,4.76296624727248,-1.53670805540344,0.000494752201855786,0.0082144122553258,-0.00623089578851739,-5.57848938327356,1.99399026907641,-2.95695322750117,-0.00108438622210597,-0.00530039478171302,-0.00850138728593428,-3.86827816800201,9.45645053400617,-8.55654366859122,-0.00357695496863512,-0.00123612284061437,-0.00730584106623192
1.02,-9.49075016235616,-9.92655290630506,9.7415827159009,-0.00299568274503477,-0.00260654144214744,-0.00073768523526696,-1.3518827686986,4.75878335360207,-1.53544486066241,-0.000607207483954219,0.00903397350332872,-0.00634254981966073,-5.57449496371612,1.99222589979564,-2.95453122686942,-0.00223342343958951,-0.00514956970338163,-0.00851396608405622,-3.86578200044744,9.44823849136587,-8.54896306747216,-0.00604730860251953,-0.00225382823593529,-0.00851807882865277
1.025,-9.48295180904535,-9.91766951284529,9.73380996482445,-0.00359421011802437,-0.00334019216776275,-0.000170446643890322,-1.35156095048148,4.75460045993167,-1.53418166592138,-0.00170883670372587,0.00976469393083324,-0.0064658883654023,-5.57050054415879,1.99046153051488,-2.95210922623767,-0.00338568748523569,-0.00504935825695738,-0.00859233311950668,-3.86328583289298,9.44002644872557,-8.54138246635307,-0.00856594738057623,-0.003166812199714,-0.00938256215618575
1.03,-9.47515345573453,-9.90878611938552,9.72603721374799,-0.00425007504575745,-0.00408794964767274,0.000235647516080482,-1.35123913226437,4.75041756626126,-1.53291847118035,-0.00279687328236551,0.0103969717652091,-0.00660403558581289,-5.56650612460135,1.98869716123411,-2.94968722560591,-0.00452655816033756,-0.00500392125660979,-0.00872648612380934,-3.86078966533842,9.43181440608527,-8.53380186523398,-0.0110780335477763,-0.00391142185188401,-0.00987045710196852
1.035,-9.46735510242371,-9.8999027259257,9.71826446267153,-0.00495947948050802,-0.00483877850370664,0.000457732394554626,-1.35091731404725,4.74623467259086,-1.53165527643931,-0.00385595079200763,0.0109271731400103,-0.00675921023389272,-5.56251170504402,1.98693279195335,-2.94726522497416,-0.00563950083102022,-0.0050147609654251,-0.00890620141601138,-3.85829349778385,9.42360236344498,-8.52622126411492,-0.0135390273354696,-0.00443242020904094,-0.00995609349878014
1.04,-9.45955674911289,-9.89101933246593,9.71049171159507,-0.00571181457517825,-0.00558291798273857,0.000474534552272311,-1.35059549583025,4.74205177892045,-1.53039208169828,-0.00486568540410246,0.0113567464268307,-0.00693113750051006,-5.55851728548657,1.98516842267259,-2.94484322434241,-0.0067029463239317,-0.00507934512355886,-0.00912031384618434,-3.85579733022928,9.41539032080468,-8.51864066299584,-0.0159108110194466,-0.00468145710172379,-0.00962092145190541
1.045,-9.45175839580202,-9.8821359390061,9.7027189605185,-0.00649254230565761,-0.00630697551737262,0.000270233158178655,-1.35027367761302,4.73786888525004,-1.52912888695725,-0.00580590697558901,0.0116931943077029,-0.00711727561335288,-5.55452286592924,1.98340405339182,-2.94242122371068,-0.00769525357235229,-0.00519031721936576,-0.0093534774460156,-3.85330116267482,9.40717827816438,-8.51106006187678,-0.0181580622441444,-0.00461287524541479,-0.00885865303935352
1.05,-9.4439600424912,-9.87325254554634,9.69494620944215,-0.00728573866348292,-0.00699530208378411,-0.000164223708071233,-1.3499518593959,4.73368599157963,-1.52786569221621,-0.00665988509719229,0.0119480629478318,-0.00731289452645632,-5.5505284463718,1.98163968411105,-2.93999922307893,-0.00859821032357811,-0.00533676688017864,-0.00958950659922459,-3.85080499512037,9.39896623552409,-8.50347946075769,-0.0202518428431334,-0.00418882843913155,-0.007679316276312
1.055,-9.43616168918038,-9.86436915208657,9.68717345836558,-0.00807127687126314,-0.00763418436852712,-0.000838845785805103,-1.34963004117878,4.72950309790922,-1.52660249747518,-0.00740699752823448,0.0121273134884617,-0.00750915833436212,-5.54653402681447,1.97987531483029,-2.93757722244717,-0.00939108995459209,-0.00550895873998304,-0.00982988350644352,-3.8483088275658,9.39075419288379,-8.49589885963863,-0.0221828705818096,-0.00340514393085731,-0.00610876562054045
1.06,-9.42836333586956,-9.85548575862674,9.67940070728923,-0.00882154667226123,-0.00821100823325391,-0.00177150788465023,-1.34930822296167,4.72532020423882,-1.52533930273415,-0.00801404836150309,0.0122242224109256,-0.00769301634682161,-5.54253960725703,1.97811094554952,-2.93515522181542,-0.0100430089931076,-0.00570307096388879,-0.0101070068752176,-3.84581266001135,9.38254215024349,-8.48831825851957,-0.0239676022265368,-0.00231691196798308,-0.00418203327281586
1.065,-9.42056498255869,-9.84660236516697,9.67162795621277,-0.00950784950065677,-0.00870962684778205,-0.00297756228947222,-1.34898640474466,4.72113731056842,-1.52407610799312,-0.00844428778803182,0.0122294814854853,-0.00785352679972058,-5.53854518769958,1.97634657626876,-2.93273322118367,-0.0105204406598961,-0.00591989812118864,-0.0104621306316935,-3.84331649245678,9.37433010760319,-8.48073765740048,-0.0256279695691939,-0.00102097310179557,-0.00193694769839652
1.07,-9.41276662924781,-9.83771897170715,9.66385520513631,-0.0101124246979093,-0.00911498719941495,-0.0044509721985998,-1.34866458652755,4.71695441689801,-1.5228129132521,-0.00867819551616184,0.012147271725433,-0.00798860463152172,-5.53455076814225,1.974582206988,-2.93031122055191,-0.0108055283726112,-0.00615958758071839,-0.0109110043635056,-3.84082032490232,9.3661180649629,-8.47315705628142,-0.0271678072416096,0.000391388299690233,0.000584289197946702
1.075,-9.40496827593699,-9.82883557824732,9.65608245405986,-0.0106324442998039,-0.00942622836334266,-0.00616034824392935,-1.34834276831032,4.7127715232276,-1.52154971851105,-0.00872189433285306,0.0119972020855224,-0.00810386965126207,-5.53055634858481,1.97281783770723,-2.92788921992016,-0.0109040190160168,-0.00641879908128932,-0.0114387814882756,-3.83832415734776,9.3579060223226,-8.46557645516233,-0.0285756689323911,0.00185740439555706,0.00332838932909046
1.08,-9.39716992262618,-9.81995218478761,9.6483097029834,-0.0110731008906977,-0.00966136946733766,-0.00806056024797785,-1.3480209500932,4.70858862955719,-1.52028652377003,-0.00859743191602672,0.011804917690052,-0.00820615152507989,-5.52656192902748,1.97105346842647,-2.92546721928844,-0.01083643985611,-0.00669045836825471,-0.0120160543878741,-3.8358279897933,9.3496939796823,-8.45799585404328,-0.0298354813026882,0.00333497085073831,0.00622715073785804
1.085,-9.38937156931536,-9.81106879132778,9.64053695190694,-0.0114396827409078,-0.00985031801181792,-0.0101037629802943,-1.34769913187608,4.70440573588678,-1.519023329029,-0.00833031048358574,0.0115944873649523,-0.00829916915995709,-5.52256750947004,1.9692890991457,-2.92304521865668,-0.0106261723668385,-0.00696415533989657,-0.0126097918109054,-3.83333182223873,9.341481937042,-8.45041525292419,-0.0309248460007971,0.00479209898041261,0.00919824236892215
1.09,-9.38157321600454,-9.80218539786802,9.63276420083048,-0.0117405997857614,-0.0100204963335088,-0.0122356308959811,-1.34737731365908,4.70022284221638,-1.51776013428797,-0.0079535576051113,0.0113884255671365,-0.00838487278475201,-5.51857308991271,1.96752472986494,-2.92062321802493,-0.0103037737239691,-0.00722768764618109,-0.0131849284634365,-3.83083565468428,9.33326989440171,-8.44283465180513,-0.0318161917211715,0.00620247547753796,0.012146234829399
1.095,-9.37377486269366,-9.79330200440825,9.62499144975402,-0.0119983474484772,-0.0101769660224179,-0.0143785075068079,-1.34705549544196,4.69603994854597,-1.51649693954694,-0.00752543679999536,0.0112113072557873,-0.00846730028210392,-5.51457867035526,1.96576036058418,-2.91820121739318,-0.00992498246176353,-0.0074692178113553,-0.0137031950634042,-3.82833948712971,9.32505785176141,-8.43525405068604,-0.0324868336277933,0.0075429597198923,0.0149622088887877
1.1,-9.36597650938285,-9.78441861094842,9.61721869867756,-0.0122488790212443,-0.0102999005985596,-0.0164315272566997,-1.34673367722473,4.69185705487556,-1.51523374480591,-0.00712838032255166,0.0110878661812448,-0.00855215031394258,-5.51058425079793,1.96399599130341,-2.91577921676145,-0.00957000132981989,-0.00767830118428123,-0.0141275059130012,-3.82584331957526,9.31684580912111,-8.42767344956698,-0.032924792192533,0.00879192155067314,0.0175288216150166
1.105,-9.35817815607203,-9.7755352174886,9.6094459476011,-0.0125254205754722,-0.0103710495503558,-0.0183016875709694,-1.34641185900762,4.68767416120516,-1.51397055006487,-0.00683964612503208,0.0110361150711619,-0.00864198868340131,-5.50658983124049,1.96223162202265,-2.9133572161297,-0.00931461258862067,-0.00784582100904657,-0.0144325112055588,-3.82334715202057,9.30863376648081,-8.42009284844787,-0.0331289534094178,0.00992746831106247,0.0197349947798954
1.11,-9.35037980276121,-9.76665182402883,9.60167319652464,-0.0128478896774498,-0.0103926987494416,-0.019928621343177,-1.3460900407905,4.68349126753475,-1.51270735532384,-0.00671005190054913,0.0110647963880471,-0.00873448806036644,-5.50259541168316,1.96046725274188,-2.91093521549797,-0.0092091711133731,-0.00796438179012909,-0.0146096650990612,-3.82085098446612,9.30042172384051,-8.41251224732881,-0.0331095114886045,0.0109251936822738,0.0214901461766668
1.115,-9.34258144945039,-9.757768430569,9.59390044544818,-0.0132266529060492,-0.0103784050524441,-0.0212785505561068,-1.3457682225735,4.67930837386434,-1.51144416058281,-0.00676894021729048,0.0111760628364025,-0.00882544191935266,-5.49860099212572,1.95870288346112,-2.90851321486619,-0.00928341707118449,-0.00802953789256638,-0.0146629942643816,-3.81835481691155,9.29220968120022,-8.40493164620972,-0.032888051453833,0.0117580056282659,0.0227288167954982
1.12,-9.33478309613946,-9.74888503710923,9.58612769437173,-0.0136666814495129,-0.0103401648020202,-0.0223308236690747,-1.34544640435638,4.67512548019394,-1.51018096584178,-0.00703226068690881,0.0113672256956855,-0.00891115746080599,-5.49460657256827,1.95693851418035,-2.90609121423446,-0.00955428187389458,-0.0080405293120373,-0.0146042981395065,-3.8158586493571,9.28399763855992,-8.39735104509066,-0.0324949462445926,0.012399008435272,0.0234105319409728
1.125,-9.32698474282864,-9.74000164364946,9.57835494329527,-0.0141649093031419,-0.0102865202658189,-0.0230750677923272,-1.34512458613926,4.67094258652353,-1.50891777110074,-0.00750000474929166,0.0116305934632315,-0.00898816539456137,-5.49061215301094,1.95517414489959,-2.90366921360268,-0.0100230930083195,-0.00799971692252578,-0.0144512521904806,-3.81336248180253,9.27578559591962,-8.38977044397157,-0.0319645606401078,0.0128251705072788,0.023521338254574
1.13,-9.31918638951782,-9.73111825018964,9.57058219221881,-0.0147061512453796,-0.0102246582340174,-0.0235126219516179,-1.34480276792203,4.66675969285312,-1.50765457635971,-0.00815087111771869,0.0119535412852067,-0.00905245271719724,-5.4866177334535,1.95340977561883,-2.90124721297096,-0.0106700290122352,-0.00791161036415268,-0.0142259174874339,-3.81086631424807,9.26757355327933,-8.38218984285251,-0.0313302072773697,0.0130202819479343,0.0230762865806148
1.135,-9.31138803620701,-9.72223485672987,9.56280944114235,-0.0152632820107052,-0.0101584446746596,-0.0236525032631025,-1.34448094970492,4.66257679918272,-1.5063913816187,-0.008943388435726,0.0123199444525892,-0.00910027817197222,-5.48262331389617,1.95164540633807,-2.8988252123392,-0.0114551209102383,-0.00778278657073742,-0.0139525421644262,-3.80837014669351,9.25936151063903,-8.37460924173342,-0.0306215660287235,0.0129764516048598,0.0221181566532888
1.14,-9.30358968289619,-9.71335146327004,9.55503669006589,-0.0158034650317613,-0.0100777399454913,-0.0234961876499172,-1.34415913148791,4.65839390551231,-1.50512818687766,-0.00982770168149713,0.0127130251514018,-0.00913059209676049,-5.47862889433873,1.9498810370573,-2.89640321170745,-0.0123300589138138,-0.00762270230972674,-0.013654995478053,-3.80587397913905,9.25114946799873,-8.36702864061436,-0.0298673897294799,0.0126928807045868,0.0207080874349355
1.145,-9.29579132958531,-9.70446806981028,9.54726393898954,-0.0162936923928841,-0.00995129051436253,-0.0230270848763277,-1.3438373132708,4.6542110118419,-1.50386499213663,-0.0107556794071952,0.0131176938349382,-0.00914655996003725,-5.4746344747814,1.94811666777653,-2.8939812110757,-0.0132482236446672,-0.00744377202650678,-0.0133539897402849,-3.8033778115846,9.24293742535843,-8.35944803949528,-0.0290969024958409,0.0121743288521112,0.018917254593119
1.15,-9.2879929762745,-9.69558467635051,9.53949118791297,-0.0167010768339879,-0.00973720962947747,-0.0222259698679141,-1.34351549505368,4.65002811817149,-1.50260179739558,-0.0116769822256958,0.0135230592472624,-0.00915596676508332,-5.47064005522395,1.94635229849577,-2.89155921044397,-0.0141601546553402,-0.00725974147918427,-0.0130602049479224,-3.80088164403003,9.23472538271814,-8.35186743837622,-0.0283267134778696,0.0114342509584539,0.0168349238419293
1.155,-9.28019462296368,-9.68670128289074,9.53171843683651,-0.0169945969236255,-0.00939699669849647,-0.0210867041654202,-1.34319367683645,4.64584522450109,-1.50133860265456,-0.0125368219492079,0.0139238531316351,-0.00917152539960727,-5.46664563566662,1.94458792921501,-2.88913720981222,-0.0150107079276569,-0.00708434613816585,-0.0127678520902678,-3.79838547647557,9.22651334007784,-8.34428683725716,-0.0275450041452663,0.0104998699488584,0.01457795721842
1.16,-9.27239626965286,-9.67781788943091,9.52394568576005,-0.0171502178479926,-0.00889935848606774,-0.0196081333882621,-1.34287185861933,4.64166233083068,-1.50007540791353,-0.0132869826447382,0.0143163932809698,-0.00920806494625272,-5.46265121610918,1.94282355993424,-2.88671520918047,-0.0157506370182335,-0.00693116903842012,-0.0124627849411489,-3.79588930892101,9.21830129743754,-8.33670623613807,-0.0267232032494133,0.00941025436446546,0.0122745266936374
1.165,-9.26459791634204,-9.66893449597114,9.5161729346836,-0.0171574474465159,-0.00822715333191062,-0.0178036114739723,-1.34255004040233,4.63747943716027,-1.4988122131725,-0.0138966681303477,0.0146959151727361,-0.00927679354767627,-5.45865679655174,1.94105919065348,-2.88429320854871,-0.0163487016723669,-0.00681172239166072,-0.0121381734597314,-3.79339314136655,9.21008925479724,-8.32912563501901,-0.0258503178254851,0.00820682845176157,0.0100340285113722
1.17,-9.25679956303117,-9.66005110251132,9.50840018360714,-0.0170262680124394,-0.00739108468505811,-0.015735392281786,-1.34222822218521,4.63329654348987,-1.49754901843146,-0.0143556659941484,0.0150576692888523,-0.00938140721642835,-5.45466237699441,1.93929482137271,-2.88187120791699,-0.0167954290918903,-0.00673265755309518,-0.011801565060675,-3.79089697381198,9.20187721215695,-8.32154503389992,-0.0249506841351876,0.00692580986666709,0.00793135237971517
1.175,-9.24900120972029,-9.65116770905155,9.50062743253068,-0.0167851444823322,-0.00642587379461113,-0.0135086598732987,-1.3419064039681,4.62911364981947,-1.49628582369044,-0.0146724613200544,0.0153923527125016,-0.00951764201991359,-5.45066795743696,1.93753045209195,-2.87944920728521,-0.0171009930415986,-0.00669671601782058,-0.0114748691331908,-3.78840080625753,9.19366516951665,-8.31396443278086,-0.0240688545969689,0.00559762608377338,0.00600705413144581
1.18,-9.24120285640947,-9.64228431559172,9.49285468145422,-0.01646739567777,-0.00536868125897761,-0.0112295642791343,-1.34158458575098,4.62493075614906,-1.49502262894941,-0.014865130413546,0.0156828545972257,-0.00967543015408648,-5.44667353787963,1.93576608281118,-2.87702720665345,-0.0172855209308494,-0.00670497541213695,-0.0111893558229421,-3.78590463870285,9.18545312687635,-8.30638383166178,-0.0232470303860412,0.00424801521497052,0.00427265465658299
1.185,-9.23340450309865,-9.6334009221319,9.48508193037776,-0.0160977140661844,-0.00424619327783663,-0.00898948703650119,-1.34126276753375,4.62074786247864,-1.49375943420837,-0.0149469164311847,0.0159103566401418,-0.00984142831052719,-5.44267911832219,1.93400171353042,-2.87460520602173,-0.0173640795115604,-0.00675598091061896,-0.0109766245807765,-3.78340847114839,9.17724108423605,-8.29880323054269,-0.0225162336715315,0.00289809663436907,0.00271679934608991
1.19,-9.22560614978784,-9.62451752867213,9.4773091793013,-0.0156869797889607,-0.00307034585472564,-0.00686896462864812,-1.34094094931675,4.61656496880823,-1.49249623946734,-0.0149182403523161,0.0160587631762195,-0.0100000098957099,-5.43868469876486,1.93223734424966,-2.87218320538997,-0.0173383093457171,-0.00684441318342001,-0.0108628846338152,-3.78091230359382,9.16902904159576,-8.29122262942363,-0.0218928419078174,0.00156697057030205,0.00131122752803065
1.195,-9.21780779647702,-9.61563413521236,9.46953642822484,-0.0152349037566781,-0.00184049121672523,-0.00493289439957715,-1.34061913109963,4.61238207513783,-1.4912330447263,-0.014770759955089,0.0161140897281621,-0.0101341918088791,-5.43469027920742,1.93047297496889,-2.86976120475822,-0.0172004642456798,-0.00696200572199931,-0.010868451639851,-3.77841613603937,9.16081699895546,-8.28364202830454,-0.0213777945975981,0.000274074107128654,1.67724973533625e-05
1.2,-9.21000944316614,-9.60675074175253,9.46176367714838,-0.0147361173536071,-0.000560127039087854,-0.00322740952703815,-1.34029731288251,4.60819918146742,-1.48996984998527,-0.0144954184002934,0.0160656021791581,-0.0102274479313228,-5.43069585965009,1.92870860568813,-2.86733920412649,-0.0169418097939742,-0.00709917194784681,-0.0110094644361571,-3.7759199684848,9.15260495631516,-8.27606142718548,-0.0209653460837165,-0.000963210709912203,-0.00121047868652851
1.205,-9.20221108985533,-9.59786734829277,9.45399092607192,-0.014183705773937,0.000748813109038959,-0.00178521540244247,-1.3399754946654,4.60401628779702,-1.48870665524424,-0.0140852271618809,0.0159071330111952,-0.0102646757493582,-5.42670144009264,1.92694423640737,-2.86491720349474,-0.0165557948633394,-0.00724601196884275,-0.0113004706200568,-3.77342380093035,9.14439291367487,-8.26848082606639,-0.0206519921557885,-0.00213270048500946,-0.00241467031476831
1.21,-9.19441273654451,-9.58898395483294,9.44621817499547,-0.0135694556482216,0.00205052809466356,-0.000631063045390961,-1.33965367644817,4.59983339412661,-1.48744346050321,-0.0135336017832941,0.0156356188330384,-0.0102320697702664,-5.4227070205352,1.9251798671266,-2.86249520286299,-0.0160364844200724,-0.00739297295000343,-0.0117560835349983,-3.77092763337578,9.13618087103457,-8.26090022494731,-0.0204360256142344,-0.0032259249974756,-0.00363771030001022
1.215,-9.18661438323369,-9.58010056137317,9.43844542391901,-0.0128853308467731,0.00331432953556998,0.000217994400197146,-1.33933185823116,4.5956505004562,-1.48618026576219,-0.0128349961600345,0.0152491258643364,-0.0101178203739904,-5.41871260097787,1.92341549784583,-2.86007320223123,-0.0153789354315333,-0.00753171324806986,-0.0123889841567085,-3.76843146582132,9.12796882839427,-8.25331962382825,-0.0203107061105489,-0.00423001361816482,-0.00491683847060907
1.22,-9.17881602992287,-9.57121716791335,9.43067267284266,-0.0121265398298412,0.00453257628565141,0.000755246290065338,-1.33901004001405,4.5914676067858,-1.48491707102116,-0.0119879113570135,0.0147456133252655,-0.00991379346939919,-5.41471818142043,1.92165112856507,-2.85765120159948,-0.0145818128366466,-0.00765624091458055,-0.0132057648685309,-3.76593529826675,9.11975678575397,-8.24573902270916,-0.0202565924967198,-0.00511849648181892,-0.00628063866458346
1.225,-9.171017676612,-9.56233377445358,9.42289992176609,-0.0112931537971887,0.0057138706152538,0.000984686562487336,-1.33868822179693,4.58728471311539,-1.48365387628013,-0.010995935593928,0.0141222182329916,-0.00961668998113454,-5.4107237618631,1.91988675928431,-2.85522920096776,-0.0136484328591647,-0.00776417984635324,-0.014206646257934,-3.7634391307123,9.11154474311368,-8.2381584215901,-0.0202419686215426,-0.00585530145186816,-0.00774340147975099
1.23,-9.16321932330112,-9.55345038099381,9.41512717068974,-0.010390716426858,0.00685309807650492,0.000919924472609864,-1.33836640357981,4.58310181944498,-1.4823906815391,-0.00986814834145937,0.0133760649841991,-0.00922851382125068,-5.40672934230565,1.91812239000354,-2.85280720033597,-0.0125877018678459,-0.00785785538682917,-0.0153899807547938,-3.76094296315773,9.10333270047338,-8.23057782047104,-0.0202355085652212,-0.0064123643346985,-0.00930113644127557
1.235,-9.1554209699903,-9.54456698753398,9.40735441961317,-0.0094304874998206,0.00791477249031433,0.000583148142203189,-1.3380445853627,4.57891892577458,-1.48112748679807,-0.00861957475351046,0.012506441838611,-0.0087568656255407,-5.40273492274832,1.91635802072278,-2.85038519970425,-0.0114149011914245,-0.00794432783723608,-0.0167543163162692,-3.75844679560328,9.09512065783308,-8.22299721935195,-0.0202158355628619,-0.00677895414974124,-0.0109327881261396
1.24,-9.14762261667948,-9.53568359407421,9.39958166853671,-0.00842886050420872,0.00884759603676908,3.25297945530053e-06,-1.33772276714558,4.57473603210417,-1.47986429205704,-0.00726980955836304,0.0115162568713648,-0.00821534870269308,-5.39874050319088,1.91459365144201,-2.8479631990725,-0.0101498957150002,-0.00803445290565387,-0.0182936576955505,-3.75595062804871,9.08690861519278,-8.21541661823289,-0.0201639973772675,-0.00695323484011462,-0.0126027440918516
1.245,-9.13982426336867,-9.52680020061445,9.39180891746025,-0.00740724093958658,0.00960711501967872,-0.000784681202709804,-1.33740094892846,4.57055313843376,-1.478601097316,-0.00584210742035971,0.0104121717748777,-0.00762413609093331,-5.39474608363355,1.91282928216125,-2.84554119844074,-0.00881554098454107,-0.0081420787365634,-0.019990647120317,-3.75345446049425,9.07869657255248,-8.20783601711381,-0.0200503609461133,-0.00693199968139348,-0.0142600275379437
1.25,-9.13202591005779,-9.51791680715462,9.38403616638379,-0.00639126868271083,0.010163227668697,-0.00173872897826271,-1.33707913071134,4.56637024476336,-1.47733790257497,-0.00436276686079483,0.00920424680216291,-0.00700956075839596,-5.39075166407611,1.91106491288048,-2.84311919780899,-0.00743671224025767,-0.00828318043493788,-0.0218135726195354,-3.75095829293969,9.07048452991219,-8.20025541599475,-0.0198303175089679,-0.00670914987237922,-0.0158379320298265
1.255,-9.12422755674697,-9.50903341369485,9.37626341530733,-0.0054070275925798,0.0104968839098541,-0.00281084395223594,-1.33675731249423,4.56218735109294,-1.47607470783394,-0.00285789677153866,0.00790557783323507,-0.00640167827291256,-5.38675724451866,1.90930054359972,-2.84069719717726,-0.00603712781396297,-0.00847404859129649,-0.0237184025517837,-3.74846212538512,9.06227248727189,-8.19267481487566,-0.019448305524211,-0.00627835836852535,-0.0172601874322268
1.26,-9.11642920343616,-9.50015002023503,9.36849066423088,-0.00447481639260567,0.0105996967357363,-0.00394812759701842,-1.33643549427711,4.55800445742255,-1.4748115130929,-0.00134860673580302,0.00653194717603754,-0.00582977295439624,-5.38276282496133,1.90753617431896,-2.83827519654551,-0.00463495736963354,-0.00872837640964498,-0.0256553257597985,-3.74596595783066,9.05406044463159,-8.1850942137566,-0.0188480547144661,-0.00563532363172228,-0.018456913609491
1.265,-9.10863085012534,-9.49126662677526,9.36071791315453,-0.00360327818322946,0.0104776302265488,-0.00509444120002255,-1.33611367605999,4.55382156375214,-1.47354831835187,0.000153214952561487,0.00510117862315515,-0.00531755189251089,-5.37876840540389,1.90577180503819,-2.83585319591376,-0.00323911229676735,-0.00905434321135809,-0.0275764403288203,-3.74346979027609,9.0458484019913,-8.17751361263751,-0.0179844653875302,-0.00477904135527242,-0.0193828536899471
1.27,-9.10083249681452,-9.48238323331543,9.35294516207796,-0.00278771070866964,0.0101524850478541,-0.00619438043389574,-1.33579185784288,4.54963867008173,-1.47228512361085,0.00164663787878529,0.00363149434566913,-0.00488071982486289,-5.37477398584656,1.90400743575742,-2.833431195282,-0.00184777806537364,-0.00945365010129877,-0.0294402687765206,-3.74097362272164,9.037636359351,-8.16993301151845,-0.0168294729666059,-0.00371397934945806,-0.0200232856019834
1.275,-9.09303414350364,-9.47349983985563,9.34517241100161,-0.00201334594621679,0.00966170105607005,-0.00719849226580883,-1.33547003962576,4.54545577641132,-1.47102192886982,0.00313931297431181,0.00213990280017058,-0.00452705784924094,-5.37077956628912,1.90224306647666,-2.83100919465025,-0.00045085908685357,-0.00992226971000263,-0.0312129660947524,-3.73847745516707,9.0294243167107,-8.16235241039936,-0.015373109795619,-0.00245423489145028,-0.0203887445968752
1.28,-9.08523579019283,-9.46461644639587,9.33739965992504,-0.00126175239621898,0.00905848072548665,-0.0080650190849009,-1.33514822140864,4.54127288274091,-1.46975873412879,0.0046411014019563,0.000645022878666626,-0.00425936091121655,-5.36678514673179,1.9004786971959,-2.8285871940185,0.000963874179946213,-0.0104513848638919,-0.0328633106257549,-3.73598128761262,9.0212122740704,-8.15477180928028,-0.0136193472672999,-0.00102385285658275,-0.0205044611666444
1.285,-9.07743743688195,-9.45573305293607,9.3296269088487,-0.00051777007009267,0.0084059573869944,-0.0087563123768019,-1.33482640319153,4.5370899890705,-1.46849553938775,0.00615643327074498,-0.000828579660843236,-0.00408002356131768,-5.36279072717434,1.89871432791514,-2.82616519338677,0.00240351756688043,-0.011028899132353,-0.0343547771701637,-3.73348512005805,9.01300023143011,-8.14719120816125,-0.0115762196614446,0.000549056281984634,-0.0203954519296097
1.29,-9.06963908357113,-9.4468496594763,9.32185415777212,0.000228825938348631,0.00776339545027759,-0.00923675497177475,-1.33450458497452,4.53290709540011,-1.46723234464672,0.00768205206605946,-0.002253810902651,-0.00399071241595151,-5.35879630761701,1.89694995863437,-2.82374319275502,0.00386756120563881,-0.01164080398306,-0.0356491205109955,-3.73098895250359,9.00478818878981,-8.13961060704213,-0.00925266822016814,0.00223550357031534,-0.0200823318600933
1.295,-9.06184073026031,-9.43796626601647,9.31408140669566,0.000988069157057081,0.00717514560981846,-0.00947925345734237,-1.33418276675729,4.52872420172969,-1.46596914990569,0.00921303060250646,-0.00360696995535413,-0.00398786715796724,-5.35480188805957,1.89518558935361,-2.82132119212326,0.00535342026009566,-0.0122705092339812,-0.0367158651810005,-3.72849278494903,8.99657614614951,-8.1320300059231,-0.00666213094249337,0.00400456257754977,-0.0195912060016073
1.3,-9.05404237694944,-9.42908287255668,9.3063086556192,0.00177166473646104,0.00666845677496146,-0.00947271439763878,-1.33386094854018,4.52454130805928,-1.46470595516466,0.0107472856882007,-0.00486604954298208,-0.00406287058271943,-5.35080746850213,1.89342122007284,-2.81889919149151,0.00686104515067723,-0.0128982559908566,-0.0375306612532511,-3.72599661739457,8.98836410350921,-8.12444940480398,-0.00382091530076277,0.00582493619958358,-0.0189543070501931
1.305,-9.04624402363862,-9.42019947909691,9.29853590454275,0.00258871279143529,0.00625603044651734,-0.00922255766433144,-1.33353913032306,4.52035841438888,-1.46344276042363,0.0122824207089296,-0.00600621350660942,-0.00420619019061939,-5.3468130489448,1.89165685079208,-2.81647719085976,0.00838998358086182,-0.0135025531352367,-0.0380690976296059,-3.72350044984,8.98015206086892,-8.11686880368495,-0.000745979567651189,0.00766702296558749,-0.0181995159779467
1.31,-9.0384456703278,-9.41131608563711,9.29076315346629,0.00344267890371629,0.00594190752976716,-0.00875052501809719,-1.33321731210594,4.51617552071847,-1.4621795656826,0.0138121892920164,-0.00699970843034523,-0.00440812911743503,-5.34281862938735,1.88989248151132,-2.81405519022803,0.0099355047417652,-0.0140613581781801,-0.0383093911944756,-3.72100428228555,8.97194001822862,-8.10928820256586,0.00253863687499153,0.00950059913666662,-0.0173507639825714
1.315,-9.03064731701699,-9.40243269217731,9.28299040238983,0.00433038819208681,0.00572777569411007,-0.00809571293553176,-1.33289549388894,4.51199262704807,-1.46091637094156,0.0153247116398644,-0.00782018124761613,-0.00465669293850959,-5.33882420983002,1.88812811223055,-2.81163318959628,0.01148610842866,-0.0145531221449586,-0.0382419214781135,-3.71850811473098,8.96372797558832,-8.1017076014468,0.0059898283781246,0.011291616073617,-0.0164385374917204
1.32,-9.02284896370617,-9.39354929871755,9.27521765131348,0.0052401258970784,0.00561313413233196,-0.00731286717615018,-1.33257367567171,4.50780973337766,-1.45965317620053,0.0168006613156984,-0.0084472447297883,-0.00493753926613402,-5.33482979027258,1.88636374294979,-2.80921118896453,0.0130212686683278,-0.0149592738962828,-0.0378753670384848,-3.71601194717653,8.95551593294802,-8.09412700032772,0.00953978306093806,0.0130027303135856,-0.015501787966003
1.325,-9.01505061039529,-9.38466590525772,9.26744490023691,0.00615131534390851,0.00559109856569029,-0.00646932390795697,-1.33225185745459,4.50362683970725,-1.4583899814595,0.0182144950366324,-0.00886715341916234,-0.00523651158343344,-5.33083537071525,1.88459937366902,-2.80678918833277,0.0145128370595783,-0.0152664206516605,-0.0372341830253304,-3.71351577962184,8.94730389030773,-8.08654639920863,0.0131029521415917,0.0145960621557728,-0.0145787423433223
1.33,-9.00725225708447,-9.37578251179795,9.25967214916056,0.00703673282072587,0.00564567200439753,-0.00564112472263878,-1.33193003923748,4.49944394603685,-1.45712678671848,0.0195382301986827,-0.00907063199880045,-0.00554233246824068,-5.32684095115781,1.88283500438826,-2.80436718770102,0.0159293384844236,-0.0154670181445895,-0.0363516075693041,-3.71101961206739,8.93909184766743,-8.07896579808957,0.0165885560280765,0.0160352276190275,-0.0136969581759764
1.335,-8.99945390377366,-9.36689911833813,9.25189939808399,0.00786555989049923,0.00574941851956665,-0.00491002639872357,-1.33160822102036,4.49526105236644,-1.45586359197743,0.0207452885790882,-0.00905040480379023,-0.00584796135002792,-5.32284653160048,1.88107063510749,-2.80194518706926,0.0172402813137584,-0.015558845165543,-0.0352636890917451,-3.70852344451282,8.93087980502713,-8.07138519697048,0.0199101729989731,0.0172867065090733,-0.0128677577229419
1.34,-8.99165555046278,-9.35801572487836,9.24412664700765,0.00860455113982812,0.00586085074343773,-0.00435921058754769,-1.33128640280336,4.49107815869603,-1.4546003972364,0.0218108157464389,-0.00880073696390478,-0.00615076762168045,-5.31885211204303,1.87930626582673,-2.79952318643751,0.0184166836520259,-0.0155446096946305,-0.0340071137598199,-3.70602727695837,8.92266776238683,-8.06380459585142,0.022988962043216,0.0183224130961528,-0.0120847848583603
1.345,-8.98385719715196,-9.34913233141853,9.23635389593107,0.00921681381091968,0.00593138612672179,-0.00405764755078998,-1.33096458458624,4.48689526502563,-1.45333720249538,0.0227064325214784,-0.00832117937338873,-0.00645259942049503,-5.31485769248559,1.87754189654597,-2.79710118580579,0.0194259113413358,-0.015433181126189,-0.0326198790753441,-3.7035311094038,8.91445571974654,-8.05622399473233,0.0257546726331603,0.0191224516746786,-0.0113269575030278
1.35,-8.97605884384109,-9.34024893795873,9.22858114485473,0.00966383742665407,0.00591794882835099,-0.00404596267815677,-1.33064276636901,4.48271237135522,-1.45207400775433,0.0233993107905891,-0.0076198400205624,-0.00675932407012857,-5.31086327292826,1.8757775272652,-2.79467918517403,0.020231030146446,-0.0152399100373881,-0.0311403373804106,-3.70103494184934,8.90624367710624,-8.04864339361328,0.0281493457896686,0.0196747858946968,-0.0105647474901412
1.355,-8.96826049053027,-9.33136554449894,9.22080839377816,0.00991170488636419,0.00578199495067556,-0.00434418820847451,-1.33032094815189,4.47852947768481,-1.45081081301332,0.0238605947436877,-0.00671081881545366,-0.00707898129570747,-5.30686885337082,1.87401315798444,-2.79225718454228,0.0207995760364927,-0.0149835346883324,-0.0296039311014595,-3.69853877429489,8.89803163446594,-8.04106279249419,0.0301297567383937,0.0199730454597277,-0.009764907650747
1.36,-8.96046213721945,-9.3224821510392,9.21303564270181,0.00993451444626457,0.00548847995291067,-0.00495851494188681,-1.32999912993478,4.47434658401441,-1.44954761827228,0.0240697486789385,-0.00561066093593014,-0.00742034651409855,-5.30287443381349,1.87224878870367,-2.78983518391055,0.0211082005188615,-0.0146830788102069,-0.0280396361276906,-3.69604260674032,8.88981959182564,-8.0334821913751,0.0316704793822773,0.0200151041737911,-0.00889313868059844
1.365,-8.95266378390863,-9.31359875757937,9.20526289162524,0.00971205403871991,0.00501998142682816,-0.0058706136918362,-1.32967731171777,4.47016369034399,-1.44828442353125,0.024008273092278,-0.00433710282140709,-0.00779350570631747,-5.29888001425604,1.87048441942291,-2.78741318327877,0.0211366561683326,-0.0143572489127574,-0.0264663843409772,-3.69354643918587,8.88160754918535,-8.02590159025604,0.032766279071133,0.0198015201999255,-0.00791789044601124
1.37,-8.94486543059782,-9.3047153641196,9.19749014054878,0.00922384422900619,0.00438298624455176,-0.0070368993677596,-1.32935549350066,4.46598079667359,-1.44702122879022,0.0236515596873704,-0.00290509199556123,-0.00821144793631678,-5.29488559469871,1.86872005014214,-2.78499118264702,0.0208596507182676,-0.0140241657058422,-0.0248903427120838,-3.6910502716313,8.87339550654505,-8.01832098913695,0.0334214874694998,0.0193328438153776,-0.00681274033919797
1.375,-8.93706707728694,-9.29583197065978,9.18971738947243,0.00844597425500957,0.00360332131436526,-0.00839503306995873,-1.32903367528343,4.46179790300319,-1.44575803404919,0.0229662647985445,-0.00132536537297472,-0.00869028892620164,-5.29089117514127,1.86695568086138,-2.78256918201527,0.0202440243927852,-0.0137013331169017,-0.0233059608175356,-3.68855410407684,8.86518346390475,-8.01074038801789,0.0336429812478609,0.0186089707722787,-0.00555614470616131
1.38,-8.92926872397612,-9.28694857720001,9.18194463839586,0.00735672727913018,0.00272555089686843,-0.00985833632650359,-1.32871185706631,4.45761500933278,-1.44449483930816,0.0219159653210371,0.000387565630570655,-0.0092463109163051,-5.28689675558394,1.86519131158061,-2.78014718138354,0.019254317467723,-0.0134063335575937,-0.0217018079931454,-3.68605793652227,8.85697142126445,-8.00315978689883,0.033453412136376,0.0176330032043222,-0.00413258424230721
1.385,-8.9214703706653,-9.27806518374024,9.17417188731952,0.00594323749234046,0.0018052732233406,-0.0113228942832107,-1.32839003884919,4.45343211566237,-1.44323164456713,0.0204699730816987,0.00221163719978543,-0.00989210474050993,-5.2829023360265,1.86342694229985,-2.77772518075179,0.0178613668497669,-0.013155412053231,-0.0200663141651458,-3.68356176896782,8.84875937862416,-7.99557918577975,0.0328905384238274,0.0164143261497675,-0.00253538572867187
1.39,-8.91367201735449,-9.26918179028041,9.16639913624294,0.00420209058518979,0.000889856591397247,-0.0126967858437691,-1.32806822063219,4.44924922199196,-1.44196844982611,0.0186089215765723,0.00412358269713181,-0.0106342581609209,-5.27890791646917,1.86166257301909,-2.77530318012003,0.0160473340285653,-0.0129601287832612,-0.018391517123598,-3.68106560141325,8.84054733598386,-7.98799858466069,0.031979475304351,0.0149690912296721,-0.000769308383457654
1.395,-8.90587366404367,-9.26029839682064,9.1586263851666,0.00214079608204163,3.77534008031951e-06,-0.0139201689411585,-1.32774640241507,4.44506632832156,-1.44070525508508,0.0163299699716836,0.00610067488490023,-0.0114708282313657,-5.27491349691172,1.85989820373833,-2.77288117948828,0.0138103892520058,-0.0128255008691552,-0.0166785300890863,-3.67856943385868,8.83233529334356,-7.98041798354157,0.0307150719158577,0.0133238920657986,0.00114682423214476
1.4,-8.89807531073279,-9.25141500336085,9.15085363409003,-0.000217967111890801,-0.000852711720116335,-0.0149639508470591,-1.32742458419796,4.44088343465116,-1.43944206034404,0.0136513418790438,0.00811480290319899,-0.012388490088048,-5.27091907735428,1.85813383445756,-2.77045917885656,0.0111691021650277,-0.0127500873494237,-0.0149429564652894,-3.67607326630412,8.82412325070326,-7.97283738242251,0.0290664371835691,0.0115222478266085,0.00317774406090069
1.405,-8.89027695742192,-9.24253160990102,9.14308088301368,-0.00283414473961658,-0.00169489027649913,-0.0158207059493528,-1.32710276598073,4.43670054098074,-1.43817886560299,0.010613207963836,0.0101283803355124,-0.013361856030753,-5.26692465779695,1.8563694651768,-2.76803717822477,0.00816345956011518,-0.0127267129250897,-0.0132157270621934,-3.67357709874966,8.81591120806297,-7.96525678130345,0.0269883925001718,0.00962844134163312,0.00527084895864062
1.41,-8.8824786041111,-9.23364821644125,9.13530813193711,-0.00564987244545935,-0.00254009598498026,-0.0164982476518332,-1.32678094776361,4.43251764731033,-1.43691567086196,0.00727801920618035,0.0120957973572832,-0.0143556888777889,-5.26293023823951,1.85460509589603,-2.76561517759305,0.00485553458260352,-0.0127432668640304,-0.0115382901452866,-3.67108093119509,8.80769916542267,-7.95767618018436,0.024436791283713,0.00772580956398653,0.00735772865608783
1.415,-8.87468025080028,-9.22476482298148,9.12753538086076,-0.00858979397376778,-0.00339212575758663,-0.0170145514849025,-1.32645912954661,4.42833475363992,-1.43565247612094,0.0037300418600271,0.0139676316080507,-0.0153278079894028,-5.25893581868218,1.85284072661527,-2.76319317696129,0.00132943718730725,-0.0127829109704808,-0.00995551062879636,-3.66858476364064,8.79948712278237,-7.95009557906531,0.021380137252912,0.00591164740883865,0.00935506672852749
1.42,-8.86688189748946,-9.21588142952166,9.1197626297843,-0.0115660416461518,-0.00422927526344147,-0.0173893977629168,-1.32613731132949,4.42415185996952,-1.43438928137992,6.75115875372038e-05,0.0156956189809228,-0.0162323086126912,-5.25494139912473,1.8510763573345,-2.76077117632954,-0.0023163116359075,-0.0128245111749322,-0.00850973101894536,-3.66608859608607,8.79127508014207,-7.94251497794622,0.0177972837902515,0.00428878801666171,0.0111665405750865
1.425,-8.85908354417865,-9.20699803606189,9.11198987870773,-0.014491616937389,-0.00500779375925368,-0.0176373153338069,-1.32581549311237,4.41996896629912,-1.43312608663888,-0.00361203277785418,0.0172417335291697,-0.0170287039358888,-5.2509469795674,1.84931198805374,-2.75834917569782,-0.00598326421570633,-0.012846691331604,-0.00723048899350693,-3.66359242853162,8.78306303750178,-7.93493437682716,0.0136863997858738,0.00294393764446636,0.0127039148996819
1.43,-8.85128519086777,-9.19811464260206,9.10421712763139,-0.0172938927067187,-0.00568178123139337,-0.0177696932320913,-1.32549367489514,4.41578607262871,-1.43186289189785,-0.00722099310231657,0.0185881488723241,-0.0176942833357761,-5.24695256000996,1.84754761877297,-2.75592717506606,-0.00958206963694496,-0.0128344127877206,-0.00612215381992922,-3.66109626097705,8.77485099486148,-7.92735377570807,0.00909727158723155,0.00191899833102845,0.0139223659536131
1.435,-8.84348683755695,-9.1892312491423,9.09644437655493,-0.0199165741786167,-0.00622320247034839,-0.0178035922480704,-1.32517185667803,4.4116031789583,-1.43059969715681,-0.0106801349625899,0.0197366821588424,-0.0182256153159078,-5.24295814045263,1.84578324949221,-2.75350517443431,-0.0130313367285059,-0.0127813654267557,-0.00516768617622401,-3.65860009342259,8.76663895222118,-7.91977317458901,0.0041371281139861,0.00120319814174734,0.0148283457794284
1.44,-8.83568848424613,-9.1803478556825,9.08867162547847,-0.0223147216193475,-0.00662996779213275,-0.0177683297012329,-1.32485003846102,4.40742028528789,-1.42933650241578,-0.0139157674760792,0.0206989329817394,-0.0186290672254517,-5.23896372089519,1.84401888021144,-2.75108317380256,-0.0162559210922434,-0.0126874425632868,-0.00434785934673682,-3.65610392586802,8.75842690958089,-7.91219257346992,-0.0010669490561554,0.000749347380979196,0.0154547731311909
1.445,-8.82789013093532,-9.1714644622227,9.08089887440201,-0.024452934466682,-0.00692164559209729,-0.0177053968055667,-1.32452822024391,4.40323739161749,-1.42807330767475,-0.0168619165787463,0.0214887909017629,-0.0189135525035331,-5.23496930133774,1.84225451093068,-2.74866117317083,-0.0191897266629794,-0.0125563020684239,-0.00365373506887424,-3.65360775831357,8.75021486694059,-7.90461197235086,-0.00639964412061872,0.000491724891961349,0.0158406400478539
1.45,-8.82009177762444,-9.1625810687629,9.07312612332555,-0.0263063383380103,-0.00712913174291372,-0.0176643737473379,-1.32420640202679,4.39905449794708,-1.42681011293372,-0.0194637037609127,0.0221204289543074,-0.0190890869656922,-5.23097488178041,1.84049014164992,-2.74623917253908,-0.0217788523093452,-0.0123943522262369,-0.00308586798007621,-3.651111590759,8.74200282430029,-7.89703137123178,-0.0117616899907864,0.000356001206919637,0.0160269485055389
1.455,-8.81229342431357,-9.15369767530311,9.06535337224898,-0.0278616795264435,-0.00728849515157531,-0.0176983078304296,-1.32388458380967,4.39487160427667,-1.42554691819268,-0.0216800437791806,0.0226080045672234,-0.0191669361698804,-5.22698046222297,1.83872577236916,-2.74381717190732,-0.0239838713900851,-0.0122101580396567,-0.00265028753079699,-3.64861542320455,8.73379078165999,-7.88945077011272,-0.0170665656179258,0.000265298559342539,0.0160566389059573
1.46,-8.80449507100275,-9.14481428184331,9.05758062117263,-0.029117549908898,-0.0074355071710095,-0.0178542107459705,-1.32356276559244,4.39068871060627,-1.42428372345167,-0.0234871319049598,0.0229643849742545,-0.0191589345282177,-5.22298604266564,1.83696140308839,-2.74139517127557,-0.0257830634342995,-0.0120137725002001,-0.00235681185040033,-3.64611925565009,8.7255787390197,-7.88187016899363,-0.0222402234153338,0.000146323861762695,0.0159709701891079
1.465,-8.79669671769193,-9.13593088838351,9.04980787009617,-0.0300803242522692,-0.00759174161221298,-0.0181565563231757,-1.32324094737544,4.38650581693586,-1.42302052871064,-0.0248794607026136,0.0231982675096956,-0.0190748946151202,-5.2189916231082,1.83519703380763,-2.73897317064385,-0.027173185616799,-0.0118150561144993,-0.00221911995059956,-3.64362308809552,8.7173666963794,-7.87428956787457,-0.0272212272643339,-6.21408104310986e-05,0.0158009018756334
1.47,-8.78889836438111,-9.12704749492372,9.04203511901972,-0.0307563993637945,-0.00776014849347754,-0.0186026510867484,-1.32291912915832,4.38232292326545,-1.42175733396959,-0.0258627848588189,0.0233132501649405,-0.018919920959261,-5.21499720355087,1.83343266452686,-2.73655117001206,-0.0281621393048072,-0.0116212250529209,-0.002253777432382,-3.64112692054096,8.7091546537391,-7.86670896675548,-0.0319586341108059,-0.000401774572945611,0.0155628674220867
1.475,-8.78110001107029,-9.11816410146395,9.03426236794326,-0.0311483672729213,-0.00793651677934787,-0.0191726768998102,-1.32259731094121,4.37814002959505,-1.42049413922857,-0.0264463650537075,0.0233104833785665,-0.0186946462585071,-5.21100278399342,1.8316682952461,-2.73412916938034,-0.0287609400501005,-0.0114356811068695,-0.00247661912175816,-3.63863075298639,8.7009426110988,-7.85912836563639,-0.0364073160246056,-0.000893702614091668,0.0152646108901979
1.48,-8.77330165775942,-9.10928070800415,9.0264896168668,-0.0312583947611247,-0.00810780473584776,-0.0198266154522332,-1.32227549272409,4.37395713592463,-1.41923094448752,-0.0266470509774147,0.0231902990782423,-0.0183973589582527,-5.20700836443609,1.82990392596533,-2.73170716874858,-0.0289876146683265,-0.0112588416469668,-0.0028991678266879,-3.63613458543193,8.6927305684585,-7.85154776451733,-0.0405246351357847,-0.00154198217305652,0.0149092390675322
1.485,-8.7655033044486,-9.10039731454435,9.01871686579034,-0.0310925507383323,-0.00824807856264351,-0.0205010946197417,-1.32195367450686,4.36977424225423,-1.4179677497465,-0.0264947887313427,0.0229533612931684,-0.0180258810237295,-5.20301394487865,1.82813955668457,-2.72928516811683,-0.0288726693995774,-0.0110891725385228,-0.00352672219941178,-3.63363841787736,8.68451852581821,-7.84396716339825,-0.0442720754848086,-0.00233887958013995,0.0144975275456726
1.49,-8.75770495113778,-9.09151392108456,9.01094411471388,-0.0306620144226421,-0.00833347801775301,-0.0211257560892852,-1.32163185628986,4.36559134858383,-1.41670455500547,-0.0260286130472535,0.0226034876453602,-0.0175792128769123,-5.19901952532121,1.8263751874038,-2.72686316748508,-0.0284551080539806,-0.010923679771964,-0.0043567360815729,-3.63114225032291,8.67630648317791,-7.83638656227919,-0.0476163244470758,-0.00327023497183118,0.0140350693531402
1.495,-8.74990659782696,-9.08263052762476,9.00317136363742,-0.0299834218853085,-0.00834446176099558,-0.0216274451859755,-1.32131003807274,4.36140845491342,-1.41544136026444,-0.0252948148071774,0.0221474169126423,-0.0170585477282563,-5.19502510576388,1.82461081812304,-2.72444116685332,-0.0277804988437491,-0.0107587319772368,-0.00537753420041246,-3.62864608276834,8.66809444053761,-7.8288059611601,-0.0505244974730583,-0.00431583203201566,0.0135325141333282
1.5,-8.74210824451615,-9.07374713416496,8.99539861256096,-0.0290770009554703,-0.00825741426795155,-0.0219291263177934,-1.32098821985562,4.35722556124301,-1.41417816552341,-0.0243444996852815,0.0215931585246308,-0.0164669179856412,-5.19103068620643,1.82284644884227,-2.7220191662216,-0.0268983908813535,-0.0105901526957206,-0.00656789977359466,-3.62614991521389,8.65988239789731,-7.82122536004104,-0.0529612540231038,-0.00544791655042209,0.0130001881526863
1.505,-8.73430989120521,-9.06486374070516,8.9876258614845,-0.0279621783817525,-0.00805808781368706,-0.0219738352744906,-1.3206664016385,4.35304266757261,-1.41291497078238,-0.0232215626412537,0.0209519396830242,-0.0158083843595249,-5.1870362666491,1.82108207956151,-2.71959716558985,-0.0258503144458637,-0.0104120411107933,-0.00789721581623515,-3.62365374765932,8.65167035525702,-7.81364475892195,-0.0548932993201175,-0.00663497861726433,0.0124511889208031
1.51,-8.7265115378944,-9.0559803472454,8.97985311040793,-0.0266572634782214,-0.00775499983696336,-0.0217424309417138,-1.3203445834215,4.3488597739022,-1.41165177604135,-0.0219569858531715,0.0202390227949375,-0.0150881447703404,-5.18304184709166,1.81931771028075,-2.71717516495809,-0.0246641970875087,-0.0102168900958283,-0.00932635633241708,-3.62115758010486,8.64345831261672,-7.80606415780289,-0.0562932965113513,-0.00784664627718946,0.0119058482757065
1.515,-8.71871318458358,-9.04709695378563,8.97208035933158,-0.0251846586473726,-0.00736658363313683,-0.0212368637065022,-1.32002276520427,4.34467688023179,-1.41038858130031,-0.0205788543281728,0.0194698315420311,-0.0143136866436632,-5.17904742753433,1.81755334099999,-2.71475316432634,-0.0233642610073254,-0.00999766782402801,-0.0108073833925201,-3.6186614125503,8.63524626997642,-7.79848355668381,-0.0571346908422311,-0.00905178031287091,0.011386846596106
1.52,-8.71091483127276,-9.03821356032583,8.96430760825513,-0.0235752444002615,-0.00689672753918577,-0.0204494366117549,-1.31970094698715,4.34049398656138,-1.40912538655928,-0.0191254672794713,0.0186560237605462,-0.0134959360102439,-5.17505300797689,1.81578897171922,-2.71233116369459,-0.0219837027095112,-0.0097492703456406,-0.0122801833924088,-3.61616524499584,8.62703422733613,-7.79090295556475,-0.0573802005632833,-0.0102091898885785,0.0109098156155134
1.525,-8.70311647796194,-9.029330166866,8.95653485717867,-0.0218656171341202,-0.0063294828613158,-0.019357752904905,-1.31937912877004,4.33631109289097,-1.40786219181825,-0.017643784841217,0.0178064604516911,-0.0126487750335533,-5.17105858841956,1.81402460243845,-2.70990916306283,-0.0205630510479183,-0.00946759532734136,-0.0136714773258067,-3.61366907744127,8.61882218469583,-7.78332235444569,-0.05698088695873,-0.0112605659590861,0.0104799564629646
1.53,-8.69531812465107,-9.02044677340621,8.94876210610221,-0.0200902040122275,-0.00565119415086824,-0.0179542210035071,-1.31905731055292,4.33212819922057,-1.40659899707721,-0.0161728817992214,0.0169314711314507,-0.0117868878953556,-5.16706416886211,1.81226023315769,-2.70748716243108,-0.0191343279922589,-0.00914766574819421,-0.0149012502501897,-3.61117290988682,8.61061014205553,-7.7757417533266,-0.0558928730898052,-0.0121345527533192,0.0100978768817055
1.535,-8.68751977134025,-9.01156337994644,8.94098935502575,-0.0182783536218781,-0.00487110066392257,-0.0162691261863726,-1.3187354923358,4.32794530555017,-1.4053358023362,-0.0147350790815633,0.0160438331461607,-0.0109238127588232,-5.16306974930467,1.81049586387693,-2.70506516179935,-0.0177134610007236,-0.00878410924318995,-0.0158957520141354,-3.60867674233225,8.60239809941523,-7.76816115220751,-0.05409928829887,-0.012761935007464,0.0097661065227844
1.54,-8.67972141802943,-9.00267998648661,8.93321660394929,-0.0164577491833039,-0.00402309830264873,-0.0143689247295159,-1.31841367411869,4.32376241187976,-1.40407260759517,-0.0133413705650313,0.0151556507175843,-0.0100707847471619,-5.15907532974734,1.80873149459616,-2.7026431611676,-0.0163072751936334,-0.00837414680517219,-0.0166041776689237,-3.60618057477768,8.59418605677494,-7.76058055108845,-0.0516280981627786,-0.0130985469573903,0.00948923006690966
1.545,-8.67192306471861,-8.99379659302684,8.92544385287283,-0.0146579891681722,-0.00315450229787559,-0.0123422480839087,-1.31809185590157,4.31957951820935,-1.40280941285413,-0.011999973454553,0.0142759838780723,-0.00923667742415839,-5.15508091018989,1.8069671253154,-2.70022116053585,-0.0149228185132223,-0.00791972917237505,-0.0170068676519494,-3.60368440722311,8.58597401413464,-7.75299994996936,-0.0485521711015206,-0.013136920521144,0.00926900139872546
1.55,-8.66412471140779,-8.98491319956707,8.91767110179637,-0.0129136209845165,-0.0023117199766747,-0.0102778973441373,-1.31777003768445,4.31539662453894,-1.4015462181131,-0.0107254297506257,0.0134105336326059,-0.00842978614210031,-5.15108649063257,1.80520275603463,-2.69779915990409,-0.0135756211437922,-0.00742748937471407,-0.017106307472326,-3.60118823966866,8.57776197149434,-7.74541934885031,-0.0449671300706779,-0.0128869334762333,0.00910050010187398
1.555,-8.65632635809692,-8.97602980610728,8.90989835071991,-0.0112661400605751,-0.00153754947668128,-0.00825051544251372,-1.31744821946734,4.31121373086853,-1.40028302337207,-0.00954417909594878,0.0125625062498611,-0.00765977383846152,-5.14709207107512,1.80343838675387,-2.69537715927237,-0.0122940390983202,-0.00690773467483799,-0.0169139500363064,-3.59869207211409,8.56954992885404,-7.73783874773122,-0.0409741948054862,-0.0123458700674131,0.00897509125517227
1.56,-8.64852800478604,-8.96714641264745,8.90212559964345,-0.00976229354039607,-0.000879393129121118,-0.0063256906156042,-1.31712640125022,4.30703083719813,-1.39901982863104,-0.00849119830905082,0.011734259777168,-0.00693766221920672,-5.14309765151779,1.8016740174731,-2.69295515864059,-0.0111154932721689,-0.00637313255002889,-0.016445792085372,-3.59619590455964,8.56133788621375,-7.73025814661213,-0.0366826894104833,-0.0114890612292728,0.00888767726009536
1.565,-8.64072965147523,-8.95826301918768,8.894352848567,-0.0084468361015664,-0.000392461362183362,-0.00456890282267701,-1.31680458303322,4.30284794352772,-1.39775663389,-0.00759936988761237,0.010928470486171,-0.00627396636221856,-5.13910323196035,1.79990964819234,-2.69053315800886,-0.010076067412748,-0.00583725445649349,-0.0157252567909937,-3.59369973700518,8.55312584357345,-7.72267754549307,-0.0322146901943293,-0.0102859650278687,0.00884065161701327
1.57,-8.63293129816441,-8.94937962572789,8.88658009749054,-0.00734863897921383,-0.00012751600705271,-0.00303894125765444,-1.31648276481599,4.29866504985732,-1.39649343914897,-0.00688471934673418,0.0101485506582564,-0.00567618443603423,-5.13510881240302,1.79814527891158,-2.68811115737711,-0.00919639591672362,-0.00531369749881163,-0.0147908412789725,-3.59120356945061,8.54491380093315,-7.71509694437398,-0.0276980271309423,-0.0087410179487754,0.00884086667987629
1.575,-8.62513294485359,-8.94049623226809,8.87880734641408,-0.00646798811172946,-0.000109964529821899,-0.00176988551805635,-1.31616094659887,4.29448215618691,-1.39523024440794,-0.00633583720237353,0.00939893823700221,-0.00514721970378502,-5.13111439284557,1.79638090963081,-2.68568915674535,-0.00847164802142128,-0.00481582817789989,-0.0137024080960977,-3.58870740189616,8.53670175829285,-7.70751634325492,-0.0232520171240987,-0.00693498354546568,0.00889194614107474
1.58,-8.61733459154271,-8.93161283880829,8.87103459533762,-0.0057798660411978,-0.000328888954310827,-0.000762553330318142,-1.31583912838175,4.2902992625165,-1.39396704966691,-0.005920466361729,0.00868496720198146,-0.00468589070255739,-5.12711997328813,1.79461654035005,-2.6832671561136,-0.00787734781382979,-0.00435571548426677,-0.0125334654641375,-3.58621123434159,8.52848971565256,-7.69993574213584,-0.0189750876027364,-0.00501429022515665,0.00898651892843587
1.585,-8.6095362382319,-8.92272944534849,8.86326184426116,-0.00525158854423826,-0.000739628074401556,1.06695326253588e-05,-1.31551731016475,4.28611636884609,-1.39270385492588,-0.00560659617566603,0.00801253348805289,-0.00428878578517273,-5.1231255537308,1.79285217106928,-2.68084515548188,-0.0073886247007558,-0.00394204284617775,-0.0113521945057227,-3.58371506678714,8.52027767301226,-7.69235514101678,-0.0149402677609382,-0.0031343305087118,0.0091015271345242
1.59,-8.60173788492108,-8.91384605188873,8.8554890931847,-0.00485568879041338,-0.00126943570213724,0.000598194191220495,-1.31519549194763,4.28193347517569,-1.39144066018486,-0.00537704840849168,0.00738802708384837,-0.00395124050898987,-5.11913113417336,1.79108780178852,-2.67842315485012,-0.00699362851304244,-0.00357852857959756,-0.0102093935083078,-3.58121889923257,8.51206563037196,-7.68477453989769,-0.0111988372273019,-0.0014195488248993,0.00919682170599402
1.595,-8.59393953161026,-8.90496265842893,8.84771634210824,-0.00456856002090572,-0.00182785606987079,0.00105785783129881,-1.3148736737304,4.27775058150528,-1.39017746544381,-0.00522477111524952,0.00681713068927348,-0.00366631339461145,-5.11513671461603,1.78932343250775,-2.67600115421837,-0.00668875713925668,-0.00326344820673311,-0.00913898672599343,-3.57872273167811,8.50385358773166,-7.67719393877863,-0.00778400156319499,4.17625059711431e-05,0.00921786951295789
1.6,-8.58614117829944,-8.89607926496913,8.83994359103178,-0.00436317485612566,-0.0023352587891094,0.00143723900630803,-1.31455185551329,4.27356768783488,-1.38891427070278,-0.00513705758005399,0.00630105455744344,-0.00342337309308923,-5.11114229505858,1.78755906322699,-2.67357915358662,-0.00646323755892665,-0.00299080643033725,-0.00816425981211397,-3.57622656412354,8.49564154509137,-7.66961333765954,-0.00471251043815896,0.00119629715049935,0.00910998265450562
1.605,-8.57834282498862,-8.88719587150933,8.83217083995532,-0.00420561859363646,-0.00275576062943893,0.00175596923745262,-1.31423003729617,4.26938479416447,-1.38765107596176,-0.00508441322958968,0.0058330444028403,-0.00320810677760713,-5.10714787550125,1.78579469394623,-2.67115715295486,-0.00628844907248747,-0.00275274495440756,-0.00730407196022702,-3.57373039656909,8.48742950245107,-7.66203273654048,-0.00199067801789571,0.00202856565323224,0.00883813396494497
1.61,-8.57054447167775,-8.87831247804954,8.82439808887887,-0.00405752341477033,-0.00309702518227209,0.00200646143194643,-1.31390821907917,4.26520190049406,-1.38638788122073,-0.00502310229318335,0.00539998046784201,-0.00300411838479221,-5.10315345594381,1.78403032466546,-2.66873515232311,-0.00612074012527783,-0.0025407983000574,-0.00657391851880734,-3.57123422901452,8.47921745981077,-7.65445213542142,0.000380357707702122,0.00255525468470005,0.00839042236332138
1.615,-8.56274611836687,-8.86942908458974,8.81662533780241,-0.00388522434210714,-0.00338471726465185,0.00217243678014532,-1.31358640086205,4.26101900682365,-1.38512468647968,-0.00491110667755758,0.00498810346097386,-0.00279712951274715,-5.09915903638648,1.78226595538469,-2.66631315169136,-0.00591734949383594,-0.00234703962742719,-0.00598063777867088,-3.56873806145995,8.47100541717047,-7.64687153430233,0.00241000474222745,0.00280911770258872,0.00777186534222741
1.62,-8.55494776505606,-8.86054569112994,8.80885258672606,-0.00367069212496528,-0.00364854198691434,0.00224594352371148,-1.31326458264493,4.25683611315325,-1.38386149173866,-0.00472478028508443,0.0045874158649583,-0.00258019663203606,-5.09516461682904,1.78050158610393,-2.66389115105963,-0.00565301837279352,-0.00216660856339814,-0.00551715509782864,-3.56624189390539,8.46279337453018,-7.63929093318328,0.00412670223925021,0.0028259329326797,0.00700717968134652
1.625,-8.54714941174524,-8.85166229767017,8.80107983564949,-0.00341105798078437,-0.00391589704609719,0.00222840077337795,-1.3129427644277,4.25265321948284,-1.38259829699763,-0.00445872282944751,0.00419288852253108,-0.00235383413381473,-5.09117019727171,1.77873721682317,-2.66146915042788,-0.00532006537934269,-0.00199773722878649,-0.00516382632260332,-3.56374572635093,8.45458133188988,-7.63171033206419,0.00557334199102223,0.00264140695961763,0.00613775148530626
1.63,-8.53935105843442,-8.84277890421038,8.79330708457303,-0.00310695933649983,-0.00419834370700915,0.00212130527954887,-1.31262094621059,4.24847032581243,-1.3813351022566,-0.00411157496718585,0.00380435561047367,-0.00212086871714049,-5.08717577771426,1.77697284754241,-2.65904714979612,-0.00491453083139636,-0.00183817035284477,-0.00489464840413673,-3.56124955879636,8.44636928924958,-7.6241297309451,0.00679073133192594,0.00229325258447367,0.00520388826912419
1.635,-8.53155270512354,-8.83389551075058,8.78553433349657,-0.00275376503629522,-0.00448102698196566,0.00191952337230122,-1.31229912799358,4.24428743214202,-1.38007190751556,-0.003675445388967,0.00342639498180046,-0.00188251281677183,-5.08318135815682,1.77520847826164,-2.65662514916437,-0.00442588662695944,-0.00168247329626369,-0.00468216260496266,-3.55875339124191,8.43815724660928,-7.61654912982604,0.00780392115653096,0.00182325048059114,0.00423170691358223
1.64,-8.52375435181273,-8.82501211729078,8.77776158242011,-0.00234085624510268,-0.00472609056198692,0.00161229459073409,-1.31197730977647,4.24010453847162,-1.37880871277453,-0.00313535286256352,0.00306639547647642,-0.00163763942497181,-5.07918693859949,1.77344410898088,-2.65420314853264,-0.00383675044621464,-0.0015226461383758,-0.00450124362211303,-3.55625722368734,8.42994520396899,-7.60896852870695,0.00861759072629394,0.00127872828146236,0.00323316983214788
1.645,-8.51595599850191,-8.81612872383099,8.76998883134365,-0.00185803567666419,-0.00489381267952184,0.00119422504402089,-1.31165549155935,4.23592164480122,-1.3775455180335,-0.00247887200343655,0.00272847443662461,-0.00138374646269249,-5.07519251904205,1.77167973970011,-2.65178114790089,-0.00313298464491495,-0.00135195351803843,-0.0043353146174635,-3.55376105613288,8.42173316132869,-7.60138792758789,0.00922152577268407,0.000711532414113948,0.00221308391990696
1.65,-8.50815764519109,-8.80724533037119,8.76221608026719,-0.00130976329868585,-0.0049665141979109,0.000683358050675832,-1.31133367334212,4.23173875113081,-1.37628232329247,-0.0017167818926806,0.0024102467385981,-0.00112096954492916,-5.07119809948472,1.76991537041935,-2.64935914726914,-0.00232463185986647,-0.00116983792049752,-0.00417798186944458,-3.55126488857832,8.41352111868839,-7.59380732646883,0.00960801827653815,0.00016674469899084,0.001177805174053
1.655,-8.50035929188027,-8.79836193691139,8.75444332919074,-0.000725954041223743,-0.0049481376182257,0.000127795699222644,-1.311011855125,4.22755585746039,-1.37501912855144,-0.000897210113796634,0.00210979455019912,-0.000857287640855715,-5.06720367992727,1.76815100113858,-2.64693714663741,-0.00145970825045471,-0.000982934144430504,-0.00402380625830323,-3.54876872102386,8.40530907604809,-7.58622672534972,0.00978942432743843,-0.000334059808179651,0.000139531331792953
1.66,-8.4925609385694,-8.78947854345162,8.74667057811428,-0.000152328777246275,-0.00484891406388099,-0.000412118488447485,-1.310690036908,4.22337296378999,-1.37375593381041,-8.97207886738271e-05,0.00183127071372445,-0.00060709781543254,-5.06320926036994,1.76638663185782,-2.64451514600563,-0.00060776108689774,-0.00080099508038744,-0.00386197039453743,-3.54627255346929,8.3970970334078,-7.57864612423066,0.00979934306721515,-0.000793207331856058,-0.000885958082373762
1.665,-8.48476258525858,-8.78059514999183,8.73889782703793,0.000371015752929841,-0.00468088604351646,-0.000888312520349891,-1.31036821869088,4.21919007011958,-1.37249273906937,0.000646298524580204,0.00157981018114902,-0.000383653179705322,-5.0592148408125,1.76462226257705,-2.64209314537391,0.000171821612625238,-0.000632622129628554,-0.00368224852906467,-3.54377638591484,8.3888849907675,-7.57106552311157,0.00968001811063021,-0.00121916279128445,-0.00188226601532484
1.67,-8.4769642319477,-8.77171175653203,8.73112507596136,0.000819355704816844,-0.00445766585713504,-0.00127313727139215,-1.31004640047377,4.21500717644918,-1.37122954432834,0.0012751694259659,0.00135674481040763,-0.000194930746473381,-5.05522042125517,1.76285789329629,-2.63967114474212,0.000843204643046848,-0.00048396046313053,-0.00348074976507656,-3.54128021836038,8.3806729481272,-7.56348492199251,0.00946939578143907,-0.00161262176525894,-0.00283184158862974
1.675,-8.46916587863689,-8.76282836307223,8.72335232488501,0.00118204241545103,-0.00419169992120117,-0.00155623101100623,-1.30972458225665,4.21082428277877,-1.36996634958732,0.0017823583290142,0.00116010527328119,-4.39814044151684e-05,-5.05122600169773,1.76109352401552,-2.6372491441104,0.00139157958497733,-0.000358693771075605,-0.00325909023021896,-3.53878405080582,8.37246090548691,-7.55590432087342,0.00919699647058383,-0.0019644098105831,-0.00371458247250481
1.68,-8.46136752532607,-8.75394496961243,8.71557957380844,0.00146206421458068,-0.00389604659346767,-0.00174342476732402,-1.30940276403942,4.20664138910836,-1.36870315484627,0.00217372572836673,0.000984573459638216,7.08725012583558e-05,-5.04723158214028,1.75932915473476,-2.63482714347865,0.0018225380863563,-0.00025798965951907,-0.00302311367007783,-3.53628788325136,8.36424886284661,-7.54832371975436,0.00888756861002848,-0.00225688814551933,-0.00450728252716739
1.685,-8.45356917201519,-8.74506157615264,8.70780682273198,0.00167261893557917,-0.00358424829123017,-0.00185282323231889,-1.30908094582242,4.20245849543796,-1.36743996010526,0.00247048074941179,0.000822429614767141,0.000154782048469548,-5.04323716258295,1.757564785454,-2.63240514284689,0.002157019327261,-0.000181161247337392,-0.00278180635082215,-3.53379171569668,8.35603682020631,-7.54074311863531,0.00856201484668965,-0.00246595910096636,-0.00518430713886136
1.69,-8.44577081870437,-8.73617818269284,8.70003407165552,0.00182716272815661,-0.00326526744579106,-0.00190173096196125,-1.3087591276053,4.19827560176755,-1.36617676536423,0.00269283396472463,0.000667631727035401,0.000213552312098912,-5.03924274302551,1.75580041617323,-2.62998314221514,0.00241483082225653,-0.00012653011388422,-0.002544965824998,-3.53129554814223,8.34782477756601,-7.53316251751622,0.00823564826795377,-0.00256755228891476,-0.00572581131791889
1.695,-8.43797246539356,-8.72729478923307,8.69226132057918,0.0019319946546987,-0.00294292243458783,-0.00189507157648325,-1.30843730938818,4.19409270809714,-1.36491357062319,0.00284655217683131,0.000518461718748498,0.00025236370846533,-5.03524832346818,1.75403604689247,-2.62756114158341,0.00260112489328866,-9.14316330142746e-05,-0.00232178566655474,-3.52879938058766,8.33961273492571,-7.52558191639716,0.00792178934966622,-0.00254635632971803,-0.00613063045101064
1.7,-8.43017411208274,-8.71841139577327,8.68448856950261,0.00198847526008603,-0.00262047586336012,-0.00182918135217131,-1.30811549117107,4.18990981442674,-1.36365037588216,0.00292719422011621,0.000375877602259735,0.000276278144628983,-5.03125390391074,1.75227167761171,-2.62513914095166,0.00271072171780668,-7.23167608795638e-05,-0.00212110586811747,-3.5263032130332,8.33140069228542,-7.51800131527807,0.00763626196180304,-0.00239725671485416,-0.00641554831548769
1.705,-8.42237575877192,-8.70952800231348,8.67671581842615,0.00199992475407385,-0.00230375781190382,-0.00170559909613307,-1.30779367295384,4.18572692075633,-1.36238718114112,0.00293459410934812,0.00024026622705708,0.00029057675269938,-5.02725948435341,1.75050730833094,-2.62271714031991,0.00274276091253119,-6.56605249728681e-05,-0.00195182568215488,-3.52380704547863,8.32318864964512,-7.51042071415901,0.00739608048518582,-0.00211882681759695,-0.00659913608337853
1.71,-8.41457740546105,-8.70064460885368,8.66894306734969,0.00197489362462067,-0.00200096137609001,-0.00153860785322782,-1.30747185473683,4.18154402708592,-1.36112398640009,0.00288048557223612,0.000109981403279774,0.000300443593087458,-5.02326506479596,1.74874293905018,-2.62029513968815,0.00270846468682147,-6.86893044452737e-05,-0.00182230832838673,-3.52131087792418,8.31497660700482,-7.50284011303992,0.00721563775779708,-0.00170812001621927,-0.00668873031604836
1.715,-8.40677905215023,-8.69176121539388,8.66117031627323,0.00192877795685765,-0.0017233370905357,-0.00135631779116526,-1.30715003651972,4.17736113341552,-1.35986079165906,0.00279085436903656,-1.91090136086055e-05,0.000311337690549589,-5.01927064523863,1.74697856976941,-2.61787313905643,0.00263364746849447,-7.89771999619129e-05,-0.00173932350036784,-3.51881471036961,8.30676456436452,-7.49525951192086,0.00710834096821279,-0.00116094944859613,-0.00667897994784131
1.72,-8.39898069883941,-8.68287782193408,8.65339756519688,0.0018867606839861,-0.00148828424482551,-0.00120228415695962,-1.3068282183026,4.17317823974511,-1.35859759691803,0.00270979040499895,-0.000154497615408939,0.000330006795703445,-5.01527622568119,1.74521420048865,-2.61545113842465,0.00256272588735931,-9.3663779652356e-05,-0.00170751152144485,-3.51631854281516,8.29855252172423,-7.48767891080178,0.0070927170121333,-0.000474542284951083,-0.00655541103431242
1.725,-8.39118234552853,-8.67399442847429,8.64562481412031,0.00188021058837848,-0.00131710543879469,-0.00112906471874649,-1.30650640008548,4.1689953460747,-1.357334402177,0.00269300736162562,-0.000306069636160627,0.000363667087341926,-5.01128180612375,1.74344983120788,-2.61302913779289,0.00255222940824074,-0.000109700435891753,-0.0017284663354719,-3.51382237526059,8.29034047908393,-7.48009830968272,0.00719101704730425,0.000350605097067086,-0.00629884080193369
1.73,-8.38338399221772,-8.66511103501452,8.63785206304385,0.00193360120982497,-0.00122336629498057,-0.00117433607417618,-1.30618458186837,4.1648124524043,-1.35607120743597,0.00278345587747906,-0.000482145511659398,0.000417630625584632,-5.0072873865663,1.74168546192712,-2.61060713716117,0.00264628428804239,-0.000124205208408303,-0.00179838816515499,-3.51132620770613,8.28212843644363,-7.4725177085636,0.00742078004049362,0.00130839529530941,-0.00589761424123773
1.735,-8.37558563890684,-8.65622764155472,8.63007931196739,0.00205296265703281,-0.00120139019088569,-0.00133577660197978,-1.30586276365125,4.16062955873389,-1.35480801269495,0.00298774983928869,-0.000685438327411809,0.000493872518522239,-5.00329296700886,1.73992109264636,-2.60818513652941,0.00285291772643138,-0.000133957870310407,-0.00190609215317902,-3.50883004015157,8.27391639380333,-7.46493710744454,0.00779048033900954,0.00238333124530554,-0.00536465192928416
1.74,-8.36778728559602,-8.64734424809492,8.62230656089105,0.00222581287923358,-0.00122597203900589,-0.00157210096149251,-1.30554094543413,4.15644666506348,-1.3535448179539,0.00327636814489954,-0.000911601450617114,0.000590596173416942,-4.99929854745153,1.73815672336559,-2.60576313589766,0.00314403032545481,-0.000135662436831749,-0.00203436946045164,-3.50633387259711,8.26570435116304,-7.45735650632545,0.00829820535309086,0.00354940985999477,-0.00473746057413842
1.745,-8.35998893228521,-8.63846085463513,8.61453380981447,0.0024306146953268,-0.00126237887898208,-0.00182769151778514,-1.30521912721701,4.15226377139307,-1.35228162321289,0.003604297096136,-0.0011504948661138,0.00070267098126641,-4.99530412789409,1.73639235408483,-2.60334113526594,0.00347572888966725,-0.000127021610471771,-0.00216433846833998,-3.50383770504254,8.25749230852274,-7.44977590520639,0.00892991953721726,0.00477281414191616,-0.00405979601446958
1.75,-8.35219057897439,-8.62957746117533,8.60676105873813,0.00264760023100888,-0.00127815848875189,-0.00205427278231802,-1.3048973089999,4.14808087772266,-1.35101842847186,0.00393142773997938,-0.00138933724010514,0.000823929398095567,-4.99130970833676,1.73462798480406,-2.60091913463418,0.00380861464505692,-0.000106508012358624,-0.00227955657296586,-3.50134153748809,8.24928026588244,-7.44219530408731,0.00966148228156372,0.00601414398349329,-0.00336859437879648
1.755,-8.34439222566357,-8.62069406771553,8.59898830766156,0.00286657323363277,-0.0012521985155839,-0.00221996459925503,-1.30457549078278,4.14389798405226,-1.34975523373082,0.00423414031438532,-0.00161664636990702,0.000950474080945659,-4.98731528877931,1.7328636155233,-2.59849713400243,0.00411944344276375,-7.20270059808166e-05,-0.00236890255337752,-3.49884536993352,8.24106822324215,-7.43461470296828,0.0104649558336091,0.00722927379396831,-0.00269411576436225
1.76,-8.33659387235269,-8.61181067425574,8.5912155565851,0.00309002071960163,-0.00117909832682842,-0.00231093527187521,-1.30425367256566,4.13971509038186,-1.34849203898979,0.00450911666882238,-0.00182501711619411,0.00108258334890949,-4.98332086922198,1.73109924624254,-2.5960751333707,0.00440491443508422,-2.04088570894599e-05,-0.00242901025926751,-3.49634920237895,8.23285618060185,-7.42703410184919,0.0113133815062236,0.00837132665530377,-0.0020639074111514
1.765,-8.32879551904188,-8.60292728079594,8.58344280550875,0.00332976507808231,-0.0010671022850607,-0.00232617626720633,-1.30393185434855,4.13553219671144,-1.34722884424876,0.0047677293790098,-0.00201193802721524,0.00122430749559545,-4.97932644966454,1.72933487696177,-2.59365313273895,0.0046758965704794,5.17298748461684e-05,-0.00246581131959745,-3.49385303482438,8.22464413796155,-7.41945350073013,0.0121798414245423,0.00939522582906042,-0.00150505897289791
1.77,-8.32099716573106,-8.59404388733614,8.57567005443218,0.00359948753650483,-0.000931022259526232,-0.00226804276254432,-1.30361003613143,4.13134930304104,-1.34596564950772,0.00502455480845492,-0.00217966828890766,0.00138159453112577,-4.9753320301071,1.72757050768101,-2.5912311321072,0.004945951404422,0.00014661714862024,-0.00249316191333288,-3.49135686726993,8.21643209532125,-7.41187289961104,0.0130359778281131,0.0102643555579311,-0.00104425661129867
1.775,-8.31319881242024,-8.58516049387637,8.56789730335583,0.00390736132151994,-0.000781359173287524,-0.00213511649130766,-1.30328821791431,4.12716640937063,-1.34470245476669,0.00528745507051712,-0.00233410844142721,0.00155939893910659,-4.97133761054977,1.72580613840024,-2.58880913147544,0.00522194325944163,0.000264375106525941,-0.00252566685663586,-3.48886069971547,8.20822005268096,-7.40429229849195,0.0138596109454091,0.0109577539589803,-0.000704997083982793
1.78,-8.30540045910936,-8.57627710041658,8.56012455227938,0.00425086089546629,-0.000613270244462589,-0.0019194450324965,-1.3029663996972,4.12298351570022,-1.34343926002566,0.00555163043296242,-0.00248169352459624,0.00175858376099419,-4.96734319099232,1.72404176911948,-2.58638713084369,0.0054987809004186,0.000402863715709221,-0.00256913813531693,-3.48636453216091,8.20000801004066,-7.39671169737289,0.0146446976400478,0.0114728064282505,-0.000503455313024052
1.785,-8.29760210579849,-8.56739370695678,8.55235180120292,0.00461689987532748,-0.000406649243624391,-0.00160951401992505,-1.30264458148019,4.11880062202982,-1.34217606528463,0.00580048758070999,-0.00262539910139317,0.0019749067555836,-4.96334877143499,1.72227739983871,-2.58396513021194,0.00576021311068042,0.000558154533606223,-0.00261911356440691,-3.48386836460645,8.19179596740036,-7.38913109625381,0.0153953427027516,0.011816510140896,-0.000447314366375702
1.79,-8.28980375248767,-8.55851031349698,8.54457905012634,0.00498987817897587,-0.000142693108680364,-0.00120075011118837,-1.30232276326296,4.11461772835941,-1.3409128705436,0.00601758569983469,-0.00276469370077197,0.00220145525165057,-4.95935435187755,1.72051303055795,-2.58154312958018,0.00599011000274131,0.000725232799369082,-0.00266867836988563,-3.48137219705188,8.18358392476006,-7.38155049513475,0.0161135397239984,0.0119949338002081,-0.000537234713904409
1.795,-8.28200539917685,-8.54962692003718,8.53680629905,0.00536098030123019,0.000177639698586835,-0.00070544414663914,-1.30200094504585,4.110434834689,-1.33964967580258,0.00620077150607035,-0.00290098444432226,0.00243215175119037,-4.95535993232022,1.71874866127719,-2.57912112894846,0.00618650135331277,0.000898567928411924,-0.00271381825006905,-3.47887602949743,8.17537188211977,-7.37396989401566,0.016804921470371,0.012019058753893,-0.000765923980039254
1.8,-8.27420704586604,-8.54074352657739,8.52903354797343,0.00572724613655979,0.000532849870298718,-0.000150355553595948,-1.30167912682873,4.1062519410186,-1.33838648106155,0.00636052826194259,-0.00303967401355286,0.00266200622944166,-4.95136551276278,1.71698429199642,-2.5766991283167,0.00636036964852383,0.0010724116624531,-0.00275014434230731,-3.47637986194286,8.16715983947947,-7.3663892928966,0.0174876900120546,0.011915746346475,-0.00111477195747071
1.805,-8.26640869255522,-8.53186013311762,8.52126079689708,0.00608164918491627,0.000894735195861437,0.000433326377077483,-1.30135730861161,4.10206904734819,-1.33712328632051,0.00650398601287235,-0.00318281913597391,0.00288396862669118,-4.94737109320545,1.71521992271566,-2.57427712768495,0.00651956496689716,0.00124094577185902,-0.00276865783600677,-3.47388369438841,8.15894779683917,-7.35880869177751,0.0181768234709208,0.0117194629351365,-0.00155288937493849
1.81,-8.2586103392444,-8.52297673965782,8.51348804582051,0.00640824502242117,0.00123523895396121,0.00101297760765997,-1.30103549039461,4.09788615367778,-1.33586009157946,0.00662656150363014,-0.00332209803072648,0.00308747703278415,-4.943376673648,1.71345555343489,-2.5718551270532,0.0066597284766729,0.00139850651986042,-0.00275859437543892,-3.47138752683384,8.15073575419887,-7.35122809065842,0.0188591671295435,0.0114536829005709,-0.00204011444394718
1.815,-8.25081198593352,-8.51409334619805,8.50571529474405,0.0066899806648548,0.00151952771823905,0.00155031633112388,-1.30071367217738,4.09370326000738,-1.33459689683845,0.00672197596754347,-0.00344394630774975,0.00326224457583914,-4.93938225409056,1.71169118415413,-2.56943312642144,0.00677398949953655,0.00154018353044683,-0.00271477763226634,-3.46889135927938,8.14252371155858,-7.34364748953936,0.0194958354062804,0.0111284720606991,-0.00253381575694032
1.82,-8.24301363262271,-8.50520995273826,8.4979425436677,0.0069176440104202,0.00170861972778059,0.00200641253074403,-1.30039185396026,4.08952036633697,-1.33333370209742,0.00679200862122324,-0.00354003556687845,0.00340275545781796,-4.93538783453323,1.70992681487337,-2.56701112578969,0.00686338465493357,0.00166285138239836,-0.0026382041575566,-3.46639519172481,8.13431166891828,-7.33606688842028,0.0200527627068689,0.010753943733758,-0.00299927935943788
1.825,-8.23521527931189,-8.49632655927846,8.49016979259113,0.0070857496371674,0.00178175448160446,0.0023581750235077,-1.30007003574315,4.08533747266656,-1.33207050735638,0.0068371783049163,-0.00360733223319475,0.00350688779948372,-4.93139341497579,1.7081624455926,-2.56458912515794,0.0069284406114711,0.00176578648389636,-0.00252654352618185,-3.46389902417036,8.12609962627798,-7.32848628730125,0.0205209977235255,0.0103477725492574,-0.00341666029597688
1.83,-8.22741692600107,-8.48744316581866,8.48239704151479,0.00718466890864722,0.00174433987013395,0.00260399019629588,-1.29974821752603,4.08115457899616,-1.33080731261535,0.0068456124878705,-0.00364258687357302,0.00357262836288588,-4.92739899541846,1.70639807631184,-2.56216712452618,0.00695806953263545,0.0018501248603547,-0.00236962483450245,-3.46140285661568,8.11788758363768,-7.32090568618213,0.0209079025430876,0.00993252678671491,-0.00377933717679149
1.835,-8.21961857269019,-8.47855977235884,8.47462429043833,0.00720127370073933,0.00161143001247268,0.00275646835551715,-1.29942639930903,4.07697168532575,-1.32954411787432,0.00679580843753299,-0.00364422969568752,0.00359895091481518,-4.92340457586101,1.70463370703107,-2.55974512389446,0.00693180860847773,0.0019178899479399,-0.00215572777846924,-3.45890668906122,8.10967554099739,-7.3133250850631,0.0212252409427548,0.00953641379117293,-0.00409155670031198
1.84,-8.21182021937932,-8.46967637889907,8.46685153936187,0.00711974309876153,0.00140074356872266,0.00284060964658542,-1.29910458109191,4.07278879165535,-1.32828092313329,0.00665811638938084,-0.00361484646560808,0.00358676516531997,-4.91941015630368,1.70286933775031,-2.55732312326271,0.00682111833181954,0.00197151416394978,-0.00187490495394638,-3.45641052150665,8.10146349835709,-7.30574448394398,0.0214875342263678,0.00919586305621723,-0.00436888839385177
1.845,-8.2040218660685,-8.4607929854393,8.4590787882853,0.00691993374529743,0.00113465221005144,0.00288913723830811,-1.29878276287468,4.06860589798494,-1.32701772839225,0.00639432207253149,-0.00355711765715053,0.00353722714001699,-4.91541573674624,1.70110496846954,-2.55490112263095,0.00658887033922317,0.00201372639401113,-0.00151732418391656,-3.4539143539522,8.09325145571679,-7.29816388282492,0.0217044507124932,0.00894881203941234,-0.00463359642876905
1.85,-8.19622351275768,-8.4519095919795,8.45130603720895,0.00657974697765492,0.000831606483926543,0.00292836847824015,-1.29846094465756,4.06442300431453,-1.32575453365122,0.0059653215177592,-0.00347121945259998,0.00345083547273606,-4.91142131718891,1.69934059918878,-2.5524791219992,0.00619671947185812,0.0020470363232777,-0.00107484869294564,-3.45141818639763,8.0850394130765,-7.29058328170586,0.0218694245458008,0.00882523017780788,-0.0049065995080298
1.855,-8.18842515944687,-8.4430261985197,8.44353328613238,0.00607727927741433,0.000500945293153286,0.00297653107441158,-1.29813912644045,4.06024011064412,-1.32449133891019,0.00533520577129117,-0.00335835428091723,0.00332791313475061,-4.90742689763147,1.69757622990801,-2.55005712136744,0.00560908477768455,0.00207254363308296,-0.000543914169016266,-3.44892201884318,8.0768273704362,-7.28300268058678,0.0219645111392022,0.00884872808200895,-0.00520637508716938
1.86,-8.18062680613605,-8.43414280505991,8.43576053505603,0.00539076567825073,0.000149816268931859,0.00305501244752673,-1.29781730822344,4.05605721697371,-1.32322814416916,0.00446827504453951,-0.00322466273671909,0.00316930018751607,-4.90343247807414,1.69581186062725,-2.54763512073569,0.00479031914959022,0.00208940524629772,7.40256219112139e-05,-3.44642585128861,8.0686153277959,-7.27542207946772,0.0219778389121118,0.00904469403322191,-0.00555303428805864
1.865,-8.17282845282517,-8.42525941160011,8.42798778397946,0.0045010826458487,-0.00021282332673212,0.00318678657777611,-1.29749549000633,4.05187432330331,-1.32196494942814,0.00333204489831567,-0.00307907752941509,0.00297668784812267,-4.89943805851669,1.69404749134648,-2.54521312010394,0.00370768929721398,0.00209584769115934,0.000772938319369065,-3.44392968373415,8.0604032851556,-7.26784147834863,0.0219066414934089,0.00943847168551753,-0.00596666809022039
1.87,-8.16503009951435,-8.41637601814031,8.42021503290312,0.00339668960640268,-0.000581264394866383,0.00337972870605245,-1.2971736717891,4.04769142963291,-1.32070175468711,0.00190772427948752,-0.00292745688578262,0.00275231883003633,-4.89544363895925,1.69228312206572,-2.54279111947221,0.0023415250291065,0.00209033533256308,0.00154144473190581,-3.44143351617959,8.0521912425153,-7.26026087722957,0.0217411166426323,0.0100429876365396,-0.00645930570304386
1.875,-8.15723174620354,-8.40749262468051,8.41244228182666,0.00207918800128447,-0.000959958517662569,0.00361307235899183,-1.29685185357198,4.04350853596249,-1.31943855994606,0.000201203789081406,-0.00277032299268427,0.00249916965965715,-4.89144921940192,1.69051875278496,-2.54036911884046,0.00069590588398043,0.00207182866859967,0.0023604995085616,-3.43893734862513,8.04397919987501,-7.25268027611048,0.0214529653250104,0.0108492284005575,-0.00702900307746497
1.88,-8.14943339289272,-8.39860923122072,8.40466953075008,0.000569057483798659,-0.00136703299753793,0.00383322201957341,-1.29653003535486,4.03932564229208,-1.31817536520504,-0.00174820966627694,-0.00260477889960953,0.00222207278934484,-4.88745479984448,1.68875438350419,-2.53794711820871,-0.00119268389197017,0.00203973309564894,0.0032010062957943,-3.43644118107068,8.03576715723471,-7.24509967499139,0.020998052668974,0.0118232515232243,-0.00765858500762221
1.885,-8.1416350395819,-8.38972583776095,8.39689677967374,-0.00109357103284401,-0.00183001889919469,0.00396225017315241,-1.29620821713786,4.03514274862168,-1.31691217046401,-0.00386886416898716,-0.0024261889096643,0.00192777676483436,-4.88346038028715,1.68699001422343,-2.53552511757695,-0.00325619796478173,0.00199375454077668,0.00402527057439738,-3.43394501351611,8.02755511459441,-7.23751907387233,0.0203269851426122,0.012907952731094,-0.00831758984412988
1.89,-8.13383668627097,-8.38084244430115,8.38912402859728,-0.00286077821908675,-0.0023683633161899,0.00393033017192596,-1.29588639892074,4.03095985495128,-1.31564897572297,-0.00608001190976856,-0.00222802661804564,0.00162165686345795,-4.8794659607297,1.68522564494266,-2.53310311694523,-0.00541741355752883,0.0019330871118703,0.00479753586509839,-3.43144884596165,8.01934307195411,-7.22993847275325,0.0194066281850269,0.0140344266807861,-0.00896989959650253
1.895,-8.12603833296015,-8.37195905084135,8.38135127752082,-0.00469075591807999,-0.00297563008162673,0.003711449686665,-1.29556458070363,4.02677696128087,-1.31438578098194,-0.00831838439074112,-0.00200202219184055,0.00130399133349159,-4.87547154117237,1.6834612756619,-2.53068111631347,-0.00761543141988852,0.0018555590084313,0.00549671307657282,-3.42895267840709,8.01113102931382,-7.22235787163419,0.0182450995447277,0.0151369558929384,-0.00958280094837398
1.9,-8.11823997964933,-8.36307565738156,8.37357852644436,-0.00654101741864523,-0.00362430141741947,0.00331665909931345,-1.2952427624864,4.02259406761046,-1.31312258624091,-0.0105277467931197,-0.00173982640720346,0.000971564605571562,-4.87147712161493,1.68169690638113,-2.52825911568175,-0.00979533382178734,0.00175802473241102,0.00611360402308627,-3.42645651085263,8.00291898667352,-7.21477727051513,0.016891204441484,0.0161505917638613,-0.0101242765613016
1.905,-8.11044162633851,-8.35419226392176,8.3658057753679,-0.00835037720976591,-0.00428443069677735,0.00275935509945063,-1.29492094426928,4.01841117394005,-1.31185939149988,-0.0126276998039407,-0.00143347035701975,0.000622403696597198,-4.8674827020576,1.67993253710037,-2.52583711505,-0.0118780386385254,0.00163783343184804,0.00663751599116131,-3.42396034329795,7.99470694403322,-7.20719666939604,0.0154083233693681,0.0169961456128162,-0.0105533298179198
1.91,-8.1026432730277,-8.34530887046196,8.35803302429133,-0.0100423274365829,-0.00493022822377056,0.00205166268638245,-1.29459912605228,4.01422828026964,-1.31059619675885,-0.014518986508544,-0.00107270633695629,0.000256705099007923,-4.86348828250016,1.67816816781961,-2.52341511441821,-0.0137656683075462,0.00149464637719921,0.00705657165432779,-3.42146417574349,7.98649490139293,-7.19961606827698,0.013857998450172,0.0175865323459429,-0.0108251536964806
1.915,-8.09484491971682,-8.33642547700217,8.35026027321499,-0.0115430392840895,-0.00553575560236425,0.00122780091663956,-1.29427730783516,4.01004538659924,-1.30933300201781,-0.016114507151495,-0.000642725447580369,-0.000125086570653315,-4.85949386294271,1.67640379853884,-2.52099311378649,-0.0153716906511932,0.00133181890065791,0.00736889407555251,-3.41896800818893,7.97828285875263,-7.19203546715789,0.0123015834604505,0.0178506774710951,-0.0109062899481305
1.92,-8.087046566406,-8.32754208354237,8.34248752213853,-0.0127804557196551,-0.00607293953825945,0.000347456527944528,-1.29395548961804,4.00586249292883,-1.30806980727678,-0.0173388181908934,-0.000126025462690002,-0.000521973275530338,-4.85549944338538,1.67463942925808,-2.51857111315474,-0.0166203651087996,0.00115604703516084,0.00758213950030088,-3.41647184063447,7.97007081611233,-7.18445486603883,0.0108003232577901,0.017733911372771,-0.0107742822276744
1.925,-8.07924821309518,-8.3186586900826,8.33471477106207,-0.013672489435701,-0.00650945695919173,-0.000515108440892064,-1.29363367140081,4.00167959925842,-1.30680661253575,-0.0181085322906703,0.000494509886805662,-0.000931271640280213,-4.85150502382794,1.67287505997732,-2.51614911252298,-0.0174277615142417,0.000975669777582651,0.00770511693265117,-3.4139756730799,7.96185877347203,-7.17687426491972,0.00940876621482496,0.0171783762855565,-0.0104068720907894
1.93,-8.07144985978437,-8.3097752966228,8.32694201998561,-0.0141250026265541,-0.00680609794277953,-0.00127199252407632,-1.2933118531837,3.99749670558802,-1.30554341779472,-0.0183289045422328,0.0012336933589187,-0.0013483231845788,-4.84751060427061,1.67111069069655,-2.51372711189123,-0.0176984957935347,0.000799846013591207,0.0077452851861699,-3.41147950552545,7.95364673083174,-7.16929366380067,0.00817227932311659,0.0161167099835982,-0.00978054191547471
1.935,-8.06365150647355,-8.30089190316301,8.31916926890915,-0.0140315253824301,-0.00692330055223591,-0.00183051058553025,-1.29299003496669,3.99331381191761,-1.30428022305369,-0.0178918779593117,0.00210111422882105,-0.00176439323401388,-4.84351618471317,1.66934632141579,-2.5113051112595,-0.0173235571763275,0.000639660723121392,0.00770853453290247,-3.40898333797088,7.94543468819144,-7.1617130626816,0.00713018274853403,0.0144835101482559,-0.00887538247250522
1.94,-8.05585315316267,-8.29200850970321,8.31139651783269,-0.0132865656479139,-0.00683534479200468,-0.00212060497070637,-1.29266821674958,3.98913091824721,-1.30301702831267,-0.0166877925057274,0.00310027072463809,-0.00216470836735616,-4.83952176515584,1.66758195213502,-2.50888311062775,-0.0161912760157465,0.000511121405000659,0.0076053382595469,-3.40648717041643,7.93722264555114,-7.15413246156253,0.00631140891883929,0.0122522423686816,-0.00768586123467283
1.945,-8.0480547998518,-8.28312511624341,8.30362376675623,-0.01181956911801,-0.00653817372945936,-0.0021128273545401,-1.29234639853246,3.98494802457679,-1.30175383357164,-0.0146462067088556,0.00423160787290262,-0.00253023493465862,-4.83552734559839,1.66581758285426,-2.506461109996,-0.0142269375226493,0.000437759125708986,0.00746568264718803,-3.40399100286186,7.92901060291084,-7.14655186044345,0.00572273264435793,0.00948488986302458,-0.0062373692327038
1.95,-8.04025644654098,-8.27424172278361,8.29585101567977,-0.00960765893215463,-0.00603989907506867,-0.00180208072465871,-1.29202458031534,3.98076513090639,-1.3004906388306,-0.0117550399288319,0.00549268344904126,-0.00284135605753117,-4.83153292604106,1.66405321357349,-2.50403910936424,-0.0114120187410099,0.000447620853613036,0.00734051009416062,-3.4014948353074,7.92079856027055,-7.13897125932436,0.00534648756972571,0.00632887403384249,-0.00458482268082246
1.955,-8.03245809323016,-8.26535832932382,8.28807826460331,-0.00665272721186251,-0.00534101568343838,-0.00117376715846651,-1.29170276209811,3.97658223723599,-1.29922744408957,-0.00803523508489295,0.0068734887903859,-0.00308041184969087,-4.82753850648362,1.66228884429273,-2.50161710873252,-0.00776058382802976,0.000565518416106668,0.00728351371462298,-3.39899866775283,7.91258651763025,-7.13139065820531,0.00515112266941541,0.00295722033398454,-0.0027900228562969
1.96,-8.02465973991934,-8.25647493586405,8.28030551352686,-0.00295590109997276,-0.0044241333076309,-0.000191560235030215,-1.29138094388111,3.97239934356558,-1.29796424934854,-0.00350813411698981,0.00835199537715904,-0.0032312149377805,-4.82354408692618,1.66052447501196,-2.49919510810074,-0.00328803040044323,0.000808566101582975,0.007334864734052,-3.39650250019838,7.90437447498995,-7.12381005708622,0.0051040625652391,-0.000474635936917615,-0.000906628721005115
1.965,-8.01686138660847,-8.24759154240425,8.2725327624504,0.00149115741159961,-0.00325551933115261,0.00119097071627394,-1.29105912566399,3.96821644989517,-1.2967010546075,0.00181853886499598,0.00989297800687051,-0.00327696191710282,-4.81954966736885,1.6587601057312,-2.49677310746901,0.00200271935574742,0.0011869041265666,0.00751730511409382,-3.39400633264381,7.89616243234965,-7.11622945596716,0.00517914037150682,-0.00383262056325894,0.00101835230100671
1.97,-8.00906303329765,-8.23870814894445,8.26476001137394,0.0066963173181947,-0.0017870502833187,0.0030247949924296,-1.29073730744688,3.96403355622477,-1.29543785986647,0.0079387299395997,0.0114525764979562,-0.00320181116183853,-4.8155552478114,1.65699573645044,-2.49435110683723,0.008109549126944,0.00170477688839382,0.00784187994087608,-3.39151016508936,7.88795038970936,-7.10864885484807,0.00535521580422485,-0.00700028375584242,0.0029399111271558
1.975,-8.00126467998683,-8.22982475548466,8.25698726029748,0.0126464677562835,3.61880774328201e-05,0.00537001547490193,-1.29041548922976,3.95985066255436,-1.29417466512545,0.0148203470234296,0.0129870351118951,-0.00299598479870551,-4.81156082825407,1.65523136716967,-2.4919291062055,0.0150037714918011,0.00236050981734475,0.00831812766915054,-3.38901399753468,7.87973834706906,-7.101068253729,0.0056111387641309,-0.0098807330543172,0.00481258332275143
1.98,-7.99346632667601,-8.22094136202486,8.24921450922102,0.0192921536917018,0.00225820961966637,0.00829030099578153,-1.29009367101253,3.95566776888395,-1.29291147038441,0.0223863796465245,0.0144566062436064,-0.0026579178727428,-4.80756640869663,1.65346699788891,-2.48950710557375,0.0226113220990517,0.00314662679521455,0.0089580910244031,-3.38651782998022,7.87152630442876,-7.09348765260991,0.00592407042556283,-0.0123939305620021,0.00658750254414488
1.985,-7.9856679733652,-8.21205796856506,8.24144175814456,0.0265384597712349,0.00490278088779982,0.0118330099891688,-1.28977185279552,3.95148487521354,-1.29164827564338,0.0305075606427458,0.0158225383582755,-0.00219255565726614,-4.8035719891393,1.65170262860815,-2.487085104942,0.030805134263263,0.00404985962351953,0.00977174079441801,-3.38402166242577,7.86331426178846,-7.08590705149085,0.0062674345569872,-0.0144664085250229,0.00820901109643512
1.99,-7.97786962005432,-8.20317457510527,8.2336690070681,0.0342373191374779,0.00797262853551309,0.0160077018591783,-1.28945003457841,3.94730198154313,-1.29038508090235,0.0389976823663164,0.0170453278867119,-0.00161019435543266,-4.79957756958186,1.64993825932738,-2.48466310431027,0.0394001513431849,0.0050511024586276,0.0107629680930255,-3.3815254948712,7.85510221914816,-7.07832645037176,0.00660767427619968,-0.0160251700357529,0.00961504334947202
1.995,-7.9700712667435,-8.1942911816455,8.22589625599164,0.0421894475920869,0.0114265815887196,0.0207689558776784,-1.28912821636129,3.94311908787272,-1.28912188616131,0.0476204548733189,0.0180877732665871,-0.000926486536704945,-4.79558315002453,1.64817389004662,-2.48224110367852,0.0481599854792089,0.0061261599079392,0.0119288484279329,-3.37902932731674,7.84689017650787,-7.07074584925272,0.00690847459714242,-0.0170031154577319,0.0107453496656683
2,-7.96227291343263,-8.1854077881857,8.21812350491518,0.0501500205091277,0.0151420917733053,0.0260001799749965,-1.28880639814417,3.93893619420233,-1.28785869142028,0.0561011236917507,0.0189178226827019,-0.000162282997203089,-4.79158873046708,1.64640952076585,-2.47981910304676,0.0568083257813847,0.00724645886038945,0.0132585013821546,-3.37653315976218,7.83867813386757,-7.06316524813361,0.00714055981033407,-0.0173479204433632,0.0115511014810716
2.005,-7.95447456012181,-8.1765243947259,8.21035075383872,0.0578117869134636,0.018912325332749,0.0314952596265,-1.28848457992706,3.93475330053192,-1.28659549667925,0.0641095691601557,0.0195049754889278,0.000656610224802064,-4.78759431090964,1.64464515148509,-2.47739710241501,0.065011908701424,0.00837811582018557,0.0147307809595616,-3.37403699220772,7.83046609122727,-7.05558464701457,0.00728445041798871,-0.0170213926777463,0.0119911125457568
2.01,-7.94667620681099,-8.16764100126611,8.20257800276238,0.0647671381160213,0.0224776418525199,0.0369374880263336,-1.28816276170994,3.93057040686151,-1.28533230193823,0.0712164060579711,0.0198133950684647,0.00149940235427807,-4.78359989135231,1.64288078220432,-2.47497510178329,0.0723365899880827,0.00948030113546453,0.0163124896251706,-3.37154082465315,7.82225404858698,-7.04800404589547,0.00732318069516631,-0.0159910598098758,0.0120169852968101
2.015,-7.93887785350017,-8.15875760780631,8.19480525168581,0.0704782513539398,0.0255425485115378,0.0418762936195793,-1.28784094349282,3.9263875131911,-1.28406910719719,0.0768596427079216,0.0198026606152555,0.00232900111227662,-4.77960547179487,1.64111641292356,-2.4725531011515,0.0782139196420128,0.0105051349681597,0.0179596456259717,-3.3690446570987,7.81404200594668,-7.04042344477639,0.00723094908273241,-0.0142282783845354,0.0115654007072247
2.02,-7.9310795001893,-8.14987421434651,8.18703250060935,0.0743267652145674,0.0277956840915934,0.0457611879123822,-1.28751912527571,3.92220461952069,-1.28280591245617,0.0803989035220622,0.0194394839569079,0.00310263939127194,-4.77561105223754,1.63935204364279,-2.47013110051977,0.0819956247698062,0.0114023057767468,0.0196231227680903,-3.36654848954413,7.80582996330638,-7.03284284365732,0.00696891198584425,-0.0117187472503138,0.0105713049286473
2.025,-7.92328114687848,-8.14099082088671,8.17925974953289,0.0758575389149752,0.0290164431444881,0.048151969300048,-1.28719730705859,3.91802172585029,-1.28154271771513,0.0813731471130868,0.0187168595419584,0.00378307011656094,-4.77161663268009,1.63758767436203,-2.46770909988803,0.0832128779870141,0.0121337163731717,0.0212584041579102,-3.36405232198967,7.79761792066608,-7.02526224253826,0.00650398179316775,-0.00848263528860343,0.00901233878542507
2.03,-7.91548279356766,-8.13210742742692,8.17148699845643,0.0750839233434592,0.0292173066694447,0.0489948393053644,-1.28687548884159,3.91383883217988,-1.28027952297411,0.0798201350965881,0.0176688859590852,0.00435529547280839,-4.76762221312276,1.63582330508127,-2.46528709925627,0.0818977627892895,0.0126902926981115,0.0228330088328161,-3.36155615443511,7.78940587802579,-7.01768164141917,0.00583897852491057,-0.00459437449376655,0.00695967721385804
2.035,-7.90768444025684,-8.12322403396715,8.16371424737997,0.072474370942503,0.0286361841177641,0.0486224528641462,-1.28655367062436,3.90965593850947,-1.27901632823306,0.0762593856588705,0.016360236439847,0.00482877917850482,-4.76362779356532,1.6340589358005,-2.46286509862452,0.0785659921754655,0.0130889892153963,0.0243189180569672,-3.35905998688065,7.78119383538549,-7.01010104030011,0.00501616182987062,-0.000185048237727569,0.00457417911670922
2.04,-7.89988608694603,-8.11434064050735,8.15594149630351,0.0686290651207274,0.0275765991557573,0.0474779005583226,-1.28623185240724,3.90547304483907,-1.27775313349203,0.0713494812154858,0.0148562983962809,0.0052239305482569,-4.75963337400799,1.63229456651974,-2.46044309799277,0.0738718937788189,0.0133520466306653,0.0256744341228157,-3.35656381932608,7.77298179274519,-7.00252043918104,0.00409029422417666,0.00457577466765725,0.00204729650322718
2.045,-7.89208773363515,-8.10545724704755,8.14816874522705,0.064044175436142,0.0262763153020122,0.0459064499118942,-1.28591003419012,3.90129015116866,-1.276489938751,0.065638329937745,0.0132076948279173,0.0055621149834467,-4.75563895445055,1.63053019723898,-2.45802109736104,0.0683573489198655,0.0134952695994279,0.0268373465800326,-3.35406765177163,7.76476975010489,-6.99493983806197,0.00310079612321849,0.00950771735122111,-0.00045246748503898
2.05,-7.88428938032433,-8.09657385358776,8.14039599415059,0.0590810703877616,0.0248718819091714,0.0441227939435618,-1.28558821597301,3.89710725749825,-1.27522674400998,0.0595299873016376,0.0114548457915166,0.00586450146122936,-4.7516445348931,1.62876582795821,-2.45559909672929,0.0624189785048508,0.0135303538055949,0.0277319147887927,-3.35157148421695,7.7565577074646,-6.98735923694289,0.00205958361024918,0.0144390533601632,-0.00280015112902141
2.055,-7.87649102701346,-8.08769046012796,8.13262324307414,0.0539848698112848,0.0234192679331569,0.0422290069354995,-1.28526639775589,3.89292436382785,-1.27396354926895,0.0533045755360099,0.0096331139036508,0.00615072538988166,-4.74765011533577,1.62700145867745,-2.45317709609753,0.0563287756121804,0.013466752796024,0.028277909931814,-3.34907531666249,7.7483456648243,-6.97977863582381,0.000958976604147414,0.0192033442409366,-0.00491315182332079
2.06,-7.86869267370264,-8.07880706666816,8.12485049199768,0.048899355376147,0.0219406497436416,0.0402322237008611,-1.28494457953889,3.88874147015744,-1.27270035452791,0.0471344907349268,0.00777641478990014,0.00643663720425857,-4.74365569577833,1.62523708939668,-2.45075509546579,0.0502515886180356,0.0133132580415652,0.0284049539161945,-3.34657914910792,7.740133622184,-6.97219803470473,-0.000206394311983896,0.0236374078012415,-0.00674903216458563
2.065,-7.86089432039182,-8.06992367320839,8.11707774092133,0.0438922146832817,0.0204535403475958,0.0380656532521128,-1.28462276132166,3.88455857648703,-1.27143715978688,0.0411114668882735,0.00591920516775893,0.00673514676510253,-4.739661276221,1.62347272011592,-2.44833309483406,0.0442734523109617,0.0130813706592475,0.0280642352311396,-3.34408298155347,7.7319215795437,-6.96461743358566,-0.00142491647202759,0.0275958807816073,-0.00830836334088477
2.07,-7.85309596708095,-8.0610402797486,8.10930498984476,0.0389582510423563,0.018951622619351,0.0355946279728455,-1.28430094310454,3.88037568281663,-1.27017396504585,0.035252452820003,0.0040846087334123,0.00705654884634692,-4.73566685666356,1.62170835083515,-2.44591109420229,0.0384063388016009,0.0127789520650354,0.0272124376688941,-3.3415868139989,7.72370953690341,-6.95703683246658,-0.00267068294890859,0.0309363435956117,-0.00962077813024874
2.075,-7.84529761377013,-8.0521568862888,8.1015322387683,0.0340050138944359,0.0173769876905152,0.0326180940814459,-1.28397912488742,3.87619278914622,-1.26891077030482,0.0294866475647897,0.00226845596138933,0.0074058969738443,-4.73167243710623,1.61994398155439,-2.44348909357055,0.0325731708177676,0.0123985140929885,0.0257874984440358,-3.33909064644445,7.71549749426311,-6.94945623134751,-0.00391437258248736,0.0334875628534998,-0.0107169952375047
2.08,-7.83749926045931,-8.043273492829,8.09375948769184,0.0288823701988568,0.0156419903508647,0.0289121593974212,-1.28365730667042,3.87200989547581,-1.26764757556379,0.0236816327925849,0.000445323305054743,0.0077829020665284,-4.72767801754878,1.61817961227363,-2.44106709293879,0.0266358788307476,0.0119224832172292,0.023728910051322,-3.33659447888999,7.70728545162281,-6.94187563022844,-0.00513612745997746,0.0351024922441531,-0.0116222538277803
2.085,-7.82970090714849,-8.0343900993692,8.0859867366155,0.0234469284933672,0.0136798272781741,0.0242983050587118,-1.2833354884533,3.86782700180541,-1.26638438082276,0.0177023937466358,-0.00141003486960592,0.00818528201176156,-4.72368359799145,1.61641524299286,-2.43864509230704,0.0204589820463414,0.0113413653375209,0.0210268757514681,-3.33409831133542,7.69907340898251,-6.93429502910936,-0.00633551567729045,0.0357664215064,-0.0123698393665155
2.09,-7.82190255383767,-8.02550670590941,8.07821398553892,0.0175862861437888,0.0114563292595997,0.0186639030463919,-1.28301367023607,3.863644108135,-1.26512118608173,0.0114353018566239,-0.0033137953344299,0.0086096531797504,-4.71968917843401,1.6146508737121,-2.43622309167529,0.0139343764842488,0.0106587658125119,0.017732566646641,-3.33160214378097,7.69086136634222,-6.92671442799029,-0.00752905125631069,0.0356043889576676,-0.0130034434536068
2.095,-7.8141042005268,-8.01662331244961,8.07044123446258,0.0112086287138329,0.00895305190291621,0.0119511412706035,-1.28269185201896,3.8594612144646,-1.26385799134069,0.0047787762422859,-0.00527377265537096,0.00905010643881587,-4.71569475887668,1.61288650443133,-2.43380109104355,0.00696945494106567,0.00988530344432085,0.0139345517168053,-3.3291059762264,7.68264932370192,-6.91913382687123,-0.0087416242415365,0.0348042103916738,-0.0135738150354407
2.1,-7.80630584721598,-8.00773991898984,8.06266848338601,0.00425097297730386,0.00616906465019714,0.00417096579931938,-1.28237003380184,3.85527832079418,-1.26259479659966,-0.00235138251818486,-0.00728277045657019,0.0094981675292686,-4.71170033931924,1.61112213515057,-2.43137909041181,-0.000508645480603642,0.00903889910452715,0.00975107208881668,-3.32660980867195,7.67443728106162,-6.91155322575216,-0.0100032283648073,0.0335804137243512,-0.014144752290919
2.105,-7.79850749390511,-7.99885652553004,8.05489573230955,-0.00331043390170022,0.00312136681913288,-0.00458925923249554,-1.28204821558472,3.85109542712377,-1.26133160185863,-0.0100103892251618,-0.00931319137260229,0.00994172875050479,-4.70770591976179,1.60935776586981,-2.42895708978006,-0.00854187463256168,0.0081447595110231,0.00532833438580781,-3.32411364111738,7.66622523842132,-6.90397262463308,-0.011342159662587,0.0321526982432984,-0.0147859655391772
2.11,-7.79070914059429,-7.98997313207028,8.0471229812332,-0.0114694797865312,-0.000175924884864836,-0.0141893131898498,-1.28172639736772,3.84691253345338,-1.26006840711761,-0.0182254622684636,-0.0113201664179377,0.0103610967046575,-4.70371150020446,1.60759339658904,-2.4265350891483,-0.0171439725428739,0.00722754917830879,0.000824844467551222,-3.32161747356292,7.65801319578103,-6.89639202351401,-0.0127693091000153,0.0306881170935983,-0.015544662295438
2.115,-7.78291078728347,-7.98108973861048,8.03935023015663,-0.0201907096745147,-0.00372390645073424,-0.0244491354194965,-1.2814045791506,3.84272963978297,-1.25880521237656,-0.0269898986791526,-0.013244733520837,0.0107271770956499,-4.69971708064702,1.60582902730827,-2.42411308851655,-0.0262958601478441,0.00630601883938698,-0.00360177239214313,-3.31912130600836,7.64980115314073,-6.88881142239494,-0.0142664647977094,0.029263489829211,-0.0164264249050002
2.12,-7.77511243397259,-7.97220634515068,8.03157747908028,-0.0293864598452612,-0.00752972629866842,-0.0351363963854567,-1.28108276093337,3.83854674611256,-1.25754201763554,-0.0362390635956205,-0.0150188821233553,0.0110069666936908,-4.69572266108969,1.60406465802751,-2.42169108788481,-0.0359217403031946,0.00539516207352464,-0.00780152464757797,-3.31662513845379,7.64158911050043,-6.88123082127585,-0.0157865927933145,0.0278848667511172,-0.0174025014860429
2.125,-7.76731408066178,-7.96332295169088,8.02380472800371,-0.0388850877454534,-0.0115897819568639,-0.0459445330017923,-1.28076094271626,3.83436385244215,-1.25627882289451,-0.045819387151868,-0.016571596819666,0.0111717460008971,-4.69172824153225,1.60230028874675,-2.41926908725306,-0.0458577602602911,0.00451107886661409,-0.0116365462955979,-3.31412897089922,7.63337706786013,-6.87365022015679,-0.0172579464131759,0.0265249300592827,-0.0184250804735805
2.13,-7.75951572735096,-7.95443955823109,8.01603197692737,-0.0484085571895517,-0.0158652270589342,-0.0564767951236461,-1.28043912449925,3.83018095877174,-1.25501562815348,-0.0554658451721355,-0.0178259186474659,0.0111994520932108,-4.68773382197492,1.60053591946598,-2.4168470866213,-0.0558289902638181,0.00367474910548515,-0.0149769670902303,-3.31163280334476,7.62516502521984,-6.8660696190377,-0.0185879952374475,0.0251366809253541,-0.0194297541673134
2.135,-7.75171737404014,-7.94555616477129,8.00825922585079,-0.0575744182522541,-0.0202396225777736,-0.0662699238062831,-1.28011730628214,3.82599806510133,-1.25375243341244,-0.0647999211283443,-0.0187021338665995,0.0110774879303016,-4.68373940241747,1.59877155018522,-2.41442508598955,-0.0654472088270234,0.00291382491534435,-0.0177020407672226,-3.3091366357902,7.61695298257954,-6.85848901791863,-0.0196845605402114,0.0236648214891241,-0.0203390921169416
2.14,-7.74391902072932,-7.93667277131149,8.00048647477445,-0.0659057912527349,-0.0244857609482458,-0.074842456937037,-1.27979548806502,3.82181517143093,-1.25248923867141,-0.0733323363147496,-0.0191387328141935,0.0108126489267717,-4.67974498286014,1.59700718090445,-2.41200308535781,-0.0742140397824664,0.00226298216589777,-0.0197177087549711,-3.30664046823574,7.60874093993924,-6.85090841679956,-0.0204868578356285,0.0220801834364359,-0.0210780501481228
2.145,-7.73612066741845,-7.9277893778517,7.99271372369788,-0.0728277644715416,-0.0282785796141139,-0.0817004396365093,-1.27947366984779,3.81763227776052,-1.25122604393039,-0.0804565434316305,-0.0191036746174433,0.0104350212484375,-4.6757505633027,1.59524281162369,-2.40958108472607,-0.0815147902486702,0.00176256169127935,-0.0209666354062902,-3.30414430068117,7.60052889729895,-6.84332781568048,-0.0209674827311604,0.0203952212099783,-0.0215770255468117
2.15,-7.72832231410763,-7.91890598439193,7.98494097262153,-0.0776924961557031,-0.0312188761755294,-0.0863321482668601,-1.27915185163067,3.81344938409011,-1.24996284918935,-0.08547944482437,-0.0185907816183139,0.00999118260900632,-4.67175614374526,1.59347844234292,-2.40715908409432,-0.0866496090063548,0.00145408823237591,-0.0214264073247479,-3.30164813312672,7.59231685465865,-6.83574721456139,-0.0211223805115618,0.0186420654188363,-0.0217673896277595
2.155,-7.72052396079681,-7.91002259093213,7.97716822154507,-0.0799036385771011,-0.0328694144153559,-0.0882940184931306,-1.27883003341367,3.80926649041971,-1.24869965444832,-0.0877568410534914,-0.0176263321640644,0.00953531711771624,-4.66776172418793,1.59171407306216,-2.40473708346256,-0.0889702292213233,0.00137065115143914,-0.0211161081375204,-3.29915196557215,7.58410481201835,-6.82816661344233,-0.0209818182025881,0.0168549410856998,-0.0215974565740884
2.16,-7.71272560748599,-7.90113919747233,7.9693954704685,-0.0791701319554737,-0.0329235516151032,-0.0874097544245721,-1.27850821519655,3.8050835967493,-1.24743645970729,-0.0869631169931895,-0.016280186821399,0.00911084357116134,-4.66376730463048,1.5899497037814,-2.40231508283082,-0.088151478393415,0.00151878916393199,-0.0201012747101763,-3.2966557980177,7.57589276937805,-6.82058601232325,-0.0206037782213517,0.0150686729074614,-0.0210566509286566
2.165,-7.70492725417512,-7.89225580401254,7.96162271939215,-0.0757394308093745,-0.0314388189571908,-0.0839392157779537,-1.27818639697944,3.8009007030789,-1.24617326496626,-0.0833399520301278,-0.014660704824288,0.00872500894878069,-4.65977288507315,1.58818533450063,-2.39989308219907,-0.0844408772296006,0.00186106116804184,-0.0184803963204787,-3.29415963046313,7.56768072673775,-6.81300541120417,-0.0200311434308972,0.0133141762230836,-0.0201795742235341
2.17,-7.69712890086424,-7.88337241055274,7.95384996831558,-0.0703117105253678,-0.0288359886159594,-0.0784923010180947,-1.27786457876232,3.79671780940849,-1.24491007022522,-0.0776082998442493,-0.0128891203103297,0.00834592706872837,-4.65577846551571,1.58642096521987,-2.39747108156732,-0.078568903524203,0.00232344779785591,-0.0163590863098931,-3.29166346290867,7.55946868409746,-6.8054248100851,-0.0192595761567088,0.0116086623549475,-0.0190209659975059
2.175,-7.68933054755342,-7.87448901709294,7.94607721723924,-0.063677447729308,-0.0256458298663302,-0.0717544519071488,-1.27754276054509,3.79253491573808,-1.2436468754842,-0.070583444662823,-0.0110702577045702,0.00792909023674612,-4.65178404595838,1.5846565959391,-2.39504908093558,-0.0713608279182761,0.00282697772410509,-0.0138315571823826,-3.2891672953541,7.55125664145716,-6.79784420896603,-0.018245146300296,0.00995281330841336,-0.017628229816493
2.18,-7.68153219424261,-7.86560562363314,7.93830446616266,-0.0564660646865546,-0.0222946705434077,-0.0643224480320807,-1.27722094232809,3.78835202206767,-1.24238368074316,-0.062905193126963,-0.00928583724671843,0.0074456221403908,-4.64778962640094,1.58289222665834,-2.39262708030382,-0.0634655191009602,0.00331210733197232,-0.0109863202791537,-3.28667112779965,7.54304459881686,-6.79026360784695,-0.0169430176748602,0.00834141774538621,-0.0160471706324668
2.185,-7.67373384093179,-7.85672223017338,7.93053171508632,-0.0491240537506202,-0.0190536274336569,-0.0566837864949329,-1.27689912411097,3.78416912839727,-1.24112048600213,-0.0550185112851618,-0.00760495283555883,0.0068906707585756,-4.64379520684361,1.58112785737758,-2.39020507967207,-0.0553366769409257,0.00374103588101182,-0.00792077819398831,-3.2841749602452,7.53483255617656,-6.78268300672789,-0.0153417154320413,0.00677252556104612,-0.0143375031812756
2.19,-7.66593548762097,-7.84783883671358,7.92275896400974,-0.041949744261014,-0.0160705579416988,-0.0491955523476311,-1.27657730589385,3.77998623472686,-1.2398572912611,-0.0472194549849342,-0.00608609579913984,0.00627459517973674,-4.63980078728616,1.57936348809681,-2.38778307904033,-0.0472789067142753,0.00409024581963083,-0.00473765890291318,-3.28167879269063,7.52662051353627,-6.77510240560882,-0.0134546768423879,0.0052406054767805,-0.0125571190715743
2.195,-7.6581371343101,-7.83895544325378,7.9149862129334,-0.0351106971533497,-0.0134131668920376,-0.0420663168890783,-1.27625548767674,3.77580334105646,-1.23859409652007,-0.039677028980931,-0.00477040184738272,0.00561207271200707,-4.63580636772872,1.57759911881605,-2.38536107840858,-0.0394689402753994,0.00434537967173045,-0.00153010062003205,-3.27918262513606,7.51840847089597,-6.76752180448975,-0.0112909685146992,0.00372854398658796,-0.0107375210297058
2.2,-7.65033878099928,-7.83007204979398,7.90721346185683,-0.0286911134766768,-0.011101966566458,-0.0354053800924304,-1.2759336694595,3.77162044738605,-1.23733090177904,-0.0324814514954091,-0.00368001159054877,0.00491871594015001,-4.63181194817139,1.57583474953528,-2.38293907777684,-0.032003698657267,0.00450042624799166,0.00162404195380012,-3.27668645758149,7.51019642825567,-6.75994120337067,-0.00886218202084806,0.00222096692645057,-0.00889430026932046
2.205,-7.64254042768846,-7.82118865633419,7.89944071078048,-0.0227620619538421,-0.00913286284470583,-0.0293039202573727,-1.2756118512425,3.76743755371564,-1.236067707038,-0.0257167886833679,-0.00282336069848163,0.00421284930463049,-4.62781752861395,1.57407038025452,-2.38051707714509,-0.024973323404876,0.00455811978244015,0.00465746700376503,-3.27419029002704,7.50198438561537,-6.75236060225158,-0.00621815398621454,0.000728537935559203,-0.00705986683815324
2.21,-7.63474207437764,-7.81230526287439,7.89166795970391,-0.0174019846928304,-0.00748858764524512,-0.0238561606970351,-1.27529003302539,3.76325466004523,-1.23480451229698,-0.0194819086772883,-0.00220231382520265,0.003516651321463,-4.62382310905662,1.57230601097375,-2.37809507651333,-0.0184825210874027,0.00452796299940697,0.00750667046268832,-3.27169412247247,7.49377234297508,-6.74478000113253,-0.00345334335277409,-0.00070906314524147,-0.00529052520431963
2.215,-7.62694372106682,-7.80342186941459,7.88389520862745,-0.0126638192474867,-0.00614005994031521,-0.0191200992118157,-1.27496821480827,3.75907176637482,-1.23354131755595,-0.0138544828253271,-0.00181564731777816,0.00285441562194688,-4.61982868949917,1.57054164169299,-2.37567307588159,-0.0126145274209666,0.00442269842137791,0.0101104496616249,-3.26919795491801,7.48556030033478,-6.73719940001344,-0.000675226534557284,-0.00204294082414084,-0.0036440587950002
2.22,-7.61914536775595,-7.79453847595482,7.87612245755099,-0.00855515609389967,-0.00504633548896795,-0.0151000557735093,-1.27464639659115,3.75488887270441,-1.23227812281492,-0.00886677384108049,-0.00165242453569981,0.00224811930256214,-4.61583426994184,1.56877727241223,-2.37325107524984,-0.00740615531302926,0.00425780001480866,0.0124211063006513,-3.26670178736344,7.47734825769448,-6.72961879889436,0.00202825686456766,-0.00323029380755856,-0.00216306305881253
2.225,-7.61134701444507,-7.78565508249503,7.86834970647453,-0.00504990559571694,-0.00415823315696651,-0.0117683992182616,-1.27432457837403,3.75070597903402,-1.23101492807388,-0.00451397942446761,-0.00168164025649073,0.00171292413181679,-4.6118398503844,1.56701290313146,-2.3708290746181,-0.00285527716009354,0.00405321445511032,0.0144194604237466,-3.26420561980899,7.46913621505419,-6.72203819777529,0.00460256239267606,-0.00423619923829961,-0.000875480127831602
2.23,-7.60354866113425,-7.77677168903523,7.86057695539807,-0.00210220953743363,-0.00342462188384776,-0.00908008326206148,-1.27400276015692,3.74652308536361,-1.22975173333285,-0.000768020199342991,-0.0018559701236928,0.00125727760098058,-4.60784543082707,1.5652485338507,-2.36840707398635,0.00106512340696121,0.00383178942840442,0.016111065434656,-3.26170945225442,7.46092417241389,-6.71445759665622,0.00702026710609927,-0.00503285337159992,0.000199868776473184
2.235,-7.59575030782344,-7.76788829557543,7.85280420432161,-3.60174381807996,-6.31085277290153,-6.34525928401457,-1.2736809419398,3.7423401916932,-1.22848853859182,-10.8238868254805,11.727645260882,3.5800495442132,-4.60385101126963,1.56348416456993,-2.36598507335459,15.9908582330127,-7.07892806323055,-12.4356122586425,-3.25921328469997,7.45271212977359,-6.70687699553714,12.5008514774308,-8.88020498685029,-1.76680922641191
2.24,-7.58795195451262,-7.75900490211563,7.84503145324527,-3.5977683663966,-6.30389573392358,-6.33830224503663,-1.27335912372268,3.73815729802279,-1.22722534385078,-10.8119498192975,11.7147135046892,3.5760705411411,-4.59985659171218,1.56171979528917,-2.36356307272285,15.9732002241009,-7.07108006192871,-12.4218782503816,-3.2567171171454,7.44450008713329,-6.69929639441807,12.4871048368088,-8.87038595911776,-1.76484541996718
2.245,-7.5801536012018,-7.75012150865584,7.8372587021687,-3.59379291471325,-6.29693869494563,-6.33134520605868,-1.27303730550557,3.73397440435238,-1.22596214910975,-10.8000128131145,11.7017817484965,3.572091538069,-4.59586217215485,1.5599554260084,-2.36114107209109,15.9555422151891,-7.06323206062687,-12.4081442421207,-3.25422094959094,7.436288044493,-6.691715793299,12.4733581961868,-8.86056693138522,-1.76288161352244
2.25,-7.57235524789093,-7.74123811519604,7.82948595109235,-3.58981746302989,-6.28998165596769,-6.32438816708073,-1.27271548728845,3.72979151068198,-1.22469895436873,-10.7880758069314,11.6888499923038,3.5681125349969,-4.59186775259741,1.55819105672764,-2.35871907145935,15.9378842062773,-7.05538405932504,-12.3944102338598,-3.25172478203638,7.4280760018527,-6.68413519217992,12.4596115555648,-8.85074790365269,-1.7609178070777
2.255,-7.56455689458011,-7.73235472173624,7.82171320001578,-3.58584201134653,-6.28302461698974,-6.31743112810279,-1.27239366907133,3.72560861701157,-1.22343575962769,-10.7761388007484,11.675918236111,3.5641335319248,-4.58787333304008,1.55642668744688,-2.35629707082759,15.9202261973655,-7.0475360580232,-12.3806762255989,-3.24922861448192,7.4198639592124,-6.67655459106085,12.4458649149428,-8.84092887592016,-1.75895400063297
2.26,-7.55675854126929,-7.72347132827647,7.81394044893943,-3.58186655966317,-6.27606757801179,-6.31047408912484,-1.27207185085422,3.72142572334116,-1.22217256488666,-10.7642017945654,11.6629864799183,3.5601545288527,-4.58387891348264,1.55466231816611,-2.35387507019585,15.9025681884537,-7.03968805672137,-12.366942217338,-3.24673244692735,7.4116519165721,-6.66897398994178,12.4321182743208,-8.83110984818762,-1.75699019418823
2.265,-7.54896018795847,-7.71458793481668,7.80616769786286,-3.57789110797981,-6.26911053903384,-6.30351705014689,-1.2717500326371,3.71724282967076,-1.22090937014563,-10.7522647883824,11.6500547237256,3.5561755257806,-4.57988449392531,1.55289794888535,-2.3514530695641,15.8849101795418,-7.03184005541954,-12.3532082090771,-3.24423627937279,7.40343987393181,-6.6613933888227,12.4183716336988,-8.82129082045509,-1.7550263877435
2.27,-7.54116183464765,-7.70570454135688,7.7983949467864,-3.57391565629645,-6.2621535000559,-6.29656001116895,-1.27142821441998,3.71305993600035,-1.2196461754046,-10.7403277821993,11.6371229675328,3.55219652270851,-4.57589007436786,1.55113357960458,-2.34903106893236,15.86725217063,-7.02399205411771,-12.3394742008162,-3.24174011181822,7.39522783129151,-6.65381278770363,12.4046249930768,-8.81147179272256,-1.75306258129876
2.275,-7.53336348133672,-7.69682114789708,7.79062219570994,-3.56994020461309,-6.25519646107795,-6.28960297219099,-1.27110639620287,3.70887704232994,-1.21838298066358,-10.7283907760163,11.6241912113401,3.54821751963641,-4.57189565481053,1.54936921032382,-2.34660906830061,15.8495941617182,-7.01614405281587,-12.3257401925553,-3.23924394426376,7.38701578865121,-6.64623218658456,12.3908783524547,-8.80165276499002,-1.75109877485402
2.28,-7.5255651280259,-7.68793775443729,7.78284944463348,-3.56596475292973,-6.2482394221,-6.28264593321305,-1.27078457798586,3.70469414865954,-1.21711978592254,-10.7164537698333,11.6112594551474,3.54423851656431,-4.56790123525309,1.54760484104306,-2.34418706766887,15.8319361528064,-7.00829605151404,-12.3120061842944,-3.23674777670919,7.37880374601091,-6.63865158546547,12.3771317118327,-8.79183373725749,-1.74913496840929
2.285,-7.51776677471508,-7.67905436097749,7.77507669355714,-3.56198930124637,-6.24128238312205,-6.2756888942351,-1.27046275976863,3.70051125498913,-1.21585659118151,-10.7045167636503,11.5983276989546,3.54025951349221,-4.56390681569565,1.54584047176229,-2.34176506703712,15.8142781438945,-7.0004480502122,-12.2982721760335,-3.23425160915474,7.37059170337062,-6.63107098434641,12.3633850712107,-8.78201470952495,-1.74717116196455
2.29,-7.50996842140427,-7.67017096751769,7.76730394248068,-3.55801384956301,-6.23432534414411,-6.26873185525715,-1.27014094155152,3.69632836131872,-1.21459339644048,-10.6925797574672,11.5853959427619,3.53628051042011,-4.55991239613832,1.54407610248153,-2.33934306640536,15.7966201349827,-6.99260004891037,-12.2845381677726,-3.23175544160028,7.36237966073032,-6.62349038322733,12.3496384305887,-8.77219568179242,-1.74520735551981
2.295,-7.50217006809345,-7.66128757405792,7.75953119140422,-3.55403839787966,-6.22736830516616,-6.26177481627921,-1.2698191233344,3.69214546764832,-1.21333020169944,-10.6806427512842,11.5724641865692,3.53230150734801,-4.55591797658087,1.54231173320076,-2.33692106577362,15.7789621260709,-6.98475204760853,-12.2708041595117,-3.22925927404572,7.35416761809002,-6.61590978210826,12.3358917899667,-8.76237665405989,-1.74324354907508
2.3,-7.49437171478257,-7.65240418059813,7.75175844032765,-3.5500629461963,-6.22041126618821,-6.25481777730126,-1.26949730511728,3.68796257397791,-1.21206700695841,-10.6687057451012,11.5595324303764,3.52832250427591,-4.55192355702354,1.54054736392,-2.33449906514187,15.7613041171591,-6.9769040463067,-12.2570701512508,-3.22676310649126,7.34595557544972,-6.60832918098919,12.3221451493447,-8.75255762632735,-1.74127974263034
2.305,-7.48657336147176,-7.64352078713833,7.7439856892513,-3.54608749451294,-6.21345422721027,-6.24786073832332,-1.26917548690028,3.6837796803075,-1.21080381221738,-10.6567687389182,11.5466006741837,3.52434350120381,-4.5479291374661,1.53878299463923,-2.33207706451013,15.7436461082473,-6.96905604500487,-12.2433361429899,-3.22426693893669,7.33774353280943,-6.60074857987011,12.3083985087227,-8.74273859859482,-1.7393159361856
2.31,-7.47877500816094,-7.63463739367853,7.73621293817473,-3.54211204282958,-6.20649718823232,-6.24090369934537,-1.26885366868305,3.6795967866371,-1.20954061747635,-10.6448317327351,11.533668917991,3.52036449813171,-4.54393471790877,1.53701862535847,-2.32965506387838,15.7259880993354,-6.96120804370303,-12.2296021347289,-3.22177077138224,7.32953149016913,-6.59316797875104,12.2946518681007,-8.73291957086228,-1.73735212974087
2.315,-7.47097665485012,-7.62575400021873,7.72844018709839,-3.53813659114622,-6.19954014925437,-6.23394666036742,-1.26853185046593,3.67541389296669,-1.20827742273532,-10.6328947265521,11.5207371617983,3.51638549505961,-4.53994029835133,1.53525425607771,-2.32723306324662,15.7083300904236,-6.9533600424012,-12.215868126468,-3.21927460382767,7.32131944752883,-6.58558737763197,12.2809052274787,-8.72310054312976,-1.73538832329613
2.32,-7.4631783015393,-7.61687060675894,7.72066743602181,-3.53416113946286,-6.19258311027642,-6.22698962138947,-1.26821003224882,3.67123099929628,-1.20701422799429,-10.6209577203691,11.5078054056055,3.51240649198751,-4.535945878794,1.53348988679694,-2.32481106261487,15.6906720815118,-6.94551204109936,-12.2021341182071,-3.21677843627322,7.31310740488853,-6.57800677651289,12.2671585868567,-8.71328151539722,-1.7334245168514
2.325,-7.45537994822837,-7.60798721329914,7.71289468494547,-3.5301856877795,-6.18562607129848,-6.22003258241152,-1.2678882140317,3.66704810562587,-1.20575103325326,-10.6090207141861,11.4948736494128,3.50842748891541,-4.53195145923655,1.53172551751618,-2.32238906198312,15.6730140726,-6.93766403979753,-12.1884001099462,-3.21428226871865,7.30489536224824,-6.57042617539381,12.2534119462347,-8.70346248766469,-1.73146071040666
2.33,-7.44758159491755,-7.59910381983937,7.70512193386901,-3.52621023609614,-6.17866903232053,-6.21307554343358,-1.2675663958147,3.66286521195547,-1.20448783851223,-10.597083708003,11.4819418932201,3.50444848584331,-4.52795703967911,1.52996114823542,-2.31996706135138,15.6553560636882,-6.92981603849569,-12.1746661016853,-3.21178610116419,7.29668331960794,-6.56284557427475,12.2396653056127,-8.69364345993215,-1.72949690396193
2.335,-7.43978324160673,-7.59022042637957,7.69734918279255,-3.52223478441278,-6.17171199334258,-6.20611850445563,-1.26724457759758,3.65868231828507,-1.20322464377119,-10.58514670182,11.4690101370273,3.50046948277121,-4.52396262012178,1.52819677895465,-2.31754506071964,15.6376980547764,-6.92196803719386,-12.1609320934244,-3.20928993360963,7.28847127696764,-6.55526497315566,12.2259186649907,-8.68382443219962,-1.72753309751719
2.34,-7.43198488829591,-7.58133703291978,7.68957643171609,-3.51825933272942,-6.16475495436464,-6.19916146547768,-1.26692275938035,3.65449942461466,-1.20196144903016,-10.573209695637,11.4560783808346,3.49649047969911,-4.51996820056434,1.52643240967389,-2.31512306008788,15.6200400458645,-6.91412003589203,-12.1471980851635,-3.20679376605506,7.28025923432735,-6.54768437203658,12.2121720243687,-8.67400540446708,-1.72556929107245
2.345,-7.4241865349851,-7.57245363945998,7.68180368063963,-3.51428388104607,-6.15779791538669,-6.19220442649974,-1.26660094116323,3.65031653094425,-1.20069825428913,-10.561272689454,11.4431466246419,3.49251147662701,-4.51597378100701,1.52466804039312,-2.31270105945613,15.6023820369527,-6.9062720345902,-12.1334640769026,-3.20429759850049,7.27204719168705,-6.54010377091751,12.1984253837467,-8.66418637673455,-1.72360548462772
2.35,-7.41638818167422,-7.56357024600018,7.67403092956317,-3.51030842936271,-6.15084087640874,-6.18524738752179,-1.26627912294612,3.64613363727383,-1.1994350595481,-10.5493356832709,11.4302148684491,3.48853247355491,-4.51197936144956,1.52290367111236,-2.31027905882438,15.5847240280409,-6.89842403328836,-12.1197300686417,-3.20180143094603,7.26383514904675,-6.53252316979844,12.1846787431247,-8.65436734900202,-1.72164167818298
2.355,-7.4085898283634,-7.55468685254039,7.66625817848671,-3.50633297767935,-6.14388383743079,-6.17829034854384,-1.26595730472911,3.64195074360343,-1.19817186480707,-10.5373986770879,11.4172831122564,3.48455347048281,-4.50798494189223,1.52113930183159,-2.30785705819264,15.5670660191291,-6.89057603198652,-12.1059960603808,-3.19930526339147,7.25562310640645,-6.52494256867936,12.1709321025027,-8.64454832126948,-1.71967787173825
2.36,-7.40079147505259,-7.54580345908062,7.65848542741026,-3.50235752599599,-6.13692679845285,-6.1713333095659,-1.265635486512,3.63776784993303,-1.19690867006604,-10.5254616709049,11.4043513560637,3.48057446741071,-4.50399052233479,1.51937493255083,-2.30543505756089,15.5494080102173,-6.88272803068469,-12.0922620521199,-3.19680909583701,7.24741106376616,-6.51736196756029,12.1571854618807,-8.63472929353695,-1.71771406529351
2.365,-7.39299312174177,-7.53692006562079,7.6507126763338,-3.49838207431263,-6.1299697594749,-6.16437627058795,-1.26531366829477,3.63358495626262,-1.19564547532501,-10.5135246647219,11.3914195998709,3.47659546433861,-4.49999610277746,1.51761056327006,-2.30301305692913,15.5317500013054,-6.87488002938286,-12.078528043859,-3.19431292828244,7.23919902112586,-6.50978136644122,12.1434388212586,-8.62491026580442,-1.71575025884877
2.37,-7.38519476843095,-7.52803667216102,7.64293992525734,-3.49440662262927,-6.12301272049695,-6.15741923161,-1.26499185007765,3.62940206259221,-1.19438228058398,-10.5015876585388,11.3784878436782,3.47261646126651,-4.49600168322002,1.5158461939893,-2.30059105629739,15.5140919923936,-6.86703202808102,-12.0647940355981,-3.19181676072799,7.23098697848556,-6.50220076532214,12.1296921806366,-8.61509123807188,-1.71378645240404
2.375,-7.37739641512007,-7.51915327870122,7.63516717418076,-3.49043117094591,-6.11605568151901,-6.15046219263205,-1.26467003186053,3.6252191689218,-1.19311908584295,-10.4896506523558,11.3655560874855,3.46863745819441,-4.49200726366269,1.51408182470853,-2.29816905566564,15.4964339834818,-6.85918402677919,-12.0510600273372,-3.18932059317342,7.22277493584526,-6.49462016420307,12.1159455400146,-8.60527221033935,-1.7118226459593
2.38,-7.3695980618092,-7.51026988524143,7.62739442310442,-3.48645571926255,-6.10909864254106,-6.14350515365411,-1.26434821364353,3.6210362752514,-1.19185589110192,-10.4777136461728,11.3526243312927,3.46465845512231,-4.48801284410524,1.51231745542777,-2.2957470550339,15.47877597457,-6.85133602547736,-12.0373260190763,-3.18682442561897,7.21456289320497,-6.487039563084,12.1021988993926,-8.59545318260681,-1.70985883951457
2.385,-7.36179970849838,-7.50138649178166,7.61962167202796,-3.48248026757919,-6.10214160356311,-6.13654811467616,-1.26402639542641,3.616853381581,-1.19059269636089,-10.4657766399898,11.3396925751,3.46067945205021,-4.4840184245478,1.51055308614701,-2.29332505440215,15.4611179656582,-6.84348802417552,-12.0235920108154,-3.1843282580644,7.20635085056467,-6.47945896196492,12.0884522587706,-8.58563415487428,-1.70789503306983
2.39,-7.35400135518756,-7.49250309832183,7.6118489209515,-3.47850481589583,-6.09518456458516,-6.12959107569822,-1.2637045772093,3.61267048791058,-1.18932950161985,-10.4538396338067,11.3267608189073,3.45670044897811,-4.48002400499047,1.50878871686624,-2.29090305377041,15.4434599567463,-6.83564002287369,-12.0098580025545,-3.18183209050994,7.19813880792437,-6.47187836084584,12.0747056181486,-8.57581512714174,-1.70593122662509
2.395,-7.34620300187675,-7.48361970486206,7.60407616987504,-3.47452936421248,-6.08822752560722,-6.12263403672027,-1.26338275899207,3.60848759424018,-1.18806630687882,-10.4419026276237,11.3138290627145,3.45272144590601,-4.47602958543303,1.50702434758548,-2.28848105313865,15.4258019478345,-6.82779202157185,-11.9961239942936,-3.17933592295549,7.18992676528407,-6.46429775972678,12.0609589775266,-8.56599609940922,-1.70396742018036
2.4,-7.33840464856587,-7.47473631140227,7.59630341879858,-3.47055391252912,-6.08127048662927,-6.11567699774232,-1.26306094077495,3.60430470056977,-1.18680311213779,-10.4299656214407,11.3008973065218,3.44874244283391,-4.4720351658757,1.50525997830471,-2.2860590525069,15.4081439389227,-6.81994402027002,-11.9823899860327,-3.17683975540092,7.18171472264378,-6.4567171586077,12.0472123369046,-8.55617707167668,-1.70200361373562
2.405,-7.33060629525505,-7.46585291794247,7.58853066772213,-3.46657846084576,-6.07431344765132,-6.10871995876437,-1.26273912255795,3.60012180689936,-1.18553991739676,-10.4180286152577,11.2879655503291,3.44476343976181,-4.46804074631825,1.50349560902395,-2.28363705187516,15.3904859300109,-6.81209601896818,-11.9686559777718,-3.17434358784647,7.17350268000348,-6.44913655748863,12.0334656962826,-8.54635804394415,-1.70003980729088
2.41,-7.32280794194423,-7.4569695244827,7.58075791664567,-3.4626030091624,-6.06735640867338,-6.10176291978642,-1.26241730434083,3.59593891322896,-1.18427672265573,-10.4060916090746,11.2750337941364,3.44078443668971,-4.46404632676092,1.50173123974319,-2.28121505124341,15.3728279210991,-6.80424801766635,-11.9549219695109,-3.17184742029178,7.16529063736318,-6.44155595636956,12.0197190556606,-8.53653901621161,-1.69807600084615
2.415,-7.31500958863342,-7.4480861310229,7.57298516556921,-3.45862755747904,-6.06039936969543,-6.09480588080848,-1.26209548612371,3.59175601955855,-1.1830135279147,-10.3941546028916,11.2621020379436,3.43680543361761,-4.46005190720348,1.49996687046242,-2.27879305061167,15.3551699121872,-6.79640001636452,-11.94118796125,-3.16935125273733,7.15707859472288,-6.43397535525048,12.0059724150386,-8.52671998847908,-1.69611219440141
2.42,-7.3072112353226,-7.43920273756311,7.56521241449275,-3.45465210579568,-6.05344233071748,-6.08784884183053,-1.26177366790648,3.58757312588814,-1.18175033317367,-10.3822175967086,11.2491702817509,3.43282643054551,-4.45605748764615,1.49820250118166,-2.2763710499799,15.3375119032754,-6.78855201506268,-11.9274539529891,-3.16685508518276,7.14886655208258,-6.42639475413141,11.9922257744166,-8.51690096074655,-1.69414838795667
2.425,-7.29941288201178,-7.43031934410331,7.55743966341629,-3.45067665411232,-6.04648529173953,-6.08089180285258,-1.26145184968937,3.58339023221774,-1.18048713843264,-10.3702805905256,11.2362385255582,3.42884742747341,-4.45206306808871,1.4964381319009,-2.27394904934818,15.3198538943636,-6.78070401376085,-11.9137199447282,-3.16435891762831,7.14065450944229,-6.41881415301233,11.9784791337946,-8.50708193301401,-1.69218458151194
2.43,-7.2916145287009,-7.42143595064351,7.54966691233983,-3.44670120242896,-6.03952825276159,-6.07393476387464,-1.26113003147236,3.57920733854733,-1.1792239436916,-10.3583435843425,11.2233067693654,3.42486842440132,-4.44806864853126,1.49467376262013,-2.27152704871641,15.3021958854518,-6.77285601245901,-11.8999859364673,-3.16186275007374,7.13244246680199,-6.41123355189326,11.9647324931726,-8.49726290528148,-1.6902207750672
2.435,-7.28381617539003,-7.41255255718372,7.54189416126337,-3.4427257507456,-6.03257121378364,-6.06697772489669,-1.26080821325525,3.57502444487692,-1.17796074895057,-10.3464065781595,11.2103750131727,3.42088942132921,-4.44407422897393,1.49290939333936,-2.26910504808467,15.28453787654,-6.76500801115718,-11.8862519282064,-3.15936658251928,7.12423042416169,-6.40365295077419,11.9509858525506,-8.48744387754895,-1.68825696862247
2.44,-7.27601782207921,-7.40366916372392,7.53412141018691,-3.43875029906224,-6.02561417480569,-6.06002068591874,-1.26048639503813,3.57084155120652,-1.17669755420954,-10.3344695719765,11.19744325698,3.41691041825711,-4.44007980941649,1.4911450240586,-2.26668304745291,15.2668798676281,-6.75716000985535,-11.8725179199455,-3.15687041496471,7.1160183815214,-6.39607234965511,11.9372392119286,-8.47762484981641,-1.68629316217773
2.445,-7.26821946876839,-7.39478577026415,7.52634865911045,-3.43477484737888,-6.01865713582775,-6.05306364694079,-1.26016457682101,3.56665865753611,-1.17543435946851,-10.3225325657935,11.1845115007872,3.41293141518501,-4.43608538985916,1.48938065477784,-2.26426104682116,15.2492218587163,-6.74931200855351,-11.8587839116846,-3.15437424741026,7.1078063388811,-6.38849174853604,11.9234925713065,-8.46780582208388,-1.68432935573299
2.45,-7.26042111545758,-7.38590237680435,7.51857590803399,-3.43079939569553,-6.0117000968498,-6.04610660796284,-1.25984275860378,3.56247576386571,-1.17417116472748,-10.3105955596104,11.1715797445945,3.40895241211291,-4.43209097030172,1.48761628549707,-2.26183904618942,15.2315638498045,-6.74146400725168,-11.8450499034237,-3.15187807985569,7.0995942962408,-6.38091114741695,11.9097459306845,-8.45798679435134,-1.68236554928826
2.455,-7.2526227621467,-7.37701898334456,7.51080315695754,-3.42682394401217,-6.00474305787185,-6.0391495689849,-1.25952094038678,3.5582928701953,-1.17290796998645,-10.2986585534274,11.1586479884018,3.40497340904081,-4.42809655074439,1.48585191621631,-2.25941704555768,15.2139058408927,-6.73361600594984,-11.8313158951628,-3.14938191230124,7.0913822536005,-6.37333054629789,11.8959992900625,-8.44816776661881,-1.68040174284352
2.46,-7.24482440883588,-7.36813558988476,7.50303040588108,-3.42284849232881,-5.9977860188939,-6.03219253000695,-1.25919912216966,3.55410997652488,-1.17164477524542,-10.2867215472444,11.145716232209,3.40099440596872,-4.42410213118694,1.48408754693554,-2.25699504492593,15.1962478319809,-6.72576800464801,-11.8175818869019,-3.14688574474667,7.08317021096021,-6.36574994517881,11.8822526494405,-8.43834873888628,-1.67843793639878
2.465,-7.23702605552506,-7.35925219642496,7.49525765480473,-3.41887304064545,-5.99082897991596,-6.02523549102901,-1.25887730395254,3.54992708285448,-1.17038158050438,-10.2747845410614,11.1327844760163,3.39701540289662,-4.42010771162961,1.48232317765478,-2.25457304429418,15.178589823069,-6.71792000334618,-11.803847878641,-3.14438957719221,7.07495816831991,-6.35816934405975,11.8685060088185,-8.42852971115374,-1.67647412995405
2.47,-7.22922770221425,-7.35036880296516,7.48748490372816,-3.41489758896209,-5.98387194093801,-6.01827845205106,-1.25855548573543,3.54574418918407,-1.16911838576335,-10.2628475348783,11.1198527198236,3.39303639982452,-4.41611329207217,1.48055880837402,-2.25215104366244,15.1609318141572,-6.71007200204434,-11.7901138703801,-3.14189340963765,7.06674612567961,-6.35058874294066,11.8547593681965,-8.41871068342121,-1.67451032350931
2.475,-7.22142934890343,-7.34148540950537,7.47971215265181,-3.41092213727873,-5.97691490196006,-6.01132141307311,-1.2582336675182,3.54156129551367,-1.16785519102233,-10.2509105286953,11.1069209636308,3.38905739675242,-4.41211887251472,1.47879443909325,-2.24972904303068,15.1432738052454,-6.70222400074251,-11.7763798621192,-3.13939724208319,7.05853408303931,-6.34300814182158,11.8410127275745,-8.40889165568868,-1.67254651706458
2.48,-7.21363099559255,-7.3326020160456,7.47193940157524,-3.40694668559537,-5.96995786298212,-6.00436437409516,-1.25791184930119,3.53737840184326,-1.16659199628129,-10.2389735225123,11.0939892074381,3.38507839368032,-4.4081244529574,1.47703006981249,-2.24730704239893,15.1256157963336,-6.69437599944067,-11.7626458538583,-3.13690107452862,7.05032204039902,-6.33542754070251,11.8272660869525,-8.39907262795614,-1.67058271061984
2.485,-7.20583264228173,-7.3237186225858,7.46416665049878,-3.40297123391201,-5.96300082400417,-5.99740733511722,-1.25759003108408,3.53319550817285,-1.16532880154026,-10.2270365163293,11.0810574512454,3.38109939060822,-4.40413003339995,1.47526570053172,-2.24488504176718,15.1079577874218,-6.68652799813884,-11.7489118455974,-3.13440490697405,7.04210999775872,-6.32784693958344,11.8135194463305,-8.38925360022361,-1.6686189041751
2.49,-7.19803428897086,-7.314835229126,7.45639389942232,-3.39899578222865,-5.95604378502622,-5.99045029613927,-1.25726821286696,3.52901261450244,-1.16406560679923,-10.2150995101462,11.0681256950526,3.37712038753612,-4.40013561384262,1.47350133125095,-2.24246304113544,15.0902997785099,-6.678679996837,-11.7351778373364,-3.13190873941949,7.03389795511842,-6.32026633846436,11.7997728057085,-8.37943457249108,-1.66665509773037
2.495,-7.19023593566004,-7.30595183566621,7.44862114834586,-3.39502033054529,-5.94908674604828,-5.98349325716132,-1.25694639464984,3.52482972083204,-1.1628024120582,-10.2031625039632,11.0551939388599,3.37314138446402,-4.39614119428518,1.47173696197019,-2.2400410405037,15.0726417695981,-6.67083199553517,-11.7214438290755,-3.12941257186503,7.02568591247812,-6.3126857373453,11.7860261650865,-8.36961554475854,-1.66469129128563
2.5,-7.18243758234922,-7.29706844220641,7.44084839726941,-3.39104487886194,-5.94212970707033,-5.97653621818338,-1.25662457643273,3.52064682716163,-1.16153921731716,-10.1912254977802,11.0422621826672,3.36916238139192,-4.39214677472785,1.46997259268943,-2.23761903987194,15.0549837606863,-6.66298399423334,-11.7077098208146,-3.12691640431058,7.01747386983783,-6.30510513622622,11.7722795244645,-8.35979651702601,-1.6627274848409
2.505,-7.17463922903835,-7.28818504874661,7.43307564619295,-3.38706942717858,-5.93517266809238,-5.96957917920543,-1.25630275821561,3.51646393349123,-1.16027602257613,-10.1792884915972,11.0293304264744,3.36518337831982,-4.3881523551704,1.46820822340867,-2.23519703924019,15.0373257517745,-6.6551359929315,-11.6939758125537,-3.12442023675601,7.00926182719753,-6.29752453510714,11.7585328838425,-8.34997748929348,-1.66076367839616
2.51,-7.16684087572753,-7.27930165528682,7.4253028951166,-3.38309397549522,-5.92821562911443,-5.96262214022748,-1.25598093999849,3.51228103982082,-1.15901282783511,-10.1673514854141,11.0163986702817,3.36120437524772,-4.38415793561308,1.4664438541279,-2.23277503860844,15.0196677428627,-6.64728799162967,-11.6802418042928,-3.12192406920155,7.00104978455723,-6.28994393398807,11.7447862432205,-8.34015846156094,-1.65879987195142
2.515,-7.15904252241671,-7.27041826182705,7.41753014404003,-3.37911852381186,-5.92125859013648,-5.95566510124953,-1.25565912178138,3.50809814615041,-1.15774963309407,-10.1554144792311,11.003466914089,3.35722537217562,-4.38016351605563,1.46467948484714,-2.2303530379767,15.0020097339508,-6.63943999032783,-11.6665077960319,-3.11942790164699,6.99283774191693,-6.282363332869,11.7310396025985,-8.33033943382841,-1.65683606550669
2.52,-7.15124416910589,-7.26153486836722,7.40975739296368,-3.3751430721285,-5.91430155115854,-5.94870806227159,-1.25533730356426,3.50391525248001,-1.15648643835304,-10.1434774730481,10.9905351578963,3.35324636910352,-4.37616909649819,1.46291511556637,-2.22793103734496,14.984351725039,-6.631591989026,-11.652773787771,-3.11693173409253,6.98462569927664,-6.27478273174992,11.7172929619765,-8.32052040609587,-1.65487225906195
2.525,-7.14344581579508,-7.25265147490745,7.40198464188711,-3.37116762044514,-5.90734451218059,-5.94175102329364,-1.25501548534714,3.4997323588096,-1.15522324361201,-10.1315404668651,10.9776034017035,3.34926736603142,-4.37217467694086,1.46115074628561,-2.22550903671321,14.9666937161272,-6.62374398772417,-11.6390397795101,-3.11443556653796,6.97641365663634,-6.26720213063085,11.7035463213545,-8.31070137836334,-1.65290845261722
2.53,-7.1356474624842,-7.24376808144766,7.39421189081077,-3.36719216876178,-5.90038747320264,-5.93479398431569,-1.25469366713003,3.49554946513919,-1.15396004887099,-10.119603460682,10.9646716455108,3.34528836295932,-4.36818025738341,1.45938637700484,-2.22308703608145,14.9490357072154,-6.61589598642233,-11.6253057712492,-3.11193939898351,6.96820161399604,-6.25962152951178,11.6897996807324,-8.30088235063081,-1.65094464617248
2.535,-7.12784910917338,-7.23488468798786,7.38643913973419,-3.36321671707842,-5.8934304342247,-5.92783694533774,-1.25437184891291,3.49136657146879,-1.15269685412994,-10.107666454499,10.9517398893181,3.34130935988722,-4.36418583782608,1.45762200772408,-2.22066503544971,14.9313776983036,-6.6080479851205,-11.6115717629883,-3.10944323142894,6.95998957135574,-6.2520409283927,11.6760530401104,-8.29106332289827,-1.64898083972774
2.54,-7.12005075586256,-7.22600129452806,7.37866638865785,-3.35924126539506,-5.88647339524675,-5.9208799063598,-1.25405003069579,3.48718367779838,-1.15143365938891,-10.095729448316,10.9388081331253,3.33733035681512,-4.36019141826864,1.45585763844332,-2.21824303481795,14.9137196893917,-6.60019998381867,-11.5978377547274,-3.10694706387449,6.95177752871545,-6.24446032727363,11.6623063994884,-8.28124429516574,-1.64701703328301
2.545,-7.11225240255175,-7.21711790106826,7.37089363758128,-3.3552658137117,-5.8795163562688,-5.91392286738185,-1.25372821247868,3.48300078412797,-1.15017046464789,-10.083792442133,10.9258763769326,3.33335135374302,-4.35619699871131,1.45409326916255,-2.21582103418621,14.8960616804799,-6.59235198251683,-11.5841037464665,-3.10445089631992,6.94356548607515,-6.23687972615454,11.6485597588664,-8.27142526743321,-1.64505322683827
2.55,-7.10445404924087,-7.20823450760847,7.36312088650482,-3.35129036202835,-5.87255931729086,-5.90696582840391,-1.25340639426156,3.47881789045756,-1.14890726990686,-10.0718554359499,10.9129446207399,3.32937235067092,-4.35220257915387,1.45232889988179,-2.21339903355445,14.8784036715681,-6.584503981215,-11.5703697382056,-3.10195472876546,6.93535344343485,-6.22929912503548,11.6348131182444,-8.26160623970067,-1.64308942039354
2.555,-7.09665569593,-7.19935111414867,7.35534813542836,-3.34731491034499,-5.86560227831291,-5.90000878942596,-1.25308457604456,3.47463499678716,-1.14764407516582,-10.0599184297669,10.9000128645471,3.32539334759882,-4.34820815959654,1.45056453060102,-2.21097703292271,14.8607456626563,-6.57665597991316,-11.5566357299447,-3.09945856121078,6.92714140079455,-6.22171852391639,11.6210664776224,-8.25178721196814,-1.6411256139488
2.56,-7.08885734261918,-7.1904677206889,7.34757538435201,-3.34333945866163,-5.85864523933496,-5.89305175044801,-1.25276275782733,3.47045210311675,-1.14638088042479,-10.0479814235839,10.8870811083544,3.32141434452672,-4.34421374003909,1.44880016132026,-2.20855503229096,14.8430876537445,-6.56880797861133,-11.5429017216838,-3.09696239365633,6.91892935815426,-6.21413792279732,11.6073198370004,-8.2419681842356,-1.63916180750406
2.565,-7.08105898930836,-7.1815843272291,7.33980263327555,-3.33936400697827,-5.85168820035702,-5.88609471147007,-1.25244093961021,3.46626920944635,-1.14511768568376,-10.0360444174009,10.8741493521617,3.31743534145462,-4.34021932048165,1.4470357920395,-2.20613303165921,14.8254296448326,-6.56095997730949,-11.5291677134229,-3.09446622610176,6.91071731551396,-6.20655732167825,11.5935731963784,-8.23214915650307,-1.63719800105933
2.57,-7.07326063599754,-7.17270093376931,7.33202988219898,-3.33538855529491,-5.84473116137907,-5.87913767249211,-1.25211912139309,3.46208631577593,-1.14385449094273,-10.0241074112178,10.8612175959689,3.31345633838252,-4.33622490092432,1.44527142275873,-2.20371103102747,14.8077716359208,-6.55311197600766,-11.515433705162,-3.0919700585473,6.90250527287366,-6.19897672055917,11.5798265557564,-8.22233012877054,-1.63523419461459
2.575,-7.06546228268672,-7.16381754030951,7.32425713112252,-3.33141310361155,-5.83777412240112,-5.87218063351417,-1.25179730317598,3.45790342210552,-1.14259129620169,-10.0121704050348,10.8482858397762,3.30947733531042,-4.33223048136688,1.44350705347797,-2.20128903039571,14.790113627009,-6.54526397470583,-11.5016996969011,-3.08947389099274,6.89429323023336,-6.19139611944011,11.5660799151344,-8.212511101038,-1.63327038816985
2.58,-7.05766392937585,-7.15493414684971,7.31648438004606,-3.32743765192819,-5.83081708342317,-5.86522359453622,-1.25147548495897,3.45372052843512,-1.14132810146067,-10.0002333988518,10.8353540835835,3.30549833223832,-4.32823606180955,1.4417426841972,-2.19886702976397,14.7724556180972,-6.53741597340399,-11.4879656886402,-3.08697772343828,6.88608118759307,-6.18381551832103,11.5523332745124,-8.20269207330547,-1.63130658172512
2.585,-7.04986557606503,-7.14605075338991,7.30871162896972,-3.32346220024483,-5.82386004444523,-5.85826655555827,-1.25115366674174,3.44953763476472,-1.14006490671964,-9.98829639266875,10.8224223273907,3.30151932916622,-4.3242416422521,1.43997831491644,-2.19644502913222,14.7547976091854,-6.52956797210216,-11.4742316803793,-3.08448155588371,6.87786914495277,-6.17623491720195,11.5385866338904,-8.19287304557294,-1.62934277528038
2.59,-7.04206722275421,-7.13716735993012,7.30093887789315,-3.31948674856147,-5.81690300546728,-5.85130951658033,-1.25083184852463,3.44535474109431,-1.1388017119786,-9.97635938648572,10.809490571198,3.29754032609412,-4.32024722269477,1.43821394563567,-2.19402302850047,14.7371396002735,-6.52171997080032,-11.4604976721184,-3.08198538832926,6.86965710231247,-6.16865431608289,11.5248399932684,-8.1830540178404,-1.62737896883565
2.595,-7.03426886944339,-7.12828396647035,7.2931661268168,-3.31551129687811,-5.80994596648933,-5.84435247760238,-1.25051003030751,3.4411718474239,-1.13753851723757,-9.9644223803027,10.7965588150053,3.29356132302202,-4.31625280313722,1.43644957635491,-2.19160102786871,14.7194815913617,-6.51387196949849,-11.4467636638575,-3.07948922077469,6.86144505967217,-6.16107371496382,11.5110933526464,-8.17323499010787,-1.62541516239091
2.6,-7.02647051613258,-7.11940057301055,7.28539337574023,-3.31153584519476,-5.80298892751139,-5.83739543862443,-1.25018821209051,3.43698895375349,-1.13627532249654,-9.95248537411968,10.7836270588125,3.28958231994993,-4.31225838358,1.43468520707415,-2.18917902723697,14.7018235824499,-6.50602396819666,-11.4330296555966,-3.07699305322024,6.85323301703188,-6.15349311384475,11.4973467120244,-8.16341596237534,-1.62345135594617
2.605,-7.01867216282164,-7.11051717955075,7.27762062466388,-3.3075603935114,-5.79603188853344,-5.83043839964648,-1.24986639387339,3.43280606008309,-1.13501212775551,-9.94054836793665,10.7706953026198,3.28560331687783,-4.30826396402244,1.43292083779338,-2.18675702660524,14.6841655735381,-6.49817596689482,-11.4192956473357,-3.07449688566578,6.84502097439158,-6.14591251272567,11.4836000714024,-8.1535969346428,-1.62148754950144
2.61,-7.01087380951083,-7.10163378609096,7.26984787358742,-3.30358494182804,-5.78907484955549,-5.82348136066854,-1.24954457565627,3.42862316641268,-1.13374893301448,-9.92861136175362,10.7577635464271,3.28162431380573,-4.30426954446511,1.43115646851262,-2.18433502597348,14.6665075646263,-6.49032796559299,-11.4055616390748,-3.07200071811121,6.83680893175128,-6.1383319116066,11.4698534307804,-8.14377790691027,-1.6195237430567
2.615,-7.00307545620001,-7.09275039263116,7.26207512251096,-3.29960949014468,-5.78211781057754,-5.81652432169059,-1.24922275743904,3.42444027274227,-1.13248573827345,-9.9166743555706,10.7448317902343,3.27764531073363,-4.30027512490767,1.42939209923185,-2.18191302534174,14.6488495557144,-6.48247996429115,-11.3918276308139,-3.06950455055676,6.82859688911098,-6.13075131048753,11.4561067901583,-8.13395887917773,-1.61755993661196
2.62,-6.99527710288919,-7.08386699917136,7.25430237143439,-3.29563403846132,-5.77516077159959,-5.80956728271264,-1.24890093922193,3.42025737907187,-1.13122254353242,-9.90473734938757,10.7319000340416,3.27366630766153,-4.29628070535023,1.42762772995109,-2.17949102470998,14.6311915468026,-6.47463196298932,-11.378093622553,-3.06700838300219,6.82038484647069,-6.12317070936844,11.4423601495363,-8.1241398514452,-1.61559613016723
2.625,-6.98747874957837,-7.07498360571157,7.24652962035793,-3.29165858677796,-5.76820373262165,-5.8026102437347,-1.24857912100492,3.41607448540146,-1.12995934879138,-9.89280034320455,10.7189682778489,3.26968730458943,-4.2922862857929,1.42586336067032,-2.17706902407824,14.6135335378908,-6.46678396168749,-11.3643596142921,-3.06451221544773,6.81217280383039,-6.11559010824936,11.4286135089143,-8.11432082371267,-1.61363232372249
2.63,-6.9796803962675,-7.0661002122518,7.23875686928159,-3.2876831350946,-5.7612466936437,-5.79565320475675,-1.24825730278781,3.41189159173105,-1.12869615405035,-9.88086333702152,10.7060365216562,3.26570830151733,-4.28829186623545,1.42409899138956,-2.17464702344648,14.595875528979,-6.45893596038565,-11.3506256060312,-3.06201604789305,6.80396076119009,-6.1080095071303,11.4148668682923,-8.10450179598013,-1.61166851727776
2.635,-6.97188204295668,-7.057216818792,7.23098411820501,-3.28370768341124,-5.75428965466575,-5.7886961657788,-1.24793548457069,3.40770869806065,-1.12743295930932,-9.8689263308385,10.6931047654634,3.26172929844522,-4.28429744667812,1.4223346221088,-2.17222502281474,14.5782175200672,-6.45108795908382,-11.3368915977703,-3.0595198803386,6.7957487185498,-6.10042890601122,11.4011202276703,-8.0946827682476,-1.60970471083302
2.64,-6.96408368964586,-7.0483334253322,7.22321136712867,-3.27973223172788,-5.74733261568781,-5.78173912680085,-1.24761366635357,3.40352580439023,-1.1261697645683,-9.85698932465547,10.6801730092707,3.25775029537312,-4.28030302712068,1.42057025282803,-2.16980302218299,14.5605595111553,-6.44323995778198,-11.3231575895094,-3.05702371278403,6.7875366759095,-6.09284830489214,11.3873735870483,-8.08486374051507,-1.60774090438828
2.645,-6.95628533633504,-7.03945003187243,7.2154386160521,-3.27575678004452,-5.74037557670986,-5.77478208782291,-1.24729184813634,3.39934291071983,-1.12490656982726,-9.84505231847245,10.667241253078,3.25377129230102,-4.27630860756335,1.41880588354726,-2.16738102155124,14.5429015022435,-6.43539195648015,-11.3094235812485,-3.05452754522958,6.7793246332692,-6.08526770377307,11.3736269464263,-8.07504471278253,-1.60577709794355
2.65,-6.94848698302422,-7.03056663841261,7.20766586497575,-3.27178132836116,-5.73341853773191,-5.76782504884496,-1.24697002991934,3.39516001704943,-1.12364337508623,-9.83311531228942,10.6543094968852,3.24979228922893,-4.27231418800591,1.4170415142665,-2.1649590209195,14.5252434933317,-6.42754395517832,-11.2956895729876,-3.05203137767501,6.7711125906289,-6.077687102654,11.3598803058043,-8.06522568505,-1.60381329149881
2.655,-6.94068862971335,-7.02168324495284,7.19989311389929,-3.26780587667781,-5.72646149875397,-5.76086800986701,-1.24664821170222,3.39097712337902,-1.1223801803452,-9.8211783061064,10.6413777406925,3.24581328615683,-4.26831976844858,1.41527714498574,-2.16253702028774,14.5075854844199,-6.41969595387648,-11.2819555647267,-3.04953521012055,6.76290054798861,-6.07010650153492,11.3461336651823,-8.05540665731747,-1.60184948505408
2.66,-6.93289027640247,-7.01279985149301,7.19212036282283,-3.26383042499445,-5.71950445977602,-5.75391097088907,-1.24632639348511,3.38679422970861,-1.12111698560417,-9.80924129992337,10.6284459844998,3.24183428308473,-4.26432534889113,1.41351277570497,-2.16011501965599,14.4899274755081,-6.41184795257465,-11.2682215564658,-3.04703904256598,6.75468850534831,-6.06252590041585,11.3323870245603,-8.04558762958493,-1.59988567860934
2.665,-6.92509192309166,-7.00391645803325,7.18434761174626,-3.25985497331109,-5.71254742079807,-5.74695393191112,-1.24600457526799,3.38261133603821,-1.11985379086313,-9.79730429374034,10.615514228307,3.23785528001263,-4.26033092933369,1.41174840642421,-2.15769301902425,14.4722694665962,-6.40399995127282,-11.2544875482048,-3.04454287501153,6.74647646270801,-6.05494529929678,11.3186403839383,-8.0357686018524,-1.5979218721646
2.67,-6.91729356978084,-6.99503306457345,7.17657486066992,-3.25587952162773,-5.70559038182012,-5.73999689293317,-1.24568275705076,3.3784284423678,-1.1185905961221,-9.78536728755732,10.6025824721143,3.23387627694053,-4.25633650977636,1.40998403714345,-2.1552710183925,14.4546114576844,-6.39615194997098,-11.2407535399439,-3.04204670745696,6.73826442006771,-6.0473646981777,11.3048937433163,-8.02594957411987,-1.59595806571987
2.675,-6.90949521647002,-6.98614967111368,7.16880210959346,-3.25190406994437,-5.69863334284218,-5.73303985395523,-1.24536093883376,3.37424554869739,-1.11732740138107,-9.7734302813743,10.5896507159216,3.22989727386843,-4.25234209021892,1.40821966786268,-2.15284901776076,14.4369534487726,-6.38830394866915,-11.227019531683,-3.03955053990251,6.73005237742742,-6.03978409705863,11.2911471026943,-8.01613054638733,-1.59399425927513
2.68,-6.9016968631592,-6.97726627765388,7.16102935851688,-3.24792861826101,-5.69167630386423,-5.72608281497727,-1.24503912061664,3.37006265502698,-1.11606420664004,-9.76149327519127,10.5767189597288,3.22591827079633,-4.24834767066159,1.40645529858192,-2.150427017129,14.4192954398608,-6.38045594736731,-11.2132855234221,-3.03705437234794,6.72184033478712,-6.03220349593956,11.2774004620723,-8.0063115186548,-1.59203045283039
2.685,-6.89389850984833,-6.96838288419406,7.15325660744054,-3.24395316657765,-5.68471926488628,-5.71912577599933,-1.24471730239952,3.36587976135657,-1.11480101189901,-9.74955626900824,10.5637872035361,3.22193926772423,-4.24435325110414,1.40469092930115,-2.14800501649725,14.401637430949,-6.37260794606548,-11.1995515151612,-3.03455820479348,6.71362829214682,-6.02462289482048,11.2636538214503,-7.99649249092226,-1.59006664638566
2.69,-6.88610015653751,-6.95949949073429,7.14548385636397,-3.23997771489429,-5.67776222590834,-5.71216873702138,-1.24439548418241,3.36169686768617,-1.11353781715798,-9.73761926282522,10.5508554473434,3.21796026465213,-4.24035883154681,1.40292656002039,-2.14558301586551,14.3839794220371,-6.36475994476364,-11.1858175069003,-3.03206203723892,6.70541624950652,-6.01704229370141,11.2499071808283,-7.98667346318973,-1.58810283994092
2.695,-6.87830180322669,-6.95061609727449,7.13771110528762,-3.23600226321093,-5.67080518693039,-5.70521169804343,-1.24407366596529,3.35751397401577,-1.11227462241695,-9.72568225664219,10.5379236911506,3.21398126158003,-4.23636441198937,1.40116219073963,-2.14316101523376,14.3663214131253,-6.35691194346181,-11.1720834986394,-3.02956586968446,6.69720420686622,-6.00946169258232,11.2361605402063,-7.9768544354572,-1.58613903349619
2.7,-6.87050344991587,-6.94173270381469,7.12993835421105,-3.23202681152757,-5.66384814795244,-5.69825465906549,-1.24375184774817,3.35333108034536,-1.11101142767592,-9.71374525045917,10.5249919349579,3.21000225850793,-4.23236999243204,1.39939782145886,-2.140739014602,14.3486634042135,-6.34906394215998,-11.1583494903785,-3.02706970212978,6.68899216422593,-6.00188109146326,11.2224138995842,-7.96703540772466,-1.58417522705145
2.705,-6.86270509660505,-6.93284931035492,7.1221656031347,-3.22805135984422,-5.65689110897449,-5.69129762008754,-1.24343002953105,3.34914818667495,-1.10974823293489,-9.70180824427614,10.5120601787652,3.20602325543583,-4.2283755728746,1.3976334521781,-2.13831701397027,14.3310053953017,-6.34121594085814,-11.1446154821176,-3.02457353457532,6.68078012158563,-5.99430049034417,11.2086672589622,-7.95721637999213,-1.58221142060671
2.71,-6.85490674329418,-6.92396591689513,7.11439285205824,-3.22407590816086,-5.64993406999655,-5.68434058110959,-1.24310821131394,3.34496529300454,-1.10848503819386,-9.68987123809312,10.4991284225724,3.20204425236373,-4.22438115331715,1.39586908289733,-2.13589501333851,14.3133473863899,-6.33336793955631,-11.1308814738567,-3.02207736702087,6.67256807894533,-5.98671988922511,11.1949206183402,-7.9473973522596,-1.58024761416198
2.715,-6.8471083899833,-6.91508252343533,7.10662010098179,-3.2201004564775,-5.6429770310186,-5.67738354213165,-1.24278639309682,3.34078239933413,-1.10722184345282,-9.67793423191009,10.4861966663797,3.19806524929163,-4.22038673375982,1.39410471361657,-2.13347301270677,14.295689377478,-6.32551993825447,-11.1171474655958,-3.0195811994663,6.66435603630504,-5.97913928810604,11.1811739777182,-7.93757832452706,-1.57828380771724
2.72,-6.83931003667249,-6.90619912997553,7.09884734990521,-3.21612500479414,-5.63601999204065,-5.6704265031537,-1.2424645748797,3.33659950566373,-1.10595864871179,-9.66599722572706,10.473264910187,3.19408624621953,-4.21639231420238,1.3923403443358,-2.13105101207502,14.2780313685662,-6.31767193695264,-11.1034134573349,-3.01708503191185,6.65614399366474,-5.97155868698697,11.1674273370962,-7.92775929679453,-1.57632000127251
2.725,-6.83151168336167,-6.89731573651574,7.09107459882887,-3.21214955311078,-5.62906295306271,-5.66346946417575,-1.24214275666259,3.33241661199332,-1.10469545397076,-9.65406021954404,10.4603331539942,3.19010724314743,-4.21239789464505,1.39057597505504,-2.12862901144327,14.2603733596544,-6.30982393565081,-11.089679449074,-3.01458886435728,6.64793195102444,-5.96397808586789,11.1536806964742,-7.917940269062,-1.57435619482777
2.73,-6.82371333005085,-6.88843234305594,7.0833018477523,-3.20817410142742,-5.62210591408476,-5.6565124251978,-1.24182093844547,3.32823371832291,-1.10343225922973,-9.64212321336102,10.4474013978015,3.18612824007533,-4.20840347508761,1.38881160577428,-2.12620701081151,14.2427153507426,-6.30197593434897,-11.0759454408131,-3.01209269680282,6.63971990838414,-5.95639748474882,11.1399340558522,-7.90812124132946,-1.57239238838303
2.735,-6.81591497673998,-6.87954894959614,7.07552909667584,-3.20419864974406,-5.61514887510681,-5.64955538621986,-1.24149912022835,3.32405082465251,-1.1021690644887,-9.63018620717799,10.4344696416088,3.18214923700323,-4.20440905553028,1.38704723649351,-2.12378501017977,14.2250573418308,-6.29412793304714,-11.0622114325522,-3.00959652924826,6.63150786574385,-5.94881688362975,11.1261874152302,-7.89830221359693,-1.5704285819383
2.74,-6.80811662342916,-6.87066555613637,7.06775634559949,-3.2002231980607,-5.60819183612886,-5.64259834724191,-1.24117730201124,3.3198679309821,-1.10090586974767,-9.61824920099496,10.4215378854161,3.17817023393113,-4.20041463597283,1.38528286721275,-2.12136300954802,14.2073993329189,-6.2862799317453,-11.0484774242913,-3.0071003616938,6.62329582310355,-5.94123628251067,11.1124407746082,-7.88848318586439,-1.56846477549356
2.745,-6.80031827011834,-6.86178216267658,7.05998359452292,-3.19624774637734,-5.60123479715092,-5.63564130826397,-1.24085548379412,3.3156850373117,-1.09964267500664,-9.60631219481194,10.4086061292233,3.17419123085903,-4.1964202164155,1.38351849793198,-2.11894100891628,14.1897413240071,-6.27843193044347,-11.0347434160304,-3.00460419413923,6.61508378046325,-5.93365568139158,11.0986941339862,-7.87866415813186,-1.56650096904883
2.75,-6.79251991680752,-6.85289876921678,7.05221084344657,-3.19227229469398,-5.59427775817297,-5.62868426928602,-1.240533665577,3.31150214364129,-1.09837948026561,-9.59437518862891,10.3956743730306,3.17021222778693,-4.19242579685806,1.38175412865122,-2.11651900828453,14.1720833150953,-6.27058392914163,-11.0210094077695,-3.00210802658478,6.60687173782295,-5.92607508027253,11.0849474933642,-7.86884513039933,-1.56453716260409
2.755,-6.7847215634967,-6.84401537575698,7.04443809237,-3.18829684301062,-5.58732071919502,-5.62172723030807,-1.24021184735989,3.30731924997088,-1.09711628552457,-9.58243818244589,10.3827426168379,3.16623322471484,-4.18843137730062,1.37998975937045,-2.11409700765279,14.1544253061835,-6.2627359278398,-11.0072753995086,-2.99961185903021,6.59865969518266,-5.91849447915344,11.0712008527422,-7.85902610266679,-1.56257335615935
2.76,-6.77692321018583,-6.83513198229718,7.03666534129366,-3.18432139132727,-5.58036368021708,-5.61477019133012,-1.23989002914277,3.30313635630047,-1.09585309078354,-9.57050117626286,10.3698108606451,3.16225422164274,-4.18443695774329,1.37822539008969,-2.11167500702103,14.1367672972717,-6.25488792653797,-10.9935413912477,-2.99711569147576,6.59044765254236,-5.91091387803438,11.0574542121202,-7.84920707493426,-1.56060954971462
2.765,-6.76912485687495,-6.82624858883739,7.0288925902172,-3.18034593964391,-5.57340664123913,-5.60781315235217,-1.23956821092565,3.29895346263007,-1.09458989604251,-9.55856417007984,10.3568791044524,3.15827521857063,-4.18044253818584,1.37646102080893,-2.1092530063893,14.1191092883598,-6.24703992523613,-10.9798073829868,-2.99461952392119,6.58223560990206,-5.90333327691529,11.0437075714982,-7.83938804720172,-1.55864574326988
2.77,-6.76132650356413,-6.81736519537759,7.02111983914074,-3.17637048796055,-5.56644960226118,-5.60085611337423,-1.23924639270854,3.29477056895966,-1.09332670130148,-9.54662716389681,10.3439473482597,3.15429621549853,-4.17644811862851,1.37469665152816,-2.10683100575754,14.101451279448,-6.2391919239343,-10.9660733747259,-2.99212335636673,6.57402356726176,-5.89575267579622,11.0299609308762,-7.82956901946919,-1.55668193682515
2.775,-6.75352815025332,-6.80848180191779,7.01334708806428,-3.17239503627719,-5.55949256328323,-5.59389907439628,-1.23892457449153,3.29058767528925,-1.09206350656045,-9.53469015771379,10.3310155920669,3.15031721242643,-4.17245369907107,1.3729322822474,-2.10440900512579,14.0837932705362,-6.23134392263246,-10.952339366465,-2.98962718881205,6.56581152462147,-5.88817207467714,11.0162142902542,-7.81974999173666,-1.55471813038041
2.78,-6.7457297969425,-6.799598408458,7.00557433698782,-3.16841958459383,-5.55253552430529,-5.58694203541833,-1.2386027562743,3.28640478161885,-1.09080031181941,-9.52275315153076,10.3180838358742,3.14633820935433,-4.16845927951374,1.37116791296663,-2.10198700449403,14.0661352616244,-6.22349592133063,-10.9386053582041,-2.9871310212576,6.55759948198117,-5.88059147355807,11.0024676496322,-7.80993096400413,-1.55275432393567
2.785,-6.73793144363162,-6.79071501499823,6.99780158591136,-3.16444413291047,-5.54557848532734,-5.57998499644039,-1.23828093805719,3.28222188794844,-1.08953711707839,-9.51081614534774,10.3051520796815,3.14235920628223,-4.1644648599563,1.36940354368587,-2.0995650038623,14.0484772527126,-6.2156479200288,-10.9248713499432,-2.98463485370303,6.54938743934087,-5.873010872439,10.9887210090101,-7.80011193627159,-1.55079051749094
2.79,-6.73013309032081,-6.78183162153843,6.9900288348349,-3.16046868122711,-5.53862144634939,-5.57302795746244,-1.23795911984007,3.27803899427803,-1.08827392233736,-9.49887913916471,10.2922203234887,3.13838020321014,-4.16047044039897,1.36763917440511,-2.09714300323054,14.0308192438007,-6.20779991872696,-10.9111373416823,-2.98213868614857,6.54117539670057,-5.86543027131992,10.9749743683881,-7.79029290853906,-1.5488267110462
2.795,-6.72233473700999,-6.77294822807863,6.98225608375844,-3.15649322954375,-5.53166440737144,-5.56607091848449,-1.23763730162295,3.27385610060763,-1.08701072759633,-9.48694213298169,10.279288567296,3.13440120013804,-4.15647602084152,1.36587480512434,-2.09472100259879,14.0131612348889,-6.19995191742513,-10.8974033334214,-2.97964251859401,6.53296335406028,-5.85784967020085,10.9612277277661,-7.78047388080653,-1.54686290460146
2.8,-6.71453638369917,-6.76406483461884,6.97448333268187,-3.15251777786039,-5.5247073683935,-5.55911387950654,-1.23731548340595,3.26967320693722,-1.08574753285529,-9.47500512679866,10.2663568111033,3.13042219706594,-4.15248160128408,1.36411043584358,-2.09229900196704,13.9955032259771,-6.19210391612329,-10.8836693251605,-2.97714635103955,6.52475131141998,-5.85026906908178,10.9474810871441,-7.77065485307399,-1.54489909815673
2.805,-6.70673803038835,-6.75518144115904,6.96671058160553,-3.14854232617703,-5.51775032941555,-5.5521568405286,-1.23699366518872,3.26549031326681,-1.08448433811426,-9.46306812061563,10.2534250549105,3.12644319399384,-4.14848718172675,1.36234606656281,-2.0898770013353,13.9778452170653,-6.18425591482146,-10.8699353168996,-2.97465018348498,6.51653926877968,-5.8426884679627,10.9337344465221,-7.76083582534146,-1.54293529171199
2.81,-6.69893967707748,-6.74629804769924,6.95893783052907,-3.14456687449368,-5.5107932904376,-5.54519980155065,-1.2366718469716,3.26130741959641,-1.08322114337323,-9.45113111443261,10.2404932987178,3.12246419092174,-4.14449276216931,1.36058169728205,-2.08745500070356,13.9601872081535,-6.17640791351963,-10.8562013086387,-2.97215401593053,6.50832722613938,-5.83510786684361,10.9199878059001,-7.75101679760892,-1.54097148526726
2.815,-6.69114132376666,-6.73741465423944,6.95116507945261,-3.14059142281032,-5.50383625145966,-5.5382427625727,-1.23635002875449,3.257124525926,-1.08195794863219,-9.43919410824959,10.2275615425251,3.11848518784964,-4.14049834261198,1.35881732800128,-2.08503300007179,13.9425291992416,-6.16855991221779,-10.8424673003778,-2.96965784837607,6.50011518349909,-5.82752726572456,10.9062411652781,-7.74119776987639,-1.53900767882252
2.82,-6.68334297045584,-6.72853126077968,6.94339232837615,-3.13661597112696,-5.49687921248171,-5.53128572359476,-1.23602821053737,3.25294163225559,-1.08069475389117,-9.42725710206656,10.2146297863323,3.11450618477754,-4.13650392305453,1.35705295872052,-2.08261099944005,13.9248711903298,-6.16071191091596,-10.8287332921169,-2.9671616808215,6.49190314085879,-5.81994666460547,10.8924945246561,-7.73137874214386,-1.53704387237778
2.825,-6.67554461714496,-6.71964786731988,6.93561957729969,-3.1326405194436,-5.48992217350376,-5.52432868461681,-1.23570639232037,3.24875873858518,-1.07943155915014,-9.41532009588354,10.2016980301396,3.11052718170544,-4.1325095034972,1.35528858943975,-2.08018899880831,13.907213181418,-6.15286390961413,-10.814999283856,-2.96466551326705,6.48369109821849,-5.81236606348641,10.8787478840341,-7.72155971441132,-1.53508006593305
2.83,-6.66774626383415,-6.71076447386008,6.92784682622317,-3.12866506776024,-5.48296513452581,-5.51737164563886,-1.23538457410325,3.24457584491477,-1.07816836440911,-9.40338308970051,10.1887662739469,3.10654817863334,-4.12851508393976,1.35352422015899,-2.07776699817657,13.8895551725062,-6.14501590831229,-10.8012652755951,-2.96216934571248,6.4754790555782,-5.80478546236732,10.8650012434121,-7.71174068667879,-1.53311625948831
2.835,-6.65994791052327,-6.70188108040028,6.92007407514677,-3.12468961607688,-5.47600809554787,-5.51041460666092,-1.23506275588602,3.24039295124437,-1.07690516966807,-9.39144608351748,10.1758345177541,3.10256917556124,-4.12452066438243,1.35175985087822,-2.07534499754482,13.8718971635944,-6.13716790701045,-10.7875312673342,-2.95967317815803,6.4672670129379,-5.79720486124826,10.8512546027901,-7.70192165894626,-1.53115245304357
2.84,-6.65214955721245,-6.69299768694049,6.91230132407031,-3.12071416439352,-5.46905105656992,-5.50345756768297,-1.2347409376689,3.23621005757396,-1.07564197492704,-9.37950907733446,10.1629027615614,3.09859017248914,-4.12052624482499,1.34999548159746,-2.07292299691306,13.8542391546825,-6.12931990570862,-10.7737972590732,-2.95717701060346,6.4590549702976,-5.78962426012917,10.8375079621681,-7.69210263121372,-1.52918864659884
2.845,-6.64435120390164,-6.68411429348069,6.90452857299385,-3.11673871271016,-5.46209401759197,-5.49650052870502,-1.23441911945179,3.23202716390356,-1.07437878018601,-9.36757207115143,10.1499710053687,3.09461116941704,-4.11653182526754,1.3482311123167,-2.07050099628131,13.8365811457707,-6.12147190440679,-10.7600632508123,-2.95468084304889,6.4508429276573,-5.78204365901011,10.8237613215461,-7.68228360348119,-1.5272248401541
2.85,-6.63655285059082,-6.67523090002089,6.89675582191734,-3.1127632610268,-5.45513697861402,-5.48954348972707,-1.23409730123478,3.22784427023315,-1.07311558544498,-9.35563506496841,10.137039249176,3.09063216634494,-4.11253740571021,1.34646674303594,-2.06807899564957,13.8189231368589,-6.11362390310495,-10.7463292425514,-2.95218467549432,6.442630885017,-5.77446305789103,10.8100146809241,-7.67246457574866,-1.52526103370937
2.855,-6.62875449728,-6.66634750656112,6.88898307084099,-3.10878780934344,-5.44817993963608,-5.48258645074913,-1.23377548301767,3.22366137656274,-1.07185239070395,-9.34369805878538,10.1241074929832,3.08665316327284,-4.10854298615277,1.34470237375517,-2.06565699501782,13.8012651279471,-6.10577590180312,-10.7325952342905,-2.94968850793987,6.43441884237671,-5.76688245677197,10.7962680403021,-7.66264554801612,-1.52329722726463
2.86,-6.62095614396918,-6.65746411310133,6.88121031976448,-3.10481235766009,-5.44122290065813,-5.47562941177118,-1.23345366480044,3.21947848289234,-1.07058919596292,-9.33176105260236,10.1111757367905,3.08267416020074,-4.10454856659544,1.34293800447441,-2.06323499438606,13.7836071190353,-6.09792790050129,-10.7188612260296,-2.9471923403853,6.42620679973641,-5.75930185565288,10.7825213996801,-7.65282652028359,-1.52133342081989
2.865,-6.61315779065831,-6.64858071964153,6.87343756868808,-3.10083690597673,-5.43426586168018,-5.46867237279323,-1.23313184658332,3.21529558922193,-1.06932600122189,-9.31982404641933,10.0982439805978,3.07869515712864,-4.100554147038,1.34117363519364,-2.06081299375433,13.7659491101234,-6.09007989919945,-10.7051272177687,-2.94469617283085,6.41799475709611,-5.75172125453381,10.7687747590581,-7.64300749255105,-1.51936961437516
2.87,-6.60535943734749,-6.63969732618173,6.86566481761156,-3.09686145429337,-5.42730882270224,-5.46171533381528,-1.2328100283662,3.21111269555152,-1.06806280648086,-9.30788704023631,10.085312224405,3.07471615405654,-4.09655972748067,1.33940926591288,-2.05839099312257,13.7482911012116,-6.08223189789761,-10.6913932095078,-2.94220000527628,6.40978271445582,-5.74414065341473,10.755028118436,-7.63318846481852,-1.51740580793042
2.875,-6.59756108403661,-6.63081393272194,6.85789206653516,-3.09288600261001,-5.42035178372429,-5.45475829483734,-1.2324882101492,3.20692980188112,-1.06679961173982,-9.29595003405328,10.0723804682123,3.07073715098444,-4.09256530792322,1.33764489663211,-2.05596899249082,13.7306330922998,-6.07438389659578,-10.6776592012469,-2.93970383772182,6.40157067181552,-5.73656005229566,10.741281477814,-7.62336943708599,-1.51544200148569
2.88,-6.58976273072579,-6.62193053926214,6.85011931545864,-3.08891055092665,-5.41339474474634,-5.44780125585939,-1.23216639193208,3.20274690821071,-1.0655364169988,-9.28401302787026,10.0594487120196,3.06675814791234,-4.08857088836589,1.33588052735135,-2.05354699185908,13.712975083388,-6.06653589529395,-10.663925192986,-2.93720767016725,6.39335862917522,-5.72897945117658,10.727534837192,-7.61355040935345,-1.51347819504095
2.885,-6.58196437741498,-6.61304714580234,6.84234656438218,-3.08493509924329,-5.4064377057684,-5.44084421688144,-1.23184457371497,3.1985640145403,-1.06427322225776,-9.27207602168723,10.0465169558268,3.06277914484024,-4.08457646880845,1.33411615807059,-2.05112499122733,13.6953170744762,-6.05868789399212,-10.6501911847251,-2.9347115026128,6.38514658653492,-5.72139885005753,10.71378819657,-7.60373138162092,-1.51151438859621
2.89,-6.5741660241041,-6.60416375234257,6.83457381330572,-3.08095964755993,-5.39948066679045,-5.43388717790349,-1.23152275549774,3.1943811208699,-1.06301002751673,-9.2601390155042,10.0335851996341,3.05880014176814,-4.08058204925112,1.33235178878982,-2.04870299059557,13.6776590655643,-6.05083989269028,-10.6364571764642,-2.93221533505823,6.37693454389462,-5.71381824893844,10.700041555948,-7.59391235388838,-1.50955058215148
2.895,-6.56636767079328,-6.59528035888277,6.82680106222926,-3.07698419587657,-5.3925236278125,-5.42693013892555,-1.23120093728062,3.19019822719949,-1.0617468327757,-9.24820200932118,10.0206534434414,3.05482113869604,-4.07658762969368,1.33058741950905,-2.04628098996382,13.6600010566525,-6.04299189138845,-10.6227231682033,-2.92971916750378,6.36872250125433,-5.70623764781938,10.686294915326,-7.58409332615585,-1.50758677570674
2.9,-6.55856931748247,-6.58639696542298,6.81902831115286,-3.07300874419321,-5.38556658883455,-5.4199730999476,-1.23087911906362,3.18601533352908,-1.06048363803467,-9.23626500313816,10.0077216872486,3.05084213562394,-4.07259321013623,1.32882305022829,-2.04385898933208,13.6423430477407,-6.03514389008661,-10.6089891599424,-2.92722299994921,6.36051045861403,-5.69865704670029,10.672548274704,-7.57427429842332,-1.505622969262
2.905,-6.55077096417165,-6.57751357196318,6.8112555600764,-3.06903329250985,-5.37860954985661,-5.41301606096966,-1.2305573008465,3.18183243985868,-1.05922044329363,-9.22432799695513,9.9947899310559,3.04686313255184,-4.0685987905789,1.32705868094753,-2.04143698870034,13.6246850388289,-6.02729588878478,-10.5952551516815,-2.92472683239475,6.35229841597373,-5.69107644558123,10.658801634082,-7.56445527069079,-1.50365916281727
2.91,-6.54297261086083,-6.56863017850338,6.80348280899995,-3.06505784082649,-5.37165251087866,-5.40605902199171,-1.23023548262938,3.17764954618827,-1.0579572485526,-9.2123909907721,9.98185817486317,3.04288412947974,-4.06460437102146,1.32529431166676,-2.03901498806859,13.6070270299171,-6.01944788748294,-10.5815211434206,-2.92223066484019,6.34408637333344,-5.68349584446214,10.64505499346,-7.55463624295825,-1.50169535637253
2.915,-6.53517425754995,-6.55974678504359,6.79571005792349,-3.06108238914314,-5.36469547190071,-5.39910198301376,-1.22991366441215,3.17346665251786,-1.05669405381158,-9.20045398458908,9.96892641867044,3.03890512640764,-4.06060995146413,1.323529942386,-2.03659298743683,13.5893690210052,-6.01159988618111,-10.5677871351597,-2.91973449728573,6.33587433069314,-5.67591524334307,10.631308352838,-7.54481721522572,-1.4997315499278
2.92,-6.52737590423914,-6.55086339158379,6.78793730684697,-3.05710693745978,-5.35773843292277,-5.39214494403581,-1.22959184619504,3.16928375884746,-1.05543085907054,-9.18851697840605,9.95599466247771,3.03492612333554,-4.05661553190669,1.32176557310524,-2.03417098680508,13.5717110120934,-6.00375188487928,-10.5540531268988,-2.91723832973116,6.32766228805284,-5.668334642224,10.617561712216,-7.53499818749319,-1.49776774348306
2.925,-6.51957755092832,-6.54197999812399,6.78016455577051,-3.05313148577642,-5.35078139394482,-5.38518790505787,-1.22927002797803,3.16510086517705,-1.05416766432951,-9.17657997222303,9.94306290628498,3.03094712026344,-4.05262111234936,1.32000120382447,-2.03174898617334,13.5540530031816,-5.99590388357744,-10.5403191186379,-2.91474216217659,6.31945024541254,-5.66075404110492,10.603815071594,-7.52517915976065,-1.49580393703833
2.93,-6.51177919761744,-6.53309660466422,6.77239180469405,-3.04915603409306,-5.34382435496687,-5.37823086607992,-1.22894820976092,3.16091797150664,-1.05290446958848,-9.16464296604,9.93013115009224,3.02696811719134,-4.04862669279191,1.31823683454371,-2.0293269855416,13.5363949942698,-5.98805588227561,-10.526585110377,-2.91224599462214,6.31123820277224,-5.65317343998585,10.590068430972,-7.51536013202812,-1.49384013059359
2.935,-6.50398084430662,-6.52421321120443,6.76461905361759,-3.0451805824097,-5.33686731598892,-5.37127382710197,-1.2286263915438,3.15673507783623,-1.05164127484745,-9.15270595985698,9.91719939389951,3.02298911411924,-4.04463227323458,1.31647246526294,-2.02690498490983,13.518736985358,-5.98020788097378,-10.5128511021161,-2.90974982706757,6.30302616013195,-5.64559283886678,10.57632179035,-7.50554110429558,-1.49187632414885
2.94,-6.49618249099575,-6.51532981774463,6.75684630254113,-3.04120513072634,-5.32991027701098,-5.36431678812403,-1.22830457332668,3.15255218416582,-1.05037808010641,-9.14076895367395,9.90426763770678,3.01901011104714,-4.04063785367714,1.31470809598218,-2.02448298427809,13.5010789764461,-5.97235987967194,-10.4991170938552,-2.90725365951312,6.29481411749165,-5.6380122377477,10.562575149728,-7.49572207656305,-1.48991251770412
2.945,-6.48838413768493,-6.50644642428483,6.74907355146468,-3.03722967904298,-5.32295323803303,-5.35735974914608,-1.22798275510945,3.14836929049542,-1.04911488536538,-9.12883194749093,9.89133588151405,3.01503110797504,-4.0366434341197,1.31294372670141,-2.02206098364636,13.4834209675343,-5.96451187837011,-10.4853830855943,-2.90475749195855,6.28660207485135,-5.63043163662863,10.548828509106,-7.48590304883052,-1.48794871125938
2.95,-6.48058578437411,-6.49756303082506,6.74130080038827,-3.03325422735962,-5.31599619905508,-5.35040271016813,-1.22766093689245,3.14418639682501,-1.04785169062436,-9.1168949413079,9.87840412532132,3.01105210490294,-4.03264901456237,1.31117935742065,-2.0196389830146,13.4657629586225,-5.95666387706827,-10.4716490773334,-2.90226132440409,6.27839003221106,-5.62285103550956,10.535081868484,-7.47608402109798,-1.48598490481464
2.955,-6.4727874310633,-6.48867963736524,6.73352804931176,-3.02927877567626,-5.30903916007714,-5.34344567119019,-1.22733911867533,3.1400035031546,-1.04658849588333,-9.10495793512488,9.86547236912859,3.00707310183085,-4.02865459500492,1.30941498813988,-2.01721698238285,13.4481049497107,-5.94881587576644,-10.4579150690725,-2.89976515684953,6.27017798957076,-5.61527043439048,10.5213352278619,-7.46626499336545,-1.48402109836991
2.96,-6.46498907775248,-6.47979624390544,6.72575529823536,-3.0253033239929,-5.30208212109919,-5.33648863221223,-1.22701730045821,3.1358206094842,-1.04532530114229,-9.09302092894185,9.85254061293585,3.00309409875874,-4.02466017544759,1.30765061885912,-2.01479498175111,13.4304469407989,-5.9409678744646,-10.4441810608116,-2.89726898929507,6.26196594693046,-5.60768983327141,10.5075885872399,-7.45644596563291,-1.48205729192517
2.965,-6.4571907244416,-6.4709128504457,6.7179825471589,-3.02132787230954,-5.29512508212124,-5.32953159323429,-1.2266954822411,3.13163771581379,-1.04406210640126,-9.08108392275883,9.83960885674312,2.99911509568664,-4.02066575589015,1.30588624957836,-2.01237298111936,13.412788931887,-5.93311987316277,-10.4304470525507,-2.8947728217405,6.25375390429016,-5.60010923215232,10.4938419466179,-7.44662693790038,-1.48009348548044
2.97,-6.44939237113078,-6.4620294569859,6.71020979608244,-3.01735242062619,-5.28816804314329,-5.32257455425634,-1.22637366402398,3.12745482214338,-1.04279891166023,-9.0691469165758,9.82667710055039,2.99513609261454,-4.01667133633282,1.30412188029759,-2.0099509804876,13.3951309229752,-5.92527187186094,-10.4167130442898,-2.89227665418605,6.24554186164987,-5.59252863103326,10.4800953059959,-7.43680791016785,-1.4781296790357
2.975,-6.44159401781997,-6.45314606352611,6.70243704500592,-3.01337696894283,-5.28121100416535,-5.31561751527839,-1.22605184580686,3.12327192847298,-1.04153571691921,-9.05720991039277,9.81374534435766,2.99115708954245,-4.01267691677538,1.30235751101683,-2.00752897985586,13.3774729140634,-5.9174238705591,-10.4029790360289,-2.88978048663148,6.23732981900957,-5.58494802991419,10.4663486653739,-7.42698888243531,-1.47616587259096
2.98,-6.43379566450915,-6.44426267006631,6.69466429392952,-3.00940151725947,-5.2742539651874,-5.30866047630045,-1.22573002758975,3.11908903480257,-1.04027252217817,-9.04527290420975,9.80081358816493,2.98717808647035,-4.00868249721805,1.30059314173606,-2.00510697922411,13.3598149051516,-5.90957586925727,-10.389245027768,-2.88728431907703,6.22911777636927,-5.57736742879511,10.4526020247519,-7.41716985470278,-1.47420206614623
2.985,-6.42599731119827,-6.43537927660651,6.686891542853,-3.00542606557611,-5.26729692620945,-5.3017034373225,-1.22540820937263,3.11490614113216,-1.03900932743714,-9.03333589802672,9.78788183197219,2.98319908339825,-4.0046880776606,1.2988287724553,-2.00268497859237,13.3421568962398,-5.90172786795544,-10.3755110195071,-2.88478815152246,6.22090573372897,-5.56978682767604,10.4388553841299,-7.40735082697025,-1.47223825970149
2.99,-6.4181989578874,-6.42649588314671,6.67911879177655,-3.00145061389275,-5.2603398872315,-5.29474639834455,-1.22508639115551,3.11072324746176,-1.03774613269611,-9.0213988918437,9.77495007577946,2.97922008032615,-4.00069365810316,1.29706440317454,-2.00026297796062,13.3244988873279,-5.8938798666536,-10.3617770112462,-2.88229198396789,6.21269369108868,-5.56220622655695,10.4251087435079,-7.39753179923771,-1.47027445325675
2.995,-6.41040060457658,-6.41761248968692,6.67134604070014,-2.99747516220939,-5.25338284825356,-5.28778935936661,-1.2247645729384,3.10654035379135,-1.03648293795507,-9.00946188566067,9.76201831958673,2.97524107725405,-3.99669923854583,1.29530003389377,-1.99784097732886,13.3068408784161,-5.88603186535176,-10.3480430029853,-2.87979581641332,6.20448164844838,-5.55462562543788,10.4113621028859,-7.38771277150518,-1.46831064681202
3,-6.40260225126576,-6.40872909622712,6.66357328962368,-2.99349971052603,-5.24642580927561,-5.28083232038866,-1.22444275472128,3.10235746012094,-1.03521974321404,-8.99752487947765,9.749086563394,2.97126207418195,-3.99270481898839,1.29353566461301,-1.99541897669712,13.2891828695043,-5.87818386404993,-10.3343089947244,-2.87729964885887,6.19626960580808,-5.54704502431881,10.3976154622639,-7.37789374377265,-1.46634684036728
3.005,-6.39480389795494,-6.39984570276735,6.65580053854723,-2.98952425884267,-5.23946877029766,-5.27387528141071,-1.22412093650416,3.09817456645054,-1.03395654847301,-8.98558787329462,9.73615480720127,2.96728307110985,-3.98871039943106,1.29177129533224,-1.99299697606537,13.2715248605925,-5.8703358627481,-10.3205749864635,-2.8748034813043,6.18805756316778,-5.53946442319973,10.3838688216419,-7.36807471604011,-1.46438303392255
3.01,-6.38700554464413,-6.39096230930755,6.64802778747077,-2.98554880715931,-5.23251173131972,-5.26691824243276,-1.22379911828705,3.09399167278013,-1.03269335373198,-8.9736508671116,9.72322305100854,2.96330406803775,-3.98471597987361,1.29000692605148,-1.99057497543363,13.2538668516807,-5.86248786144626,-10.3068409782025,-2.87230731374984,6.17984552052749,-5.53188382208066,10.3701221810199,-7.35825568830758,-1.46241922747781
3.015,-6.37920719133325,-6.38207891584776,6.64025503639431,-2.98157335547595,-5.22555469234177,-5.25996120345482,-1.22347730006993,3.08980877910972,-1.03143015899095,-8.96171386092857,9.7102912948158,2.95932506496565,-3.98072156031628,1.28824255677072,-1.98815297480186,13.2362088427688,-5.85463986014443,-10.2931069699416,-2.86981114619527,6.17163347788719,-5.5243032209616,10.3563755403979,-7.34843666057505,-1.46045542103307
3.02,-6.37140883802243,-6.37319552238796,6.63248228531785,-2.9775979037926,-5.21859765336382,-5.25300416447687,-1.22315548185281,3.08562588543932,-1.03016696424992,-8.94977685474555,9.69735953862307,2.95534606189355,-3.97672714075884,1.28647818748995,-1.98573097417012,13.218550833857,-5.8467918588426,-10.2793729616807,-2.86731497864082,6.16342143524689,-5.51672261984251,10.3426288997759,-7.33861763284251,-1.45849161458834
3.025,-6.36361048471161,-6.36431212892816,6.62470953424139,-2.97362245210924,-5.21164061438587,-5.24604712549893,-1.2228336636357,3.08144299176891,-1.02890376950889,-8.93783984856252,9.68442778243034,2.95136705882145,-3.97273272120151,1.28471381820919,-1.98330897353839,13.2008928249452,-5.83894385754076,-10.2656389534198,-2.86481881108637,6.15520939260659,-5.50914201872345,10.3288822591539,-7.32879860510998,-1.4565278081436
3.03,-6.3558121314008,-6.35542873546837,6.61693678316487,-2.96964700042588,-5.20468357540793,-5.23909008652098,-1.22251184541858,3.07726009809851,-1.02764057476785,-8.9259028423795,9.67149602623761,2.94738805574935,-3.96873830164407,1.28294944892842,-1.98088697290663,13.1832348160334,-5.83109585623893,-10.2519049451589,-2.8623226435318,6.1469973499663,-5.50156141760436,10.3151356185319,-7.31897957737744,-1.45456400169887
3.035,-6.34801377808998,-6.34654534200857,6.60916403208847,-2.96567154874252,-5.19772653642998,-5.23213304754303,-1.22219002720146,3.0730772044281,-1.02637738002683,-8.91396583619647,9.65856427004488,2.94340905267725,-3.96474388208662,1.28118507964766,-1.97846497227488,13.1655768071216,-5.82324785493709,-10.238170936898,-2.85982647597734,6.138785307326,-5.49398081648529,10.3013889779099,-7.30916054964491,-1.45260019525413
3.04,-6.34021542477905,-6.33766194854877,6.60139128101196,-2.96169609705916,-5.19076949745203,-5.22517600856508,-1.22186820898435,3.06889431075768,-1.02511418528579,-8.90202883001345,9.64563251385215,2.93943004960515,-3.96074946252929,1.27942071036689,-1.97604297164312,13.1479187982097,-5.81539985363526,-10.2244369286371,-2.85733030842277,6.1305732646857,-5.48640021536622,10.2876423372878,-7.29934152191237,-1.45063638880939
3.045,-6.33241707146823,-6.328778555089,6.59361852993555,-2.9577206453758,-5.18381245847409,-5.21821896958713,-1.22154639076723,3.06471141708728,-1.02385099054476,-8.89009182383042,9.63270075765941,2.93545104653305,-3.95675504297185,1.27765634108613,-1.97362097101139,13.1302607892979,-5.80755185233343,-10.2107029203762,-2.85483414086832,6.1223612220454,-5.47881961424714,10.2738956966658,-7.28952249417984,-1.44867258236466
3.05,-6.32461871815741,-6.3198951616292,6.5858457788591,-2.95374519369244,-5.17685541949614,-5.21126193060919,-1.22122457255023,3.06052852341687,-1.02258779580373,-8.8781548176474,9.61976900146668,2.93147204346095,-3.95276062341452,1.27589197180536,-1.97119897037963,13.1126027803861,-5.79970385103159,-10.1969689121153,-2.85233797331375,6.11414917940511,-5.47123901312807,10.2601490560438,-7.27970346644731,-1.44670877591992
3.055,-6.31682036484659,-6.31101176816941,6.57807302778264,-2.94976974200908,-5.16989838051819,-5.20430489163124,-1.220902754333,3.05634562974646,-1.0213246010627,-8.86621781146437,9.60683724527395,2.92749304038885,-3.94876620385708,1.2741276025246,-1.96877696974789,13.0949447714743,-5.79185584972976,-10.1832349038544,-2.8498418057593,6.10593713676481,-5.463658412009,10.2464024154218,-7.26988443871477,-1.44474496947518
3.06,-6.30902201153577,-6.30212837470961,6.57030027670618,-2.94579429032572,-5.16294134154024,-5.19734785265329,-1.22058093611588,3.05216273607606,-1.02006140632167,-8.85428080528134,9.59390548908122,2.92351403731675,-3.94477178429975,1.27236323324383,-1.96635496911614,13.0772867625625,-5.78400784842792,-10.1695008955935,-2.84734563820473,6.09772509412451,-5.45607781088992,10.2326557747998,-7.26006541098224,-1.44278116303045
3.065,-6.30122365822496,-6.29324498124981,6.56252752562972,-2.94181883864236,-5.1559843025623,-5.19039081367535,-1.22025911789876,3.04797984240565,-1.01879821158064,-8.84234379909832,9.58097373288849,2.91953503424465,-3.9407773647423,1.27059886396307,-1.9639329684844,13.0596287536506,-5.77615984712609,-10.1557668873326,-2.84484947065016,6.08951305148422,-5.44849720977085,10.2189091341778,-7.25024638324971,-1.44081735658571
3.07,-6.29342530491408,-6.28436158779002,6.55475477455326,-2.93784338695901,-5.14902726358435,-5.1834337746974,-1.21993729968165,3.04379694873525,-1.01753501683961,-8.83040679291529,9.56804197669575,2.91555603117255,-3.93678294518497,1.26883449468231,-1.96151096785265,13.0419707447388,-5.76831184582425,-10.1420328790717,-2.84235330309559,6.08130100884392,-5.44091660865178,10.2051624935558,-7.24042735551718,-1.43885355014098
3.075,-6.28562695160326,-6.27547819433022,6.5469820234768,-2.93386793527565,-5.1420702246064,-5.17647673571945,-1.21961548146464,3.03961405506484,-1.01627182209857,-8.81846978673227,9.55511022050302,2.91157702810045,-3.93278852562753,1.26707012540155,-1.95908896722089,13.024312735827,-5.76046384452242,-10.1282988708108,-2.83985713554114,6.07308896620362,-5.43333600753269,10.1914158529338,-7.23060832778464,-1.43688974369624
3.08,-6.27782859829244,-6.26659480087045,6.53920927240034,-2.92989248359229,-5.13511318562846,-5.1695196967415,-1.21929366324741,3.03543116139443,-1.01500862735755,-8.80653278054924,9.54217846431029,2.90759802502835,-3.92879410607009,1.26530575612078,-1.95666696658915,13.0066547269152,-5.75261584322059,-10.1145648625499,-2.83736096798657,6.06487692356332,-5.42575540641363,10.1776692123118,-7.22078930005211,-1.4349259372515
3.085,-6.27003024498163,-6.25771140741065,6.53143652132388,-2.92591703190893,-5.12815614665051,-5.16256265776356,-1.2189718450303,3.03124826772402,-1.01374543261651,-8.79459577436622,9.52924670811756,2.90361902195625,-3.92479968651276,1.26354138684001,-1.9542449659574,12.9889967180034,-5.74476784191875,-10.100830854289,-2.83486480043211,6.05666488092302,-5.41817480529454,10.1639225716898,-7.21097027231957,-1.43296213080677
3.09,-6.26223189167081,-6.24882801395086,6.52366377024748,-2.92194158022557,-5.12119910767256,-5.15560561878561,-1.21865002681318,3.02706537405362,-1.01248223787548,-8.78265876818319,9.51631495192483,2.89964001888415,-3.92080526695531,1.26177701755925,-1.95182296532566,12.9713387090915,-5.73691984061692,-10.0870968460281,-2.83236863287755,6.04845283828273,-5.41059420417548,10.1501759310678,-7.20115124458704,-1.43099832436203
3.095,-6.25443353835988,-6.23994462049106,6.51589101917097,-2.91796612854221,-5.11424206869461,-5.14864857980766,-1.21832820859606,3.02288248038321,-1.01121904313445,-8.77072176200017,9.50338319573209,2.89566101581205,-3.91681084739798,1.26001264827849,-1.94940096469391,12.9536807001797,-5.72907183931508,-10.0733628377672,-2.82987246532309,6.04024079564243,-5.40301360305639,10.1364292904458,-7.19133221685451,-1.4290345179173
3.1,-6.24663518504906,-6.23106122703126,6.50811826809456,-2.91399067685885,-5.10728502971667,-5.14169154082972,-1.21800639037906,3.0186995867128,-1.00995584839342,-8.75878475581714,9.49045143953936,2.89168201273995,-3.91281642784054,1.25824827899772,-1.94697896406215,12.9360226912679,-5.72122383801325,-10.0596288295063,-2.82737629776852,6.03202875300213,-5.39543300193733,10.1226826498238,-7.18151318912197,-1.42707071147256
3.105,-6.23883683173824,-6.22217783357146,6.5003455170181,-2.91001522517549,-5.10032799073872,-5.13473450185177,-1.21768457216194,3.0145166930424,-1.00869265365239,-8.74684774963412,9.47751968334663,2.88770300966785,-3.90882200828321,1.25648390971696,-1.94455696343041,12.9183646823561,-5.71337583671142,-10.0458948212454,-2.82488013021407,6.02381671036184,-5.38785240081825,10.1089360092018,-7.17169416138944,-1.42510690502782
3.11,-6.23103847842742,-6.21329444011167,6.49257276594159,-2.90603977349213,-5.09337095176077,-5.12777746287382,-1.21736275394471,3.01033379937199,-1.00742945891136,-8.73491074345109,9.4645879271539,2.88372400659575,-3.90482758872577,1.25471954043619,-1.94213496279865,12.9007066734443,-5.70552783540958,-10.0321608129845,-2.8223839626595,6.01560466772154,-5.38027179969919,10.0951893685798,-7.1618751336569,-1.42314309858309
3.115,-6.2232401251166,-6.2044110466519,6.48480001486519,-2.90206432180877,-5.08641391278283,-5.12082042389587,-1.2170409357276,3.00615090570159,-1.00616626417033,-8.72297373726807,9.45165617096117,2.87974500352365,-3.90083316916844,1.25295517115543,-1.93971296216691,12.8830486645324,-5.69767983410775,-10.0184268047236,-2.81988779510505,6.00739262508124,-5.3726911985801,10.0814427279578,-7.15205610592437,-1.42117929213835
3.12,-6.21544177180573,-6.1955276531921,6.47702726378867,-2.89808887012542,-5.07945687380488,-5.11386338491792,-1.21671911751048,3.00196801203118,-1.0049030694293,-8.71103673108504,9.43872441476844,2.87576600045155,-3.89683874961099,1.25119080187466,-1.93729096153517,12.8653906556206,-5.68983183280591,-10.0046927964627,-2.81739162755059,5.99918058244094,-5.36511059746104,10.0676960873357,-7.14223707819184,-1.41921548569362
3.125,-6.20764341849491,-6.1866442597323,6.46925451271221,-2.89411341844206,-5.07249983482693,-5.10690634593998,-1.21639729929348,2.99778511836077,-1.00363987468827,-8.69909972490202,9.4257926585757,2.87178699737946,-3.89284433005366,1.2494264325939,-1.93486896090342,12.8477326467088,-5.68198383150408,-9.99095878820178,-2.81489545999602,5.99096853980065,-5.35752999634195,10.0539494467137,-7.1324180504593,-1.41725167924888
3.13,-6.19984506518409,-6.17776086627251,6.46148176163575,-2.8901379667587,-5.06554279584898,-5.09994930696203,-1.21607548107636,2.99360222469037,-1.00237667994723,-8.68716271871899,9.41286090238297,2.86780799430736,-3.88884991049622,1.24766206331314,-1.93244696027166,12.830074637797,-5.67413583020225,-9.97722477994088,-2.81239929244157,5.98275649716035,-5.34994939522289,10.0402028060917,-7.12259902272677,-1.41528787280414
3.135,-6.19204671187327,-6.16887747281271,6.45370901055929,-2.88616251507534,-5.05858575687104,-5.09299226798409,-1.21575366285913,2.98941933101996,-1.0011134852062,-8.67522571253597,9.39992914619024,2.86382899123526,-3.88485549093878,1.24589769403237,-1.93002495963991,12.8124166288852,-5.66628782890041,-9.96349077167998,-2.80990312488689,5.97454445452005,-5.34236879410381,10.0264561654697,-7.11277999499424,-1.41332406635941
3.14,-6.18424835856246,-6.15999407935291,6.44593625948283,-2.88218706339198,-5.05162871789309,-5.08603522900614,-1.21543184464201,2.98523643734955,-0.999850290465169,-8.66328870635294,9.38699738999751,2.85984998816316,-3.88086107138145,1.24413332475161,-1.92760295900817,12.7947586199733,-5.65843982759858,-9.94975676341907,-2.80740695733243,5.96633241187975,-5.33478819298473,10.0127095248477,-7.1029609672617,-1.41136025991467
3.145,-6.17645000525158,-6.15111068589312,6.43816350840638,-2.87821161170862,-5.04467167891514,-5.07907819002819,-1.2151100264249,2.98105354367914,-0.99858709572414,-8.65135170016991,9.37406563380478,2.85587098509106,-3.876866651824,1.24236895547084,-1.92518095837643,12.7771006110615,-5.65059182629675,-9.93602275515817,-2.80491078977786,5.95812036923946,-5.32720759186566,9.99896288422572,-7.09314193952917,-1.40939645346994
3.15,-6.16865165194071,-6.14222729243332,6.43039075732997,-2.87423616002526,-5.0377146399372,-5.07212115105024,-1.21478820820789,2.97687065000873,-0.997323900983105,-8.63941469398689,9.36113387761204,2.85189198201896,-3.87287223226667,1.24060458619008,-1.92275895774468,12.7594426021497,-5.64274382499491,-9.92228874689727,-2.80241462222341,5.94990832659916,-5.3196269907466,9.98521624360372,-7.08332291179664,-1.4074326470252
3.155,-6.16085329862989,-6.13334389897355,6.42261800625351,-2.8702607083419,-5.03075760095925,-5.0651641120723,-1.21446638999078,2.97268775633833,-0.996060706242076,-8.62747768780386,9.34820212141931,2.84791297894686,-3.86887781270923,1.23884021690932,-1.92033695711292,12.7417845932379,-5.63489582369307,-9.90855473863637,-2.79991845466884,5.94169628395886,-5.31204638962751,9.97146960298171,-7.0735038840641,-1.40546884058046
3.16,-6.15305494531907,-6.12446050551375,6.41484525517706,-2.86628525665854,-5.0238005619813,-5.05820707309435,-1.21414457177366,2.96850486266792,-0.994797511501048,-8.61554068162084,9.33527036522658,2.84393397587476,-3.8648833931519,1.23707584762855,-1.91791495648117,12.7241265843261,-5.62704782239124,-9.89482073037546,-2.79742228711439,5.93348424131856,-5.30446578850845,9.9577229623597,-7.06368485633157,-1.40350503413573
3.165,-6.14525659200825,-6.11557711205396,6.4070725041006,-2.86230980497518,-5.01684352300335,-5.0512500341164,-1.21382275355643,2.96432196899752,-0.993534316760019,-8.60360367543781,9.32233860903385,2.83995497280266,-3.86088897359446,1.23531147834779,-1.91549295584943,12.7064685754142,-5.61919982108941,-9.88108672211456,-2.79492611955982,5.92527219867827,-5.29688518738936,9.9439763217377,-7.05386582859904,-1.40154122769099
3.17,-6.13745823869738,-6.10669371859416,6.39929975302414,-2.85833435329182,-5.00988648402541,-5.04429299513845,-1.21350093533943,2.96013907532711,-0.992271122018984,-8.59166666925479,9.30940685284112,2.83597596973056,-3.85689455403713,1.23354710906702,-1.91307095521768,12.6888105665024,-5.61135181978758,-9.86735271385366,-2.79242995200536,5.91706015603797,-5.2893045862703,9.93022968111569,-7.0440468008665,-1.39957742124625
3.175,-6.12965988538656,-6.09781032513436,6.39152700194762,-2.85435890160847,-5.00292944504746,-5.03733595616051,-1.21317911712231,2.9559561816567,-0.991007927277948,-8.57972966307176,9.29647509664839,2.83199696665846,-3.85290013447968,1.23178273978626,-1.91064895458592,12.6711525575906,-5.60350381848574,-9.85361870559276,-2.7899337844508,5.90884811339767,-5.28172398515122,9.91648304049369,-7.03422777313397,-1.39761361480152
3.18,-6.12186153207574,-6.08892693167456,6.38375425087122,-2.85038344992511,-4.99597240606951,-5.03037891718256,-1.21285729890519,2.95177328798629,-0.98974473253692,-8.56779265688874,9.28354334045565,2.82801796358636,-3.84890571492224,1.23001837050549,-1.90822695395418,12.6534945486788,-5.59565581718391,-9.83988469733185,-2.78743761689634,5.90063607075737,-5.27414338403214,9.90273639987168,-7.02440874540143,-1.39564980835678
3.185,-6.11406317876492,-6.08004353821477,6.3759814997947,-2.84640799824175,-4.98901536709157,-5.02342187820462,-1.21253548068808,2.94759039431589,-0.988481537795892,-8.55585565070571,9.27061158426292,2.82403896051426,-3.84491129536491,1.22825400122473,-1.90580495332244,12.635836539767,-5.58780781588207,-9.82615068907095,-2.78494144934177,5.89242402811708,-5.26656278291307,9.88898975924967,-7.0145897176689,-1.39368600191205
3.19,-6.1062648254541,-6.071160144755,6.36820874871825,-2.84243254655839,-4.98205832811362,-5.01646483922666,-1.21221366247084,2.94340750064548,-0.987218343054856,-8.54391864452269,9.25767982807019,2.82005995744216,-3.84091687580747,1.22648963194397,-1.90338295269068,12.6181785308551,-5.57995981458024,-9.81241668081005,-2.78244528178732,5.88421198547678,-5.258982181794,9.87524311862767,-7.00477068993637,-1.39172219546731
3.195,-6.09846647214323,-6.0622767512952,6.36043599764179,-2.83845709487503,-4.97510128913567,-5.00950780024872,-1.21189184425384,2.93922460697507,-0.985955148313828,-8.53198163833966,9.24474807187746,2.81608095437006,-3.83692245625014,1.2247252626632,-1.90096095205894,12.6005205219433,-5.5721118132784,-9.79868267254914,-2.77994911423275,5.87599994283648,-5.25140158067492,9.86149647800566,-6.99495166220384,-1.38975838902257
3.2,-6.09066811883241,-6.0533933578354,6.35266324656533,-2.83448164319167,-4.96814425015772,-5.00255076127077,-1.21157002603672,2.93504171330467,-0.984691953572799,-8.52004463215663,9.23181631568473,2.81210195129796,-3.83292803669269,1.22296089338244,-1.8985389514272,12.5828625130315,-5.56426381197657,-9.78494866428824,-2.7774529466783,5.86778790019618,-5.24382097955585,9.84774983738366,-6.9851326344713,-1.38779458257784
3.205,-6.08286976552154,-6.04450996437561,6.34489049548887,-2.83050619150831,-4.96118721117978,-4.99559372229282,-1.21124820781961,2.93085881963426,-0.983428758831764,-8.50810762597361,9.218884559492,2.80812294822586,-3.82893361713536,1.22119652410167,-1.89611695079543,12.5652045041197,-5.55641581067474,-9.77121465602734,-2.77495677912373,5.85957585755589,-5.23624037843678,9.83400319676165,-6.97531360673877,-1.3858307761331
3.21,-6.07507141221072,-6.03562657091581,6.33711774441247,-2.82653073982495,-4.95423017220183,-4.98863668331488,-1.21092638960249,2.92667592596386,-0.982165564090735,-8.49617061979059,9.20595280329927,2.80414394515376,-3.82493919757792,1.21943215482091,-1.89369495016369,12.5475464952079,-5.5485678093729,-9.75748064776644,-2.77246061156916,5.85136381491559,-5.2286597773177,9.82025655613965,-6.96549457900623,-1.38386696968837
3.215,-6.0672730588999,-6.02674317745601,6.32934499333601,-2.82255528814159,-4.94727313322388,-4.98167964433693,-1.21060457138537,2.92249303229345,-0.980902369349707,-8.48423361360756,9.19302104710653,2.80016494208166,-3.82094477802059,1.21766778554015,-1.89127294953194,12.5298884862961,-5.54071980807107,-9.74374663950553,-2.76996444401459,5.84315177227529,-5.22107917619863,9.80650991551764,-6.9556755512737,-1.38190316324363
3.22,-6.05947470558903,-6.01785978399622,6.32157224225955,-2.81857983645823,-4.94031609424594,-4.97472260535898,-1.21028275316826,2.91831013862304,-0.979639174608671,-8.47229660742454,9.1800892909138,2.79618593900956,-3.81695035846315,1.21590341625938,-1.8888509489002,12.5122304773842,-5.53287180676923,-9.73001263124463,-2.76746827646014,5.83493972963499,-5.21349857507956,9.79276327489563,-6.94585652354117,-1.37993935679889
3.225,-6.05167635227821,-6.00897639053645,6.31379949118309,-2.81460438477488,-4.93335905526799,-4.96776556638104,-1.20996093495114,2.91412724495263,-0.978375979867636,-8.46035960124151,9.16715753472107,2.79220693593746,-3.8129559389057,1.21413904697862,-1.88642894826846,12.4945724684724,-5.5250238054674,-9.71627862298373,-2.76497210890568,5.8267276869947,-5.20591797396048,9.77901663427363,-6.93603749580863,-1.37797555035416
3.23,-6.04387799896739,-6.00009299707665,6.30602674010663,-2.81062893309152,-4.92640201629004,-4.96080852740309,-1.20963911673402,2.90994435128222,-0.977112785126607,-8.44842259505849,9.15422577852834,2.78822793286536,-3.80896151934837,1.21237467769785,-1.88400694763669,12.4769144595606,-5.51717580416557,-9.70254461472283,-2.76247594135111,5.8185156443544,-5.19833737284139,9.76526999365162,-6.9262184680761,-1.37601174390942
3.235,-6.03607964565657,-5.99120960361685,6.29825398903017,-2.80665348140816,-4.91944497731209,-4.95385148842514,-1.20931729851691,2.90576145761182,-0.975849590385572,-8.43648558887546,9.14129402233561,2.78424892979326,-3.80496709979093,1.21061030841709,-1.88158494700495,12.4592564506488,-5.50932780286373,-9.68881060646192,-2.75997977379666,5.8103036017141,-5.19075677172233,9.75152335302962,-6.91639944034357,-1.37404793746468
3.24,-6.02828129234575,-5.98232621015708,6.29048123795366,-2.8026780297248,-4.91248793833415,-4.94689444944719,-1.20899548029979,2.90157856394141,-0.974586395644543,-8.42454858269243,9.12836226614287,2.78026992672116,-3.8009726802336,1.20884593913632,-1.87916294637321,12.4415984417369,-5.5014798015619,-9.67507659820102,-2.75748360624209,5.8020915590738,-5.18317617060326,9.73777671240761,-6.90658041261103,-1.37208413101995
3.245,-6.02048293903488,-5.97344281669729,6.28270848687725,-2.79870257804144,-4.9055308993562,-4.93993741046925,-1.20867366208267,2.897395670271,-0.973323200903515,-8.41261157650941,9.11543050995014,2.77629092364906,-3.79697826067616,1.20708156985556,-1.87674094574146,12.4239404328251,-5.49363180026007,-9.66134258994012,-2.75498743868764,5.79387951643351,-5.17559556948419,9.7240300717856,-6.8967613848785,-1.37012032457521
3.25,-6.01268458572406,-5.96455942323746,6.2749357358008,-2.79472712635808,-4.89857386037825,-4.9329803714913,-1.20835184386556,2.8932127766006,-0.972060006162486,-8.40067457032638,9.10249875375741,2.77231192057696,-3.79298384111883,1.2053172005748,-1.87431894510971,12.4062824239133,-5.48578379895823,-9.64760858167921,-2.75249127113307,5.78566747379321,-5.16801496836511,9.7102834311636,-6.88694235714596,-1.36815651813048
3.255,-6.00488623241324,-5.95567602977769,6.26716298472434,-2.79075167467472,-4.89161682140031,-4.92602333251335,-1.20803002564844,2.88902988293019,-0.970796811421451,-8.38873756414336,9.08956699756468,2.76833291750486,-3.78898942156138,1.20355283129403,-1.87189694447795,12.3886244150015,-5.47793579765639,-9.63387457341831,-2.74999510357861,5.77745543115291,-5.16043436724604,9.69653679054159,-6.87712332941343,-1.36619271168574
3.26,-5.99708787910237,-5.94679263631789,6.25939023364788,-2.78677622299136,-4.88465978242236,-4.91906629353541,-1.20770820743132,2.88484698925978,-0.969533616680422,-8.37680055796033,9.07663524137195,2.76435391443276,-3.78499500200405,1.20178846201327,-1.86947494384621,12.3709664060897,-5.47008779635456,-9.62014056515741,-2.74749893602404,5.76924338851261,-5.15285376612695,9.68279014991959,-6.8673043016809,-1.364228905241
3.265,-5.98928952579155,-5.93790924285813,6.25161748257142,-2.782800771308,-4.87770274344441,-4.91210925455746,-1.20738638921421,2.88066409558938,-0.968270421939387,-8.36486355177731,9.06370348517921,2.76037491136066,-3.78100058244661,1.20002409273251,-1.86705294321446,12.3533083971779,-5.46223979505273,-9.6064065568965,-2.74500276846959,5.76103134587232,-5.14527316500788,9.66904350929758,-6.85748527394836,-1.36226509879627
3.27,-5.98149117248073,-5.92902584939833,6.24384473149496,-2.77882531962464,-4.87074570446646,-4.90515221557951,-1.2070645709972,2.87648120191897,-0.967007227198359,-8.35292654559428,9.05077172898648,2.75639590828857,-3.77700616288917,1.19825972345174,-1.86463094258271,12.335650388266,-5.45439179375089,-9.5926725486356,-2.74250660091502,5.75281930323202,-5.13769256388881,9.65529686867558,-6.84766624621583,-1.36030129235153
3.275,-5.97369281916986,-5.92014245593853,6.2360719804185,-2.77484986794129,-4.86378866548852,-4.89819517660156,-1.20674275277997,2.87229830824856,-0.965744032457323,-8.34098953941126,9.03783997279375,2.75241690521647,-3.77301174333184,1.19649535417097,-1.86220894195097,12.3179923793542,-5.44654379244906,-9.5789385403747,-2.74001043336057,5.74460726059172,-5.13011196276973,9.64155022805357,-6.8378472184833,-1.35833748590679
3.28,-5.96589446585904,-5.91125906247873,6.22829922934204,-2.77087441625793,-4.85683162651057,-4.89123813762362,-1.20642093456286,2.86811541457816,-0.964480837716295,-8.32905253322823,9.02490821660102,2.74843790214437,-3.76901732377439,1.19473098489021,-1.85978694131923,12.3003343704424,-5.43869579114723,-9.5652045321138,-2.73751426580588,5.73639521795142,-5.12253136165066,9.62780358743156,-6.82802819075076,-1.35637367946206
3.285,-5.95809611254822,-5.90237566901894,6.22052647826558,-2.76689896457457,-4.84987458753262,-4.88428109864567,-1.20609911634574,2.86393252090775,-0.963217642975266,-8.31711552704521,9.01197646040829,2.74445889907227,-3.76502290421706,1.19296661560945,-1.85736494068746,12.2826763615306,-5.43084778984539,-9.5514705238529,-2.73501809825143,5.72818317531113,-5.11495076053158,9.61405694680956,-6.81820916301823,-1.35440987301732
3.29,-5.9502977592374,-5.89349227555914,6.21275372718912,-2.76292351289121,-4.84291754855468,-4.87732405966772,-1.20577729812862,2.85974962723734,-0.961954448234238,-8.30517852086218,8.99904470421556,2.74047989600016,-3.76102848465962,1.19120224632868,-1.85494294005572,12.2650183526188,-5.42299978854356,-9.53773651559199,-2.73252193069686,5.71997113267083,-5.10737015941253,9.60031030618755,-6.80839013528569,-1.35244606657259
3.295,-5.94249940592658,-5.88460888209934,6.20498097611267,-2.75894806120785,-4.83596050957673,-4.87036702068978,-1.20545547991162,2.85556673356693,-0.960691253493202,-8.29324151467915,8.98611294802282,2.73650089292806,-3.75703406510229,1.18943787704792,-1.85252093942397,12.2473603437069,-5.41515178724172,-9.52400250733108,-2.73002576314241,5.71175909003053,-5.09978955829344,9.58656366556555,-6.79857110755316,-1.35048226012785
3.3,-5.93470105261571,-5.87572548863957,6.19720822503621,-2.75497260952449,-4.82900347059878,-4.86340998171183,-1.20513366169439,2.85138383989653,-0.959428058752174,-8.28130450849613,8.97318119183009,2.73252188985597,-3.75303964554485,1.18767350776715,-1.85009893879223,12.2297023347951,-5.40730378593989,-9.51026849907019,-2.72752959558784,5.70354704739024,-5.09220895717436,9.57281702494354,-6.78875207982063,-1.34851845368311
3.305,-5.92690269930489,-5.86684209517978,6.1894354739598,-2.75099715784113,-4.82204643162083,-4.85645294273388,-1.20481184347727,2.84720094622612,-0.958164864011145,-8.2693675023131,8.96024943563736,2.72854288678387,-3.74904522598752,1.18590913848639,-1.84767693816049,12.2120443258833,-5.39945578463805,-9.49653449080928,-2.72503342803338,5.69533500474994,-5.08462835605529,9.55907038432153,-6.77893305208809,-1.34655464723838
3.31,-5.91910434599407,-5.85795870171998,6.18166272288329,-2.74702170615777,-4.81508939264289,-4.84949590375593,-1.20449002526016,2.84301805255572,-0.95690166927011,-8.25743049613008,8.94731767944463,2.72456388371176,-3.74505080643007,1.18414476920563,-1.84525493752872,12.1943863169715,-5.39160778333622,-9.48280048254838,-2.72253726047882,5.68712296210964,-5.07704775493622,9.54532374369952,-6.76911402435556,-1.34459084079364
3.315,-5.9113059926832,-5.84907530826018,6.17388997180683,-2.74304625447441,-4.80813235366494,-4.84253886477799,-1.20416820704304,2.83883515888531,-0.955638474529074,-8.24549348994706,8.9343859232519,2.72058488063967,-3.74105638687263,1.18238039992486,-1.84283293689698,12.1767283080597,-5.38375978203439,-9.46906647428747,-2.72004109292436,5.67891091946934,-5.06946715381714,9.53157710307752,-6.75929499662303,-1.34262703434891
3.32,-5.90350763937238,-5.84019191480039,6.16611722073037,-2.73907080279105,-4.80117531468699,-4.83558182580004,-1.20384638882604,2.8346522652149,-0.954375279788046,-8.23355648376403,8.92145416705916,2.71660587756757,-3.7370619673153,1.1806160306441,-1.84041093626523,12.1590702991478,-5.37591178073255,-9.45533246602657,-2.71754492536979,5.67069887682904,-5.06188655269807,9.51783046245552,-6.74947596889049,-1.34066322790417
3.325,-5.8957092860615,-5.83130852134059,6.15834446965391,-2.73509535110769,-4.79421827570904,-4.82862478682209,-1.20352457060892,2.8304693715445,-0.953112085047017,-8.221619477581,8.90852241086643,2.71262687449547,-3.73306754775786,1.17885166136334,-1.83798893563348,12.141412290236,-5.36806377943072,-9.44159845776567,-2.71504875781534,5.66248683418875,-5.054305951579,9.50408382183351,-6.73965694115796,-1.33869942145944
3.33,-5.88791093275069,-5.82242512788079,6.15057171857745,-2.73111989942434,-4.7872612367311,-4.82166774784415,-1.20320275239169,2.82628647787408,-0.951848890305982,-8.20968247139798,8.8955906546737,2.70864787142337,-3.72907312820053,1.17708729208257,-1.83556693500174,12.1237542813242,-5.36021577812889,-9.42786444950477,-2.71255259026088,5.65427479154845,-5.04672535045992,9.4903371812115,-6.72983791342542,-1.3367356150147
3.335,-5.88011257943987,-5.81354173442099,6.14279896750099,-2.72714444774098,-4.78030419775315,-4.8147107088662,-1.20288093417457,2.82210358420368,-0.950585695564953,-8.19774546521495,8.88265889848097,2.70466886835127,-3.72507870864308,1.1753229228018,-1.83314493436998,12.1060962724124,-5.35236777682705,-9.41413044124386,-2.71005642270632,5.64606274890815,-5.03914474934085,9.4765905405895,-6.72001888569289,-1.33477180856996
3.34,-5.87231422612905,-5.8046583409612,6.13502621642459,-2.72316899605762,-4.7733471587752,-4.80775366988825,-1.20255911595746,2.81792069053327,-0.949322500823918,-8.18580845903193,8.86972714228824,2.70068986527917,-3.72108428908575,1.17355855352104,-1.83072293373824,12.0884382635006,-5.34451977552522,-9.40039643298296,-2.70756025515186,5.63785070626786,-5.03156414822178,9.46284389996749,-6.71019985796036,-1.33280800212523
3.345,-5.86451587281823,-5.79577494750143,6.12725346534808,-2.71919354437426,-4.76639011979726,-4.80079663091031,-1.20223729774045,2.81373779686287,-0.948059306082889,-8.1738714528489,8.85679538609551,2.69671086220707,-3.71708986952831,1.17179418424027,-1.82830093310649,12.0707802545887,-5.33667177422338,-9.38666242472206,-2.70506408759729,5.62963866362756,-5.0239835471027,9.44909725934548,-6.70038083022782,-1.33084419568049
3.35,-5.85671751950736,-5.78689155404163,6.11948071427167,-2.7152180926909,-4.75943308081931,-4.79383959193236,-1.20191547952334,2.80955490319246,-0.946796111341861,-8.16193444666588,8.84386362990277,2.69273185913497,-3.71309544997098,1.17002981495951,-1.82587893247474,12.0531222456769,-5.32882377292155,-9.37292841646115,-2.70256792004284,5.62142662098726,-5.01640294598361,9.43535061872348,-6.69056180249529,-1.32888038923575
3.355,-5.84891916619654,-5.77800816058183,6.11170796319522,-2.71124264100754,-4.75247604184136,-4.78688255295441,-1.20159366130611,2.80537200952205,-0.945532916600826,-8.14999744048285,8.83093187371004,2.68875285606287,-3.70910103041354,1.16826544567875,-1.823456931843,12.0354642367651,-5.32097577161971,-9.35919440820025,-2.70007175248816,5.61321457834696,-5.00882234486456,9.42160397810147,-6.68074277476276,-1.32691658279102
3.36,-5.84112081288572,-5.76912476712204,6.10393521211876,-2.70726718932418,-4.74551900286342,-4.77992551397646,-1.20127184308899,2.80118911585165,-0.944269721859797,-8.13806043429983,8.81800011751731,2.68477385299077,-3.70510661085621,1.16650107639799,-1.82103493121124,12.0178062278533,-5.31312777031788,-9.34546039993935,-2.6975755849337,5.60500253570666,-5.00124174374547,9.40785733747947,-6.67092374703022,-1.32495277634628
3.365,-5.8333224595749,-5.76024137366224,6.0961624610423,-2.70329173764082,-4.73856196388547,-4.77296847499851,-1.20095002487187,2.79700622218124,-0.943006527118762,-8.1261234281168,8.80506836132458,2.68079484991867,-3.70111219129876,1.16473670711722,-1.81861293057949,12.0001482189415,-5.30527976901605,-9.33172639167845,-2.69507941737913,5.59679049306637,-4.99366114262641,9.39411069685746,-6.66110471929769,-1.32298896990155
3.37,-5.82552410626403,-5.75135798020244,6.08838970996584,-2.69931628595746,-4.73160492490752,-4.76601143602057,-1.20062820665487,2.79282332851083,-0.941743332377733,-8.11418642193377,8.79213660513185,2.67681584684657,-3.69711777174132,1.16297233783645,-1.81619092994775,11.9824902100296,-5.29743176771421,-9.31799238341754,-2.69258324982468,5.58857845042607,-4.98608054150732,9.38036405623546,-6.65128569156516,-1.32102516345681
3.375,-5.81772575295315,-5.74247458674265,6.08061695888932,-2.6953408342741,-4.72464788592957,-4.75905439704262,-1.20030638843775,2.78864043484043,-0.940480137636705,-8.10224941575075,8.77920484893911,2.67283684377447,-3.69312335218399,1.16120796855569,-1.813768929316,11.9648322011178,-5.28958376641238,-9.30425837515664,-2.69008708227011,5.58036640778577,-4.97849994038826,9.36661741561345,-6.64146666383262,-1.31906135701207
3.38,-5.80992739964233,-5.73359119328288,6.07284420781286,-2.69136538259075,-4.71769084695163,-4.75209735806467,-1.19998457022064,2.78445754117002,-0.939216942895669,-8.09031240956772,8.76627309274638,2.66885784070237,-3.68912893262655,1.15944359927493,-1.81134692868426,11.947174192206,-5.28173576511054,-9.29052436689574,-2.68759091471566,5.57215436514548,-4.97091933926919,9.35287077499144,-6.63164763610009,-1.31709755056734
3.385,-5.80212904633152,-5.72470779982308,6.0650714567364,-2.68738993090739,-4.71073380797368,-4.74514031908673,-1.19966275200341,2.78027464749961,-0.937953748154641,-8.0783754033847,8.75334133655365,2.66487883763027,-3.68513451306922,1.15767922999416,-1.80892492805251,11.9295161832942,-5.27388776380871,-9.27679035863484,-2.68509474716109,5.56394232250518,-4.96333873815011,9.33912413436944,-6.62182860836756,-1.3151337441226
3.39,-5.7943306930207,-5.71582440636328,6.05729870565995,-2.68341447922403,-4.70377676899573,-4.73818328010878,-1.19934093378629,2.77609175382921,-0.936690553413612,-8.06643839720167,8.74040958036092,2.66089983455817,-3.68114009351177,1.1559148607134,-1.80650292742075,11.9118581743824,-5.26603976250688,-9.26305635037393,-2.68259857960663,5.55573027986488,-4.95575813703103,9.32537749374743,-6.61200958063502,-1.31316993767786
3.395,-5.78653233970988,-5.70694101290348,6.04952595458349,-2.67943902754067,-4.69681973001778,-4.73122624113083,-1.19901911556929,2.7719088601588,-0.935427358672584,-8.05450139101865,8.72747782416819,2.65692083148607,-3.67714567395444,1.15415049143263,-1.80408092678901,11.8942001654705,-5.25819176120504,-9.24932234211303,-2.68010241205207,5.54751823722458,-4.94817753591197,9.31163085312543,-6.60219055290249,-1.31120613123313
3.4,-5.778733986399,-5.69805761944369,6.04175320350708,-2.67546357585731,-4.68986269103984,-4.72426920215289,-1.19869729735217,2.76772596648839,-0.934164163931548,-8.04256438483562,8.71454606797545,2.65294182841397,-3.673151254397,1.15238612215187,-1.80165892615727,11.8765421565587,-5.25034375990321,-9.23558833385213,-2.67760624449761,5.53930619458429,-4.94059693479288,9.29788421250342,-6.59237152516995,-1.30924232478839
3.405,-5.77093563308819,-5.68917422598389,6.03398045243063,-2.67148812417395,-4.68290565206189,-4.71731216317494,-1.19837547913505,2.76354307281798,-0.93290096919052,-8.0306273786526,8.70161431178273,2.64896282534187,-3.66915683483967,1.1506217528711,-1.79923692552552,11.8588841476469,-5.24249575860138,-9.22185432559122,-2.67511007694304,5.53109415194399,-4.93301633367382,9.28413757188142,-6.58255249743742,-1.30727851834366
3.41,-5.76313727977737,-5.68029083252409,6.02620770135417,-2.66751267249059,-4.67594861308394,-4.71035512419699,-1.19805366091782,2.75936017914758,-0.931637774449484,-8.01869037246957,8.68868255558999,2.64498382226977,-3.66516241528223,1.14885738359034,-1.79681492489377,11.8412261387351,-5.23464775729954,-9.20812031733032,-2.67261390938859,5.52288210930369,-4.92543573255473,9.27039093125941,-6.57273346970489,-1.30531471189892
3.415,-5.75533892646655,-5.67140743906432,6.01843495027771,-2.66353722080723,-4.668991574106,-4.70339808521904,-1.1977318427007,2.75517728547717,-0.930374579708449,-8.00675336628655,8.67575079939726,2.64100481919767,-3.66116799572478,1.14709301430958,-1.79439292426201,11.8235681298233,-5.2267997559977,-9.19438630906942,-2.67011774183402,5.51467006666339,-4.91785513143567,9.2566442906374,-6.56291444197235,-1.30335090545418
3.42,-5.74754057315573,-5.66252404560453,6.01066219920125,-2.65956176912387,-4.66203453512805,-4.6964410462411,-1.1974100244837,2.75099439180676,-0.92911138496742,-7.99481636010352,8.66281904320453,2.63702581612557,-3.65717357616745,1.14532864502881,-1.79197092363027,11.8059101209114,-5.21895175469587,-9.18065230080852,-2.66762157427956,5.5064580240231,-4.91027453031658,9.2428976500154,-6.55309541423982,-1.30138709900945
3.425,-5.7397422198448,-5.65364065214473,6.00288944812479,-2.65558631744051,-4.6550774961501,-4.68948400726315,-1.19708820626659,2.74681149813636,-0.927848190226392,-7.9828793539205,8.6498872870118,2.63304681305347,-3.65317915661001,1.14356427574805,-1.78954892299852,11.7882521119996,-5.21110375339404,-9.16691829254761,-2.66512540672488,5.4982459813828,-4.90269392919751,9.22915100939339,-6.54327638650729,-1.29942329256471
3.43,-5.73194386653398,-5.64475725868493,5.99511669704833,-2.65161086575716,-4.64812045717215,-4.6825269682852,-1.19676638804947,2.74262860446595,-0.926584995485364,-7.97094234773747,8.63695553081907,2.62906780998137,-3.64918473705268,1.14179990646728,-1.78712692236677,11.7705941030878,-5.2032557520922,-9.15318428428671,-2.66262923917043,5.4900339387425,-4.89511332807844,9.21540436877138,-6.53345735877475,-1.29745948611998
3.435,-5.72414551322316,-5.63587386522514,5.98734394597187,-2.6476354140738,-4.64116341819421,-4.67556992930725,-1.19644456983235,2.73844571079554,-0.925321800744328,-7.95900534155445,8.62402377462633,2.62508880690927,-3.64519031749523,1.14003553718652,-1.78470492173503,11.752936094176,-5.19540775079037,-9.1394502760258,-2.66013307161597,5.4818218961022,-4.88753272695938,9.20165772814938,-6.52363833104222,-1.29549567967524
3.44,-5.71634715991235,-5.62699047176534,5.97957119489536,-2.64365996239044,-4.63420637921626,-4.66861289032931,-1.19612275161512,2.73426281712514,-0.9240586060033,-7.94706833537142,8.6110920184336,2.62110980383717,-3.64119589793791,1.13827116790576,-1.78228292110327,11.7352780852642,-5.18755974948854,-9.1257162677649,-2.65763690406141,5.47360985346191,-4.87995212584029,9.18791108752737,-6.51381930330969,-1.2935318732305
3.445,-5.70854880660153,-5.61810707830554,5.97179844381895,-2.63968451070708,-4.62724934023831,-4.66165585135136,-1.19580093339812,2.73007992345473,-0.922795411262271,-7.9351313291884,8.59816026224087,2.61713080076507,-3.63720147838046,1.13650679862499,-1.77986092047152,11.7176200763523,-5.1797117481867,-9.111982259504,-2.65514073650695,5.46539781082161,-4.87237152472123,9.17416444690537,-6.50400027557715,-1.29156806678577
3.45,-5.70075045329071,-5.60922368484577,5.9640256927425,-2.63570905902372,-4.62029230126037,-4.65469881237341,-1.195479115181,2.72589702978432,-0.921532216521229,-7.92319432300537,8.58522850604814,2.61315179769298,-3.63320705882313,1.13474242934423,-1.77743891983978,11.6999620674405,-5.17186374688487,-9.0982482512431,-2.65264456895238,5.45718576818131,-4.86479092360214,9.16041780628336,-6.49418124784462,-1.28960426034103
3.455,-5.69295209997983,-5.60034029138598,5.95625294166598,-2.63173360734036,-4.61333526228242,-4.64774177339547,-1.19515729696388,2.72171413611392,-0.9202690217802,-7.91125731682235,8.57229674985541,2.60917279462087,-3.62921263926569,1.13297806006346,-1.77501691920803,11.6823040585287,-5.16401574558303,-9.08451424298219,-2.65014840139793,5.44897372554101,-4.85721032248307,9.14667116566136,-6.48436222011209,-1.28764045389629
3.46,-5.68515374666902,-5.59145689792618,5.94848019058958,-2.627758155657,-4.60637822330447,-4.64078473441752,-1.19483547874677,2.71753124244351,-0.919005827039172,-7.89932031063932,8.55936499366268,2.60519379154878,-3.62521821970824,1.1312136907827,-1.77259491857627,11.6646460496169,-5.1561677442812,-9.07078023472129,-2.64765223384336,5.44076168290072,-4.849629721364,9.13292452503935,-6.47454319237955,-1.28567664745156
3.465,-5.6773553933582,-5.58257350446638,5.94070743951312,-2.62378270397364,-4.59942118432652,-4.63382769543957,-1.19451366052954,2.7133483487731,-0.917742632298143,-7.88738330445629,8.54643323746994,2.60121478847668,-3.62122380015091,1.12944932150193,-1.77017291794454,11.6469880407051,-5.14831974297936,-9.05704622646039,-2.64515606628891,5.43254964026042,-4.84204912024492,9.11917788441734,-6.46472416464702,-1.28371284100682
3.47,-5.66955704004738,-5.57369011100658,5.93293468843666,-2.61980725229028,-4.59246414534858,-4.62687065646162,-1.19419184231253,2.70916545510269,-0.916479437557108,-7.87544629827327,8.53350148127721,2.59723578540458,-3.61722938059347,1.12768495222117,-1.76775091731278,11.6293300317932,-5.14047174167753,-9.04331221819949,-2.64265989873434,5.42433759762012,-4.83446851912585,9.10543124379534,-6.45490513691448,-1.28174903456209
3.475,-5.66175868673656,-5.56480671754679,5.9251619373602,-2.61583180060692,-4.58550710637063,-4.61991361748368,-1.19387002409542,2.70498256143229,-0.915216242816079,-7.86350929209024,8.52056972508448,2.59325678233248,-3.61323496103614,1.12592058294041,-1.76532891668104,11.6116720228814,-5.1326237403757,-9.02957820993858,-2.64016373117988,5.41612555497982,-4.82688791800678,9.09168460317333,-6.44508610918195,-1.27978522811735
3.48,-5.65396033342563,-5.55592332408699,5.91738918628374,-2.61185634892356,-4.57855006739268,-4.61295657850573,-1.1935482058783,2.70079966776188,-0.913953048075051,-7.85157228590722,8.50763796889175,2.58927777926038,-3.6092405414787,1.12415621365964,-1.76290691604929,11.5940140139696,-5.12477573907386,-9.01584420167768,-2.63766756362531,5.40791351233953,-4.8193073168877,9.07793796255133,-6.43526708144942,-1.27782142167261
3.485,-5.64616198011481,-5.54703993062719,5.90961643520728,-2.60788089724021,-4.57159302841474,-4.60599953952778,-1.19322638766118,2.69661677409147,-0.912689853334015,-7.83963527972419,8.49470621269902,2.58529877618827,-3.60524612192137,1.12239184437888,-1.76048491541754,11.5763560050578,-5.11692773777203,-9.00211019341678,-2.63517139607086,5.39970146969923,-4.81172671576861,9.06419132192932,-6.42544805371688,-1.27585761522788
3.49,-5.63836362680399,-5.53815653716742,5.90184368413082,-2.60390544555685,-4.56463598943679,-4.59904250054984,-1.19290456944407,2.69243388042107,-0.911426658592987,-7.82769827354117,8.48177445650628,2.58131977311618,-3.60125170236392,1.12062747509811,-1.7580629147858,11.558697996146,-5.1090797364702,-8.98837618515587,-2.63267522851629,5.39148942705893,-4.80414611464955,9.05044468130732,-6.41562902598435,-1.27389380878314
3.495,-5.63056527349318,-5.52927314370763,5.89407093305437,-2.59992999387349,-4.55767895045884,-4.59208546157189,-1.19258275122695,2.68825098675066,-0.910163463851951,-7.81576126735814,8.46884270031355,2.57734077004408,-3.59725728280659,1.11886310581735,-1.75564091415404,11.5410399872341,-5.10123173516836,-8.97464217689497,-2.63017906096184,5.38327738441863,-4.79656551353047,9.03669804068531,-6.40580999825182,-1.27193000233841
3.5,-5.62276692018236,-5.52038975024783,5.88629818197791,-2.59595454219013,-4.55072191148089,-4.58512842259394,-1.19226093300983,2.68406809308025,-0.908900269110923,-7.80382426117512,8.45591094412082,2.57336176697198,-3.59326286324915,1.11709873653659,-1.7532189135223,11.5233819783223,-5.09338373386653,-8.96090816863407,-2.62768289340715,5.37506534177834,-4.78898491241141,9.0229514000633,-6.39599097051928,-1.26996619589367
3.505,-5.61496856687148,-5.51150635678803,5.8785254309015,-2.59197909050677,-4.54376487250295,-4.578171383616,-1.19193911479272,2.67988519940985,-0.907637074369887,-7.79188725499209,8.44297918792809,2.56938276389988,-3.58926844369159,1.11533436725582,-1.75079691289055,11.5057239694105,-5.08553573256469,-8.94717416037317,-2.6251867258527,5.36685329913804,-4.78140431129232,9.0092047594413,-6.38617194278675,-1.26800238944893
3.51,-5.60717021356066,-5.50262296332826,5.87075267982499,-2.58800363882341,-4.536807833525,-4.57121434463805,-1.1916172965756,2.67570230573944,-0.906373879628859,-7.77995024880907,8.43004743173536,2.56540376082778,-3.58527402413432,1.11356999797506,-1.7483749122588,11.4880659604987,-5.07768773126286,-8.93344015211227,-2.62269055829813,5.35864125649774,-4.77382371017326,8.99545811881929,-6.37635291505422,-1.2660385830042
3.515,-5.59937186024985,-5.49373956986844,5.86297992874859,-2.58402818714005,-4.52985079454705,-4.5642573056601,-1.19129547835848,2.67151941206903,-0.905110684887831,-7.76801324262604,8.41711567554262,2.56142475775568,-3.58127960457688,1.11180562869429,-1.74595291162706,11.4704079515869,-5.06983972996102,-8.91970614385136,-2.62019439074368,5.35042921385744,-4.76624310905419,8.98171147819729,-6.36653388732168,-1.26407477655946
3.52,-5.59157350693903,-5.48485617640864,5.85520717767207,-2.58005273545669,-4.5228937555691,-4.55730026668215,-1.19097366014137,2.66733651839862,-0.903847490146795,-7.75607623644302,8.40418391934989,2.55744575468358,-3.57728518501955,1.11004125941353,-1.7435309109953,11.452749942675,-5.06199172865919,-8.90597213559046,-2.61769822318911,5.34221717121715,-4.75866250793511,8.96796483757528,-6.35671485958915,-1.26211097011473
3.525,-5.58377515362821,-5.47597278294887,5.84743442659561,-2.57607728377333,-4.51593671659116,-4.5503432277042,-1.19065184192425,2.66315362472822,-0.902584295405767,-7.74413923025999,8.39125216315716,2.55346675161148,-3.5732907654621,1.10827689013276,-1.74110891036355,11.4350919337632,-5.05414372735736,-8.89223812732956,-2.61520205563465,5.33400512857685,-4.75108190681603,8.95421819695327,-6.34689583185662,-1.26014716366999
3.53,-5.57597680031733,-5.4670893894891,5.83966167551915,-2.57210183208997,-4.50897967761321,-4.54338618872626,-1.19033002370713,2.65897073105781,-0.901321100664738,-7.73220222407697,8.37832040696443,2.54948774853938,-3.56929634590477,1.106512520852,-1.73868690973181,11.4174339248514,-5.04629572605552,-8.87850411906865,-2.61270588808009,5.32579308593655,-4.74350130569697,8.94047155633127,-6.33707680412408,-1.25818335722525
3.535,-5.56817844700646,-5.45820599602931,5.83188892444269,-2.56812638040662,-4.50202263863526,-4.53642914974831,-1.19000820549002,2.6547878373874,-0.900057905923703,-7.72026521789394,8.3653886507717,2.54550874546728,-3.56530192634733,1.10474815157124,-1.73626490910006,11.3997759159396,-5.03844772475369,-8.86477011080775,-2.61020972052563,5.31758104329625,-4.73592070457788,8.92672491570926,-6.32725777639155,-1.25621955078052
3.54,-5.56038009369564,-5.44932260256948,5.82411617336624,-2.56415092872326,-4.49506559965732,-4.52947211077037,-1.1896863872729,2.650604943717,-0.898794711182667,-7.70832821171091,8.35245689457896,2.54152974239518,-3.56130750678994,1.10298378229047,-1.7338429084683,11.3821179070278,-5.03059972345185,-8.85103610254685,-2.60771355297118,5.30936900065596,-4.72834010345881,8.91297827508726,-6.31743874865901,-1.25425574433578
3.545,-5.55258174038482,-5.44043920910971,5.81634342228978,-2.5601754770399,-4.48810856067937,-4.52251507179242,-1.1893645690559,2.64642205004659,-0.897531516441646,-7.69639120552789,8.33952513838623,2.53755073932308,-3.55731308723256,1.10121941300971,-1.73142090783656,11.3644598981159,-5.02275172215002,-8.83730209428594,-2.60521738541661,5.30115695801566,-4.72075950233973,8.89923163446525,-6.30761972092648,-1.25229193789105
3.55,-5.54478338707401,-5.43155581564992,5.80857067121332,-2.55620002535654,-4.48115152170142,-4.51555803281447,-1.18904275083867,2.64223915637618,-0.896268321700617,-7.68445419934486,8.3265933821935,2.53357173625098,-3.55331866767517,1.09945504372894,-1.72899890720481,11.3468018892041,-5.01490372084819,-8.82356808602504,-2.60272121786215,5.29294491537536,-4.71317890122067,8.88548499384324,-6.29780069319395,-1.25032813144631
3.555,-5.53698503376313,-5.42267242219012,5.80079792013692,-2.55222457367318,-4.47419448272348,-4.50860099383652,-1.18872093262155,2.63805626270578,-0.895005126959575,-7.67251719316184,8.31366162600077,2.52959273317888,-3.54932424811778,1.09769067444818,-1.72657690657307,11.3291438802923,-5.00705571954635,-8.80983407776414,-2.60022505030759,5.28473287273507,-4.70559830010158,8.87173835322124,-6.28798166546141,-1.24836432500157
3.56,-5.52918668045231,-5.41378902873032,5.79302516906046,-2.54824912198982,-4.46723744374553,-4.50164395485858,-1.18839911440443,2.63387336903537,-0.893741932218546,-7.66058018697881,8.30072986980804,2.52561373010678,-3.5453298285604,1.09592630516741,-1.72415490594132,11.3114858713805,-4.99920771824452,-8.79610006950324,-2.59772888275313,5.27652083009477,-4.69801769898251,8.85799171259923,-6.27816263772888,-1.24640051855684
3.565,-5.52138832714149,-5.40490563527052,5.78525241798394,-2.54427367030646,-4.46028040476758,-4.49468691588063,-1.18807729618737,2.62969047536496,-0.892478737477518,-7.64864318079579,8.28779811361531,2.52163472703468,-3.54133540900301,1.09416193588665,-1.72173290530957,11.2938278624687,-4.99135971694269,-8.78236606124233,-2.59523271519851,5.26830878745447,-4.69043709786344,8.84424507197722,-6.26834360999634,-1.2444367121121
3.57,-5.51358997383068,-5.39602224181075,5.77747966690754,-2.5402982186231,-4.45332336578963,-4.48772987690268,-1.18775547797026,2.62550758169456,-0.891215542736489,-7.63670617461276,8.27486635742257,2.51765572396258,-3.53734098944557,1.09239756660589,-1.71931090467781,11.2761698535568,-4.98351171564085,-8.76863205298143,-2.59273654764405,5.26009674481417,-4.68285649674436,8.83049843135522,-6.25852458226381,-1.24247290566736
3.575,-5.50579162051986,-5.38713884835096,5.76970691583102,-2.53632276693974,-4.44636632681169,-4.48077283792474,-1.18743365975314,2.62132468802415,-0.889952347995454,-7.62476916842974,8.26193460122984,2.51367672089048,-3.53334656988818,1.09063319732512,-1.71688890404607,11.258511844645,-4.97566371433901,-8.75489804472053,-2.59024038008948,5.25188470217387,-4.67527589562529,8.81675179073321,-6.24870555453128,-1.24050909922263
3.58,-5.49799326720898,-5.37825545489116,5.76193416475456,-2.53234731525638,-4.43940928783374,-4.47381579894679,-1.18711184153602,2.61714179435375,-0.888689153254425,-7.61283216224671,8.24900284503711,2.50969771781838,-3.52935215033074,1.08886882804436,-1.7144669034143,11.2408538357332,-4.96781571303718,-8.74116403645962,-2.58774421253497,5.24367265953358,-4.66769529450622,8.80300515011121,-6.23888652679874,-1.23854529277789
3.585,-5.49019491389816,-5.36937206143136,5.7541614136781,-2.52837186357303,-4.43245224885579,-4.46685875996884,-1.18679002331891,2.61295890068333,-0.887425958513397,-7.60089515606369,8.23607108884438,2.50571871474628,-3.52535773077341,1.08710445876359,-1.71204490278257,11.2231958268214,-4.95996771173535,-8.72743002819872,-2.58524804498046,5.23546061689328,-4.66011469338714,8.7892585094892,-6.22906749906621,-1.23658148633316
3.59,-5.48239656058729,-5.36048866797157,5.7463886626017,-2.52439641188967,-4.42549520987785,-4.4599017209909,-1.18646820510179,2.60877600701293,-0.886162763772361,-7.58895814988066,8.22313933265165,2.50173971167418,-3.52136331121602,1.08534008948283,-1.70962290215083,11.2055378179096,-4.95211971043351,-8.71369601993782,-2.58275187742595,5.22724857425298,-4.65253409226807,8.7755118688672,-6.21924847133368,-1.23461767988842
3.595,-5.47459820727647,-5.35160527451177,5.73861591152519,-2.52042096020631,-4.4185381708999,-4.45294468201294,-1.18614638688467,2.60459311334252,-0.884899569031326,-7.57702114369764,8.21020757645891,2.49776070860208,-3.51736889165863,1.08357572020206,-1.70720090151909,11.1878798089977,-4.94427170913168,-8.69996201167692,-2.58025570987144,5.21903653161269,-4.644953491149,8.76176522824519,-6.20942944360114,-1.23265387344368
3.6,-5.46679985396565,-5.34272188105197,5.73084316044879,-2.51644550852295,-4.41158113192195,-4.445987643035,-1.18582456866756,2.60041021967212,-0.883636374290298,-7.56508413751461,8.19727582026619,2.49378170552998,-3.51337447210125,1.0818113509213,-1.70477890088732,11.1702218000859,-4.93642370782985,-8.68622800341601,-2.57775954231693,5.21082448897239,-4.63737289002992,8.74801858762318,-6.19961041586861,-1.23069006699895
3.605,-5.45900150065478,-5.3338384875922,5.72307040937233,-2.51247005683959,-4.404624092944,-4.43903060405705,-1.18550275045044,2.59622732600171,-0.882373179549269,-7.55314713133158,8.18434406407345,2.48980270245788,-3.50938005254386,1.08004698164054,-1.70235690025558,11.1525637911741,-4.92857570652801,-8.67249399515511,-2.57526337476241,5.20261244633209,-4.62979228891085,8.73427194700118,-6.18979138813608,-1.22872626055421
3.61,-5.45120314734396,-5.32495509413241,5.71529765829587,-2.50849460515623,-4.39766705396606,-4.43207356507911,-1.18518093223332,2.5920444323313,-0.881109984808234,-7.54121012514856,8.17141230788072,2.48582369938578,-3.50538563298647,1.07828261235977,-1.69993489962383,11.1349057822623,-4.92072770522618,-8.65875998689421,-2.5727672072079,5.19440040369179,-4.62221168779178,8.72052530637917,-6.17997236040354,-1.22676245410947
3.615,-5.44340479403314,-5.31607170067261,5.70752490721941,-2.50451915347287,-4.39071001498811,-4.42511652610116,-1.18485911401621,2.5878615386609,-0.879846790067205,-7.52927311896553,8.15848055168799,2.48184469631368,-3.50139121342909,1.07651824307901,-1.69751289899209,11.1172477733505,-4.91287970392435,-8.6450259786333,-2.57027103965339,5.1861883610515,-4.6146310866727,8.70677866575717,-6.17015333267101,-1.22479864766474
3.62,-5.43560644072232,-5.30718830721281,5.69975215614295,-2.50054370178951,-4.38375297601016,-4.41815948712321,-1.18453729579909,2.58367864499048,-0.878583595326177,-7.51733611278251,8.14554879549526,2.47786569324158,-3.49739679387164,1.07475387379824,-1.69509089836033,11.0995897644386,-4.90503170262251,-8.6312919703724,-2.56777487209888,5.1779763184112,-4.60705048555363,8.69303202513516,-6.16033430493848,-1.22283484122
3.625,-5.42780808741151,-5.29830491375301,5.69197940506649,-2.49656825010615,-4.37679593703221,-4.41120244814526,-1.18421547758203,2.57949575132008,-0.877320400585148,-7.50539910659948,8.13261703930253,2.47388669016948,-3.49340237431426,1.07298950451748,-1.69266889772859,11.0819317555268,-4.89718370132067,-8.6175579621115,-2.56527870454431,5.1697642757709,-4.59946988443455,8.67928538451315,-6.15051527720594,-1.22087103477527
3.63,-5.42000973410063,-5.28942152029322,5.68420665399003,-2.49259279842279,-4.36983889805427,-4.40424540916732,-1.18389365936486,2.57531285764967,-0.876057205844113,-7.49346210041646,8.11968528310979,2.46990768709739,-3.48940795475687,1.07122513523672,-1.69024689709686,11.064273746615,-4.88933570001884,-8.6038239538506,-2.5627825369898,5.1615522331306,-4.59188928331548,8.66553874389115,-6.14069624947341,-1.21890722833053
3.635,-5.41221138078981,-5.28053812683342,5.67643390291352,-2.48861734673944,-4.36288185907632,-4.39728837018937,-1.1835718411478,2.57112996397927,-0.874794011103084,-7.48152509423343,8.10675352691706,2.46592868402529,-3.48541353519948,1.06946076595595,-1.6878248964651,11.0466157377032,-4.88148769871701,-8.59008994558969,-2.56028636943529,5.15334019049031,-4.58430868219641,8.65179210326914,-6.13087722174087,-1.21694342188579
3.64,-5.40441302747899,-5.27165473337365,5.66866115183706,-2.48464189505608,-4.35592482009837,-4.39033133121142,-1.18325002293062,2.56694707030886,-0.873530816362049,-7.46958808805041,8.09382177072433,2.46194968095319,-3.4814191156421,1.06769639667519,-1.68540289583335,11.0289577287914,-4.87363969741517,-8.57635593732879,-2.55779020188078,5.14512814785001,-4.57672808107733,8.63804546264714,-6.12105819400834,-1.21497961544106
3.645,-5.39661467416812,-5.26277133991385,5.6608884007606,-2.48066644337272,-4.34896778112043,-4.38337429223347,-1.18292820471351,2.56276417663845,-0.872267621621013,-7.45765108186738,8.0808900145316,2.45797067788109,-3.47742469608471,1.06593202739442,-1.6829808952016,11.0112997198795,-4.86579169611334,-8.56262192906789,-2.55529403432627,5.13691610520971,-4.56914747995826,8.62429882202513,-6.11123916627581,-1.21301580899632
3.65,-5.3888163208573,-5.25388794645406,5.6531156496842,-2.47669099168936,-4.34201074214248,-4.37641725325553,-1.18260638649645,2.55858128296805,-0.871004426879985,-7.44571407568436,8.06795825833887,2.45399167480899,-3.47343027652732,1.06416765811366,-1.68055889456986,10.9936417109677,-4.8579436948115,-8.54888792080699,-2.55279786677175,5.12870406256941,-4.56156687883919,8.61055218140313,-6.10142013854327,-1.21105200255159
3.655,-5.38101796754648,-5.24500455299426,5.64534289860774,-2.472715540006,-4.33505370316453,-4.36946021427758,-1.18228456827927,2.55439838929764,-0.869741232138956,-7.43377706950133,8.05502650214613,2.45001267173689,-3.46943585696994,1.06240328883289,-1.6781368939381,10.9759837020559,-4.85009569350967,-8.53515391254608,-2.55030169921724,5.12049201992912,-4.55398627772011,8.59680554078112,-6.09160111081074,-1.20908819610685
3.66,-5.37321961423561,-5.23612115953446,5.63757014753128,-2.46874008832264,-4.32809666418658,-4.36250317529963,-1.18196275006221,2.55021549562723,-0.868478037397921,-7.42184006331831,8.0420947459534,2.44603366866479,-3.46544143741255,1.06063891955213,-1.67571489330635,10.9583256931441,-4.84224769220784,-8.52141990428518,-2.54780553166268,5.11227997728882,-4.54640567660104,8.58305890015911,-6.0817820830782,-1.20712438966211
3.665,-5.36542126092479,-5.22723776607467,5.62979739645482,-2.46476463663928,-4.32113962520864,-4.35554613632168,-1.18164093184504,2.54603260195683,-0.867214842656892,-7.40990305713528,8.02916298976067,2.44205466559269,-3.46144701785511,1.05887455027137,-1.67329289267461,10.9406676842323,-4.834399690906,-8.50768589602427,-2.54530936410816,5.10406793464852,-4.53882507548197,8.56931225953711,-6.07196305534567,-1.20516058321738
3.67,-5.35762290761397,-5.21835437261487,5.62202464537836,-2.46078918495592,-4.31418258623069,-4.34858909734374,-1.18131911362792,2.54184970828642,-0.865951647915857,-7.39796605095226,8.01623123356794,2.43807566252059,-3.45745259829772,1.0571101809906,-1.67087089204286,10.9230096753204,-4.82655168960417,-8.49395188776337,-2.54281319655365,5.09585589200822,-4.53124447436289,8.5555656189151,-6.06214402761314,-1.20319677677264
3.675,-5.34982455430315,-5.20947097915507,5.6142518943019,-2.45681373327256,-4.30722554725274,-4.34163205836579,-1.18099729541086,2.53766681461601,-0.864688453174836,-7.38602904476923,8.00329947737521,2.43409665944849,-3.45345817874033,1.05534581170984,-1.66844889141112,10.9053516664086,-4.81870368830234,-8.48021787950247,-2.54031702899914,5.08764384936793,-4.52366387324381,8.5418189782931,-6.05232499988061,-1.20123297032791
3.68,-5.34202620099234,-5.2005875856953,5.60647914322544,-2.4528382815892,-4.3002685082748,-4.33467501938784,-1.18067547719369,2.53348392094561,-0.863425258433793,-7.37409203858621,7.99036772118247,2.43011765637639,-3.44946375918295,1.05358144242907,-1.66602689077935,10.8876936574968,-4.8108556870005,-8.46648387124157,-2.53782086144463,5.07943180672763,-4.51608327212473,8.52807233767109,-6.04250597214807,-1.19926916388317
3.685,-5.33422784768146,-5.19170419223551,5.59870639214898,-2.44886282990584,-4.29331146929685,-4.3277179804099,-1.18035365897663,2.5293010272752,-0.862162063692764,-7.36215503240318,7.97743596498974,2.42613865330429,-3.44546933962556,1.05181707314831,-1.66360489014761,10.870035648585,-4.80300768569867,-8.45274986298066,-2.53532469389012,5.07121976408733,-4.50850267100566,8.51432569704909,-6.03268694441554,-1.19730535743843
3.69,-5.32642949437064,-5.18282079877571,5.59093364107252,-2.44488737822249,-4.2863544303189,-4.32076094143195,-1.18003184075951,2.52511813360479,-0.860898868951736,-7.35021802622015,7.96450420879701,2.42215965023219,-3.44147492006817,1.05005270386755,-1.66118288951586,10.8523776396732,-4.79515968439683,-8.43901585471976,-2.53282852633561,5.06300772144703,-4.50092206988658,8.50057905642708,-6.022867916683,-1.1953415509937
3.695,-5.31863114105983,-5.17393740531591,5.58316088999607,-2.44091192653913,-4.27939739134095,-4.313803902454,-1.17971002254234,2.52093523993438,-0.859635674210708,-7.33828102003713,7.95157245260428,2.41818064716009,-3.43748050051079,1.04828833458678,-1.65876088888412,10.8347196307613,-4.787311683095,-8.42528184645886,-2.53033235878115,5.05479567880674,-4.49334146876751,8.48683241580507,-6.01304888895047,-1.19337774454896
3.7,-5.31083278774895,-5.16505401185611,5.57538813891961,-2.43693647485577,-4.27244035236301,-4.30684686347606,-1.17938820432528,2.51675234626398,-0.858372479469672,-7.3263440138541,7.93864069641155,2.41420164408799,-3.4334860809534,1.04652396530602,-1.65633888825236,10.8170616218495,-4.77946368179316,-8.41154783819795,-2.52783619122658,5.04658363616644,-4.48576086764845,8.47308577518307,-6.00322986121794,-1.19141393810422
3.705,-5.30303443443813,-5.15617061839632,5.5676153878432,-2.43296102317241,-4.26548331338506,-4.29988982449811,-1.17906638610816,2.51256945259357,-0.857109284728637,-7.31440700767108,7.92570894021882,2.41022264101589,-3.42949166139601,1.04475959602525,-1.65391688762061,10.7994036129377,-4.77161568049133,-8.39781382993705,-2.52534002367207,5.03837159352614,-4.47818026652938,8.45933913456106,-5.9934108334854,-1.18945013165949
3.71,-5.29523608112726,-5.14728722493652,5.55984263676669,-2.42898557148905,-4.25852627440711,-4.29293278552016,-1.17874456789104,2.50838655892316,-0.855846089987615,-7.30247000148805,7.91277718402609,2.40624363794379,-3.42549724183863,1.04299522674449,-1.65149488698887,10.7817456040259,-4.7637676791895,-8.38407982167615,-2.52284385611756,5.03015955088584,-4.4705996654103,8.44559249393906,-5.98359180575287,-1.18748632521475
3.715,-5.28743772781644,-5.13840383147675,5.55206988569023,-2.42501011980569,-4.25156923542917,-4.28597574654221,-1.17842274967393,2.50420366525276,-0.85458289524658,-7.29053299530503,7.89984542783335,2.40226463487169,-3.42150282228118,1.04123085746372,-1.64907288635712,10.7640875951141,-4.75591967788766,-8.37034581341525,-2.52034768856305,5.02194750824555,-4.46301906429122,8.43184585331705,-5.97377277802034,-1.18552251877002
3.72,-5.27963937450562,-5.12952043801695,5.54429713461377,-2.42103466812233,-4.24461219645122,-4.27901870756427,-1.17810093145675,2.50002077158235,-0.853319700505551,-7.278595989122,7.88691367164062,2.39828563179959,-3.41750840272374,1.03946648818296,-1.64665088572536,10.7464295862022,-4.74807167658583,-8.35661180515434,-2.51785152100854,5.01373546560525,-4.45543846317214,8.41809921269504,-5.9639537502878,-1.18355871232528
3.725,-5.2718410211948,-5.12063704455716,5.53652438353731,-2.41705921643897,-4.23765515747327,-4.27206166858632,-1.17777911323969,2.49583787791194,-0.852056505764523,-7.26665898293898,7.87398191544789,2.39430662872749,-3.41351398316635,1.03770211890219,-1.64422888509364,10.7287715772904,-4.740223675284,-8.34287779689344,-2.51535535345403,5.00552342296495,-4.44785786205307,8.40435257207304,-5.95413472255527,-1.18159490588054
3.73,-5.26404266788396,-5.11175365109736,5.52875163246085,-2.41308376475561,-4.23069811849532,-4.26510462960837,-1.17745729502258,2.49165498424153,-0.850793311023487,-7.25472197675595,7.86105015925516,2.39032762565539,-3.40951956360897,1.03593774962143,-1.64180688446189,10.7111135683786,-4.73237567398216,-8.32914378863254,-2.51285918589952,4.99731138032466,-4.440277260934,8.39060593145103,-5.94431569482274,-1.17963109943581
3.735,-5.25624431457314,-5.10287025763756,5.52097888138439,-2.40910831307225,-4.22374107951738,-4.25814759063042,-1.17713547680546,2.48747209057113,-0.849530116282459,-7.24278497057293,7.84811840306243,2.38634862258329,-3.40552514405158,1.03417338034067,-1.63938488383013,10.6934555594668,-4.72452767268032,-8.31540978037163,-2.51036301834495,4.98909933768436,-4.43269665981492,8.37685929082903,-5.9344966670902,-1.17766729299107
3.74,-5.24844596126226,-5.09398686417779,5.51320613030794,-2.4051328613889,-4.21678404053943,-4.25119055165248,-1.17681365858834,2.48328919690072,-0.84826692154143,-7.2308479643899,7.83518664686969,2.38236961951119,-3.40153072449419,1.0324090110599,-1.63696288319838,10.675797550555,-4.71667967137849,-8.30167577211073,-2.50786685079044,4.98088729504406,-4.42511605869585,8.36311265020702,-5.92467763935767,-1.17570348654633
3.745,-5.24064760795144,-5.085103470718,5.50543337923148,-2.40115740970554,-4.20982700156148,-4.24423351267453,-1.17649184037123,2.47910630323032,-0.847003726800395,-7.21891095820688,7.82225489067696,2.37839061643909,-3.39753630493681,1.03064464177914,-1.63454088256664,10.6581395416431,-4.70883167007666,-8.28794176384983,-2.50537068323592,4.97267525240376,-4.41753545757678,8.34936600958501,-5.91485861162513,-1.1737396801016
3.75,-5.23284925464066,-5.0762200772582,5.49766062815502,-2.39718195802218,-4.20286996258354,-4.23727647369658,-1.17617002215411,2.47492340955991,-0.845740532059359,-7.20697395202385,7.80932313448423,2.37441161336699,-3.39354188537942,1.02888027249837,-1.63211888193489,10.6404815327313,-4.70098366877482,-8.27420775558893,-2.50287451568141,4.96446320976346,-4.4099548564577,8.33561936896301,-5.9050395838926,-1.17177587365686
3.755,-5.22505090132975,-5.0673366837984,5.48988787707862,-2.39320650633882,-4.19591292360559,-4.23031943471864,-1.17584820393699,2.4707405158895,-0.844477337318331,-7.19503694584083,7.7963913782915,2.37043261029489,-3.38954746582203,1.02711590321761,-1.62969688130315,10.6228235238195,-4.69313566747299,-8.26047374732802,-2.5003783481269,4.95625116712317,-4.40237425533863,8.321872728341,-5.89522055616007,-1.16981206721213
3.76,-5.21725254801893,-5.0584532903386,5.48211512600216,-2.38923105465546,-4.18895588462764,-4.22336239574069,-1.17552638571993,2.4665576222191,-0.843214142577295,-7.1830999396578,7.78345962209877,2.36645360722279,-3.38555304626459,1.02535153393685,-1.62727488067138,10.6051655149077,-4.68528766617116,-8.24673973906712,-2.49788218057239,4.94803912448287,-4.39479365421955,8.308126087719,-5.88540152842753,-1.16784826076739
3.765,-5.20945419470812,-5.04956989687881,5.4743423749257,-2.3852556029721,-4.18199884564969,-4.21640535676274,-1.17520456750276,2.46237472854869,-0.841950947836267,-7.17116293347478,7.77052786590603,2.36247460415069,-3.3815586267072,1.02358716465608,-1.62485288003964,10.5875075059959,-4.67743966486932,-8.23300573080622,-2.49538601301788,4.93982708184257,-4.38721305310047,8.29437944709699,-5.875582500695,-1.16588445432265
3.77,-5.2016558413973,-5.04068650341904,5.46656962384918,-2.38128015128874,-4.17504180667175,-4.20944831778479,-1.17488274928564,2.45819183487828,-0.840687753095239,-7.15922592729175,7.7575961097133,2.35849560107859,-3.37756420714982,1.02182279537532,-1.6224308794079,10.569849497084,-4.66959166356749,-8.21927172254531,-2.49288984546331,4.93161503920228,-4.37963245198139,8.28063280647498,-5.86576347296247,-1.16392064787792
3.775,-5.19385748808645,-5.03180310995921,5.45879687277272,-2.37730469960538,-4.1680847676938,-4.20249127880685,-1.17456093106853,2.45400894120787,-0.839424558354203,-7.14728892110872,7.74466435352057,2.35451659800649,-3.37356978759243,1.02005842609455,-1.62000887877615,10.5521914881722,-4.66174366226566,-8.20553771428441,-2.4903936779088,4.92340299656198,-4.37205185086232,8.26688616585298,-5.85594444522993,-1.16195684143318
3.78,-5.1860591347756,-5.02291971649942,5.45102412169626,-2.37332924792202,-4.16112772871585,-4.1955342398289,-1.17423911285141,2.44982604753747,-0.838161363613175,-7.1353519149257,7.73173259732784,2.35053759493439,-3.36957536803504,1.01829405681379,-1.61758687814441,10.5345334792604,-4.65389566096382,-8.19180370602351,-2.48789751035429,4.91519095392168,-4.36447124974325,8.25313952523097,-5.8461254174974,-1.15999303498845
3.785,-5.17826078146476,-5.01403632303965,5.44325137061981,-2.36935379623866,-4.15417068973791,-4.18857720085095,-1.17391729463435,2.44564315386706,-0.836898168872139,-7.12341490874267,7.71880084113511,2.34655859186229,-3.36558094847766,1.01652968753302,-1.61516487751265,10.5168754703486,-4.64604765966198,-8.17806969776261,-2.48540134279978,4.90697891128138,-4.35689064862419,8.23939288460897,-5.83630638976486,-1.15802922854371
3.79,-5.17046242815391,-5.00515292957985,5.43547861954335,-2.3653783445553,-4.14721365075996,-4.181620161873,-1.17359547641718,2.44146026019665,-0.835634974131111,-7.11147790255965,7.70586908494238,2.3425795887902,-3.36158652892027,1.01476531825226,-1.6127428768809,10.4992174614368,-4.63819965836015,-8.1643356895017,-2.48290517524526,4.89876686864108,-4.34931004750511,8.22564624398696,-5.82648736203233,-1.15606542209897
3.795,-5.16266407484309,-4.99626953612005,5.42770586846694,-2.36140289287195,-4.14025661178201,-4.17466312289506,-1.17327365820012,2.43727736652625,-0.834371779390082,-7.09954089637662,7.69293732874964,2.33860058571809,-3.35759210936288,1.0130009489715,-1.61032087624916,10.4815594525249,-4.63035165705832,-8.1506016812408,-2.48040900769075,4.89055482600079,-4.34172944638604,8.21189960336496,-5.8166683342998,-1.15410161565424
3.8,-5.15486572153227,-4.98738614266028,5.41993311739049,-2.35742744118859,-4.13329957280406,-4.16770608391711,-1.172951839983,2.43309447285584,-0.833108584649054,-7.0876038901936,7.68000557255691,2.334621582646,-3.3535976898055,1.01123657969073,-1.60789887561741,10.4639014436131,-4.62250365575648,-8.1368676729799,-2.4779128401363,4.88234278336049,-4.33414884526697,8.19815296274295,-5.80684930656727,-1.1521378092095
3.805,-5.14706736822143,-4.97850274920049,5.41216036631397,-2.35345198950523,-4.12634253382612,-4.16074904493917,-1.17263002176583,2.42891157918543,-0.831845389908018,-7.07566688401057,7.66707381636418,2.3306425795739,-3.34960327024811,1.00947221040997,-1.60547687498565,10.4462434347013,-4.61465565445465,-8.123133664719,-2.47541667258173,4.87413074072019,-4.32656824414788,8.18440632212094,-5.79703027883473,-1.15017400276477
3.81,-5.13926901491061,-4.96961935574069,5.40438761523757,-2.34947653782187,-4.11938549484817,-4.15379200596122,-1.17230820354877,2.42472868551502,-0.830582195166983,-7.06372987782755,7.65414206017145,2.3266635765018,-3.34560885069067,1.0077078411292,-1.6030548743539,10.4285854257895,-4.60680765315282,-8.10939965645809,-2.47292050502722,4.86591869807989,-4.31898764302881,8.17065968149894,-5.7872112511022,-1.14821019632003
3.815,-5.13147066159976,-4.96073596228089,5.39661486416111,-2.34550108613851,-4.11242845587022,-4.14683496698327,-1.17198638533165,2.42054579184462,-0.829319000425961,-7.05179287164452,7.64121030397872,2.3226845734297,-3.34161443113328,1.00594347184844,-1.60063287372216,10.4109274168777,-4.59895965185098,-8.09566564819719,-2.47042433747271,4.8577066554396,-4.31140704190973,8.15691304087693,-5.77739222336966,-1.14624638987529
3.82,-5.12367230828895,-4.9518525688211,5.38884211308465,-2.34152563445515,-4.10547141689228,-4.13987792800532,-1.17166456711453,2.41636289817421,-0.828055805684926,-7.0398558654615,7.62827854778599,2.3187055703576,-3.33762001157589,1.00417910256768,-1.59821087309041,10.3932694079658,-4.59111165054915,-8.08193163993629,-2.4679281699182,4.8494946127993,-4.30382644079066,8.14316640025493,-5.76757319563713,-1.14428258343056
3.825,-5.1158739549781,-4.9429691753613,5.38106936200819,-2.33755018277179,-4.09851437791433,-4.13292088902738,-1.17134274889742,2.4121800045038,-0.82679261094389,-7.02791885927847,7.61534679159325,2.3147265672855,-3.33362559201851,1.00241473328691,-1.59578887245866,10.375611399054,-4.58326364924731,-8.06819763167538,-2.46543200236368,4.841282570159,-4.29624583967158,8.12941975963292,-5.7577541679046,-1.14231877698582
3.83,-5.10807560166725,-4.9340857819015,5.37329661093173,-2.33357473108843,-4.09155733893638,-4.12596385004943,-1.17102093068024,2.4079971108334,-0.825529416202862,-7.01598185309545,7.60241503540052,2.3107475642134,-3.32963117246112,1.00065036400614,-1.59336687182692,10.3579533901422,-4.57541564794548,-8.05446362341448,-2.46293583480917,4.8330705275187,-4.28866523855251,8.11567311901091,-5.74793514017206,-1.14035497054108
3.835,-5.10027724835643,-4.9252023884417,5.36552385985522,-2.32959927940507,-4.08460029995843,-4.11900681107148,-1.17069911246318,2.40381421716299,-0.824266221461833,-7.00404484691242,7.58948327920779,2.3067685611413,-3.32563675290373,0.998885994725381,-1.59094487119516,10.3402953812304,-4.56756764664365,-8.04072961515358,-2.46043966725466,4.82485848487841,-4.28108463743344,8.10192647838891,-5.73811611243953,-1.13839116409635
3.84,-5.09247889504562,-4.91631899498191,5.35775110877876,-2.32562382772171,-4.07764326098049,-4.11204977209353,-1.17037729424607,2.39963132349259,-0.823003026720805,-6.9921078407294,7.57655152301506,2.3027895580692,-3.32164233334635,0.997121625444617,-1.58852287056341,10.3226373723186,-4.55971964534181,-8.02699560689268,-2.45794349970015,4.81664644223811,-4.27350403631436,8.0881798377669,-5.728297084707,-1.13642735765161
3.845,-5.08468054173477,-4.90743560152214,5.3499783577023,-2.32164837603836,-4.07068622200254,-4.10509273311559,-1.17005547602895,2.39544842982218,-0.82173983197977,-6.98017083454637,7.56361976682233,2.2988105549971,-3.31764791378896,0.995357256163853,-1.58610086993167,10.3049793634067,-4.55187164403998,-8.01326159863177,-2.45544733214558,4.80843439959781,-4.26592343519529,8.0744331971449,-5.71847805697446,-1.13446355120688
3.85,-5.07688218842392,-4.89855220806234,5.34220560662584,-2.317672924355,-4.06372918302459,-4.09813569413764,-1.16973365781183,2.39126553615177,-0.820476637238734,-6.96823382836334,7.55068801062959,2.294831551925,-3.31365349423157,0.993592886883089,-1.58367886929993,10.2873213544949,-4.54402364273814,-7.99952759037087,-2.45295116459107,4.80022235695752,-4.25834283407622,8.06068655652289,-5.70865902924193,-1.13249974476214
3.855,-5.06908383511308,-4.88966881460254,5.33443285554944,-2.31369747267164,-4.05677214404665,-4.09117865515969,-1.16941183959472,2.38708264248137,-0.819213442497706,-6.95629682218032,7.53775625443686,2.2908525488529,-3.30965907467413,0.991828517602322,-1.58125686866816,10.2696633455831,-4.53617564143631,-7.98579358210997,-2.45045499703656,4.79201031431722,-4.25076223295714,8.04693991590089,-5.69884000150939,-1.1305359383174
3.86,-5.06128548180226,-4.88078542114275,5.32666010447298,-2.30972202098828,-4.0498151050687,-4.08422161618175,-1.1690900213776,2.38289974881096,-0.817950247756677,-6.9443598159973,7.52482449824413,2.2868735457808,-3.30566465511674,0.990064148321558,-1.57883486803642,10.2520053366713,-4.52832764013447,-7.97205957384906,-2.44795882948205,4.78379827167692,-4.24318163183807,8.03319327527888,-5.68902097377686,-1.12857213187267
3.865,-5.05348712849144,-4.87190202768298,5.31888735339652,-2.30574656930492,-4.04285806609075,-4.0772645772038,-1.16876820316048,2.37871685514055,-0.816687053015642,-6.93242280981427,7.5118927420514,2.2828945427087,-3.30167023555936,0.988299779040798,-1.57641286740468,10.2343473277595,-4.52047963883264,-7.95832556558816,-2.44546266192754,4.77558622903662,-4.235601030719,8.01944663465687,-5.67920194604433,-1.12660832542793
3.87,-5.04568877518059,-4.86301863422315,5.31111460232006,-2.30177111762156,-4.0359010271128,-4.07030753822585,-1.16844638494342,2.37453396147015,-0.815423858274606,-6.92048580363124,7.49896098585867,2.2789155396366,-3.29767581600197,0.98653540976003,-1.57399086677293,10.2166893188476,-4.51263163753081,-7.94459155732726,-2.44296649437302,4.76737418639633,-4.22802042959992,8.00569999403486,-5.66938291831179,-1.1246445189832
3.875,-5.03789042186975,-4.85413524076336,5.3033418512436,-2.2977956659382,-4.02894398813486,-4.06335049924791,-1.16812456672625,2.37035106779974,-0.814160663533585,-6.90854879744822,7.48602922966594,2.2749365365645,-3.29368139644458,0.984771040479266,-1.57156886614119,10.1990313099358,-4.50478363622898,-7.93085754906636,-2.44047032681851,4.75916214375603,-4.22043982848085,7.99195335341286,-5.65956389057926,-1.12268071253846
3.88,-5.0300920685589,-4.84525184730359,5.29556910016714,-2.29382021425484,-4.02198694915691,-4.05639346026996,-1.16780274850913,2.36616817412933,-0.812897468792549,-6.89661179126519,7.4730974734732,2.2709575334924,-3.2896869768872,0.983006671198503,-1.56914686550942,10.181373301024,-4.49693563492714,-7.91712354080545,-2.43797415926394,4.75095010111573,-4.21285922736178,7.97820671279085,-5.64974486284673,-1.12071690609372
3.885,-5.02229371524808,-4.83636845384379,5.28779634909068,-2.28984476257148,-4.01502991017896,-4.04943642129201,-1.16748093029202,2.36198528045892,-0.811634274051521,-6.88467478508217,7.46016571728047,2.2669785304203,-3.28569255732981,0.981242301917739,-1.56672486487768,10.1637152921122,-4.48908763362531,-7.90338953254455,-2.43547799170943,4.74273805847543,-4.2052786262427,7.96446007216885,-5.63992583511419,-1.11875309964899
3.89,-5.01449536193726,-4.82748506038399,5.28002359801422,-2.28586931088812,-4.00807287120102,-4.04247938231407,-1.1671591120749,2.35780238678852,-0.810371079310485,-6.87273777889914,7.44723396108774,2.2629995273482,-3.28169813777242,0.979477932636975,-1.56430286424593,10.1460572832004,-4.48123963232347,-7.88965552428365,-2.43298182415492,4.73452601583514,-4.19769802512363,7.95071343154684,-5.63010680738166,-1.11678929320425
3.895,-5.00669700862642,-4.8186016669242,5.27225084693777,-2.28189385920477,-4.00111583222307,-4.03552234333611,-1.16683729385784,2.35361949311811,-0.809107884569457,-6.86080077271612,7.43430220489501,2.2590205242761,-3.27770371821504,0.977713563356211,-1.56188086361419,10.1283992742885,-4.47339163102164,-7.87592151602274,-2.43048565660041,4.72631397319484,-4.19011742400455,7.93696679092483,-5.62028777964913,-1.11482548675952
3.9,-4.9988986553156,-4.8097182734644,5.26447809586125,-2.27791840752141,-3.99415879324512,-4.02856530435817,-1.16651547564067,2.3494365994477,-0.807844689828428,-6.84886376653309,7.42137044870228,2.255041521204,-3.27370929865759,0.975949194075447,-1.55945886298244,10.1107412653767,-4.4655436297198,-7.86218750776184,-2.42798948904596,4.71810193055454,-4.18253682288548,7.92322015030283,-5.61046875191659,-1.11286168031478
3.905,-4.99110030200472,-4.8008348800046,5.25670534478485,-2.27394295583805,-3.98720175426717,-4.02160826538022,-1.16619365742355,2.3452537057773,-0.806581495087393,-6.83692676035007,7.40843869250955,2.2510625181319,-3.26971487910021,0.97418482479468,-1.55703686235069,10.0930832564649,-4.45769562841797,-7.84845349950094,-2.42549332149144,4.70988988791424,-4.17495622176639,7.90947350968083,-5.60064972418406,-1.11089787387004
3.91,-4.98330194869391,-4.79195148654483,5.24893259370839,-2.26996750415469,-3.98024471528923,-4.01465122640228,-1.16587183920649,2.34107081210689,-0.805318300346364,-6.82498975416704,7.39550693631681,2.2470835150598,-3.26572045954282,0.97242045551392,-1.55461486171895,10.0754252475531,-4.44984762711613,-7.83471949124003,-2.42299715393693,4.70167784527395,-4.16737562064733,7.89572686905882,-5.59083069645153,-1.10893406742531
3.915,-4.97550359538309,-4.78306809308503,5.24115984263193,-2.26599205247133,-3.97328767631128,-4.00769418742433,-1.16555002098931,2.33688791843648,-0.804055105605329,-6.81305274798402,7.38257518012408,2.2431045119877,-3.26172603998543,0.970656086233156,-1.55219286108719,10.0577672386413,-4.4419996258143,-7.82098548297913,-2.42050098638236,4.69346580263365,-4.15979501952826,7.88198022843681,-5.58101166871899,-1.10697026098057
3.92,-4.96770524207224,-4.77418469962524,5.23338709155547,-2.26201660078797,-3.96633063733333,-4.00073714844638,-1.16522820277225,2.33270502476607,-0.8027919108643,-6.80111574180099,7.36964342393135,2.2391255089156,-3.25773162042805,0.968891716952388,-1.54977086045545,10.0401092297294,-4.43415162451247,-7.80725147471823,-2.41800481882785,4.68525375999335,-4.15221441840919,7.86823358781481,-5.57119264098646,-1.10500645453583
3.925,-4.95990688876142,-4.76530130616544,5.22561434047901,-2.25804114910461,-3.95937359835539,-3.99378010946843,-1.16490638455514,2.32852213109567,-0.801528716123265,-6.78917873561797,7.35671166773862,2.2351465058435,-3.25373720087066,0.967127347671624,-1.5473488598237,10.0224512208176,-4.42630362321063,-7.79351746645733,-2.41550865127334,4.67704171735305,-4.14463381729011,7.8544869471928,-5.56137361325392,-1.1030426480911
3.93,-4.95210853545058,-4.75641791270564,5.21784158940255,-2.25406569742125,-3.95241655937744,-3.98682307049049,-1.16458456633796,2.32433923742526,-0.800265521382236,-6.77724172943494,7.34377991154589,2.2311675027714,-3.24974278131327,0.965362978390861,-1.54492685919195,10.0047932119058,-4.4184556219088,-7.77978345819642,-2.41301248371883,4.66882967471276,-4.13705321617104,7.84074030657079,-5.55155458552139,-1.10107884164636
3.935,-4.94431018213973,-4.74753451924585,5.21006883832609,-2.25009024573789,-3.94545952039949,-3.97986603151254,-1.1642627481209,2.32015634375485,-0.799002326641208,-6.76530472325191,7.33084815535315,2.2271884996993,-3.24574836175589,0.963598609110097,-1.54250485856019,9.98713520299399,-4.41060762060696,-7.76604944993552,-2.41051631616432,4.66061763207246,-4.12947261505197,7.82699366594879,-5.54173555778886,-1.09911503520163
3.94,-4.93651182882891,-4.73865112578608,5.20229608724964,-2.24611479405453,-3.93850248142154,-3.97290899253459,-1.16394092990373,2.31597345008445,-0.797739131900173,-6.75336771706889,7.31791639916042,2.2232094966272,-3.2417539421985,0.961834239829333,-1.54008285792845,9.96947719408216,-4.40275961930513,-7.75231544167462,-2.40802014860981,4.65240558943216,-4.12189201393288,7.81324702532678,-5.53191653005632,-1.09715122875689
3.945,-4.92871347551807,-4.72976773232628,5.19452333617323,-2.24213934237118,-3.9315454424436,-3.96595195355664,-1.16361911168667,2.31179055641404,-0.796475937159144,-6.74143071088586,7.30498464296769,2.2192304935551,-3.23775952264111,0.960069870548569,-1.53766085729671,9.95181918517035,-4.3949116180033,-7.73858143341371,-2.4055239810553,4.64419354679186,-4.11431141281381,7.79950038470478,-5.52209750232379,-1.09518742231215
3.95,-4.92091512220725,-4.72088433886648,5.18675058509672,-2.23816389068782,-3.92458840346565,-3.9589949145787,-1.16329729346955,2.30760766274363,-0.795212742418116,-6.72949370470284,7.29205288677496,2.215251490483,-3.23376510308367,0.958305501267805,-1.53523885666496,9.93416117625853,-4.38706361670146,-7.72484742515281,-2.40302781350073,4.63598150415157,-4.10673081169473,7.78575374408277,-5.51227847459126,-1.09322361586742
3.955,-4.91311676889643,-4.71200094540669,5.17897783402032,-2.23418843900446,-3.9176313644877,-3.95203787560075,-1.16297547525238,2.30342476907323,-0.79394954767708,-6.71755669851981,7.27912113058223,2.21127248741091,-3.22977068352628,0.956541131987041,-1.53281685603321,9.91650316734671,-4.37921561539963,-7.71111341689191,-2.40053164594622,4.62776946151127,-4.09915021057566,7.77200710346076,-5.50245944685872,-1.09125980942268
3.96,-4.90531841558555,-4.70311755194689,5.17120508294386,-2.2302129873211,-3.91067432550975,-3.9450808366228,-1.16265365703532,2.29924187540282,-0.792686352936045,-6.70561969233679,7.2661893743895,2.2072934843388,-3.2257762639689,0.954776762706278,-1.53039485540145,9.89884515843488,-4.37136761409779,-7.69737940863101,-2.39803547839171,4.61955741887097,-4.09156960945658,7.75826046283876,-5.49264041912619,-1.08929600297795
3.965,-4.89752006227474,-4.69423415848709,5.16343233186734,-2.22623753563774,-3.90371728653181,-3.93812379764485,-1.1623318388182,2.29505898173241,-0.791423158195016,-6.69368268615376,7.25325761819676,2.2033144812667,-3.22178184441151,0.953012393425514,-1.52797285476971,9.88118714952307,-4.36351961279596,-7.6836454003701,-2.39553931083719,4.61134537623068,-4.08398900833751,7.74451382221675,-5.48282139139365,-1.08733219653321
3.97,-4.88972170896389,-4.68535076502729,5.15565958079094,-2.22226208395438,-3.89676024755386,-3.93116675866691,-1.16201002060109,2.29087608806201,-0.790159963453988,-6.68174567997074,7.24032586200403,2.19933547819461,-3.21778742485412,0.95124802414475,-1.52555085413798,9.86352914061125,-4.35567161149412,-7.6699113921092,-2.39304314328268,4.60313333359038,-4.07640840721845,7.73076718159475,-5.47300236366112,-1.08536839008847
3.975,-4.88192335565307,-4.67646737156753,5.14788682971442,-2.21828663227102,-3.88980320857591,-3.92420971968896,-1.16168820238397,2.2866931943916,-0.788896768712952,-6.66980867378771,7.2273941058113,2.19535647512251,-3.21379300529674,0.949483654863986,-1.52312885350622,9.84587113169943,-4.34782361019229,-7.6561773838483,-2.39054697572817,4.59492129095008,-4.06882780609936,7.71702054097274,-5.46318333592859,-1.08340458364374
3.98,-4.87412500234225,-4.66758397810773,5.14011407863796,-2.21431118058766,-3.88284616959797,-3.91725268071101,-1.16136638416685,2.28251030072119,-0.787633573971931,-6.65787166760469,7.21446234961857,2.19137747205041,-3.20979858573935,0.947719285583219,-1.52070685287447,9.82821312278761,-4.33997560889046,-7.6424433755874,-2.38805080817366,4.58670924830978,-4.06124720498029,7.70327390035074,-5.45336430819605,-1.081440777199
3.985,-4.86632664903141,-4.65870058464793,5.13234132756151,-2.2103357289043,-3.87588913062002,-3.91029564173307,-1.16104456594974,2.27832740705079,-0.786370379230895,-6.64593466142166,7.20153059342584,2.18739846897831,-3.20580416618196,0.945954916302455,-1.51828485224272,9.81055511387579,-4.33212760758862,-7.62870936732649,-2.38555464061915,4.57849720566949,-4.05366660386122,7.68952725972873,-5.44354528046352,-1.07947697075426
3.99,-4.85852829572056,-4.64981719118813,5.12456857648505,-2.20636027722094,-3.86893209164207,-3.90333860275512,-1.16072274773262,2.27414451338038,-0.78510718448986,-6.63399765523864,7.1885988372331,2.18341946590621,-3.20180974662458,0.944190547021693,-1.51586285161098,9.79289710496397,-4.32427960628679,-7.61497535906559,-2.38305847306458,4.57028516302919,-4.04608600274214,7.67578061910672,-5.43372625273099,-1.07751316430953
3.995,-4.85072994240971,-4.64093379772834,5.11679582540859,-2.20238482553758,-3.86197505266412,-3.89638156377717,-1.1604009295155,2.26996161970997,-0.783843989748839,-6.62206064905561,7.17566708104037,2.17944046283411,-3.19781532706713,0.942426177740927,-1.51344085097922,9.77523909605215,-4.31643160498495,-7.60124135080468,-2.38056230551007,4.56207312038889,-4.03850540162307,7.66203397848472,-5.42390722499845,-1.07554935786479
4,-4.8429315890989,-4.63205040426854,5.10902307433213,-2.19840937385423,-3.85501801368618,-3.88942452479923,-1.16007911129839,2.26577872603956,-0.782580795007803,-6.61012364287259,7.16273532484764,2.17546145976201,-3.19382090750975,0.940661808460163,-1.51101885034748,9.75758108714033,-4.30858360368312,-7.58750734254378,-2.37806613795556,4.55386107774859,-4.030924800504,7.64828733786271,-5.41408819726592,-1.07358555142006
4.005,-4.83513323578808,-4.62316701080876,5.10125032325573,-2.19443392217087,-3.84806097470823,-3.88246748582128,-1.15975729308127,2.26159583236916,-0.781317600266775,-6.59818663668956,7.14980356865491,2.17148245668991,-3.18982648795236,0.938897439179398,-1.50859684971572,9.73992307822851,-4.30073560238129,-7.57377333428288,-2.3755699704011,4.54564903510829,-4.02334419938492,7.63454069724071,-5.40426916953339,-1.07162174497532
4.01,-4.82733488247723,-4.61428361734896,5.09347757217927,-2.19045847048751,-3.84110393573028,-3.87551044684333,-1.15943547486415,2.25741293869875,-0.780054405525739,-6.58624963050654,7.13687181246218,2.16750345361781,-3.18583206839497,0.937133069898634,-1.50617484908398,9.72226506931669,-4.29288760107945,-7.56003932602198,-2.37307380284659,4.537436992468,-4.01576359826585,7.6207940566187,-5.39445014180085,-1.06965793853058
4.015,-4.81953652916638,-4.60540022388916,5.08570482110275,-2.18648301880415,-3.83414689675234,-3.86855340786538,-1.15911365664704,2.25323004502834,-0.778791210784711,-6.57431262432351,7.12394005626945,2.16352445054571,-3.18183764883759,0.93536870061787,-1.50375284845222,9.70460706040487,-4.28503959977762,-7.54630531776108,-2.37057763529208,4.5292249498277,-4.00818299714678,7.60704741599669,-5.38463111406832,-1.06769413208585
4.02,-4.81173817585554,-4.59651683042937,5.07793207002629,-2.18250756712079,-3.82718985777439,-3.86159636888744,-1.15879183842998,2.24904715135794,-0.777528016043675,-6.56237561814049,7.11100830007672,2.15954544747361,-3.1778432292802,0.933604331337104,-1.50133084782048,9.68694905149305,-4.27719159847578,-7.53257130950017,-2.36808146773757,4.5210129071874,-4.0006023960277,7.59330077537469,-5.37481208633579,-1.06573032564111
4.025,-4.80393982254472,-4.5876334369696,5.07015931894989,-2.17853211543743,-3.82023281879644,-3.85463932990949,-1.1584700202128,2.24486425768753,-0.77626482130264,-6.55043861195746,7.09807654388398,2.15556644440151,-3.17384880972281,0.93183996205634,-1.49890884718873,9.66929104258123,-4.26934359717395,-7.51883730123927,-2.365585300183,4.5128008645471,-3.99302179490861,7.57955413475268,-5.36499305860325,-1.06376651919637
4.03,-4.7961414692339,-4.5787500435098,5.06238656787343,-2.17455666375407,-3.81327577981849,-3.84768229093154,-1.15814820199569,2.24068136401712,-0.775001626561611,-6.53850160577443,7.08514478769125,2.15158744132941,-3.16985439016543,0.930075592775575,-1.49648684655699,9.65163303366941,-4.26149559587212,-7.50510329297837,-2.36308913262849,4.50458882190681,-3.98544119378954,7.56580749413068,-5.35517403087072,-1.06180271275164
4.035,-4.78834311592306,-4.56986665005,5.05461381679692,-2.17058121207071,-3.80631874084055,-3.84072525195359,-1.15782638377863,2.23649847034671,-0.773738431820583,-6.52656459959141,7.07221303149852,2.14760843825731,-3.16585997060804,0.928311223494811,-1.49406484592524,9.63397502475759,-4.25364759457028,-7.49136928471746,-2.36059296507398,4.49637677926651,-3.97786059267047,7.55206085350867,-5.34535500313818,-1.0598389063069
4.04,-4.78054476261224,-4.56098325659022,5.04684106572046,-2.16660576038735,-3.7993617018626,-3.83376821297565,-1.15750456556145,2.23231557667631,-0.772475237079554,-6.51462759340838,7.05928127530579,2.14362943518521,-3.1618655510506,0.926546854214049,-1.4916428452935,9.61631701584577,-4.24579959326845,-7.47763527645656,-2.35809679751947,4.48816473662621,-3.97027999155139,7.53831421288667,-5.33553597540565,-1.05787509986217
4.045,-4.77274640930139,-4.55209986313041,5.039068314644,-2.16263030870399,-3.79240466288465,-3.8268111739977,-1.15718274734439,2.2281326830059,-0.771212042338519,-6.50269058722536,7.04634951911306,2.13965043211311,-3.15787113149321,0.924782484933285,-1.48922084466174,9.59865900693395,-4.23795159196662,-7.46390126819566,-2.35560062996495,4.47995269398591,-3.96269939043232,7.52456757226466,-5.32571694767312,-1.05591129341743
4.05,-4.76494805599054,-4.54321646967061,5.0312955635676,-2.15865485702064,-3.78544762390671,-3.81985413501975,-1.15686092912722,2.2239497893355,-0.76994884759749,-6.49075358104233,7.03341776292032,2.13567142904101,-3.15387671193582,0.923018115652521,-1.48679884402999,9.58100099802213,-4.23010359066478,-7.45016725993475,-2.35310446241044,4.47174065134562,-3.95511878931325,7.51082093164266,-5.31589791994058,-1.05394748697269
4.055,-4.75714970267973,-4.53433307621081,5.02352281249114,-2.15467940533728,-3.77849058492876,-3.81289709604181,-1.1565391109101,2.21976689566509,-0.768685652856462,-6.47881657485931,7.02048600672759,2.13169242596891,-3.14988229237844,0.921253746371756,-1.48437684339824,9.56334298911031,-4.22225558936295,-7.43643325167385,-2.35060829485593,4.46352860870532,-3.94753818819417,7.49707429102065,-5.30607889220805,-1.05198368052796
4.06,-4.74935134936888,-4.52544968275106,5.01575006141468,-2.15070395365392,-3.77153354595081,-3.80594005706386,-1.15621729269304,2.21558400199468,-0.767422458115433,-6.46687956867628,7.00755425053486,2.12771342289681,-3.14588787282105,0.919489377090992,-1.48195484276648,9.54568498019849,-4.21440758806111,-7.42269924341295,-2.34811212730136,4.45531656606502,-3.9399575870751,7.48332765039864,-5.29625986447552,-1.05001987408322
4.065,-4.74155299605806,-4.51656628929125,5.00797731033816,-2.14672850197056,-3.76457650697286,-3.79898301808591,-1.15589547447587,2.21140110832427,-0.766159263374398,-6.45494256249325,6.99462249434213,2.12373441982471,-3.14189345326366,0.917725007810226,-1.47953284213476,9.52802697128667,-4.20655958675928,-7.40896523515204,-2.34561595974685,4.44710452342472,-3.93237698595603,7.46958100977663,-5.28644083674298,-1.04805606763849
4.07,-4.73375464274721,-4.50768289583145,5.00020455926176,-2.1427530502872,-3.75761946799492,-3.79202597910796,-1.15557365625881,2.20721821465387,-0.764896068633362,-6.44300555631023,6.98169073814939,2.11975541675261,-3.13789903370628,0.915960638529462,-1.47711084150301,9.51036896237485,-4.19871158545745,-7.39523122689114,-2.34311979219234,4.43889248078443,-3.92479638483695,7.45583436915463,-5.27662180901045,-1.04609226119375
4.075,-4.72595628943637,-4.49879950237167,4.9924318081853,-2.13877759860384,-3.75066242901697,-3.78506894013002,-1.15525183804169,2.20303532098346,-0.763632873892334,-6.43106855012721,6.96875898195666,2.11577641368051,-3.13390461414889,0.9141962692487,-1.47468884087125,9.49271095346303,-4.19086358415561,-7.38149721863024,-2.34062362463783,4.43068043814413,-3.91721578371788,7.44208772853262,-5.26680278127792,-1.04412845474901
4.08,-4.71815793612555,-4.48991610891187,4.98465905710884,-2.13480214692048,-3.74370539003902,-3.77811190115207,-1.15493001982458,2.19885242731305,-0.762369679151305,-6.41913154394418,6.95582722576393,2.11179741060841,-3.1299101945915,0.912431899967933,-1.4722668402395,9.47505294455121,-4.18301558285378,-7.36776321036934,-2.33812745708332,4.42246839550383,-3.90963518259881,7.42834108791062,-5.25698375354538,-1.04216464830428
4.085,-4.7103595828147,-4.48103271545207,4.97688630603238,-2.13082669523712,-3.73674835106108,-3.77115486217413,-1.15460820160746,2.19466953364265,-0.76110648441027,-6.40719453776116,6.9428954695712,2.10781840753631,-3.12591577503412,0.910667530687169,-1.46984483960775,9.45739493563939,-4.17516758155194,-7.35402920210844,-2.33563128952881,4.41425635286354,-3.90205458147975,7.41459444728861,-5.24716472581285,-1.04020084185954
4.09,-4.70256122950389,-4.47214932199228,4.96911355495587,-2.12685124355376,-3.72979131208313,-3.76419782319618,-1.15428638339034,2.19048663997224,-0.759843289669234,-6.39525753157813,6.92996371337847,2.10383940446421,-3.12192135547667,0.908903161406407,-1.46742283897601,9.43973692672757,-4.16731958025011,-7.34029519384753,-2.33313512197429,4.40604431022324,-3.89447398036066,7.40084780666661,-5.23734569808031,-1.0382370354148
4.095,-4.69476287619307,-4.46326592853249,4.96134080387941,-2.1228757918704,-3.72283427310518,-3.75724078421823,-1.15396456517323,2.18630374630183,-0.758580094928213,-6.38332052539511,6.91703195718574,2.09986040139211,-3.11792693591929,0.907138792125643,-1.46500083834425,9.42207891781575,-4.15947157894827,-7.32656118558663,-2.33063895441973,4.39783226758294,-3.88689337924158,7.3871011660446,-5.22752667034778,-1.03627322897007
4.1,-4.68696452288219,-4.4543825350727,4.95356805280301,-2.11890034018705,-3.71587723412723,-3.75028374524028,-1.15364274695611,2.18212085263143,-0.757316900187178,-6.37138351921208,6.90410020099301,2.09588139832001,-3.1139325163619,0.905374422844879,-1.46257883771251,9.40442090890393,-4.15162357764644,-7.31282717732573,-2.32814278686521,4.38962022494264,-3.87931277812251,7.3733545254226,-5.21770764261525,-1.03430942252533
4.105,-4.67916616957137,-4.4454991416129,4.94579530172655,-2.11492488850369,-3.70892019514929,-3.74332670626233,-1.15332092873899,2.17793795896102,-0.756053705446149,-6.35944651302905,6.89116844480027,2.09190239524791,-3.10993809680451,0.903610053564114,-1.46015683708076,9.38676289999211,-4.1437755763446,-7.29909316906482,-2.3256466193107,4.38140818230235,-3.87173217700344,7.35960788480059,-5.20788861488271,-1.0323456160806
4.11,-4.67136781626056,-4.43661574815312,4.93802255065009,-2.11094943682033,-3.70196315617134,-3.73636966728439,-1.15299911052188,2.17375506529061,-0.754790510705114,-6.34750950684603,6.87823668860754,2.08792339217581,-3.10594367724713,0.901845684283348,-1.45773483644902,9.36910489108029,-4.13592757504277,-7.28535916080392,-2.32315045175625,4.37319613966205,-3.86415157588436,7.34586124417858,-5.19806958715018,-1.03038180963586
4.115,-4.66356946294971,-4.42773235469332,4.93024979957363,-2.10697398513697,-3.69500611719339,-3.72941262830644,-1.15267729230476,2.1695721716202,-0.753527315964085,-6.335572500663,6.86530493241481,2.08394438910371,-3.10194925768974,0.900081315002584,-1.45531283581727,9.35144688216847,-4.12807957374094,-7.27162515254302,-2.32065428420174,4.36498409702175,-3.85657097476529,7.33211460355658,-5.18825055941764,-1.02841800319112
4.12,-4.65577110963889,-4.41884896123352,4.92247704849717,-2.10299853345361,-3.68804907821545,-3.72245558932849,-1.15235547408764,2.1653892779498,-0.75226412122305,-6.32363549447998,6.85237317622208,2.07996538603162,-3.09795483813235,0.89831694572182,-1.45289083518553,9.33378887325665,-4.1202315724391,-7.25789114428211,-2.31815811664723,4.35677205438145,-3.84899037364622,7.31836796293457,-5.17843153168511,-1.02645419674639
4.125,-4.64797275632802,-4.40996556777372,4.91470429742071,-2.09902308177025,-3.6810920392375,-3.71549855035055,-1.15203365587053,2.16120638427939,-0.751000926482014,-6.31169848829695,6.83944142002935,2.07598638295951,-3.09396041857497,0.896552576441058,-1.45046883455376,9.31613086434483,-4.11238357113727,-7.24415713602121,-2.31566194909271,4.34856001174116,-3.84140977252716,7.30462132231256,-5.16861250395258,-1.02449039030165
4.13,-4.6401744030172,-4.40108217431393,4.90693154634425,-2.09504763008689,-3.67413500025955,-3.7085415113726,-1.15171183765347,2.15702349060899,-0.749737731740993,-6.29976148211393,6.82650966383661,2.07200737988742,-3.08996599901758,0.894788207160294,-1.44804683392202,9.29847285543301,-4.10453556983544,-7.23042312776031,-2.3131657815382,4.34034796910086,-3.83382917140807,7.29087468169056,-5.15879347622005,-1.02252658385692
4.135,-4.63237604970638,-4.39219878085416,4.89915879526779,-2.09107217840353,-3.6671779612816,-3.70158447239465,-1.15139001943629,2.15284059693858,-0.748474536999957,-6.2878244759309,6.81357790764388,2.06802837681531,-3.08597157946014,0.893023837879531,-1.44562483329027,9.28081484652119,-4.0966875685336,-7.21668911949941,-2.31066961398363,4.33213592646056,-3.826248570289,7.27712804106855,-5.14897444848751,-1.02056277741218
4.14,-4.62457769639553,-4.38331538739436,4.89138604419139,-2.08709672672017,-3.66022092230366,-3.69462743341671,-1.15106820121918,2.14865770326817,-0.747211342258929,-6.27588746974788,6.80064615145115,2.06404937374321,-3.08197715990275,0.891259468598765,-1.44320283265853,9.26315683760937,-4.08883956723177,-7.2029551112385,-2.30817344642912,4.32392388382026,-3.81866796916992,7.26338140044655,-5.13915542075498,-1.01859897096744
4.145,-4.61677934308472,-4.37443199393456,4.88361329311493,-2.08312127503681,-3.65326388332571,-3.68767039443876,-1.15074638300212,2.14447480959776,-0.745948147517893,-6.26395046356485,6.78771439525842,2.06007037067112,-3.07798274034536,0.889495099318001,-1.44078083202677,9.24549882869755,-4.08099156592993,-7.1892211029776,-2.30567727887461,4.31571184117997,-3.81108736805085,7.24963475982454,-5.12933639302245,-1.01663516452271
4.15,-4.60898098977384,-4.36554860047477,4.87584054203842,-2.07914582335345,-3.64630684434776,-3.68071335546081,-1.15042456478494,2.14029191592736,-0.744684952776865,-6.25201345738183,6.77478263906569,2.05609136759902,-3.07398832078798,0.887730730037235,-1.43835883139502,9.22784081978573,-4.0731435646281,-7.1754870947167,-2.3031811113201,4.30749979853967,-3.80350676693178,7.23588811920253,-5.11951736528991,-1.01467135807797
4.155,-4.60118263646302,-4.35666520701497,4.86806779096196,-2.0751703716701,-3.63934980536982,-3.67375631648286,-1.15010274656788,2.13610902225695,-0.743421758035829,-6.2400764511988,6.76185088287295,2.05211236452692,-3.06999390123059,0.885966360756472,-1.43593683076328,9.21018281087391,-4.06529556332626,-7.16175308645579,-2.30068494376559,4.29928775589937,-3.7959261658127,7.22214147858053,-5.10969833755738,-1.01270755163324
4.16,-4.5933842831522,-4.34778181355519,4.86029503988556,-2.07119491998674,-3.63239276639187,-3.66679927750492,-1.14978092835071,2.13192612858655,-0.742158563294808,-6.22813944501578,6.74891912668022,2.04813336145482,-3.0659994816732,0.884201991475708,-1.43351483013153,9.19252480196209,-4.05744756202443,-7.14801907819489,-2.29818877621108,4.29107571325907,-3.78834556469363,7.20839483795852,-5.09987930982484,-1.0107437451885
4.165,-4.58558592984136,-4.33889842009539,4.8525222888091,-2.06721946830338,-3.62543572741392,-3.65984223852697,-1.14945911013359,2.12774323491614,-0.740895368553772,-6.21620243883275,6.73598737048749,2.04415435838272,-3.06200506211582,0.882437622194944,-1.43109282949979,9.17486679305027,-4.0495995607226,-7.13428506993399,-2.29569260865657,4.28286367061878,-3.78076496357454,7.19464819733652,-5.09006028209231,-1.00877993874376
4.17,-4.57778757653054,-4.33001502663561,4.84474953773258,-2.06324401662002,-3.61847868843597,-3.65288519954902,-1.14913729191653,2.12356034124573,-0.739632173812737,-6.20426543264973,6.72305561429476,2.04017535531062,-3.05801064255843,0.88067325291418,-1.42867082886804,9.15720878413845,-4.04175155942077,-7.12055106167309,-2.293196441102,4.27465162797848,-3.77318436245547,7.18090155671451,-5.08024125435978,-1.00681613229903
4.175,-4.56998922321969,-4.32113163317581,4.83697678665612,-2.05926856493666,-3.61152164945803,-3.64592816057107,-1.14881547369936,2.11937744757532,-0.738368979071709,-6.1923284264667,6.71012385810203,2.03619635223852,-3.05401622300099,0.878908883633414,-1.4262488282363,9.13955077522663,-4.03390355811893,-7.10681705341218,-2.29070027354749,4.26643958533818,-3.76560376133639,7.16715491609251,-5.07042222662724,-1.00485232585429
4.18,-4.56219086990885,-4.31224823971601,4.82920403557966,-2.0552931132533,-3.60456461048008,-3.63897112159313,-1.1484936554823,2.11519455390491,-0.737105784330673,-6.18039142028368,6.6971921019093,2.03221734916642,-3.05002180344354,0.877144514352651,-1.42382682760454,9.12189276631481,-4.0260555568171,-7.09308304515128,-2.28820410599297,4.25822754269788,-3.75802316021733,7.1534082754705,-5.06060319889471,-1.00288851940955
4.185,-4.55439251659803,-4.30336484625622,4.82143128450321,-2.05131766156994,-3.59760757150213,-3.63201408261518,-1.14817183726518,2.11101166023451,-0.735842589589645,-6.16845441410065,6.68426034571656,2.02823834609432,-3.04602738388616,0.875380145071887,-1.4214048269728,9.10423475740299,-4.01820755551526,-7.07934903689038,-2.28570793843846,4.25001550005759,-3.75044255909826,7.13966163484849,-5.05078417116218,-1.00092471296482
4.19,-4.54659416328718,-4.29448145279643,4.81365853342675,-2.04734220988658,-3.59065053252418,-3.62505704363723,-1.14785001904801,2.1068287665641,-0.734579394848609,-6.15651740791762,6.67132858952383,2.02425934302222,-3.04203296432877,0.873615775791121,-1.41898282634105,9.08657674849117,-4.01035955421343,-7.06561502862947,-2.28321177088395,4.24180345741729,-3.74286195797919,7.12591499422649,-5.04096514342964,-0.998960906520083
4.195,-4.53879580997636,-4.28559805933664,4.80588578235029,-2.04336675820322,-3.58369349354624,-3.61810000465928,-1.14752820083095,2.1026458728937,-0.733316200107588,-6.1445804017346,6.6583968333311,2.02028033995012,-3.03803854477138,0.871851406510357,-1.4165608257093,9.06891873957935,-4.00251155291159,-7.05188102036857,-2.28071560332944,4.23359141477699,-3.73528135686011,7.11216835360448,-5.03114611569711,-0.996997100075346
4.2,-4.53099745666552,-4.27671466587684,4.79811303127383,-2.03939130651986,-3.57673645456829,-3.61114296568134,-1.14720638261383,2.09846297922329,-0.732053005366552,-6.13264339555157,6.64546507713837,2.01630133687802,-3.034044125214,0.870087037229593,-1.41413882507754,9.05126073066753,-3.99466355160976,-7.03814701210767,-2.27821943577493,4.22537937213669,-3.72770075574104,7.09842171298248,-5.02132708796458,-0.99503329363061
4.205,-4.52319910335467,-4.26783127241704,4.79034028019743,-2.03541585483651,-3.56977941559034,-3.60418592670339,-1.14688456439671,2.09428008555288,-0.730789810625524,-6.12070638936855,6.63253332094564,2.01232233380592,-3.03004970565661,0.86832266794883,-1.41171682444579,9.03360272175571,-3.98681555030792,-7.02441300384677,-2.27572326822036,4.2171673294964,-3.72012015462197,7.08467507236047,-5.01150806023204,-0.993069487185874
4.21,-4.51540075004385,-4.25894787895726,4.78256752912097,-2.03144040315315,-3.5628223766124,-3.59722888772544,-1.1465627461796,2.09009719188247,-0.729526615884488,-6.10876938318552,6.61960156475291,2.00834333073382,-3.02605528609922,0.866558298668066,-1.40929482381405,9.01594471284389,-3.97896754900609,-7.01067899558586,-2.27322710066585,4.2089552868561,-3.71253955350289,7.07092843173847,-5.00168903249951,-0.991105680741138
4.215,-4.50760239673301,-4.25006448549746,4.77479477804451,-2.02746495146979,-3.55586533763445,-3.5902718487475,-1.14624092796242,2.08591429821207,-0.72826342114346,-6.0968323770025,6.60666980856017,2.00436432766172,-3.02206086654184,0.864793929387302,-1.4068728231823,8.99828670393207,-3.97111954770426,-6.99694498732496,-2.27073093311139,4.2007432442158,-3.70495895238382,7.05718179111646,-4.99187000476697,-0.989141874296402
4.22,-4.49980404342219,-4.24118109203766,4.76702202696805,-2.02348949978643,-3.5489082986565,-3.58331480976955,-1.14591910974536,2.08173140454166,-0.727000226402431,-6.08489537081947,6.59373805236744,2.00038532458962,-3.01806644698445,0.863029560106536,-1.40445082255056,8.98062869502025,-3.96327154640242,-6.98321097906406,-2.26823476555688,4.19253120157551,-3.69737835126475,7.04343515049445,-4.98205097703444,-0.987178067851667
4.225,-4.49200569011134,-4.23229769857787,4.75924927589153,-2.01951404810307,-3.54195125967856,-3.5763577707916,-1.14559729152825,2.07754851087126,-0.725737031661403,-6.07295836463645,6.58080629617471,1.99640632151752,-3.01407202742706,0.861265190825772,-1.4020288219188,8.96297068610843,-3.95542354510059,-6.96947697080316,-2.26573859800237,4.18431915893521,-3.68979775014567,7.02968850987245,-4.97223194930191,-0.98521426140693
4.23,-4.48420733680049,-4.22341430511808,4.75147652481513,-2.01553859641971,-3.53499422070061,-3.56940073181365,-1.14527547331113,2.07336561720085,-0.724473836920367,-6.06102135845342,6.56787453998198,1.99242731844542,-3.01007760786962,0.859500821545009,-1.39960682128707,8.94531267719661,-3.94757554379875,-6.95574296254225,-2.26324243044786,4.17610711629491,-3.68221714902658,7.01594186925044,-4.96241292156937,-0.983250454962193
4.235,-4.47640898348968,-4.21453091165829,4.74370377373867,-2.01156314473635,-3.52803718172266,-3.56244369283571,-1.14495365509401,2.06918272353044,-0.723210642179332,-6.04908435227039,6.55494278378925,1.98844831537332,-3.00608318831223,0.857736452264245,-1.39718482065531,8.92765466828479,-3.93972754249692,-6.94200895428135,-2.26074626289335,4.16789507365461,-3.67463654790751,7.00219522862843,-4.95259389383684,-0.981286648517457
4.24,-4.46861063017883,-4.20564751819849,4.73593102266216,-2.00758769305299,-3.52108014274471,-3.55548665385776,-1.1446318368769,2.06499982986003,-0.721947447438303,-6.03714734608737,6.54201102759651,1.98446931230122,-3.00208876875485,0.855972082983481,-1.39476282002356,8.90999665937297,-3.93187954119509,-6.92827494602045,-2.25825009533878,4.15968303101431,-3.66705594678844,6.98844858800643,-4.9427748661043,-0.979322842072722
4.245,-4.46081227686801,-4.19676412473871,4.7281582715857,-2.00361224136963,-3.51412310376677,-3.54852961487981,-1.14431001865978,2.06081693618963,-0.720684252697268,-6.02521033990435,6.52907927140378,1.98049030922912,-2.99809434919746,0.854207713702715,-1.3923408193918,8.89233865046115,-3.92403153989325,-6.91454093775954,-2.25575392778427,4.15147098837402,-3.65947534566936,6.97470194738442,-4.93295583837177,-0.977359035627986
4.25,-4.45301392355719,-4.18788073127891,4.72038552050924,-1.99963678968627,-3.50716606478882,-3.54157257590187,-1.14398820044266,2.05663404251922,-0.719421057956239,-6.01327333372132,6.51614751521105,1.97651130615702,-2.99409992964007,0.852443344421951,-1.38991881876005,8.87468064154933,-3.91618353859142,-6.90080692949864,-2.25325776022976,4.14325894573372,-3.65189474455029,6.96095530676242,-4.92313681063924,-0.975395229183248
4.255,-4.44521557024635,-4.17899733781911,4.71261276943284,-1.99566133800292,-3.50020902581087,-3.53461553692392,-1.1436663822256,2.05245114884881,-0.718157863215211,-6.0013363275383,6.50321575901832,1.97253230308492,-2.99010551008269,0.850678975141186,-1.38749681812831,8.85702263263751,-3.90833553728958,-6.88707292123774,-2.25076159267525,4.13504690309342,-3.64431414343122,6.94720866614041,-4.9133177829067,-0.973431422738512
4.26,-4.43741721693553,-4.17011394435931,4.70484001835638,-1.99168588631956,-3.49325198683293,-3.52765849794597,-1.14334456400843,2.04826825517841,-0.716894668474183,-5.98939932135527,6.49028400282559,1.96855330001282,-2.9861110905253,0.848914605860422,-1.38507481749656,8.83936462372569,-3.90048753598775,-6.87333891297684,-2.24826542512074,4.12683486045313,-3.63673354231214,6.93346202551841,-4.90349875517417,-0.971467616293777
4.265,-4.42961886362465,-4.16123055089953,4.69706726727992,-1.9877104346362,-3.48629494785498,-3.52070145896803,-1.14302274579131,2.044085361508,-0.715631473733147,-5.97746231517224,6.47735224663286,1.96457429694072,-2.98211667096791,0.847150236579658,-1.38265281686482,8.82170661481388,-3.89263953468592,-6.85960490471593,-2.24576925756622,4.11862281781283,-3.62915294119307,6.9197153848964,-4.89367972744164,-0.969503809849041
4.27,-4.42182051031384,-4.15234715743973,4.68929451620346,-1.98373498295284,-3.47933790887703,-3.51374441999008,-1.1427009275742,2.03990246783759,-0.714368278992119,-5.96552530898922,6.46442049044012,1.96059529386862,-2.97812225141053,0.845385867298894,-1.38023081623307,8.80404860590206,-3.88479153338408,-6.84587089645503,-2.24327309001171,4.11041077517253,-3.621572340074,6.9059687442744,-4.8838606997091,-0.967540003404305
4.275,-4.41402215700302,-4.14346376397994,4.681521765127,-1.97975953126948,-3.47238086989908,-3.50678738101213,-1.14237910935708,2.03571957416719,-0.713105084251083,-5.95358830280619,6.45148873424739,1.95661629079652,-2.97412783185308,0.84362149801813,-1.37780881560133,8.78639059699023,-3.87694353208225,-6.83213688819413,-2.2407769224572,4.10219873253223,-3.61399173895492,6.89222210365239,-4.87404167197657,-0.965576196959568
4.28,-4.40622380369217,-4.13458037052014,4.67374901405054,-1.97578407958612,-3.46542383092114,-3.49983034203418,-1.14205729114002,2.03153668049678,-0.711841889510048,-5.94165129662317,6.43855697805466,1.95263728772442,-2.9701334122957,0.841857128737367,-1.37538681496957,8.76873258807841,-3.86909553078041,-6.81840287993322,-2.23828075490263,4.09398668989193,-3.60641113783585,6.87847546303038,-4.86422264424404,-0.963612390514831
4.285,-4.39842545038135,-4.12569697706036,4.66597626297408,-1.97180862790276,-3.45846679194319,-3.49287330305624,-1.14173547292285,2.02735378682637,-0.710578694769019,-5.92971429044014,6.42562522186193,1.94865828465232,-2.96613899273831,0.840092759456601,-1.37296481433783,8.75107457916659,-3.86124752947858,-6.80466887167232,-2.23578458734812,4.08577464725164,-3.59883053671678,6.86472882240837,-4.8544036165115,-0.961648584070096
4.29,-4.39062709707048,-4.11681358360056,4.65820351189763,-1.9678331762194,-3.45150975296524,-3.48591626407829,-1.14141365470573,2.02317089315596,-0.709315500027991,-5.91777728425712,6.4126934656692,1.94467928158022,-2.96214457318092,0.838328390175837,-1.37054281370608,8.73341657025477,-3.85339952817675,-6.79093486341142,-2.23328841979361,4.07756260461134,-3.5912499355977,6.85098218178637,-4.84458458877897,-0.95968477762536
4.295,-4.38282874375966,-4.10793019014078,4.65043076082111,-1.96385772453604,-3.44455271398729,-3.47895922510034,-1.14109183648867,2.01898799948556,-0.708052305286962,-5.90584027807409,6.39976170947646,1.94070027850812,-2.95815015362354,0.836564020895073,-1.36812081307434,8.71575856134296,-3.84555152687491,-6.77720085515052,-2.2307922522391,4.06935056197104,-3.58366933447863,6.83723554116436,-4.83476556104644,-0.957720971180624
4.3,-4.37503039044884,-4.09904679668098,4.64265800974471,-1.95988227285268,-3.43759567500935,-3.4720021861224,-1.1407700182715,2.01480510581515,-0.706789110545927,-5.89390327189107,6.38682995328373,1.93672127543602,-2.95415573406615,0.834799651614308,-1.36569881244259,8.69810055243114,-3.83770352557308,-6.76346684688961,-2.22829608468459,4.06113851933075,-3.57608873335955,6.82348890054236,-4.8249465333139,-0.955757164735888
4.305,-4.367232037138,-4.0901634032212,4.63488525866825,-1.95590682116933,-3.4306386360314,-3.46504514714445,-1.14044820005444,2.01062221214474,-0.705525915804898,-5.88196626570804,6.373898197091,1.93274227236393,-2.95016131450876,0.833035282333544,-1.36327681181083,8.68044254351932,-3.82985552427124,-6.74973283862871,-2.22579991713008,4.05292647669045,-3.56850813224048,6.80974225992035,-4.81512750558137,-0.953793358291152
4.31,-4.35943368382718,-4.0812800097614,4.62711250759179,-1.95193136948597,-3.42368159705345,-3.4580881081665,-1.14012638183732,2.00643931847434,-0.704262721063863,-5.87002925952502,6.36096644089827,1.92876326929183,-2.94616689495138,0.83127091305278,-1.36085481117908,8.6627845346075,-3.82200752296941,-6.73599883036781,-2.22330374957556,4.04471443405015,-3.56092753112141,6.79599561929835,-4.80530847784884,-0.951829551846415
4.315,-4.35163533051633,-4.07239661630159,4.61933975651533,-1.94795591780261,-3.41672455807551,-3.45113106918855,-1.13980456362015,2.00225642480393,-0.702999526322834,-5.85809225334199,6.34803468470554,1.92478426621973,-2.94217247539399,0.829506543772016,-1.35843281054733,8.64512652569567,-3.81415952166758,-6.7222648221069,-2.22080758202105,4.03650239140985,-3.55334693000233,6.78224897867634,-4.7954894501163,-0.949865745401679
4.32,-4.34383697720548,-4.06351322284182,4.61156700543887,-1.94398046611925,-3.40976751909756,-3.44417403021061,-1.13948274540309,1.99807353113352,-0.701736331581806,-5.84615524715896,6.33510292851281,1.92080526314762,-2.9381780558366,0.827742174491251,-1.35601080991559,8.62746851678386,-3.80631152036574,-6.708530813846,-2.21831141446654,4.02829034876956,-3.54576632888326,6.76850233805433,-4.78567042238377,-0.947901938956943
4.325,-4.33603862389467,-4.05462982938202,4.60379425436241,-1.94000501443589,-3.40281048011961,-3.43721699123266,-1.13916092718591,1.99389063746312,-0.700473136840777,-5.83421824097594,6.32217117232007,1.91682626007553,-2.93418363627916,0.825977805210487,-1.35358880928383,8.60981050787204,-3.79846351906391,-6.6947968055851,-2.21581524691203,4.02007830612926,-3.53818572776419,6.75475569743233,-4.77585139465123,-0.945938132512207
4.33,-4.32824027058382,-4.04574643592223,4.59602150328595,-1.93602956275253,-3.39585344114166,-3.43025995225471,-1.13883910896885,1.98970774379271,-0.699209942099742,-5.82228123479291,6.30923941612734,1.91284725700343,-2.93018921672177,0.824213435929723,-1.3511668086521,8.59215249896021,-3.79061551776207,-6.68106279732419,-2.21331907935752,4.01186626348896,-3.5306051266451,6.74100905681032,-4.7660323669187,-0.943974326067472
4.335,-4.320441917273,-4.03686304246243,4.58824875220949,-1.93205411106917,-3.38889640216372,-3.42330291327676,-1.13851729075174,1.9855248501223,-0.697946747358706,-5.81034422860989,6.29630765993461,1.90886825393133,-2.92619479716438,0.822449066648959,-1.34874480802034,8.57449449004839,-3.78276751646024,-6.66732878906329,-2.21082291180301,4.00365422084866,-3.52302452552603,6.72726241618832,-4.75621333918617,-0.942010519622734
4.34,-4.31264356396218,-4.02797964900265,4.58047600113304,-1.92807865938581,-3.38193936318577,-3.41634587429882,-1.13819547253456,1.9813419564519,-0.696683552617678,-5.79840722242687,6.28337590374188,1.90488925085923,-2.922200377607,0.820684697368195,-1.34632280738859,8.55683648113658,-3.77491951515841,-6.65359478080239,-2.2083267442485,3.99544217820837,-3.51544392440695,6.71351577556631,-4.74639431145363,-0.940046713177998
4.345,-4.30484521065131,-4.01909625554285,4.57270325005658,-1.92410320770245,-3.37498232420782,-3.40938883532087,-1.1378736543175,1.97715906278149,-0.695420357876642,-5.78647021624384,6.27044414754915,1.90091024778713,-2.91820595804961,0.818920328087431,-1.34390080675685,8.53917847222476,-3.76707151385657,-6.63986077254149,-2.20583057669398,3.98723013556807,-3.50786332328788,6.69976913494431,-4.7365752837211,-0.938082906733262
4.35,-4.29704685734049,-4.01021286208305,4.56493049898012,-1.92012775601909,-3.36802528522988,-3.40243179634292,-1.13755183610039,1.97297616911108,-0.694157163135621,-5.77453321006081,6.25751239135642,1.89693124471503,-2.91421153849222,0.817155958806667,-1.34147880612511,8.52152046331294,-3.75922351255474,-6.62612676428058,-2.20333440913942,3.97901809292777,-3.50028272216881,6.6860224943223,-4.72675625598857,-0.936119100288527
4.355,-4.28924850402964,-4.00132946862327,4.55715774790366,-1.91615230433573,-3.36106824625193,-3.39547475736498,-1.13723001788327,1.96879327544067,-0.692893968394586,-5.76259620387779,6.24458063516368,1.89295224164293,-2.91021711893484,0.815391589525902,-1.33905680549336,8.50386245440112,-3.7513755112529,-6.61239275601968,-2.2008382415849,3.97080605028747,-3.49270212104973,6.67227585370029,-4.71693722825603,-0.93415529384379
4.36,-4.28145015071883,-3.99244607516347,4.5493849968272,-1.91217685265238,-3.35411120727398,-3.38851771838703,-1.13690819966615,1.96461038177027,-0.691630773653557,-5.75065919769476,6.23164887897095,1.88897323857083,-2.90622269937745,0.813627220245138,-1.3366348048616,8.48620444548929,-3.74352750995107,-6.59865874775878,-2.19834207403039,3.96259400764718,-3.48512151993066,6.65852921307829,-4.7071182005235,-0.932191487399054
4.365,-4.27365179740801,-3.98356268170367,4.5416122457508,-1.90820140096902,-3.34715416829603,-3.38156067940908,-1.13658638144909,1.96042748809986,-0.690367578912522,-5.73872219151174,6.21871712277822,1.88499423549873,-2.90222827982006,0.811862850964374,-1.33421280422985,8.46854643657748,-3.73567950864923,-6.58492473949787,-2.19584590647588,3.95438196500688,-3.47754091881158,6.64478257245628,-4.69729917279096,-0.930227680954317
4.37,-4.26585344409713,-3.97467928824388,4.53383949467428,-1.90422594928566,-3.34019712931809,-3.37460364043113,-1.13626456323192,1.95624459442945,-0.689104384171493,-5.72678518532871,6.20578536658549,1.88101523242663,-2.89823386026262,0.81009848168361,-1.3317908035981,8.45088842766566,-3.7278315073474,-6.57119073123697,-2.19334973892137,3.94616992236658,-3.46996031769251,6.63103593183427,-4.68748014505843,-0.928263874509581
4.375,-4.25805509078631,-3.96579589478409,4.52606674359782,-1.9002504976023,-3.33324009034014,-3.36764660145319,-1.1359427450148,1.95206170075905,-0.687841189430458,-5.71484817914569,6.19285361039276,1.87703622935453,-2.89423944070523,0.808334112402845,-1.32936880296636,8.43323041875384,-3.71998350604557,-6.55745672297607,-2.19085357136686,3.93795787972628,-3.46237971657344,6.61728929121227,-4.6776611173259,-0.926300068064846
4.38,-4.25025673747547,-3.9569125013243,4.51829399252136,-1.89627504591894,-3.32628305136219,-3.36068956247524,-1.13562092679769,1.94787880708864,-0.686577994689426,-5.70291117296266,6.17992185420002,1.87305722628243,-2.89024502114785,0.806569743122081,-1.3269468023346,8.41557240984202,-3.71213550474373,-6.54372271471517,-2.18835740381235,3.92974583708599,-3.45479911545436,6.60354265059027,-4.66784208959336,-0.92433626162011
4.385,-4.24245838416465,-3.9480291078645,4.51052124144491,-1.89229959423558,-3.31932601238425,-3.35373252349729,-1.13529910858057,1.94369591341823,-0.685314799948394,-5.69097416677964,6.16699009800729,1.86907822321033,-2.88625060159046,0.804805373841317,-1.32452480170286,8.3979144009302,-3.7042875034419,-6.52998870645426,-2.18586123625778,3.92153379444569,-3.44721851433529,6.58979600996826,-4.65802306186083,-0.922372455175374
4.39,-4.23466003085383,-3.9391457144047,4.50274849036845,-1.88832414255222,-3.3123689734063,-3.34677548451935,-1.13497729036351,1.93951301974783,-0.684051605207369,-5.67903716059661,6.15405834181456,1.86509922013823,-2.88225618203307,0.803041004560553,-1.32210280107111,8.38025639201838,-3.69643950214007,-6.51625469819336,-2.18336506870327,3.91332175180539,-3.43963791321622,6.57604936934625,-4.6482040341283,-0.920408648730638
4.395,-4.22686167754298,-3.93026232094491,4.49497573929204,-1.88434869086886,-3.30541193442835,-3.3398184455414,-1.13465547214633,1.93533012607742,-0.682788410466337,-5.66710015441359,6.14112658562183,1.86112021706613,-2.87826176247569,0.801276635279789,-1.31968080043937,8.36259838310656,-3.68859150083823,-6.50252068993246,-2.18086890114876,3.90510970916509,-3.43205731209714,6.56230272872425,-4.63838500639576,-0.918444842285901
4.4,-4.21906332423214,-3.92137892748512,4.48720298821553,-1.8803732391855,-3.2984548954504,-3.33286140656345,-1.13433365392922,1.93114723240701,-0.681525215725305,-5.65516314823056,6.1281948294291,1.85714121399403,-2.8742673429183,0.799512265999024,-1.31725879980762,8.34494037419474,-3.6807434995364,-6.48878668167155,-2.17837273359424,3.8968976665248,-3.42447671097807,6.54855608810224,-4.62856597866323,-0.916481035841165
4.405,-4.21126497092132,-3.91249553402533,4.47943023713907,-1.87639778750214,-3.29149785647246,-3.3259043675855,-1.13401183571216,1.9269643387366,-0.680262020984269,-5.64322614204753,6.11526307323637,1.85316221092193,-2.87027292336091,0.79774789671826,-1.31483679917586,8.32728236528292,-3.67289549823456,-6.47505267341065,-2.17587656603973,3.8886856238845,-3.416896109859,6.53480944748023,-4.61874695093069,-0.914517229396429
4.41,-4.20346661761047,-3.90361214056553,4.47165748606261,-1.87242233581878,-3.28454081749451,-3.31894732860756,-1.13369001749498,1.9227814450662,-0.678998826243241,-5.63128913586451,6.10233131704363,1.84918320784983,-2.86627850380353,0.795983527437496,-1.31241479854413,8.3096243563711,-3.66504749693273,-6.46131866514975,-2.17338039848522,3.8804735812442,-3.40931550873992,6.52106280685823,-4.60892792319816,-0.912553422951693
4.415,-4.19566826429966,-3.89472874710575,4.46388473498621,-1.86844688413543,-3.27758377851656,-3.31199028962961,-1.13336819927792,1.91859855139579,-0.677735631502212,-5.61935212968148,6.0893995608509,1.84520420477773,-2.86228408424608,0.794219158156732,-1.30999279791236,8.29196634745928,-3.65719949563089,-6.44758465688885,-2.17088423093071,3.8722615386039,-3.40173490762085,6.50731616623622,-4.59910889546563,-0.910589616506956
4.42,-4.18786991098881,-3.88584535364595,4.45611198390975,-1.86447143245207,-3.27062673953862,-3.30503325065166,-1.13304638106081,1.91441565772539,-0.676472436761181,-5.60741512349846,6.07646780465817,1.84122520170563,-2.8582896646887,0.792454788875968,-1.30757079728063,8.27430833854746,-3.64935149432906,-6.43385064862794,-2.16838806337626,3.86404949596361,-3.39415430650178,6.49356952561422,-4.5892898677331,-0.90862581006222
4.425,-4.18007155767799,-3.87696196018616,4.44833923283323,-1.86049598076871,-3.26366970056067,-3.29807621167372,-1.13272456284363,1.91023276405498,-0.675209242020149,-5.59547811731543,6.06353604846544,1.83724619863353,-2.85429524513131,0.790690419595204,-1.30514879664887,8.25665032963564,-3.64150349302723,-6.42011664036704,-2.16589189582169,3.85583745332331,-3.3865737053827,6.47982288499221,-4.57947084000056,-0.906662003617484
4.43,-4.17227320436712,-3.86807856672637,4.44056648175678,-1.85652052908535,-3.25671266158272,-3.29111917269577,-1.13240274462657,1.90604987038457,-0.673946047279117,-5.58354111113241,6.05060429227271,1.83326719556143,-2.85030082557392,0.788926050314439,-1.30272679601713,8.23899232072382,-3.63365549172539,-6.40638263210614,-2.16339572826718,3.84762541068301,-3.37899310426363,6.46607624437021,-4.56965181226803,-0.904698197172748
4.435,-4.1644748510563,-3.85919517326658,4.43279373068032,-1.85254507740199,-3.24975562260477,-3.28416213371782,-1.1320809264094,1.90186697671416,-0.672682852538085,-5.57160410494938,6.03767253607998,1.82928819248933,-2.84630640601654,0.787161681033675,-1.30030479538538,8.221334311812,-3.62580749042356,-6.39264862384524,-2.16089956071266,3.83941336804272,-3.37141250314455,6.4523296037482,-4.55983278453549,-0.902734390728012
4.44,-4.15667649774548,-3.85031177980677,4.42502097960386,-1.84856962571863,-3.24279858362683,-3.27720509473987,-1.13175910819234,1.89768408304376,-0.671419657797053,-5.55966709876636,6.02474077988724,1.82530918941723,-2.84231198645915,0.785397311752911,-1.29788279475363,8.20367630290018,-3.61795948912172,-6.37891461558433,-2.15840339315815,3.83120132540242,-3.36383190202548,6.43858296312619,-4.55001375680296,-0.900770584283276
4.445,-4.14887814443463,-3.84142838634698,4.4172482285274,-1.84459417403527,-3.23584154464888,-3.27024805576193,-1.13143728997522,1.89350118937335,-0.670156463056024,-5.54773009258333,6.01180902369451,1.82133018634513,-2.83831756690176,0.783632942472147,-1.29546079412189,8.18601829398836,-3.61011148781989,-6.36518060732343,-2.15590722560364,3.82298928276212,-3.35625130090641,6.42483632250419,-4.54019472907043,-0.89880677783854
4.45,-4.14107979112381,-3.83254499288721,4.40947547745094,-1.84061872235191,-3.22888450567093,-3.26329101678398,-1.13111547175805,1.88931829570295,-0.668893268314992,-5.53579308640031,5.99887726750178,1.81735118327303,-2.83432314734438,0.781868573191382,-1.29303879349013,8.16836028507654,-3.60226348651805,-6.35144659906253,-2.15341105804913,3.81477724012182,-3.34867069978733,6.41108968188218,-4.53037570133789,-0.896842971393803
4.455,-4.13328143781297,-3.82366159942741,4.40170272637448,-1.83664327066855,-3.22192746669299,-3.25633397780603,-1.13079365354099,1.88513540203254,-0.667630073573964,-5.52385608021728,5.98594551130905,1.81337218020093,-2.83032872778699,0.780104203910618,-1.29061679285839,8.15070227616472,-3.59441548521622,-6.33771259080162,-2.15091489049462,3.80656519748152,-3.34109009866825,6.39734304126018,-4.52055667360536,-0.894879164949067
4.46,-4.12548308450212,-3.81477820596761,4.39392997529808,-1.8326678189852,-3.21497042771504,-3.24937693882809,-1.13047183532387,1.88095250836213,-0.666366878832932,-5.51191907403426,5.97301375511632,1.80939317712883,-2.8263343082296,0.778339834629854,-1.28819479222664,8.1330442672529,-3.58656748391439,-6.32397858254072,-2.14841872294005,3.79835315484123,-3.33350949754917,6.38359640063817,-4.51073764587283,-0.892915358504331
4.465,-4.1176847311913,-3.80589481250782,4.38615722422162,-1.82869236730184,-3.20801338873709,-3.24241989985014,-1.13015001710676,1.87676961469172,-0.665103684091896,-5.49998206785123,5.96008199892358,1.80541417405673,-2.82233988867216,0.77657546534909,-1.28577279159489,8.11538625834108,-3.57871948261255,-6.31024457427982,-2.14592255538554,3.79014111220093,-3.3259288964301,6.36984976001616,-4.50091861814029,-0.890951552059596
4.47,-4.10988637788046,-3.79701141904803,4.37838447314516,-1.82471691561848,-3.20105634975914,-3.23546286087219,-1.12982819888964,1.87258672102131,-0.663840489350864,-5.48804506166821,5.94715024273085,1.80143517098463,-2.81834546911477,0.774811096068326,-1.28335079096314,8.09772824942926,-3.57087148131072,-6.29651056601891,-2.14342638783103,3.78192906956063,-3.31834829531103,6.35610311939416,-4.49109959040776,-0.888987745614859
4.475,-4.10208802456964,-3.78812802558824,4.3706117220687,-1.82074146393512,-3.1940993107812,-3.22850582189424,-1.12950638067252,1.86840382735091,-0.662577294609836,-5.47610805548518,5.93421848653812,1.79745616791254,-2.81435104955739,0.773046726787562,-1.28092879033139,8.08007024051744,-3.56302348000889,-6.28277655775801,-2.14093022027652,3.77371702692034,-3.31076769419195,6.34235647877215,-4.48128056267523,-0.887023939170123
4.48,-4.09428967125879,-3.77924463212844,4.36283897099224,-1.81676601225176,-3.18714227180325,-3.2215487829163,-1.12918456245541,1.8642209336805,-0.661314099868804,-5.46417104930215,5.92128673034539,1.79347716484044,-2.81035663,0.771282357506797,-1.27850678969964,8.06241223160562,-3.55517547870705,-6.26904254949711,-2.138434052722,3.76550498428004,-3.30318709307289,6.32860983815014,-4.47146153494269,-0.885060132725386
4.485,-4.08649131794795,-3.77036123866866,4.35506621991578,-1.8127905605684,-3.1801852328253,-3.21459174393835,-1.12886274423829,1.8600380400101,-0.660050905127772,-5.45223404311913,5.90835497415266,1.78949816176833,-2.80636221044261,0.769517988226033,-1.27608478906789,8.0447542226938,-3.54732747740522,-6.2553085412362,-2.13593788516749,3.75729294163974,-3.29560649195381,6.31486319752814,-4.46164250721016,-0.883096326280651
4.49,-4.07869296463713,-3.76147784520886,4.34729346883933,-1.80881510888504,-3.17322819384735,-3.2076347049604,-1.12854092602117,1.85585514633969,-0.658787710386743,-5.4402970369361,5.89542321795992,1.78551915869624,-2.80236779088523,0.767753618945269,-1.27366278843615,8.02709621378198,-3.53947947610338,-6.2415745329753,-2.13344171761298,3.74908089899944,-3.28802589083474,6.30111655690613,-4.45182347947762,-0.881132519835915
4.495,-4.07089461132628,-3.75259445174906,4.33952071776281,-1.80483965720168,-3.16627115486941,-3.20067766598246,-1.12821910780406,1.85167225266928,-0.657524515645711,-5.42836003075308,5.88249146176719,1.78154015562414,-2.79837337132784,0.765989249664505,-1.2712407878044,8.00943820487016,-3.53163147480155,-6.2278405247144,-2.13094555005841,3.74086885635915,-3.28044528971566,6.28736991628413,-4.44200445174509,-0.879168713391178
4.5,-4.06309625801546,-3.74371105828926,4.33174796668635,-1.80086420551832,-3.15931411589146,-3.19372062700451,-1.12789728958694,1.84748935899887,-0.656261320904679,-5.41642302457005,5.86955970557446,1.77756115255204,-2.79437895177045,0.76422488038374,-1.26881878717265,7.99178019595834,-3.52378347349972,-6.2141065164535,-2.1284493825039,3.73265681371885,-3.27286468859658,6.27362327566212,-4.43218542401256,-0.877204906946442
4.505,-4.05529790470464,-3.73482766482947,4.32397521560995,-1.79688875383496,-3.15235707691351,-3.18676358802656,-1.12757547136982,1.84330646532847,-0.654998126163651,-5.40448601838703,5.85662794938173,1.77358214947994,-2.79038453221307,0.762460511102976,-1.2663967865409,7.97412218704652,-3.51593547219788,-6.20037250819259,-2.12595321494939,3.72444477107855,-3.26528408747751,6.25987663504012,-4.42236639628002,-0.875241100501706
4.51,-4.04749955139377,-3.72594427136968,4.31620246453349,-1.7929133021516,-3.14540003793557,-3.17980654904861,-1.12725365315271,1.83912357165806,-0.653734931422619,-5.392549012204,5.843696193189,1.76960314640784,-2.78639011265562,0.76069614182221,-1.26397478590916,7.9564641781347,-3.50808747089605,-6.18663849993169,-2.12345704739488,3.71623272843825,-3.25770348635844,6.24612999441811,-4.41254736854749,-0.87327729405697
4.515,-4.03970119808295,-3.71706087790989,4.30842971345703,-1.78893785046825,-3.13844299895762,-3.17284951007067,-1.12693183493565,1.83494067798766,-0.652471736681584,-5.38061200602098,5.83076443699627,1.76562414333574,-2.78239569309824,0.758931772541448,-1.26155278527741,7.93880616922288,-3.50023946959421,-6.17290449167079,-2.12096087984037,3.70802068579796,-3.25012288523936,6.23238335379611,-4.40272834081496,-0.871313487612234
4.52,-4.03190284477211,-3.70817748445009,4.30065696238057,-1.78496239878489,-3.13148595997967,-3.16589247109272,-1.12661001671847,1.83075778431725,-0.651208541940555,-5.36867499983795,5.81783268080354,1.76164514026364,-2.77840127354085,0.757167403260683,-1.25913078464566,7.92114816031106,-3.49239146829238,-6.15917048340989,-2.11846471228586,3.69980864315766,-3.24254228412029,6.2186367131741,-4.39290931308242,-0.869349681167498
4.525,-4.02410449146129,-3.69929409099031,4.29288421130411,-1.78098694710153,-3.12452892100172,-3.15893543211477,-1.12628819850136,1.82657489064684,-0.649945347199523,-5.35673799365493,5.8049009246108,1.75766613719154,-2.77440685398346,0.755403033979919,-1.25670878401391,7.90349015139924,-3.48454346699055,-6.14543647514898,-2.1159685447314,3.69159660051736,-3.23496168300122,6.20489007255209,-4.38309028534989,-0.867385874722761
4.53,-4.01630613815047,-3.69041069753051,4.28511146022765,-1.77701149541817,-3.11757188202378,-3.15197839313682,-1.1259663802843,1.82239199697643,-0.648682152458491,-5.3448009874719,5.79196916841807,1.75368713411944,-2.77041243442608,0.753638664699155,-1.25428678338216,7.88583214248742,-3.47669546568871,-6.13170246688808,-2.11347237717683,3.68338455787706,-3.22738108188214,6.19114343193009,-4.37327125761735,-0.865422068278026
4.535,-4.00850778483959,-3.68152730407071,4.27733870915119,-1.77303604373481,-3.11061484304583,-3.14502135415888,-1.12564456206712,1.81820910330603,-0.647418957717459,-5.33286398128888,5.77903741222534,1.74970813104734,-2.76641801486869,0.751874295418391,-1.25186478275042,7.8681741335756,-3.46884746438688,-6.11796845862718,-2.11097620962232,3.67517251523677,-3.21980048076306,6.17739679130808,-4.36345222988482,-0.863458261833289
4.54,-4.00070943152878,-3.67264391061092,4.26956595807474,-1.76906059205145,-3.10365780406788,-3.13806431518093,-1.12532274385006,1.81402620963562,-0.646155762976431,-5.32092697510585,5.76610565603261,1.74572912797524,-2.7624235953113,0.750109926137627,-1.24944278211866,7.85051612466378,-3.46099946308504,-6.10423445036627,-2.10848004206781,3.66696047259647,-3.21221987964399,6.16365015068608,-4.35363320215229,-0.861494455388553
4.545,-3.99291107821796,-3.66376051715113,4.26179320699828,-1.76508514036809,-3.09670076508994,-3.13110727620298,-1.12500092563289,1.80984331596521,-0.644892568235399,-5.30898996892283,5.75317389983988,1.74175012490314,-2.75842917575392,0.748345556856862,-1.24702078148692,7.83285811575196,-3.45315146178321,-6.09050044210537,-2.1059838745133,3.65874842995617,-3.20463927852492,6.14990351006407,-4.34381417441975,-0.859530648943817
4.55,-3.98511272490711,-3.65487712369134,4.25402045592182,-1.76110968868473,-3.08974372611199,-3.12415023722504,-1.12467910741577,1.80566042229481,-0.64362937349437,-5.2970529627398,5.74024214364714,1.73777112183104,-2.75443475619653,0.746581187576098,-1.24459878085517,7.81520010684014,-3.44530346048137,-6.07676643384447,-2.10348770695879,3.65053638731587,-3.19705867740585,6.13615686944206,-4.33399514668722,-0.857566842499081
4.555,-3.97731437159629,-3.64599373023155,4.24624770484536,-1.75713423700137,-3.08278668713404,-3.11719319824709,-1.12435728919871,1.8014775286244,-0.642366178753338,-5.28511595655678,5.72731038745441,1.73379211875894,-2.75044033663909,0.744816818295334,-1.24217678022342,7.79754209792832,-3.43745545917954,-6.06303242558357,-2.10099153940428,3.64232434467558,-3.18947807628678,6.12241022882006,-4.32417611895469,-0.855603036054345
4.56,-3.96951601828545,-3.63711033677176,4.2384749537689,-1.75315878531801,-3.0758296481561,-3.11023615926914,-1.12403547098154,1.79729463495399,-0.641102984012303,-5.27317895037375,5.71437863126168,1.72981311568684,-2.7464459170817,0.743052449014568,-1.23975477959168,7.7798840890165,-3.42960745787771,-6.04929841732266,-2.09849537184976,3.63411230203528,-3.1818974751677,6.10866358819805,-4.31435709122215,-0.853639229609609
4.565,-3.9617176649746,-3.62822694331196,4.2307022026925,-1.74918333363465,-3.06887260917815,-3.10327912029119,-1.12371365276448,1.79311174128359,-0.639839789271271,-5.26124194419072,5.70144687506895,1.72583411261474,-2.74245149752431,0.741288079733806,-1.23733277895992,7.76222608010468,-3.42175945657587,-6.03556440906176,-2.09599920429525,3.62590025939498,-3.17431687404863,6.09491694757605,-4.30453806348962,-0.851675423164872
4.57,-3.95391931166378,-3.61934354985216,4.22292945161598,-1.7452078819513,-3.0619155702002,-3.09632208131325,-1.12339183454736,1.78892884761318,-0.638576594530242,-5.2493049380077,5.68851511887622,1.72185510954264,-2.73845707796693,0.739523710453041,-1.23491077832818,7.74456807119286,-3.41391145527404,-6.02183040080086,-2.09350303674069,3.61768821675468,-3.16673627292955,6.08117030695404,-4.29471903575709,-0.849711616720136
4.575,-3.94612095835294,-3.61046015639236,4.21515670053952,-1.74123243026794,-3.05495853122225,-3.0893650423353,-1.12307001633019,1.78474595394277,-0.63731339978921,-5.23736793182467,5.67558336268348,1.71787610647054,-2.73446265840954,0.737759341172275,-1.23248877769643,7.72691006228104,-3.40606345397221,-6.00809639253995,-2.09100686918617,3.60947617411439,-3.15915567181047,6.06742366633203,-4.28490000802455,-0.8477478102754
4.58,-3.93832260504212,-3.60157676293258,4.20738394946306,-1.73725697858458,-3.04800149224431,-3.08240800335735,-1.12274819811313,1.78056306027236,-0.636050205048178,-5.22543092564165,5.66265160649075,1.71389710339844,-2.73046823885215,0.735994971891511,-1.23006677706468,7.70925205336922,-3.39821545267037,-5.99436238427905,-2.08851070163166,3.60126413147409,-3.1515750706914,6.05367702571003,-4.27508098029202,-0.845784003830664
4.585,-3.93052425173127,-3.5926933694728,4.19961119838661,-1.73328152690122,-3.04104445326636,-3.07545096437941,-1.12242637989601,1.77638016660196,-0.634787010307146,-5.21349391945862,5.64971985029802,1.70991810032634,-2.72647381929477,0.734230602610747,-1.22764477643293,7.6915940444574,-3.39036745136854,-5.98062837601815,-2.08601453407715,3.59305208883379,-3.14399446957233,6.03993038508802,-4.26526195255948,-0.843820197385928
4.59,-3.92272589842042,-3.583809976013,4.19183844731015,-1.72930607521786,-3.03408741428841,-3.06849392540146,-1.1221045616789,1.77219727293155,-0.633523815566118,-5.2015569132756,5.63678809410529,1.70593909725424,-2.72247939973738,0.732466233329983,-1.22522277580118,7.67393603554558,-3.3825194500667,-5.96689436775725,-2.08351836652264,3.58484004619349,-3.13641386845325,6.02618374446602,-4.25544292482695,-0.841856390941191
4.595,-3.91492754510961,-3.5749265825532,4.18406569623369,-1.7253306235345,-3.02713037531047,-3.06153688642351,-1.12178274346178,1.76801437926114,-0.632260620825086,-5.18961990709257,5.62385633791256,1.70196009418214,-2.71848498017999,0.73070186404922,-1.22280077516943,7.65627802663376,-3.37467144876487,-5.95316035949634,-2.08102219896813,3.5766280035532,-3.12883326733418,6.01243710384401,-4.24562389709442,-0.839892584496456
4.6,-3.90712919179876,-3.56604318909341,4.17629294515729,-1.72135517185114,-3.02017333633252,-3.05457984744557,-1.12146092524466,1.76383148559074,-0.630997426084058,-5.17768290090955,5.61092458171983,1.69798109111004,-2.71449056062261,0.728937494768456,-1.22037877453769,7.63862001772194,-3.36682344746304,-5.93942635123544,-2.07852603141362,3.5684159609129,-3.12125266621511,5.998690463222,-4.23580486936189,-0.83792877805172
4.605,-3.89933083848794,-3.55715979563361,4.16852019408077,-1.71737972016778,-3.01321629735457,-3.04762280846762,-1.12113910702755,1.75964859192033,-0.629734231343026,-5.16574589472652,5.59799282552709,1.69400208803794,-2.71049614106511,0.72717312548769,-1.21795677390594,7.62096200881012,-3.3589754461612,-5.92569234297454,-2.07602986385905,3.5602039182726,-3.11367206509603,5.9849438226,-4.22598584162935,-0.835964971606983
4.61,-3.89153248517709,-3.54827640217383,4.16074744300431,-1.71340426848442,-3.00625925837662,-3.04066576948967,-1.12081728881043,1.75546569824992,-0.628471036601994,-5.1538088885435,5.58506106933436,1.69002308496584,-2.70650172150772,0.725408756206926,-1.21553477327419,7.6033039998983,-3.35112744485937,-5.91195833471363,-2.07353369630454,3.5519918756323,-3.10609146397696,5.97119718197799,-4.21616681389682,-0.834001165162247
4.615,-3.88373413186628,-3.53939300871403,4.15297469192791,-1.70942881680106,-2.99930221939868,-3.03370873051172,-1.12049547059331,1.75128280457952,-0.627207841860958,-5.14187188236047,5.57212931314163,1.68604408189374,-2.70250730195033,0.723644386926162,-1.21311277264245,7.58564599098648,-3.34327944355753,-5.89822432645273,-2.07103752875003,3.54377983299201,-3.09851086285789,5.95745054135599,-4.20634778616428,-0.832037358717511
4.62,-3.87593577855543,-3.53050961525425,4.14520194085145,-1.70545336511771,-2.99234518042073,-3.02675169153378,-1.1201736523762,1.74709991090911,-0.62594464711993,-5.12993487617745,5.5591975569489,1.68206507882164,-2.69851288239295,0.721880017645399,-1.21069077201069,7.56798798207466,-3.3354314422557,-5.88449031819183,-2.06854136119551,3.53556779035171,-3.09093026173881,5.94370390073398,-4.19652875843175,-0.830073552272775
4.625,-3.86813742524458,-3.52162622179445,4.13742918977493,-1.70147791343435,-2.98538814144278,-3.01979465255583,-1.11985183415914,1.7429170172387,-0.624681452378898,-5.11799786999442,5.54626580075617,1.67808607574954,-2.69451846283556,0.720115648364635,-1.20826877137895,7.55032997316284,-3.32758344095386,-5.87075630993093,-2.066045193641,3.52735574771141,-3.08334966061974,5.92995726011197,-4.18670973069922,-0.828109745828039
4.63,-3.86033907193377,-3.51274282833465,4.12965643869848,-1.69750246175099,-2.97843110246483,-3.01283761357788,-1.11953001594196,1.7387341235683,-0.623418257637866,-5.1060608638114,5.53333404456344,1.67410707267744,-2.69052404327817,0.718351279083871,-1.20584677074719,7.53267196425102,-3.31973543965203,-5.85702230167002,-2.06354902608655,3.51914370507111,-3.07576905950067,5.91621061948997,-4.17689070296668,-0.826145939383303
4.635,-3.85254071862292,-3.50385943487485,4.12188368762202,-1.69352701006763,-2.97147406348689,-3.00588057459994,-1.11920819772484,1.73455122989789,-0.622155062896837,-5.09412385762837,5.5204022883707,1.67012806960535,-2.68652962372079,0.716586909803105,-1.20342477011545,7.5150139553392,-3.3118874383502,-5.84328829340912,-2.06105285853204,3.51093166243082,-3.06818845838159,5.90246397886796,-4.16707167523415,-0.824182132938566
4.64,-3.8447423653121,-3.49497604141507,4.11411093654556,-1.68955155838427,-2.96451702450894,-2.99892353562199,-1.11888637950779,1.73036833622748,-0.620891868155805,-5.08218685144535,5.50747053217797,1.66614906653325,-2.6825352041634,0.714822540522341,-1.2010027694837,7.49735594642738,-3.30403943704836,-5.82955428514822,-2.05855669097747,3.50271961979052,-3.06060785726252,5.88871733824596,-4.15725264750162,-0.822218326493831
4.645,-3.83694401200128,-3.48609264795527,4.10633818546916,-1.68557610670091,-2.95755998553099,-2.99196649664404,-1.11856456129061,1.72618544255707,-0.619628673414773,-5.07024984526232,5.49453877598524,1.66217006346115,-2.67854078460601,0.713058171241578,-1.19858076885195,7.47969793751557,-3.29619143574653,-5.81582027688732,-2.05606052342296,3.49450757715022,-3.05302725614344,5.87497069762395,-4.14743361976908,-0.820254520049095
4.65,-3.82914565869041,-3.47720925449548,4.09856543439264,-1.68160065501755,-2.95060294655305,-2.98500945766609,-1.11824274307355,1.72200254888667,-0.618365478673741,-5.05831283907929,5.48160701979251,1.65819106038904,-2.67454636504857,0.711293801960812,-1.19615876822021,7.46203992860374,-3.28834343444469,-5.80208626862641,-2.05356435586845,3.48629553450992,-3.04544665502436,5.86122405700195,-4.13761459203655,-0.818290713604358
4.655,-3.82134730537959,-3.46832586103569,4.09079268331618,-1.67762520333419,-2.9436459075751,-2.97805241868815,-1.11792092485638,1.71781965521626,-0.617102283932713,-5.04637583289627,5.46867526359978,1.65421205731695,-2.67055194549118,0.709529432680048,-1.19373676758846,7.44438191969192,-3.28049543314286,-5.78835226036551,-2.05106818831393,3.47808349186963,-3.03786605390529,5.84747741637994,-4.12779556430401,-0.816326907159622
4.66,-3.81354895206877,-3.4594424675759,4.08301993223978,-1.67364975165083,-2.93668886859715,-2.9710953797102,-1.11759910663926,1.71363676154585,-0.615839089191681,-5.03443882671324,5.45574350740704,1.65023305424485,-2.6665575259338,0.707765063399284,-1.19131476695671,7.4267239107801,-3.27264743184103,-5.77461825210461,-2.04857202075942,3.46987144922933,-3.03028545278622,5.83373077575793,-4.11797653657148,-0.814363100714885
4.665,-3.80575059875792,-3.4505590741161,4.07524718116332,-1.66967429996747,-2.9297318296192,-2.96413834073225,-1.1172772884222,1.70945386787545,-0.614575894450653,-5.02250182053022,5.44281175121431,1.64625405117275,-2.66256310637641,0.70600069411852,-1.18889276632496,7.40906590186828,-3.26479943053919,-5.7608842438437,-2.04607585320491,3.46165940658903,-3.02270485166714,5.81998413513593,-4.10815750883895,-0.81239929427015
4.67,-3.79795224544711,-3.4416756806563,4.06747443008686,-1.66569884828412,-2.92277479064126,-2.9571813017543,-1.11695547020503,1.70527097420504,-0.613312699709621,-5.01056481434719,5.42987999502158,1.64227504810065,-2.65856868681902,0.704236324837757,-1.18647076569322,7.39140789295646,-3.25695142923736,-5.7471502355828,-2.0435796856504,3.45344736394873,-3.01512425054806,5.80623749451392,-4.09833848110641,-0.810435487825414
4.675,-3.79015389213623,-3.43279228719651,4.0597016790104,-1.66172339660076,-2.91581775166331,-2.95022426277636,-1.11663365198797,1.70108808053463,-0.612049504968585,-4.99862780816417,5.41694823882885,1.63829604502855,-2.65457426726164,0.702471955556993,-1.18404876506147,7.37374988404464,-3.24910342793553,-5.7334162273219,-2.04108351809583,3.44523532130844,-3.007543649429,5.79249085389192,-4.08851945337388,-0.808471681380677
4.68,-3.78235553882541,-3.42390889373672,4.05192892793394,-1.6577479449174,-2.90886071268536,-2.94326722379841,-1.11631183377085,1.69690518686423,-0.610786310227553,-4.98669080198114,5.40401648263612,1.63431704195645,-2.65057984770425,0.700707586276229,-1.18162676442972,7.35609187513282,-3.24125542663369,-5.71968221906099,-2.03858735054132,3.43702327866814,-2.99996304830992,5.77874421326991,-4.07870042564135,-0.806507874935941
4.685,-3.7745571855146,-3.41502550027693,4.04415617685743,-1.65377249323404,-2.90190367370742,-2.93631018482047,-1.11599001555368,1.69272229319382,-0.609523115486525,-4.97475379579812,5.39108472644339,1.63033803888435,-2.64658542814686,0.698943216995463,-1.17920476379797,7.338433866221,-3.23340742533186,-5.70594821080009,-2.03609118298681,3.42881123602784,-2.99238244719085,5.76499757264791,-4.06888139790881,-0.804544068491206
4.69,-3.76675883220375,-3.40614210681714,4.03638342578103,-1.64979704155068,-2.89494663472947,-2.92935314584252,-1.11566819733662,1.68853939952341,-0.608259920745493,-4.96281678961509,5.37815297025065,1.62635903581225,-2.64259100858948,0.697178847714699,-1.17678276316622,7.32077585730918,-3.22555942403002,-5.69221420253919,-2.0335950154323,3.42059919338754,-2.98480184607177,5.7512509320259,-4.05906237017628,-0.802580262046469
4.695,-3.75896047889293,-3.39725871335735,4.02861067470451,-1.64582158986732,-2.88798959575152,-2.92239610686457,-1.1153463791195,1.684356505853,-0.606996726004461,-4.95087978343207,5.36522121405792,1.62238003274015,-2.63859658903209,0.695414478433936,-1.17436076253447,7.30311784839736,-3.21771142272819,-5.67848019427829,-2.03109884787779,3.41238715074725,-2.9772212449527,5.73750429140389,-4.04924334244374,-0.800616455601733
4.7,-3.75116212558206,-3.38837531989755,4.02083792362805,-1.64184613818396,-2.88103255677357,-2.91543906788662,-1.11502456090238,1.6801736121826,-0.605733531263432,-4.93894277724904,5.35228945786519,1.61840102966805,-2.63460216947465,0.693650109153172,-1.17193876190272,7.28545983948554,-3.20986342142635,-5.66474618601738,-2.02860268032327,3.40417510810695,-2.96964064383363,5.72375765078189,-4.03942431471121,-0.798652649156997
4.705,-3.74336377227124,-3.37949192643775,4.01306517255159,-1.6378706865006,-2.87407551779563,-2.90848202890867,-1.11470274268527,1.67599071851219,-0.6044703365224,-4.92700577106602,5.33935770167246,1.61442202659595,-2.63060774991726,0.691885739872408,-1.16951676127098,7.26780183057372,-3.20201542012452,-5.65101217775648,-2.02610651276876,3.39596306546665,-2.96206004271455,5.71001101015988,-4.02960528697868,-0.79668884271226
4.71,-3.73556541896042,-3.37060853297795,4.00529242147519,-1.63389523481724,-2.86711847881768,-2.90152498993073,-1.11438092446809,1.67180782484179,-0.603207141781368,-4.91506876488299,5.32642594547973,1.61044302352385,-2.62661333035987,0.690121370591642,-1.16709476063923,7.2501438216619,-3.19416741882269,-5.63727816949558,-2.02361034521425,3.38775102282636,-2.95447944159547,5.69626436953787,-4.01978625924614,-0.794725036267525
4.715,-3.72776706564957,-3.36172513951819,3.99751967039873,-1.62991978313388,-2.86016143983973,-2.89456795095278,-1.11405910625103,1.66762493117138,-0.60194394704034,-4.90313175869997,5.313494189287,1.60646402045175,-2.62261891080249,0.688357001310878,-1.16467276000748,7.23248581275008,-3.18631941752085,-5.62354416123468,-2.02111417765968,3.37953898018606,-2.9468988404764,5.68251772891587,-4.00996723151361,-0.792761229822788
4.72,-3.71996871233875,-3.35284174605839,3.98974691932227,-1.62594433145053,-2.85320440086179,-2.88761091197483,-1.11373728803392,1.66344203750097,-0.600680752299308,-4.89119475251694,5.30056243309426,1.60248501737965,-2.6186244912451,0.686592632030115,-1.16225075937573,7.21482780383827,-3.17847141621902,-5.60981015297377,-2.01861801010517,3.37132693754576,-2.93931823935733,5.66877108829386,-4.00014820378108,-0.790797423378052
4.725,-3.71217035902791,-3.34395835259859,3.98197416824581,-1.62196887976717,-2.84624736188384,-2.88065387299689,-1.1134154698168,1.65925914383056,-0.599417557558272,-4.87925774633392,5.28763067690153,1.59850601430755,-2.61463007168771,0.684828262749351,-1.15982875874398,7.19716979492645,-3.17062341491718,-5.59607614471287,-2.01612184255066,3.36311489490546,-2.93173763823825,5.65502444767186,-3.99032917604854,-0.788833616933316
4.73,-3.70437200571706,-3.33507495913879,3.97420141716935,-1.61799342808381,-2.83929032290589,-2.87369683401894,-1.11309365159968,1.65507625016016,-0.598154362817244,-4.86732074015089,5.2746989207088,1.59452701123545,-2.61063565213033,0.683063893468585,-1.15740675811223,7.17951178601462,-3.16277541361535,-5.58234213645196,-2.01362567499615,3.35490285226516,-2.92415703711918,5.64127780704985,-3.98051014831601,-0.786869810488581
4.735,-3.69657365240624,-3.326191565679,3.9664286660929,-1.61401797640045,-2.83233328392794,-2.86673979504099,-1.11277183338257,1.65089335648975,-0.596891168076212,-4.85538373396786,5.26176716451607,1.59054800816335,-2.60664123257294,0.681299524187821,-1.15498475748048,7.1618537771028,-3.15492741231352,-5.56860812819106,-2.01112950744169,3.34669080962487,-2.91657643600011,5.62753116642784,-3.97069112058348,-0.784906004043843
4.74,-3.6887752990954,-3.31730817221921,3.95865591501644,-1.61004252471709,-2.82537624495,-2.85978275606304,-1.11245001516545,1.64671046281935,-0.59562797333518,-4.84344672778484,5.24883540832334,1.58656900509125,-2.60264681301555,0.679535154907057,-1.15256275684874,7.14419576819098,-3.14707941101168,-5.55487411993016,-2.00863333988718,3.33847876698457,-2.90899583488103,5.61378452580584,-3.96087209285094,-0.782942197599107
4.745,-3.68097694578458,-3.30842477875942,3.95088316393998,-1.60606707303373,-2.81841920597205,-2.8528257170851,-1.11212819694833,1.64252756914894,-0.594364778594148,-4.83150972160181,5.2359036521306,1.58259000201915,-2.59865239345811,0.677770785626294,-1.15014075621698,7.12653775927917,-3.13923140970985,-5.54114011166926,-2.00613717233267,3.33026672434427,-2.90141523376195,5.60003788518383,-3.95105306511841,-0.780978391154371
4.75,-3.67317859247376,-3.29954138529963,3.94311041286352,-1.60209162135037,-2.8114621669941,-2.84586867810715,-1.11180637873127,1.63834467547853,-0.59310158385312,-4.81957271541879,5.22297189593787,1.57861099894705,-2.59465797390072,0.67600641634553,-1.14771875558524,7.10887975036735,-3.13138340840801,-5.52740610340835,-2.0036410047781,3.32205468170398,-2.89383463264288,5.58629124456183,-3.94123403738588,-0.779014584709635
4.755,-3.66538023916289,-3.29065799183984,3.93533766178706,-1.59811616966701,-2.80450512801616,-2.8389116391292,-1.1114845605141,1.63416178180812,-0.591838389112088,-4.80763570923576,5.21004013974514,1.57463199587495,-2.59066355434334,0.674242047064766,-1.14529675495349,7.09122174145553,-3.12353540710618,-5.51367209514745,-2.00114483722359,3.31384263906368,-2.8862540315238,5.57254460393982,-3.93141500965334,-0.7770507782649
4.76,-3.65758188585207,-3.28177459838004,3.9275649107106,-1.59414071798365,-2.79754808903821,-2.83195460015126,-1.11116274229698,1.62997888813771,-0.590575194371059,-4.79569870305274,5.19710838355241,1.57065299280285,-2.58666913478595,0.672477677784,-1.14287475432175,7.07356373254371,-3.11568740580434,-5.49993808688655,-1.99864866966908,3.30563059642338,-2.87867343040473,5.55879796331782,-3.92159598192081,-0.775086971820163
4.765,-3.64978353254122,-3.27289120492024,3.91979215963414,-1.59016526630029,-2.79059105006026,-2.82499756117331,-1.11084092407987,1.62579599446731,-0.589311999630027,-4.78376169686971,5.18417662735968,1.56667398973075,-2.58267471522856,0.670713308503236,-1.14045275369,7.05590572363189,-3.10783940450251,-5.48620407862565,-1.99615250211457,3.29741855378308,-2.87109282928566,5.54505132269581,-3.91177695418827,-0.773123165375427
4.77,-3.6419851792304,-3.26400781146046,3.91201940855768,-1.58618981461694,-2.78363401108231,-2.81804052219536,-1.11051910586275,1.6216131007969,-0.588048804888992,-4.77182469068669,5.17124487116695,1.56269498665865,-2.57868029567118,0.668948939222473,-1.13803075305825,7.03824771472007,-3.09999140320068,-5.47247007036474,-1.99365633456006,3.28920651114279,-2.86351222816659,5.5313046820738,-3.90195792645574,-0.771159358930691
4.775,-3.63418682591958,-3.25512441800066,3.90424665748122,-1.58221436293357,-2.77667697210437,-2.81108348321741,-1.11019728764569,1.6174302071265,-0.58678561014796,-4.75988768450366,5.15831311497421,1.55871598358655,-2.57468587611379,0.667184569941709,-1.1356087524265,7.02058970580824,-3.09214340189884,-5.45873606210384,-1.99116016700555,3.28099446850249,-2.85593162704752,5.5175580414518,-3.89213889872321,-0.769195552485955
4.78,-3.62638847260871,-3.24624102454086,3.89647390640476,-1.57823891125022,-2.76971993312642,-2.80412644423947,-1.10987546942852,1.61324731345609,-0.585522415406931,-4.74795067832064,5.14538135878148,1.55473698051445,-2.5706914565564,0.665420200660943,-1.13318675179475,7.00293169689643,-3.08429540059701,-5.44500205384294,-1.98866399945103,3.27278242586219,-2.84835102592844,5.50381140082979,-3.88231987099067,-0.767231746041219
4.785,-3.61859011929789,-3.23735763108108,3.88870115532831,-1.57426345956686,-2.76276289414847,-2.79716940526152,-1.1095536512114,1.60906441978568,-0.584259220665899,-4.73601367213761,5.13244960258875,1.55075797744235,-2.56669703699902,0.663655831380179,-1.130764751163,6.9852736879846,-3.07644739929517,-5.43126804558203,-1.98616783189647,3.26457038322189,-2.84077042480936,5.49006476020779,-3.87250084325814,-0.765267939596483
4.79,-3.61079176598705,-3.22847423762128,3.88092840425185,-1.5702880078835,-2.75580585517053,-2.79021236628357,-1.10923183299434,1.60488152611528,-0.582996025924867,-4.72407666595459,5.11951784639602,1.54677897437025,-2.56270261744157,0.661891462099415,-1.12834275053125,6.96761567907279,-3.06859939799334,-5.41753403732113,-1.98367166434195,3.2563583405816,-2.83318982369029,5.47631811958578,-3.86268181552561,-0.763304133151746
4.795,-3.60299341267623,-3.21959084416149,3.87315565317539,-1.56631255620014,-2.74884881619258,-2.78325532730563,-1.10891001477717,1.60069863244487,-0.581732831183839,-4.71213965977156,5.10658609020329,1.54279997129815,-2.55870819788419,0.660127092818652,-1.12592074989951,6.94995767016097,-3.06075139669151,-5.40380002906023,-1.98117549678744,3.2481462979413,-2.82560922257122,5.46257147896377,-3.85286278779307,-0.76134032670701
4.8,-3.59519505936541,-3.21070745070169,3.86538290209896,-1.56233710451678,-2.74189177721463,-2.77629828832768,-1.10858819656011,1.59651573877446,-0.580469636442807,-4.70020265358854,5.09365433401056,1.53882096822606,-2.5547137783268,0.658362723537886,-1.12349874926776,6.93229966124915,-3.05290339538967,-5.39006602079933,-1.97867932923293,3.239934255301,-2.81802862145214,5.44882483834177,-3.84304376006054,-0.759376520262274
4.805,-3.58739670605456,-3.20182405724189,3.8576101510225,-1.55836165283342,-2.73493473823668,-2.76934124934973,-1.10826637834299,1.59233284510406,-0.579206441701775,-4.68826564740551,5.08072257781782,1.53484196515396,-2.55071935876941,0.656598354257122,-1.12107674863601,6.91464165233733,-3.04505539408784,-5.37633201253842,-1.97618316167842,3.2317222126607,-2.81044802033307,5.43507819771976,-3.833224732328,-0.757412713817538
4.81,-3.57959835274372,-3.19294066378211,3.84983739994601,-1.55438620115006,-2.72797769925874,-2.76238421037178,-1.10794456012582,1.58814995143365,-0.577943246960746,-4.67632864122249,5.06779082162509,1.53086296208186,-2.54672493921203,0.654833984976358,-1.11865474800426,6.89698364342551,-3.03720739278601,-5.36259800427752,-1.97368699412391,3.22351017002041,-2.802867419214,5.42133155709776,-3.82340570459547,-0.755448907372802
4.815,-3.57179999943287,-3.18405727032231,3.84206464886958,-1.5504107494667,-2.72102066028079,-2.75542717139384,-1.10762274190876,1.58396705776324,-0.576680052219714,-4.66439163503946,5.05485906543236,1.52688395900975,-2.54273051965464,0.653069615695594,-1.11623274737251,6.87932563451368,-3.02935939148417,-5.34886399601662,-1.9711908265694,3.21529812738011,-2.79528681809492,5.40758491647575,-3.81358667686294,-0.753485100928066
4.82,-3.56400164612205,-3.17517387686253,3.83429189779312,-1.54643529778334,-2.71406362130284,-2.74847013241589,-1.10730092369158,1.57978416409283,-0.575416857478682,-4.65245462885643,5.04192730923963,1.52290495593765,-2.53873610009725,0.651305246414831,-1.11381074674077,6.86166762560187,-3.02151139018233,-5.33512998775571,-1.96869465901483,3.20708608473981,-2.78770621697585,5.39383827585374,-3.8037676491304,-0.751521294483329
4.825,-3.55620329281123,-3.16629048340273,3.82651914671666,-1.54245984609998,-2.70710658232489,-2.74151309343794,-1.10697910547452,1.57560127042243,-0.57415366273765,-4.64051762267341,5.0289955530469,1.51892595286555,-2.53474168053987,0.649540877134065,-1.11138874610901,6.84400961669005,-3.0136633888805,-5.32139597949481,-1.96619849146032,3.19887404209951,-2.78012561585678,5.38009163523174,-3.79394862139787,-0.749557488038593
4.83,-3.54840493950039,-3.15740708994294,3.8187463956402,-1.53848439441663,-2.70014954334695,-2.73455605446,-1.10665728725741,1.57141837675202,-0.572890467996618,-4.62858061649038,5.01606379685416,1.51494694979346,-2.53074726098248,0.647776507853303,-1.10896674547728,6.82635160777823,-3.00581538757867,-5.30766197123391,-1.96370232390581,3.19066199945922,-2.7725450147377,5.36634499460973,-3.78412959366534,-0.747593681593857
4.835,-3.54060658618957,-3.14852369648314,3.81097364456372,-1.53450894273327,-2.693192504369,-2.72759901548205,-1.10633546904023,1.56723548308161,-0.571627273255586,-4.61664361030736,5.00313204066143,1.51096794672136,-2.52675284142509,0.646012138572535,-1.10654474484552,6.80869359886641,-2.99796738627683,-5.29392796297301,-1.9612061563513,3.18244995681892,-2.76496441361863,5.35259835398773,-3.7743105659328,-0.745629875149121
4.84,-3.53280823287869,-3.13964030302334,3.80320089348729,-1.53053349104991,-2.68623546539105,-2.7206419765041,-1.10601365082317,1.56305258941121,-0.570364078514555,-4.60470660412433,4.9902002844687,1.50698894364926,-2.52275842186765,0.644247769291772,-1.10412274421378,6.79103558995459,-2.990119384975,-5.2801939547121,-1.95870998879684,3.17423791417862,-2.75738381249955,5.33885171336572,-3.76449153820027,-0.743666068704385
4.845,-3.52500987956788,-3.13075690956357,3.79542814241083,-1.52655803936655,-2.67927842641311,-2.71368493752616,-1.10569183260606,1.5588696957408,-0.569100883773526,-4.59276959794131,4.97726852827597,1.50300994057716,-2.51876400231026,0.642483400011008,-1.10170074358203,6.77337758104277,-2.98227138367317,-5.2664599464512,-1.95621382124233,3.16602587153832,-2.74980321138048,5.32510507274372,-3.75467251046774,-0.74170226225965
4.85,-3.51721152625706,-3.12187351610378,3.78765539133434,-1.52258258768319,-2.67232138743516,-2.70672789854821,-1.10537001438894,1.55468680207039,-0.567837689032494,-4.58083259175828,4.96433677208324,1.49903093750506,-2.51476958275288,0.640719030730244,-1.09927874295028,6.75571957213095,-2.97442338237133,-5.2527259381903,-1.95371765368782,3.15781382889803,-2.74222261026141,5.31135843212171,-3.7448534827352,-0.739738455814913
4.855,-3.50941317294621,-3.11299012264396,3.77988264025791,-1.51860713599983,-2.66536434845721,-2.69977085957026,-1.10504819617182,1.55050390839999,-0.566574494291462,-4.56889558557526,4.9514050158905,1.49505193443296,-2.51077516319549,0.63895466144948,-1.09685674231853,6.73806156321913,-2.9665753810695,-5.23899192992939,-1.95122148613331,3.14960178625773,-2.73464200914233,5.2976117914997,-3.73503445500267,-0.737774649370176
4.86,-3.50161481963539,-3.10410672918418,3.77210988918145,-1.51463168431647,-2.65840730947926,-2.69281382059231,-1.10472637795471,1.54632101472958,-0.56531129955043,-4.55695857939223,4.93847325969777,1.49107293136086,-2.5067807436381,0.637190292168714,-1.09443474168678,6.72040355430731,-2.95872737976766,-5.22525792166849,-1.94872531857874,3.14138974361743,-2.72706140802325,5.2838651508777,-3.72521542727014,-0.73581084292544
4.865,-3.49381646632455,-3.0952233357244,3.76433713810499,-1.51065623263311,-2.65145027050132,-2.68585678161437,-1.10440455973759,1.54213812105917,-0.564048104809402,-4.54502157320921,4.92554150350504,1.48709392828876,-2.50278632408072,0.635425922887951,-1.09201274105503,6.70274554539549,-2.95087937846583,-5.21152391340759,-1.94622915102423,3.13317770097713,-2.71948080690418,5.27011851025569,-3.7153963995376,-0.733847036480705
4.87,-3.4860181130137,-3.08633994226459,3.75656438702853,-1.50668078094975,-2.64449323152337,-2.67889974263642,-1.10408274152047,1.53795522738876,-0.56278491006837,-4.53308456702618,4.91260974731231,1.48311492521666,-2.49879190452333,0.633661553607187,-1.08959074042328,6.68508753648367,-2.943031377164,-5.19778990514668,-1.94373298346972,3.12496565833684,-2.71190020578511,5.25637186963369,-3.70557737180507,-0.731883230035969
4.875,-3.47821975970288,-3.0774565488048,3.74879163595207,-1.50270532926639,-2.63753619254542,-2.67194270365847,-1.10376092330335,1.53377233371836,-0.561521715327338,-4.52114756084316,4.89967799111958,1.47913592214456,-2.49479748496594,0.631897184326423,-1.08716873979153,6.66742952757185,-2.93518337586216,-5.18405589688578,-1.9412368159152,3.11675361569654,-2.70431960466603,5.24262522901168,-3.69575834407253,-0.729919423591232
4.88,-3.47042140639203,-3.06857315534502,3.74101888487561,-1.49872987758304,-2.63057915356748,-2.66498566468052,-1.10343910508624,1.52958944004795,-0.560258520586309,-4.50921055466013,4.88674623492685,1.47515691907246,-2.49080306540856,0.630132815045659,-1.08474673915979,6.64977151866003,-2.92733537456033,-5.17032188862488,-1.93874064836069,3.10854157305624,-2.69673900354696,5.22887858838967,-3.68593931634,-0.727955617146495
4.885,-3.46262305308122,-3.05968976188522,3.73324613379916,-1.49475442589968,-2.62362211458953,-2.65802862570258,-1.10311728686918,1.52540654637754,-0.558995325845274,-4.49727354847711,4.87381447873411,1.47117791600036,-2.48680864585111,0.628368445764895,-1.08232473852804,6.63211350974821,-2.91948737325849,-5.15658788036398,-1.93624448080618,3.10032953041594,-2.68915840242789,5.21513194776767,-3.67612028860747,-0.72599181070176
4.89,-3.4548246997704,-3.05080636842543,3.7254733827227,-1.49077897421632,-2.61666507561158,-2.65107158672463,-1.102795468652,1.52122365270714,-0.557732131104245,-4.48533654229408,4.86088272254138,1.46719891292826,-2.48281422629373,0.626604076484131,-1.07990273789629,6.61445550083639,-2.91163937195666,-5.14285387210308,-1.93374831325167,3.09211748777565,-2.68157780130881,5.20138530714566,-3.66630126087493,-0.724028004257024
4.895,-3.44702634645952,-3.04192297496563,3.71770063164624,-1.48680352253296,-2.60970803663364,-2.64411454774668,-1.10247365043489,1.51704075903673,-0.556468936363213,-4.47339953611106,4.84795096634865,1.46321990985616,-2.47881980673634,0.624839707203366,-1.07748073726454,6.59679749192457,-2.90379137065483,-5.12911986384217,-1.9312521456971,3.08390544513535,-2.67399720018973,5.18763866652366,-3.6564822331424,-0.722064197812288
4.9,-3.43922799314871,-3.03303958150585,3.70992788056978,-1.4828280708496,-2.60275099765569,-2.63715750876873,-1.10215183221783,1.51285786536632,-0.555205741622181,-4.46146252992803,4.83501921015592,1.45924090678406,-2.47482538717895,0.623075337922602,-1.07505873663279,6.57913948301275,-2.89594336935299,-5.11538585558127,-1.92875597814259,3.07569340249505,-2.66641659907066,5.17389202590165,-3.64666320540987,-0.720100391367552
4.905,-3.43142963983786,-3.02415618804605,3.70215512949335,-1.47885261916624,-2.59579395867774,-2.63020046979079,-1.10183001400065,1.50867497169592,-0.553942546881149,-4.449525523745,4.82208745396319,1.45526190371196,-2.47083096762157,0.621310968641838,-1.07263673600104,6.56148147410093,-2.88809536805116,-5.10165184732037,-1.92625981058808,3.06748135985475,-2.65883599795158,5.16014538527964,-3.63684417767733,-0.718136584922815
4.91,-3.42363128652704,-3.01527279458625,3.69438237841686,-1.47487716748288,-2.58883691969979,-2.62324343081284,-1.10150819578359,1.50449207802551,-0.552679352140121,-4.43758851756198,4.80915569777046,1.45128290063986,-2.46683654806418,0.619546599361072,-1.0702147353693,6.54382346518911,-2.88024736674932,-5.08791783905946,-1.92376364303357,3.05926931721446,-2.65125539683251,5.14639874465764,-3.6270251499448,-0.716172778478079
4.915,-3.41583293321622,-3.00638940112646,3.6866096273404,-1.47090171579952,-2.58187988072185,-2.61628639183489,-1.10118637756648,1.5003091843551,-0.551416157399089,-4.42565151137895,4.79622394157772,1.44730389756776,-2.46284212850679,0.617782230080309,-1.06779273473755,6.52616545627729,-2.87239936544749,-5.07418383079856,-1.92126747547906,3.05105727457416,-2.64367479571344,5.13265210403563,-3.61720612221226,-0.714208972033343
4.92,-3.40803457990535,-2.99750600766667,3.67883687626397,-1.46692626411616,-2.5749228417439,-2.60932935285695,-1.1008645593493,1.4961262906847,-0.550152962658057,-4.41371450519593,4.78329218538499,1.44332489449566,-2.45884770894941,0.616017860799545,-1.06537073410581,6.50850744736547,-2.86455136414565,-5.06044982253766,-1.91877130792454,3.04284523193386,-2.63609419459436,5.11890546341363,-3.60738709447973,-0.712245165588607
4.925,-3.40023622659453,-2.98862261420688,3.67106412518751,-1.4629508124328,-2.56796580276595,-2.602372313879,-1.10054274113224,1.49194339701429,-0.548889767917029,-4.4017774990129,4.77036042919226,1.43934589142356,-2.45485328939202,0.614253491518781,-1.06294873347406,6.49084943845365,-2.85670336284382,-5.04671581427676,-1.91627514037003,3.03463318929357,-2.62851359347529,5.10515882279162,-3.5975680667472,-0.710281359143871
4.93,-3.39243787328368,-2.97973922074708,3.66329137411103,-1.45897536074945,-2.561008763788,-2.59541527490105,-1.10022092291507,1.48776050334388,-0.547626573175997,-4.38984049282988,4.75742867299953,1.43536688835146,-2.45085886983458,0.612489122238017,-1.06052673284231,6.47319142954183,-2.84885536154199,-5.03298180601585,-1.91377897281546,3.02642114665327,-2.62093299235622,5.09141218216962,-3.58774903901467,-0.708317552699135
4.935,-3.38463951997286,-2.97085582728728,3.6555186230346,-1.45499990906609,-2.55405172481006,-2.58845823592311,-1.09989910469801,1.48357760967347,-0.546363378434961,-4.37790348664685,4.7444969168068,1.43138788527936,-2.44686445027719,0.610724752957253,-1.05810473221056,6.45553342063001,-2.84100736024015,-5.01924779775495,-1.91128280526095,3.01820910401297,-2.61335239123714,5.07766554154761,-3.57793001128213,-0.706353746254398
4.94,-3.37684116666205,-2.9619724338275,3.64774587195814,-1.45102445738273,-2.54709468583211,-2.58150119694516,-1.09957728648089,1.47939471600307,-0.545100183693933,-4.36596648046383,4.73156516061406,1.42740888220726,-2.4428700307198,0.608960383676488,-1.05568273157881,6.43787541171819,-2.83315935893832,-5.00551378949404,-1.9087866377065,3.00999706137267,-2.60577179011807,5.0639189009256,-3.5681109835496,-0.704389939809662
4.945,-3.36904281335117,-2.9530890403677,3.63997312088168,-1.44704900569937,-2.54013764685416,-2.57454415796721,-1.09925546826372,1.47521182233266,-0.543836988952901,-4.3540294742808,4.71863340442133,1.42342987913516,-2.43887561116242,0.607196014395724,-1.05326073094706,6.42021740280637,-2.82531135763648,-4.99177978123314,-1.90629047015199,3.00178501873237,-2.598191188999,5.0501722603036,-3.55829195581706,-0.702426133364926
4.95,-3.36124446004035,-2.9442056469079,3.63220036980522,-1.44307355401601,-2.53318060787622,-2.56758711898926,-1.09893365004666,1.47102892866225,-0.542573794211869,-4.34209246809778,4.7057016482286,1.41945087606306,-2.43488119160503,0.60543164511496,-1.05083873031531,6.40255939389455,-2.81746335633465,-4.97804577297224,-1.90379430259748,2.99357297609208,-2.59061058787992,5.03642561968159,-3.54847292808453,-0.70046232692019
4.955,-3.35344610672954,-2.93532225344812,3.62442761872876,-1.43909810233265,-2.52622356889827,-2.56063008001132,-1.09861183182954,1.46684603499185,-0.541310599470837,-4.33015546191475,4.69276989203587,1.41547187299096,-2.43088677204764,0.603667275834196,-1.04841672968357,6.38490138498273,-2.80961535503282,-4.96431176471134,-1.90129813504296,2.98536093345178,-2.58302998676084,5.02267897905958,-3.538653900352,-0.698498520475454
4.96,-3.34564775341869,-2.92643885998832,3.6166548676523,-1.43512265064929,-2.51926652992032,-2.55367304103337,-1.09829001361243,1.46266314132144,-0.540047404729808,-4.31821845573173,4.67983813584314,1.41149286991886,-2.42689235249026,0.601902906553432,-1.04599472905182,6.36724337607091,-2.80176735373098,-4.95057775645043,-1.89880196748845,2.97714889081148,-2.57544938564177,5.00893233843758,-3.52883487261946,-0.696534714030717
4.965,-3.33784940010787,-2.91755546652853,3.60888211657584,-1.43114719896593,-2.51230949094237,-2.54671600205542,-1.09796819539531,1.45848024765103,-0.538784209988776,-4.3062814495487,4.66690637965041,1.40751386684676,-2.42289793293287,0.600138537272667,-1.04357272842007,6.34958536715909,-2.79391935242915,-4.93684374818953,-1.89630579993388,2.96893684817119,-2.56786878452269,4.99518569781557,-3.51901584488693,-0.694570907585982
4.97,-3.33005104679702,-2.90867207306873,3.60110936549938,-1.42717174728257,-2.50535245196443,-2.53975896307747,-1.09764637717819,1.45429735398063,-0.537521015247748,-4.29434444336568,4.65397462345767,1.40353486377466,-2.41890351337548,0.598374167991903,-1.04115072778832,6.33192735824727,-2.78607135112731,-4.92310973992863,-1.89380963237937,2.96072480553089,-2.56028818340362,4.98143905719357,-3.5091968171544,-0.692607101141245
4.975,-3.32225269348618,-2.89978867960895,3.59333661442292,-1.42319629559921,-2.49839541298648,-2.53280192409953,-1.09732455896108,1.45011446031022,-0.536257820506716,-4.28240743718265,4.64104286726494,1.39955586070257,-2.4149090938181,0.596609798711139,-1.03872872715657,6.31426934933545,-2.77822334982548,-4.90937573166773,-1.89131346482486,2.95251276289059,-2.55270758228455,4.96769241657156,-3.49937778942186,-0.69064329469651
4.98,-3.31445434017536,-2.89090528614915,3.58556386334647,-1.41922084391585,-2.49143837400853,-2.52584488512158,-1.09700274074396,1.44593156663981,-0.534994625765684,-4.27047043099962,4.62811111107221,1.39557685763046,-2.41091467426065,0.594845429430375,-1.03630672652482,6.29661134042363,-2.77037534852365,-4.89564172340682,-1.88881729727035,2.94430072025029,-2.54512698116548,4.95394577594955,-3.48955876168933,-0.688679488251773
4.985,-3.30665598686451,-2.88202189268935,3.57779111227001,-1.4152453922325,-2.48448133503059,-2.51888784614363,-1.09668092252684,1.44174867296941,-0.533731431024652,-4.2585334248166,4.61517935487948,1.39159785455836,-2.40692025470327,0.593081060149609,-1.03388472589307,6.27895333151181,-2.76252734722181,-4.88190771514592,-1.88632112971584,2.93608867761,-2.5375463800464,4.94019913532755,-3.47973973395679,-0.686715681807037
4.99,-3.29885763355369,-2.87313849922957,3.57001836119355,-1.41126994054914,-2.47752429605264,-2.51193080716569,-1.09635910430973,1.437565779299,-0.53246823628362,-4.24659641863357,4.60224759868675,1.38761885148627,-2.40292583514588,0.591316690868846,-1.03146272526133,6.26129532259999,-2.75467934591998,-4.86817370688502,-1.88382496216133,2.9278766349697,-2.52996577892733,4.92645249470554,-3.46992070622426,-0.684751875362301
4.995,-3.29105928024285,-2.86425510576977,3.56224561011709,-1.40729448886578,-2.47056725707469,-2.50497376818774,-1.09603728609261,1.43338288562859,-0.531205041542588,-4.23465941245055,4.58931584249401,1.38363984841417,-2.39893141558849,0.589552321588082,-1.02904072462958,6.24363731368817,-2.74683134461814,-4.85443969862411,-1.88132879460682,2.9196645923294,-2.52238517780825,4.91270585408354,-3.46010167849173,-0.682788068917564
5,-3.283260926932,-2.85537171230997,3.55447285904066,-1.40331903718242,-2.46361021809674,-2.49801672920979,-1.09571546787549,1.42919999195818,-0.529941846801556,-4.22272240626752,4.57638408630128,1.37966084534207,-2.39493699603111,0.587787952307318,-1.02661872399783,6.22597930477635,-2.73898334331631,-4.84070569036321,-1.8788326270523,2.9114525496891,-2.51480457668918,4.89895921346153,-3.45028265075919,-0.680824262472829
5.005,-3.27546257362118,-2.84648831885019,3.54670010796417,-1.39934358549906,-2.4566531791188,-2.49105969023184,-1.09539364965838,1.42501709828778,-0.528678652060528,-4.2107854000845,4.56345233010855,1.37568184226997,-2.39094257647372,0.586023583026554,-1.02419672336608,6.20832129586453,-2.73113534201448,-4.82697168210231,-1.87633645949774,2.90324050704881,-2.50722397557011,4.88521257283953,-3.44046362302666,-0.678860456028093
5.01,-3.26766422031034,-2.83760492539039,3.53892735688771,-1.3953681338157,-2.44969614014085,-2.4841026512539,-1.09507183144132,1.42083420461737,-0.527415457319496,-4.19884839390147,4.55052057391582,1.37170283919787,-2.38694815691633,0.58425921374579,-1.02177472273434,6.19066328695271,-2.72328734071264,-4.81323767384141,-1.87384029194322,2.89502846440851,-2.49964337445103,4.87146593221752,-3.43064459529413,-0.676896649583357
5.015,-3.25986586699952,-2.82872153193061,3.53115460581128,-1.39139268213234,-2.4427391011629,-2.47714561227595,-1.09475001322414,1.41665131094696,-0.526152262578464,-4.18691138771845,4.53758881772309,1.36772383612577,-2.38295373735895,0.582494844465025,-1.01935272210258,6.17300527804089,-2.71543933941081,-4.7995036655805,-1.87134412438871,2.88681642176821,-2.49206277333196,4.85771929159552,-3.42082556756159,-0.674932843138621
5.02,-3.25206751368867,-2.81983813847081,3.52338185473479,-1.38741723044898,-2.43578206218496,-2.470188573298,-1.09442819500703,1.41246841727656,-0.524889067837435,-4.17497438153542,4.52465706153036,1.36374483305367,-2.37895931780156,0.580730475184261,-1.01693072147084,6.15534726912907,-2.70759133810897,-4.7857696573196,-1.8688479568342,2.87860437912791,-2.48448217221289,4.84397265097351,-3.41100653982906,-0.672969036693884
5.025,-3.24426916037785,-2.810954745011,3.51560910365833,-1.38344177876562,-2.42882502320701,-2.46323153432006,-1.09410637678997,1.40828552360615,-0.523625873096403,-4.1630373753524,4.51172530533762,1.35976582998157,-2.37496489824412,0.578966105903497,-1.01450872083909,6.13768926021725,-2.69974333680714,-4.7720356490587,-1.86635178927969,2.87039233648761,-2.4769015710938,4.8302260103515,-3.40118751209652,-0.671005230249148
5.03,-3.23647080706701,-2.80207135155123,3.5078363525819,-1.37946632708226,-2.42186798422906,-2.45627449534211,-1.09378455857279,1.40410262993574,-0.522362678355371,-4.15110036916937,4.49879354914489,1.35578682690947,-2.37097047868673,0.577201736622733,-1.01208672020734,6.12003125130543,-2.69189533550531,-4.75830164079779,-1.86385562172518,2.86218029384732,-2.46932096997473,4.8164793697295,-3.39136848436399,-0.669041423804412
5.035,-3.22867245375616,-2.79318795809144,3.50006360150542,-1.37549087539891,-2.41491094525111,-2.44931745636416,-1.09346274035573,1.39991973626534,-0.521099483614339,-4.13916336298634,4.48586179295216,1.35180782383737,-2.36697605912934,0.575437367341967,-1.0096647195756,6.10237324239361,-2.68404733420347,-4.74456763253689,-1.86135945417067,2.85396825120702,-2.46174036885566,4.80273272910749,-3.38154945663146,-0.667077617359676
5.04,-3.22087410044534,-2.78430456463164,3.49229085042896,-1.37151542371555,-2.40795390627317,-2.44236041738622,-1.09314092213856,1.39573684259493,-0.519836288873307,-4.12722635680332,4.47293003675943,1.34782882076527,-2.36298163957196,0.573672998061204,-1.00724271894384,6.08471523348179,-2.67619933290164,-4.73083362427599,-1.8588632866161,2.84575620856672,-2.45415976773658,4.78898608848549,-3.37173042889893,-0.66511381091494
5.045,-3.21307574713452,-2.77542117117184,3.4845180993525,-1.36753997203219,-2.40099686729522,-2.43540337840827,-1.09281910392144,1.39155394892452,-0.518573094132275,-4.1152893506203,4.4599982805667,1.34384981769317,-2.35898722001457,0.57190862878044,-1.0048207183121,6.06705722456997,-2.6683513315998,-4.71709961601509,-1.85636711906164,2.83754416592643,-2.44657916661751,4.77523944786348,-3.36191140116639,-0.663150004470203
5.05,-3.20527739382368,-2.76653777771206,3.47674534827607,-1.36356452034883,-2.39403982831727,-2.42844633943032,-1.09249728570438,1.38737105525412,-0.517309899391247,-4.10335234443727,4.44706652437396,1.33987081462107,-2.35499280045718,0.570144259499676,-1.00239871768035,6.04939921565815,-2.66050333029797,-4.70336560775418,-1.85387095150713,2.82933212328613,-2.43899856549844,4.76149280724147,-3.35209237343386,-0.661186198025467
5.055,-3.19747904051286,-2.75765438425226,3.46897259719961,-1.35958906866547,-2.38708278933933,-2.42148930045237,-1.09217546748721,1.38318816158371,-0.516046704650215,-4.09141533825425,4.43413476818123,1.33589181154897,-2.3509983808998,0.568379890218912,-0.999976717048597,6.03174120674633,-2.65265532899614,-4.68963159949328,-1.85137478395262,2.82112008064583,-2.43141796437937,4.74774616661947,-3.34227334570132,-0.659222391580731
5.06,-3.18968068720199,-2.74877099079247,3.46119984612315,-1.35561361698211,-2.38012575036138,-2.41453226147443,-1.09185364927015,1.3790052679133,-0.514783509909183,-4.07947833207122,4.4212030119885,1.33191280847687,-2.34700396134241,0.566615520938146,-0.99755471641685,6.01408319783451,-2.6448073276943,-4.67589759123238,-1.84887861639811,2.81290803800553,-2.4238373632603,4.73399952599746,-3.33245431796879,-0.657258585135995
5.065,-3.18188233389117,-2.73988759733268,3.45342709504669,-1.35163816529875,-2.37316871138343,-2.40757522249648,-1.09153183105303,1.37482237424289,-0.513520315168151,-4.06754132588819,4.40827125579577,1.32793380540477,-2.34300954178497,0.564851151657383,-0.995132715785104,5.99642518892269,-2.63695932639247,-4.66216358297147,-1.8463824488436,2.80469599536524,-2.41625676214122,4.72025288537545,-3.32263529023626,-0.655294778691259
5.07,-3.17408398058035,-2.73100420387289,3.44565434397023,-1.34766271361539,-2.36621167240548,-2.40061818351853,-1.09121001283586,1.37063948057249,-0.512257120427122,-4.05560431970517,4.39533949960304,1.32395480233267,-2.33901512222758,0.563086782376619,-0.992710715153358,5.97876718001087,-2.62911132509063,-4.64842957471057,-1.84388628128909,2.79648395272494,-2.40867616102214,4.70650624475345,-3.31281626250372,-0.653330972246523
5.075,-3.1662856272695,-2.72212081041309,3.43788159289377,-1.34368726193203,-2.35925463342754,-2.39366114454059,-1.0908881946188,1.36645658690208,-0.51099392568609,-4.04366731352214,4.38240774341031,1.31997579926057,-2.33502070267014,0.561322413095855,-0.990288714521611,5.96110917109905,-2.6212633237888,-4.63469556644967,-1.84139011373452,2.78827191008464,-2.40109555990307,4.69275960413144,-3.30299723477119,-0.651367165801786
5.08,-3.15848727395868,-2.71323741695329,3.43010884181732,-1.33971181024867,-2.35229759444959,-2.38670410556264,-1.09056637640168,1.36227369323167,-0.509730730945058,-4.03173030733912,4.36947598721757,1.31599679618847,-2.33102628311275,0.559558043815091,-0.987866713889858,5.94345116218723,-2.61341532248697,-4.62096155818876,-1.83889394618001,2.78005986744434,-2.393514958784,4.67901296350944,-3.29317820703866,-0.64940335935705
5.085,-3.15068892064781,-2.70435402349351,3.42233609074086,-1.33573635856532,-2.34534055547164,-2.37974706658469,-1.09024455818457,1.35809079956127,-0.508467536204027,-4.01979330115609,4.35654423102484,1.31201779311637,-2.32703186355536,0.557793674534327,-0.985444713258111,5.92579315327541,-2.60556732118513,-4.60722754992786,-1.8363977786255,2.77184782480405,-2.38593435766492,4.66526632288743,-3.28335917930612,-0.647439552912314
5.09,-3.14289056733699,-2.69547063003371,3.4145633396644,-1.33176090688196,-2.3383835164937,-2.37279002760674,-1.08992273996745,1.35390790589086,-0.507204341462998,-4.00785629497307,4.34361247483211,1.30803879004427,-2.32303744399798,0.556029305253562,-0.983022712626365,5.90813514436359,-2.5977193198833,-4.59349354166696,-1.83390161107098,2.76363578216375,-2.37835375654585,4.65151968226543,-3.27354015157359,-0.645475746467578
5.095,-3.13509221402617,-2.68658723657391,3.40679058858794,-1.3277854551986,-2.33142647751575,-2.3658329886288,-1.08960092175028,1.34972501222045,-0.505941146721963,-3.99591928879004,4.33068071863938,1.30405978697217,-2.31904302444059,0.554264935972796,-0.980600711994612,5.89047713545177,-2.58987131858146,-4.57975953340606,-1.83140544351647,2.75542373952345,-2.37077315542678,4.63777304164342,-3.26372112384106,-0.643511940022842
5.1,-3.12729386071533,-2.67770384311412,3.39901783751148,-1.32381000351524,-2.3244694385378,-2.35887594965085,-1.08927910353322,1.34554211855005,-0.504677951980934,-3.98398228260702,4.31774896244665,1.30008078390007,-2.3150486048832,0.552500566692032,-0.978178711362865,5.87281912653996,-2.58202331727963,-4.56602552514516,-1.82890927596196,2.74721169688315,-2.36319255430769,4.62402640102142,-3.25390209610852,-0.641548133578107
5.105,-3.11949550740451,-2.66882044965433,3.39124508643505,-1.31983455183188,-2.31751239955985,-2.3519189106729,-1.0889572853161,1.34135922487964,-0.503414757239902,-3.97204527642399,4.30481720625391,1.29610178082797,-2.31105418532582,0.550736197411268,-0.975756710731119,5.85516111762813,-2.57417531597779,-4.55229151688425,-1.82641310840745,2.73899965424286,-2.35561195318862,4.61027976039941,-3.24408306837599,-0.639584327133369
5.11,-3.11169715409363,-2.65993705619454,3.38347233535856,-1.31585910014852,-2.31055536058191,-2.34496187169495,-1.08863546709898,1.33717633120923,-0.50215156249887,-3.96010827024097,4.29188545006118,1.29212277775587,-2.30705976576843,0.548971828130504,-0.973334710099373,5.83750310871631,-2.56632731467596,-4.53855750862335,-1.82391694085288,2.73078761160256,-2.34803135206955,4.5965331197774,-3.23426404064345,-0.637620520688633
5.115,-3.10389880078282,-2.65105366273474,3.3756995842821,-1.31188364846516,-2.30359832160396,-2.33800483271701,-1.08831364888186,1.33299343753883,-0.500888367757838,-3.94817126405794,4.27895369386845,1.28814377468377,-2.30306534621104,0.547207458849739,-0.970912709467626,5.81984509980449,-2.55847931337413,-4.52482350036245,-1.82142077329837,2.72257556896226,-2.34045075095047,4.5827864791554,-3.22444501291092,-0.635656714243897
5.12,-3.096100447472,-2.64217026927494,3.36792683320564,-1.3079081967818,-2.29664128262601,-2.33104779373906,-1.08799183066475,1.32881054386842,-0.49962517301681,-3.93623425787491,4.26602193767572,1.28416477161167,-2.2990709266536,0.545443089568977,-0.968490708835873,5.80218709089267,-2.55063131207229,-4.51108949210154,-1.81892460574386,2.71436352632196,-2.3328701498314,4.56903983853339,-3.21462598517839,-0.633692907799162
5.125,-3.08830209416115,-2.63328687581516,3.36015408212921,-1.30393274509844,-2.28968424364807,-2.32409075476111,-1.08767001244763,1.32462765019801,-0.498361978275778,-3.92429725169189,4.25309018148299,1.28018576853957,-2.29507650709621,0.543678720288211,-0.966068708204126,5.78452908198085,-2.54278331077046,-4.49735548384064,-1.81642843818935,2.70615148368167,-2.32528954871233,4.55529319791139,-3.20480695744585,-0.631729101354426
5.13,-3.08050374085033,-2.62440348235536,3.35238133105273,-1.29995729341508,-2.28272720467012,-2.31713371578317,-1.08734819423051,1.32044475652761,-0.497098783534746,-3.91236024550886,4.24015842529026,1.27620676546747,-2.29108208753883,0.541914351007447,-0.96364670757238,5.76687107306903,-2.53493530946863,-4.48362147557974,-1.81393227063484,2.69793944104137,-2.31770894759325,4.54154655728938,-3.19498792971332,-0.629765294909689
5.135,-3.07270538753949,-2.61552008889558,3.34460857997627,-1.29598184173173,-2.27577016569217,-2.31017667680522,-1.08702637601345,1.3162618628572,-0.495835588793717,-3.90042323932584,4.22722666909753,1.27222776239538,-2.28708766798144,0.540149981726683,-0.961224706940627,5.74921306415721,-2.52708730816679,-4.46988746731883,-1.81143610308033,2.68972739840107,-2.31012834647418,4.52779991666737,-3.18516890198079,-0.627801488464953
5.14,-3.06490703422864,-2.60663669543578,3.33683582889984,-1.29200639004837,-2.26881312671422,-2.30321963782727,-1.08670455779628,1.31207896918679,-0.494572394052685,-3.88848623314281,4.21429491290479,1.26824875932327,-2.28309324842408,0.53838561244592,-0.95880270630888,5.73155505524539,-2.51923930686496,-4.45615345905793,-1.80893993552581,2.68151535576078,-2.30254774535511,4.51405327604537,-3.17534987424825,-0.625837682020217
5.145,-3.05710868091782,-2.597753301976,3.32906307782335,-1.28803093836501,-2.26185608773628,-2.29626259884932,-1.08638273957922,1.30789607551639,-0.493309199311653,-3.87654922695979,4.20136315671206,1.26426975625117,-2.27909882886669,0.536621243165156,-0.956380705677127,5.71389704633357,-2.51139130556312,-4.44241945079703,-1.8064437679713,2.67330331312048,-2.29496714423603,4.50030663542336,-3.16553084651572,-0.623873875575481
5.15,-3.04931032760697,-2.58886990851619,3.32129032674689,-1.28405548668165,-2.25489904875833,-2.28930555987138,-1.08606092136205,1.30371318184598,-0.492046004570621,-3.86461222077676,4.18843140051933,1.26029075317907,-2.27510440930931,0.53485687388439,-0.95395870504538,5.69623903742175,-2.50354330426129,-4.42868544253612,-1.80394760041679,2.66509127048018,-2.28738654311696,4.48655999480135,-3.15571181878318,-0.621910069130745
5.155,-3.04151197429616,-2.5799865150564,3.31351757567046,-1.28008003499829,-2.24794200978038,-2.28234852089343,-1.08573910314493,1.29953028817557,-0.490782809829589,-3.85267521459374,4.1754996443266,1.25631175010697,-2.27110998975189,0.533092504603626,-0.951536704413634,5.67858102850993,-2.49569530295945,-4.41495143427522,-1.80145143286228,2.65687922783988,-2.27980594199789,4.47281335417935,-3.14589279105065,-0.619946262686009
5.16,-3.03371362098534,-2.57110312159662,3.305744824594,-1.27610458331493,-2.24098497080243,-2.27539148191548,-1.08541728492787,1.29534739450516,-0.489519615088557,-3.84073820841071,4.16256788813387,1.25233274703488,-2.26711557019451,0.531328135322862,-0.949114703781888,5.66092301959811,-2.48784730165762,-4.40121742601432,-1.79895526530777,2.64866718519958,-2.27222534087881,4.45906671355734,-3.13607376331812,-0.617982456241272
5.165,-3.02591526767446,-2.56221972813682,3.29797207351754,-1.27212913163157,-2.23402793182449,-2.26843444293753,-1.0850954667107,1.29116450083476,-0.488256420347529,-3.82880120222769,4.14963613194113,1.24835374396278,-2.26312115063712,0.529563766042099,-0.946692703150141,5.64326501068629,-2.47999930035579,-4.38748341775342,-1.79645909775326,2.64045514255929,-2.26464473975973,4.44532007293534,-3.12625473558558,-0.616018649796536
5.17,-3.01811691436365,-2.55333633467703,3.29019932244105,-1.26815367994821,-2.22707089284654,-2.26147740395959,-1.08477364849361,1.28698160716435,-0.486993225606497,-3.81686419604466,4.1367043757484,1.24437474089068,-2.2591267310797,0.527799396761333,-0.944270702518388,5.62560700177447,-2.47215129905395,-4.37374940949251,-1.79396293019875,2.63224309991899,-2.25706413864066,4.43157343231333,-3.11643570785305,-0.6140548433518
5.175,-3.0103185610528,-2.54445294121723,3.28242657136462,-1.26417822826485,-2.22011385386859,-2.25452036498164,-1.08445183027649,1.28279871349394,-0.485730030865465,-3.80492718986164,4.12377261955567,1.24039573781858,-2.25513231152232,0.526035027480569,-0.941848701886641,5.60794899286265,-2.46430329775212,-4.36001540123161,-1.79146676264421,2.62403105727869,-2.24948353752158,4.41782679169133,-3.10661668012052,-0.612091036907063
5.18,-3.00252020774198,-2.53556954775745,3.27465382028817,-1.26020277658149,-2.21315681489065,-2.24756332600369,-1.0841300120594,1.27861581982354,-0.484466836124437,-3.79299018367861,4.11084086336294,1.23641673474648,-2.2511378919649,0.524270658199807,-0.939426701254895,5.59029098395084,-2.45645529645028,-4.34628139297071,-1.78897059508969,2.6158190146384,-2.24190293640251,4.40408015106932,-3.09679765238798,-0.610127230462328
5.185,-2.99472185443116,-2.52668615429765,3.26688106921171,-1.25622732489814,-2.2061997759127,-2.24060628702575,-1.08380819384229,1.27443292615313,-0.483203641383405,-3.78105317749559,4.09790910717021,1.23243773167438,-2.24714347240752,0.522506288919041,-0.937004700623149,5.57263297503902,-2.44860729514845,-4.33254738470981,-1.78647442753518,2.6076069719981,-2.23432233528344,4.39033351044732,-3.08697862465545,-0.608163424017592
5.19,-2.98692350112032,-2.51780276083785,3.25910831813525,-1.25225187321478,-2.19924273693475,-2.2336492480478,-1.08348637562514,1.27025003248272,-0.481940446642373,-3.76911617131256,4.08497735097747,1.22845872860228,-2.24314905285013,0.520741919638278,-0.934582699991395,5.55497496612719,-2.44075929384661,-4.3188133764489,-1.78397825998067,2.5993949293578,-2.22674173416436,4.37658686982531,-3.07715959692292,-0.606199617572855
5.195,-2.97912514780947,-2.50891936737807,3.25133556705879,-1.24827642153142,-2.1922856979568,-2.22669220906985,-1.083164557408,1.26606713881232,-0.480677251901337,-3.75717916512953,4.07204559478474,1.22447972553018,-2.23915463329274,0.518977550357512,-0.932160699359649,5.53731695721537,-2.43291129254478,-4.305079368188,-1.78148209242613,2.5911828867175,-2.21916113304529,4.3628402292033,-3.06734056919038,-0.604235811128119
5.2,-2.97132679449862,-2.50003597391827,3.24356281598236,-1.24430096984806,-2.18532865897886,-2.21973517009191,-1.08284273919094,1.26188424514191,-0.479414057160309,-3.74524215894651,4.05911383859201,1.22050072245808,-2.23516021373536,0.517213181076748,-0.929738698727895,5.51965894830355,-2.42506329124295,-4.2913453599271,-1.77898592487162,2.58297084407721,-2.21158053192622,4.3490935885813,-3.05752154145785,-0.602272004683383
5.205,-2.9635284411878,-2.49115258045848,3.23579006490587,-1.2403255181647,-2.17837162000091,-2.21277813111396,-1.08252092097382,1.2577013514715,-0.47815086241928,-3.73330515276349,4.04618208239928,1.21652171938598,-2.23116579417794,0.515448811795984,-0.927316698096149,5.50200093939173,-2.41721528994112,-4.27761135166619,-1.77648975731711,2.57475880143691,-2.20399993080714,4.33534694795929,-3.04770251372532,-0.600308198238647
5.21,-2.95573008787696,-2.48226918699868,3.22801731382941,-1.23635006648134,-2.17141458102296,-2.20582109213601,-1.08219910275668,1.2535184578011,-0.476887667678245,-3.72136814658046,4.03325032620655,1.21254271631388,-2.22717137462055,0.51368444251522,-0.924894697464403,5.48434293047992,-2.40936728863928,-4.26387734340529,-1.77399358976257,2.56654675879661,-2.19641932968807,4.32160030733729,-3.03788348599278,-0.598344391793911
5.215,-2.94793173456614,-2.4733857935389,3.22024456275295,-1.23237461479798,-2.16445754204502,-2.19886405315806,-1.08187728453956,1.24933556413069,-0.475624472937216,-3.70943114039743,4.02031857001382,1.20856371324178,-2.22317695506317,0.511920073234457,-0.922472696832656,5.4666849215681,-2.40151928733745,-4.25014333514439,-1.77149742220806,2.55833471615631,-2.188838728569,4.30785366671528,-3.02806445826025,-0.596380585349175
5.22,-2.94013338125529,-2.4645024000791,3.21247181167649,-1.22839916311462,-2.15750050306707,-2.19190701418012,-1.08155546632247,1.24515267046028,-0.474361278196184,-3.69749413421441,4.00738681382108,1.20458471016968,-2.21918253550578,0.510155703953691,-0.92005069620091,5.44902691265628,-2.39367128603561,-4.23640932688349,-1.76900125465355,2.55012267351602,-2.18125812744992,4.29410702609327,-3.01824543052771,-0.594416778904439
5.225,-2.93233502794445,-2.4556190066193,3.20469906060003,-1.22442371143126,-2.15054346408912,-2.18494997520217,-1.08123364810535,1.24096977678987,-0.473098083455152,-3.68555712803138,3.99445505762835,1.20060570709758,-2.21518811594837,0.508391334672927,-0.917628695569164,5.43136890374446,-2.38582328473378,-4.22267531862258,-1.76650508709903,2.54191063087572,-2.17367752633084,4.28036038547127,-3.00842640279518,-0.592452972459703
5.23,-2.92453667463366,-2.4467356131595,3.19692630952358,-1.2204482597479,-2.14358642511117,-2.17799293622422,-1.08091182988824,1.23678688311947,-0.47183488871412,-3.67362012184836,3.98152330143562,1.19662670402548,-2.21119369639098,0.506626965392163,-0.915206694937417,5.41371089483263,-2.37797528343194,-4.20894131036168,-1.76400891954452,2.53369858823542,-2.16609692521177,4.26661374484926,-2.99860737506265,-0.590489166014966
5.235,-2.91673832132278,-2.43785221969972,3.18915355844715,-1.21647280806454,-2.13662938613323,-2.17103589724627,-1.08059001167112,1.23260398944906,-0.470571693973092,-3.66168311566533,3.96859154524289,1.19264770095338,-2.20719927683359,0.504862596111399,-0.912784694305664,5.39605288592081,-2.37012728213011,-4.19520730210078,-1.76151275199001,2.52548654559512,-2.15851632409269,4.25286710422725,-2.98878834733011,-0.58852535957023
5.24,-2.90893996801196,-2.42896882623992,3.18138080737066,-1.21249735638119,-2.12967234715528,-2.16407885826833,-1.080268193454,1.22842109577865,-0.46930849923206,-3.64974610948231,3.95565978905016,1.18866869788128,-2.20320485727621,0.503098226830636,-0.91036269367391,5.378394877009,-2.36227928082828,-4.18147329383987,-1.7590165844355,2.51727450295483,-2.15093572297362,4.23912046360525,-2.97896931959758,-0.586561553125494
5.245,-2.90114161470115,-2.42008543278013,3.1736080562942,-1.20852190469783,-2.12271530817733,-2.15712181929038,-1.07994637523689,1.22423820210825,-0.468045304491028,-3.63780910329928,3.94272803285742,1.18468969480918,-2.19921043771882,0.50133385754987,-0.907940693042164,5.36073686809718,-2.35443127952644,-4.16773928557897,-1.75652041688099,2.50906246031453,-2.14335512185455,4.22537382298324,-2.96915029186504,-0.584597746680758
5.25,-2.89334326139029,-2.41120203932033,3.16583530521777,-1.20454645301447,-2.11575826919939,-2.15016478031243,-1.07962455701977,1.22005530843784,-0.466782109749996,-3.62587209711626,3.92979627666469,1.18071069173708,-2.1952160181614,0.499569488269106,-0.905518692410425,5.34307885918536,-2.34658327822461,-4.15400527731807,-1.75402424932645,2.50085041767423,-2.13577452073547,4.21162718236124,-2.95933126413251,-0.582633940236021
5.255,-2.88554490807945,-2.40231864586055,3.15806255414131,-1.20057100133111,-2.10880123022144,-2.14320774133449,-1.07930273880268,1.21587241476743,-0.465518915008968,-3.61393509093323,3.91686452047196,1.17673168866498,-2.19122159860402,0.497805118988342,-0.903096691778671,5.32542085027354,-2.33873527692277,-4.14027126905717,-1.75152808177194,2.49263837503393,-2.1281939196164,4.19788054173923,-2.94951223639998,-0.580670133791286
5.26,-2.87774655476863,-2.39343525240075,3.15028980306482,-1.19659554964775,-2.10184419124349,-2.13625070235654,-1.07898092058556,1.21168952109703,-0.464255720267936,-3.60199808475021,3.90393276427923,1.17275268559288,-2.18722717904663,0.496040749707578,-0.900674691146918,5.30776284136172,-2.33088727562094,-4.12653726079626,-1.74903191421743,2.48442633239364,-2.12061331849733,4.18413390111723,-2.93969320866745,-0.57870632734655
5.265,-2.86994820145779,-2.38455185894097,3.14251705198839,-1.19262009796439,-2.09488715226555,-2.12929366337859,-1.07865910236842,1.20750662742662,-0.462992525526904,-3.59006107856718,3.8910010080865,1.16877368252078,-2.18323275948924,0.494276380426813,-0.898252690515172,5.2901048324499,-2.32303927431911,-4.11280325253536,-1.74653574666289,2.47621428975334,-2.11303271737825,4.17038726049522,-2.92987418093491,-0.576742520901814
5.27,-2.86214984814696,-2.37566846548117,3.13474430091193,-1.18864464628103,-2.0879301132876,-2.12233662440065,-1.0783372841513,1.20332373375621,-0.461729330785872,-3.57812407238416,3.87806925189377,1.16479467944868,-2.17923833993183,0.492512011146049,-0.895830689883425,5.27244682353808,-2.31519127301727,-4.09906924427446,-1.74403957910837,2.46800224711304,-2.10545211625918,4.15664061987322,-2.92005515320238,-0.574778714457077
5.275,-2.85435149483612,-2.36678507202137,3.12697154983547,-1.18466919459767,-2.08097307430965,-2.1153795854227,-1.07801546593421,1.19914084008581,-0.46046613604484,-3.56618706620113,3.86513749570103,1.16081567637658,-2.17524392037444,0.490747641865285,-0.893408689251679,5.25478881462626,-2.30734327171544,-4.08533523601355,-1.74154341155386,2.45979020447274,-2.09787151514011,4.14289397925121,-2.91023612546984,-0.572814908012341
5.28,-2.84655314152529,-2.35790167856159,3.11919879875902,-1.18069374291431,-2.0740160353317,-2.10842254644475,-1.0776936477171,1.1949579464154,-0.459202941303808,-3.5542500600181,3.8522057395083,1.15683667330448,-2.17124950081705,0.488983272584521,-0.890986688619932,5.23713080571444,-2.2994952704136,-4.07160122775265,-1.73904724399938,2.45157816183245,-2.09029091402103,4.1291473386292,-2.90041709773731,-0.570851101567605
5.285,-2.83875478821446,-2.34901828510179,3.11142604768256,-1.17671829123095,-2.06705899635376,-2.1014655074668,-1.07737182949998,1.19077505274499,-0.457939746562779,-3.54231305383508,3.83927398331557,1.15285767023238,-2.16725508125967,0.487218903303758,-0.888564687988179,5.21947279680262,-2.29164726911177,-4.05786721949175,-1.73655107644484,2.44336611919215,-2.08271031290196,4.1154006980072,-2.89059807000478,-0.568887295122869
5.29,-2.83095643490363,-2.34013489164199,3.1036532966061,-1.1727428395476,-2.06010195737581,-2.09450846848886,-1.07705001128286,1.18659215907458,-0.456676551821747,-3.53037604765205,3.82634222712284,1.14887866716028,-2.16326066170228,0.485454534022992,-0.88614268735644,5.2018147878908,-2.28379926780993,-4.04413321123085,-1.73405490889033,2.43515407655185,-2.07512971178288,4.10165405738519,-2.88077904227224,-0.566923488678133
5.295,-2.82315808159279,-2.33125149818221,3.09588054552964,-1.16876738786424,-2.05314491839786,-2.08755142951091,-1.07672819306575,1.18240926540418,-0.455413357080715,-3.51843904146903,3.81341047093011,1.14489966408818,-2.15926624214487,0.483690164742228,-0.883720686724686,5.18415677897898,-2.2759512665081,-4.03039920296994,-1.73155874133582,2.42694203391155,-2.0675491106638,4.08790741676318,-2.87096001453971,-0.564959682233396
5.3,-2.81535972828195,-2.32236810472241,3.08810779445318,-1.16479193618088,-2.04618787941991,-2.08059439053296,-1.07640637484863,1.17822637173377,-0.454150162339687,-3.506502035286,3.80047871473738,1.14092066101608,-2.15527182258748,0.481925795461464,-0.88129868609294,5.16649877006716,-2.26810326520627,-4.01666519470904,-1.72906257378128,2.41872999127126,-2.05996850954474,4.07416077614118,-2.86114098680718,-0.562995875788661
5.305,-2.80756137497112,-2.31348471126262,3.08033504337672,-1.16081648449752,-2.03923084044197,-2.07363735155502,-1.07608455663151,1.17404347806336,-0.452886967598651,-3.49456502910298,3.78754695854464,1.13694165794398,-2.15127740303009,0.4801614261807,-0.878876685461186,5.14884076115534,-2.26025526390443,-4.00293118644814,-1.72656640622677,2.41051794863096,-2.05238790842566,4.06041413551917,-2.85132195907464,-0.561032069343925
5.31,-2.7997630216603,-2.30460131780282,3.07256229230029,-1.15684103281416,-2.03227380146402,-2.06668031257707,-1.07576273841443,1.16986058439296,-0.451623772857623,-3.48262802291995,3.77461520235191,1.13296265487188,-2.14728298347271,0.478397056899937,-0.87645468482944,5.13118275224352,-2.2524072626026,-3.98919717818724,-1.72407023867225,2.40230590599066,-2.04480730730658,4.04666749489717,-2.84150293134211,-0.559068262899188
5.315,-2.79196466834945,-2.29571792434304,3.0647895412238,-1.1528655811308,-2.02531676248607,-2.05972327359912,-1.07544092019728,1.16567769072255,-0.450360578116591,-3.47069101673693,3.76168344615918,1.12898365179978,-2.14328856391532,0.476632687619171,-0.874032684197694,5.1135247433317,-2.24455926130076,-3.97546316992633,-1.72157407111774,2.39409386335036,-2.03722670618751,4.03292085427516,-2.83168390360957,-0.557104456454452
5.32,-2.78416631503862,-2.28683453088324,3.05701679014734,-1.14889012944744,-2.01835972350813,-2.05276623462117,-1.07511910198016,1.16149479705214,-0.449097383375562,-3.4587540105539,3.74875168996645,1.12500464872768,-2.1392941443579,0.474868318338407,-0.871610683565947,5.09586673441988,-2.23671125999893,-3.96172916166543,-1.7190779035632,2.38588182071007,-2.02964610506844,4.01917421365315,-2.82186487587704,-0.555140650009716
5.325,-2.77636796172777,-2.27795113742344,3.04924403907091,-1.14491467776408,-2.01140268453018,-2.04580919564323,-1.07479728376305,1.15731190338174,-0.447834188634527,-3.44681700437088,3.73581993377372,1.12102564565559,-2.13529972480052,0.473103949057643,-0.869188682934194,5.07820872550806,-2.2288632586971,-3.94799515340453,-1.71658173600869,2.37766977806977,-2.02206550394936,4.00542757303115,-2.81204584814451,-0.55317684356498
5.33,-2.76856960841695,-2.26906774396365,3.04147128799445,-1.14093922608072,-2.00444564555223,-2.03885215666528,-1.07447546554596,1.15312900971133,-0.446570993893495,-3.43487999818785,3.72288817758098,1.11704664258349,-2.13130530524313,0.471339579776879,-0.866766682302448,5.06055071659624,-2.22101525739526,-3.93426114514362,-1.71408556845421,2.36945773542947,-2.01448490283029,3.99168093240914,-2.80222682041197,-0.551213037120243
5.335,-2.76077125510612,-2.26018435050385,3.03369853691797,-1.13696377439736,-1.99748860657428,-2.03189511768733,-1.07415364732884,1.14894611604092,-0.445307799152467,-3.42294299200483,3.70995642138825,1.11306763951139,-2.12731088568574,0.469575210496116,-0.864344681670701,5.04289270768442,-2.21316725609343,-3.92052713688272,-1.7115894008997,2.36124569278917,-2.00690430171122,3.97793429178714,-2.79240779267944,-0.549249230675508
5.34,-2.75297290179527,-2.25130095704407,3.02592578584154,-1.132988322714,-1.99053156759634,-2.02493807870939,-1.07383182911173,1.14476322237052,-0.444044604411435,-3.4110059858218,3.69702466519552,1.10908863643929,-2.12331646612833,0.46781084121535,-0.861922681038955,5.0252346987726,-2.2053192547916,-3.90679312862182,-1.70909323334516,2.35303365014888,-1.99932370059214,3.96418765116513,-2.78258876494691,-0.547285424230771
5.345,-2.74517454848444,-2.24241756358427,3.01815303476508,-1.12901287103065,-1.98357452861839,-2.01798103973144,-1.07351001089461,1.14058032870011,-0.442781409670406,-3.39906897963878,3.68409290900279,1.10510963336719,-2.11932204657094,0.466046471934588,-0.859500680407209,5.00757668986078,-2.19747125348976,-3.89305912036091,-1.70659706579065,2.34482160750858,-1.99174309947307,3.95044101054313,-2.77276973721437,-0.545321617786036
5.35,-2.73737619517361,-2.23353417012449,3.01038028368859,-1.12503741934729,-1.97661748964044,-2.01102400075349,-1.07318819267749,1.1363974350297,-0.441518214929374,-3.38713197345575,3.67116115281006,1.10113063029509,-2.11532762701356,0.464282102653822,-0.857078679775455,4.98991868094896,-2.18962325218793,-3.87932511210001,-1.70410089823613,2.33660956486828,-1.984162498354,3.93669436992112,-2.76295070948184,-0.543357811341299
5.355,-2.72957784186278,-2.22465077666469,3.00260753261213,-1.12106196766393,-1.96966045066249,-2.00406696177554,-1.07286637446038,1.13221454135929,-0.440255020188342,-3.37519496727272,3.65822939661732,1.09715162722299,-2.11133320745617,0.462517733373058,-0.854656679143709,4.97226067203714,-2.18177525088609,-3.86559110383911,-1.70160473068159,2.32839752222798,-1.97658189723492,3.92294772929911,-2.7531316817493,-0.541394004896563
5.36,-2.72177948855195,-2.21576738320489,2.9948347815357,-1.11708651598057,-1.96270341168455,-1.9971099227976,-1.07254455624326,1.12803164768889,-0.43899182544731,-3.3632579610897,3.64529764042459,1.09317262415089,-2.10733878789878,0.460753364092293,-0.852234678511955,4.95460266312532,-2.17392724958426,-3.8518570955782,-1.69910856312708,2.32018547958769,-1.96900129611585,3.90920108867711,-2.74331265401677,-0.539430198451827
5.365,-2.7139811352411,-2.20688398974511,2.98706203045924,-1.11311106429721,-1.9557463727066,-1.99015288381965,-1.07222273802614,1.12384875401848,-0.437728630706282,-3.35132095490667,3.63236588423186,1.08919362107879,-2.10334436834137,0.458988994811529,-0.849812677880209,4.9369446542135,-2.16607924828242,-3.8381230873173,-1.69661239557257,2.31197343694739,-1.96142069499678,3.8954544480551,-2.73349362628424,-0.537466392007091
5.37,-2.70618278193027,-2.19800059628531,2.97928927938275,-1.10913561261385,-1.94878933372865,-1.9831958448417,-1.07190091980902,1.11966586034807,-0.436465435965246,-3.33938394872365,3.61943412803913,1.08521461800669,-2.09934994878398,0.457224625530765,-0.847390677248463,4.91928664530168,-2.15823124698059,-3.8243890790564,-1.69411622801806,2.30376139430709,-1.95384009387769,3.8817078074331,-2.72367459855171,-0.535502585562355
5.375,-2.69838442861943,-2.18911720282551,2.97151652830632,-1.10516016093049,-1.94183229475071,-1.97623880586375,-1.07157910159191,1.11548296667767,-0.435202241224214,-3.32744694254062,3.6065023718464,1.08123561493459,-2.09535552922659,0.455460256250001,-0.844968676616716,4.90162863638986,-2.15038324567876,-3.8106550707955,-1.69162006046352,2.29554935166679,-1.94625949275862,3.86796116681109,-2.71385557081917,-0.533538779117618
5.38,-2.6905860753086,-2.18023380936573,2.96374377722987,-1.10118470924713,-1.93487525577276,-1.96928176688581,-1.07125728337479,1.11130007300726,-0.433939046483182,-3.3155099363576,3.59357061565367,1.07725661186249,-2.09136110966921,0.453695886969236,-0.842546675984963,4.88397062747804,-2.14253524437692,-3.79692106253459,-1.68912389290901,2.2873373090265,-1.93867889163955,3.85421452618908,-2.70403654308664,-0.531574972672882
5.385,-2.68278772199777,-2.17135041590593,2.95597102615341,-1.09720925756377,-1.92791821679481,-1.96232472790786,-1.0709354651577,1.10711717933686,-0.432675851742154,-3.30357293017457,3.58063885946094,1.07327760879039,-2.08736669011182,0.451931517688473,-0.840124675353223,4.86631261856622,-2.13468724307509,-3.78318705427369,-1.68662772535453,2.2791252663862,-1.93109829052047,3.84046788556708,-2.6942175153541,-0.529611166228146
5.39,-2.67498936868694,-2.16246702244614,2.94819827507695,-1.09323380588041,-1.92096117781687,-1.95536768892991,-1.07061364694059,1.10293428566645,-0.431412657001122,-3.29163592399155,3.5677071032682,1.06929860571829,-2.08337227055441,0.450167148407708,-0.83770267472147,4.8486546096544,-2.12683924177325,-3.76945304601279,-1.68413155780001,2.2709132237459,-1.9235176894014,3.82672124494507,-2.68439848762157,-0.52764735978341
5.395,-2.66719101537609,-2.15358362898635,2.94042552400049,-1.08925835419706,-1.91400413883892,-1.94841064995197,-1.07029182872344,1.09875139199604,-0.430149462260093,-3.27969891780852,3.55477534707547,1.06531960264619,-2.07937785099702,0.448402779126945,-0.835280674089724,4.83099660074258,-2.11899124047142,-3.75571903775189,-1.68163539024548,2.26270118110561,-1.91593708828233,3.81297460432307,-2.67457945988904,-0.525683553338674
5.4,-2.65939266206527,-2.14470023552656,2.93265277292403,-1.0852829025137,-1.90704709986097,-1.94145361097402,-1.06997001050635,1.09456849832563,-0.428886267519061,-3.2677619116255,3.54184359088274,1.06134059957409,-2.0753834314396,0.446638409846179,-0.83285867345797,4.81333859183076,-2.11114323916958,-3.74198502949098,-1.67913922269096,2.25448913846531,-1.90835648716325,3.79922796370106,-2.6647604321565,-0.523719746893938
5.405,-2.65159430875443,-2.13581684206677,2.92488002184757,-1.08130745083034,-1.90009006088302,-1.93449657199607,-1.06964819228924,1.09038560465523,-0.427623072778029,-3.25582490544247,3.52891183469001,1.05736159650199,-2.07138901188222,0.444874040565415,-0.830436672826224,4.79568058291894,-2.10329523786775,-3.72825102123008,-1.67664305513645,2.24627709582501,-1.90077588604418,3.78548132307905,-2.65494140442397,-0.521755940449202
5.41,-2.64379595544359,-2.12693344860697,2.91710727077111,-1.07733199914698,-1.89313302190508,-1.92753953301812,-1.06932637407212,1.08620271098482,-0.426359878036997,-3.24388789925945,3.51598007849728,1.05338259342989,-2.06739459232483,0.443109671284651,-0.828014672194477,4.77802257400712,-2.09544723656592,-3.71451701296918,-1.67414688758191,2.23806505318471,-1.89319528492511,3.77173468245705,-2.64512237669144,-0.519792134004465
5.415,-2.63599760213276,-2.11805005514717,2.90933451969465,-1.07335654746362,-1.88617598292713,-1.92058249404018,-1.069004555855,1.08201981731441,-0.425096683295969,-3.23195089307642,3.50304832230454,1.04940359035779,-2.06340017276742,0.441345302003888,-0.825592671562724,4.7603645650953,-2.08759923526408,-3.70078300470827,-1.6716507200274,2.22985301054441,-1.88561468380603,3.75798804183504,-2.6353033489589,-0.517828327559729
5.42,-2.62819924882191,-2.10916666168738,2.90156176861822,-1.06938109578026,-1.87921894394918,-1.91362545506223,-1.06868273763789,1.07783692364401,-0.423833488554937,-3.2200138868934,3.49011656611181,1.04542458728569,-2.05940575321003,0.439580932723124,-0.823170670930978,4.74270655618348,-2.07975123396225,-3.68704899644737,-1.66915455247289,2.22164096790412,-1.87803408268695,3.74424140121304,-2.62548432122637,-0.515864521114993
5.425,-2.6204008955111,-2.10028326822759,2.89378901754174,-1.0654056440969,-1.87226190497124,-1.90666841608428,-1.06836091942077,1.0736540299736,-0.422570293813902,-3.20807688071037,3.47718480991908,1.04144558421359,-2.05541133365264,0.437816563442359,-0.820748670299231,4.72504854727166,-2.07190323266042,-3.67331498818647,-1.66665838491838,2.21342892526382,-1.87045348156789,3.73049476059103,-2.61566529349384,-0.513900714670257
5.43,-2.61260254220026,-2.0913998747678,2.88601626646528,-1.06143019241354,-1.86530486599329,-1.89971137710634,-1.06803910120365,1.06947113630319,-0.421307099072873,-3.19613987452735,3.46425305372635,1.03746658114149,-2.05141691409526,0.436052194161594,-0.818326669667485,4.70739053835984,-2.06405523135858,-3.65958097992557,-1.66416221736384,2.20521688262352,-1.86287288044881,3.71674811996903,-2.6058462657613,-0.511936908225521
5.435,-2.60480418888942,-2.082516481308,2.87824351538882,-1.05745474073018,-1.85834782701534,-1.89275433812839,-1.06771728298654,1.06528824263279,-0.420043904331841,-3.18420286834432,3.45132129753362,1.03348757806939,-2.04742249453784,0.434287824880831,-0.815904669035731,4.68973252944802,-2.05620723005675,-3.64584697166466,-1.66166604980936,2.19700483998323,-1.85529227932974,3.70300147934702,-2.59602723802877,-0.509973101780785
5.44,-2.59700583557859,-2.07363308784821,2.87047076431239,-1.05347928904682,-1.85139078803739,-1.88579729915044,-1.06739546476945,1.06110534896238,-0.418780709590809,-3.17226586216129,3.43838954134088,1.02950857499729,-2.04342807498045,0.432523455600067,-0.813482668403985,4.6720745205362,-2.04835922875491,-3.63211296340376,-1.65916988225484,2.18879279734293,-1.84771167821066,3.68925483872501,-2.58620821029623,-0.508009295336048
5.445,-2.58920748226777,-2.06474969438842,2.8626980132359,-1.04950383736346,-1.84443374905945,-1.87884026017249,-1.0670736465523,1.05692245529197,-0.417517514849781,-3.16032885597827,3.42545778514815,1.02552957192519,-2.03943365542307,0.430759086319302,-0.811060667772239,4.65441651162438,-2.04051122745308,-3.61837895514286,-1.6566737147003,2.18058075470263,-1.84013107709158,3.67550819810301,-2.5763891825637,-0.506045488891313
5.45,-2.58140912895692,-2.05586630092862,2.85492526215944,-1.04552838568011,-1.8374767100815,-1.87188322119455,-1.06675182833519,1.05273956162156,-0.416254320108749,-3.14839184979524,3.41252602895542,1.02155056885309,-2.03543923586568,0.428994717038537,-0.808638667140492,4.63675850271256,-2.03266322615124,-3.60464494688195,-1.65417754714579,2.17236871206233,-1.83255047597251,3.661761557481,-2.56657015483117,-0.504081682446576
5.455,-2.57361077564609,-2.04698290746883,2.84715251108301,-1.04155293399675,-1.83051967110355,-1.8649261822166,-1.0664300101181,1.04855666795116,-0.414991125367717,-3.13645484361222,3.39959427276269,1.01757156578099,-2.03144481630829,0.427230347757773,-0.806216666508739,4.61910049380074,-2.02481522484941,-3.59091093862105,-1.65168137959128,2.16415666942204,-1.82496987485344,3.64801491685899,-2.55675112709863,-0.50211787600184
5.46,-2.56581242233526,-2.03809951400904,2.83937976000652,-1.03757748231339,-1.8235626321256,-1.85796914323865,-1.06610819190098,1.04437377428075,-0.413727930626685,-3.12451783742919,3.38666251656996,1.01359256270889,-2.02745039675088,0.425465978477009,-0.803794665876993,4.60144248488892,-2.01696722354758,-3.57717693036015,-1.64918521203677,2.15594462678174,-1.81738927373436,3.63426827623699,-2.5469320993661,-0.500154069557104
5.465,-2.55801406902441,-2.02921612054925,2.83160700893009,-1.03360203063003,-1.81660559314766,-1.85101210426071,-1.06578637368386,1.04019088061034,-0.412464735885656,-3.11258083124617,3.37373076037723,1.00961355963679,-2.02345597719349,0.423701609196245,-0.801372665245246,4.5837844759771,-2.00911922224574,-3.56344292209925,-1.64668904448223,2.14773258414144,-1.80980867261529,3.62052163561498,-2.53711307163357,-0.498190263112368
5.47,-2.55021571571359,-2.02033272708945,2.82383425785363,-1.02962657894667,-1.80964855416971,-1.84405506528276,-1.06546455546675,1.03600798693994,-0.411201541144624,-3.10064382506314,3.3607990041845,1.00563455656469,-2.01946155763611,0.42193723991548,-0.7989506646135,4.56612646706528,-2.00127122094391,-3.54970891383834,-1.64419287692772,2.13952054150114,-1.80222807149622,3.60677499499298,-2.52729404390103,-0.496226456667632
5.475,-2.54241736240276,-2.01144933362966,2.81606150677717,-1.02565112726331,-1.80269151519176,-1.83709802630481,-1.06514273724963,1.03182509326953,-0.409938346403592,-3.08870681888012,3.34786724799176,1.00165555349259,-2.01546713807872,0.420172870634716,-0.796528663981746,4.54846845815346,-1.99342321964208,-3.53597490557744,-1.64169670937321,2.13130849886085,-1.79464747037714,3.59302835437097,-2.5174750161685,-0.494262650222896
5.48,-2.53461900909191,-2.00256594016987,2.80828875570069,-1.02167567557995,-1.79573447621382,-1.83014098732686,-1.06482091903251,1.02764219959912,-0.408675151662564,-3.07676981269709,3.33493549179903,0.997676550420493,-2.01147271852133,0.418408501353952,-0.79410666335,4.53081044924164,-1.98557521834024,-3.52224089731654,-1.6392005418187,2.12309645622055,-1.78706686925806,3.57928171374896,-2.50765598843596,-0.492298843778159
5.485,-2.52682065578108,-1.99368254671007,2.80051600462426,-1.01770022389659,-1.78877743723587,-1.82318394834892,-1.0644991008154,1.02345930592872,-0.407411956921528,-3.06483280651407,3.3220037356063,0.993697547348394,-2.00747829896392,0.416644132073188,-0.791684662718254,4.51315244032982,-1.97772721703841,-3.50850688905563,-1.63670437426418,2.11488441358025,-1.77948626813899,3.56553507312696,-2.49783696070343,-0.490335037333423
5.49,-2.51902230247025,-1.98479915325029,2.7927432535478,-1.01372477221323,-1.78182039825792,-1.81622690937097,-1.06417728259831,1.01927641225831,-0.406148762180496,-3.05289580033104,3.30907197941357,0.989718544276295,-2.00348387940653,0.414879762792423,-0.789262662086507,4.495494431418,-1.96987921573657,-3.49477288079473,-1.63420820670967,2.10667237093995,-1.77190566701992,3.55178843250495,-2.4880179329709,-0.488371230888687
5.495,-2.51122394915942,-1.97591575979049,2.78497050247131,-1.00974932052987,-1.77486335927997,-1.80926987039302,-1.06385546438119,1.0150935185879,-0.404885567439468,-3.04095879414802,3.29614022322083,0.985739541204195,-1.99948945984914,0.413115393511659,-0.786840661454761,4.47783642250618,-1.96203121443474,-3.48103887253383,-1.63171203915516,2.09846032829966,-1.76432506590084,3.53804179188295,-2.47819890523836,-0.486407424443951
5.5,-2.50342559584858,-1.9670323663307,2.77719775139488,-1.00577386884652,-1.76790632030203,-1.80231283141507,-1.06353364616405,1.0109106249175,-0.403622372698436,-3.02902178796499,3.2832084670281,0.981760538132096,-1.99549504029176,0.411351024230895,-0.784418660823015,4.46017841359436,-1.9541832131329,-3.46730486427293,-1.62921587160062,2.09024828565936,-1.75674446478177,3.52429515126094,-2.46837987750583,-0.484443617999215
5.505,-2.49562724253774,-1.9581489728709,2.76942500031842,-1.00179841716316,-1.76094928132408,-1.79535579243713,-1.06321182794693,1.00672773124709,-0.402359177957404,-3.01708478178197,3.27027671083537,0.977781535059997,-1.99150062073434,0.409586654950131,-0.781996660191261,4.44252040468254,-1.94633521183107,-3.45357085601202,-1.62671970404611,2.08203624301906,-1.74916386366269,3.51054851063894,-2.4585608497733,-0.482479811554479
5.51,-2.4878288892269,-1.9492655794111,2.76165224924196,-0.997822965479798,-1.75399224234613,-1.78839875345918,-1.06289000972984,1.00254483757668,-0.401095983216376,-3.00514777559894,3.25734495464264,0.973802531987896,-1.98750620117696,0.407822285669367,-0.779574659559508,4.42486239577072,-1.93848721052924,-3.43983684775112,-1.6242235364916,2.07382420037876,-1.74158326254362,3.49680187001693,-2.44874182204076,-0.480516005109743
5.515,-2.48003053591609,-1.94038218595132,2.7538794981655,-0.993847513796439,-1.74703520336819,-1.78144171448123,-1.06256819151272,0.998361943906275,-0.399832788475344,-2.99321076941592,3.24441319844991,0.969823528915796,-1.98351178161957,0.406057916388603,-0.777152658927761,4.4072043868589,-1.9306392092274,-3.42610283949022,-1.62172736893709,2.06561215773847,-1.73400266142455,3.48305522939493,-2.43892279430823,-0.478552198665007
5.52,-2.47223218260524,-1.93149879249152,2.74610674708904,-0.98987206211308,-1.74007816439024,-1.77448467550329,-1.06224637329561,0.994179050235868,-0.398569593734312,-2.98127376323289,3.23148144225718,0.965844525843697,-1.97951736206218,0.404293547107839,-0.774730658296015,4.38954637794708,-1.92279120792557,-3.41236883122932,-1.61923120138255,2.05740011509817,-1.72642206030547,3.46930858877292,-2.4291037665757,-0.47658839222027
5.525,-2.46443382929441,-1.92261539903173,2.73833399601259,-0.98589661042972,-1.73312112541229,-1.76752763652534,-1.06192455507846,0.989996156565461,-0.39730639899328,-2.96933675704986,3.21854968606444,0.961865522771597,-1.9755229425048,0.402529177827073,-0.772308657664269,4.37188836903526,-1.91494320662373,-3.39863482296841,-1.61673503382804,2.04918807245787,-1.7188414591864,3.45556194815091,-2.41928473884316,-0.474624585775534
5.53,-2.45663547598356,-1.91373200557194,2.73056124493615,-0.981921158746361,-1.72616408643434,-1.76057059754739,-1.06160273686137,0.985813262895054,-0.396043204252251,-2.95739975086684,3.20561792987171,0.957886519699497,-1.97152852294738,0.40076480854631,-0.769886657032522,4.35423036012344,-1.9070952053219,-3.38490081470751,-1.61423886627352,2.04097602981757,-1.71126085806733,3.44181530752891,-2.40946571111063,-0.472660779330798
5.535,-2.44883712267274,-1.90484861211214,2.72278849385967,-0.977945707063002,-1.7192070474564,-1.75361355856945,-1.06128091864426,0.981630369224648,-0.394780009511219,-2.94546274468381,3.19268617367898,0.953907516627398,-1.96753410338999,0.399000439265546,-0.767464656400769,4.33657235121162,-1.89924720402007,-3.3711668064466,-1.61174269871901,2.03276398717728,-1.70368025694825,3.4280686669069,-2.39964668337809,-0.470696972886062
5.54,-2.44103876936191,-1.89596521865236,2.71501574278321,-0.973970255379644,-1.71225000847845,-1.7466565195915,-1.06095910042714,0.977447475554241,-0.393516814770184,-2.93352573850079,3.17975441748625,0.949928513555299,-1.96353968383261,0.397236069984782,-0.765042655769022,4.3189143422998,-1.89139920271823,-3.3574327981857,-1.6092465311645,2.02455194453698,-1.69609965582917,3.41432202628489,-2.38982765564556,-0.468733166441326
5.545,-2.43324041605106,-1.88708182519256,2.70724299170678,-0.969994803696285,-1.7052929695005,-1.73969948061355,-1.06063728221002,0.973264581883834,-0.392253620029155,-2.92158873231776,3.16682266129352,0.945949510483198,-1.95954526427522,0.395471700704017,-0.762620655137276,4.30125633338798,-1.8835512014164,-3.3436987899248,-1.60675036360999,2.01633990189668,-1.68851905471011,3.40057538566289,-2.38000862791303,-0.46676935999659
5.55,-2.42544206274023,-1.87819843173277,2.69947024063029,-0.966019352012926,-1.69833593052256,-1.7327424416356,-1.06031546399291,0.969081688213427,-0.390990425288123,-2.90965172613474,3.15389090510079,0.941970507411098,-1.95555084471783,0.393707331423253,-0.76019865450553,4.28359832447616,-1.87570320011457,-3.3299647816639,-1.60425419605548,2.00812785925638,-1.68093845359103,3.38682874504088,-2.37018960018049,-0.464805553551853
5.555,-2.4176437094294,-1.86931503827297,2.69169748955383,-0.962043900329567,-1.69137889154461,-1.72578540265766,-1.05999364577579,0.96489879454302,-0.389727230547095,-2.89771471995171,3.14095914890805,0.937991504338999,-1.95155642516042,0.391942962142489,-0.757776653873776,4.26594031556434,-1.86785519881273,-3.31623077340299,-1.60175802850094,1.99991581661609,-1.67335785247195,3.37308210441888,-2.36037057244796,-0.462841747107118
5.56,-2.40984535611857,-1.86043164481318,2.6839247384774,-0.958068448646208,-1.68442185256666,-1.71882836367971,-1.05967182755867,0.960715900872612,-0.388464035806063,-2.88577771376869,3.12802739271532,0.934012501266899,-1.94756200560303,0.390178592861725,-0.75535465324203,4.24828230665253,-1.8600071975109,-3.30249676514209,-1.59926186094643,1.99170377397579,-1.66577725135288,3.35933546379687,-2.35055154471543,-0.460877940662382
5.565,-2.40204700280773,-1.85154825135339,2.67615198740094,-0.954092996962848,-1.67746481358871,-1.71187132470176,-1.05935000934159,0.956533007202205,-0.387200841065031,-2.87384070758566,3.11509563652259,0.930033498194799,-1.94356758604565,0.38841422358096,-0.752932652610284,4.2306242977407,-1.85215919620906,-3.28876275688119,-1.59676569339192,1.98349173133549,-1.65819665023381,3.34558882317486,-2.34073251698289,-0.458914134217645
5.57,-2.39424864949689,-1.8426648578936,2.66837923632448,-0.950117545279489,-1.67050777461077,-1.70491428572381,-1.05902819112447,0.9523501135318,-0.385937646323999,-2.86190370140264,3.10216388032986,0.9260544951227,-1.93957316648826,0.386649854300196,-0.75051065197853,4.21296628882888,-1.84431119490723,-3.27502874862028,-1.5942695258374,1.97527968869519,-1.65061604911474,3.33184218255286,-2.33091348925036,-0.456950327772909
5.575,-2.38645029618606,-1.83378146443381,2.660606485248,-0.94614209359613,-1.66355073563282,-1.69795724674587,-1.05870637290732,0.948167219861391,-0.384674451582969,-2.84996669521961,3.08923212413713,0.9220754920506,-1.93557874693084,0.384885485019432,-0.748088651346784,4.19530827991706,-1.83646319360539,-3.26129474035938,-1.59177335828286,1.9670676460549,-1.64303544799566,3.31809554193085,-2.32109446151783,-0.454986521328173
5.58,-2.37865194287524,-1.82489807097401,2.65283373417157,-0.942166641912771,-1.65659369665487,-1.69100020776792,-1.05838455469021,0.943984326190984,-0.383411256841937,-2.83802968903659,3.07630036794439,0.9180964889785,-1.93158432737346,0.383121115738668,-0.745666650715037,4.17765027100524,-1.82861519230356,-3.24756073209848,-1.58927719072835,1.9588556034146,-1.63545484687659,3.30434890130885,-2.31127543378529,-0.453022714883437
5.585,-2.37085358956439,-1.81601467751422,2.64506098309511,-0.938191190229412,-1.64963665767693,-1.68404316878997,-1.05806273647312,0.939801432520579,-0.382148062100905,-2.82609268285356,3.06336861175166,0.914117485906401,-1.92758990781607,0.381356746457904,-0.743244650083287,4.15999226209342,-1.82076719100173,-3.23382672383758,-1.58678102317384,1.9506435607743,-1.62787424575751,3.29060226068684,-2.30145640605276,-0.451058908438701
5.59,-2.36305523625356,-1.80713128405442,2.63728823201862,-0.934215738546053,-1.64267961869898,-1.67708612981203,-1.057740918256,0.935618538850171,-0.380884867359875,-2.81415567667054,3.05043685555893,0.910138482834301,-1.92359548825868,0.379592377177139,-0.740822649451541,4.1423342531816,-1.81291918969989,-3.22009271557667,-1.58428485561933,1.942431518134,-1.62029364463844,3.27685562006484,-2.29163737832023,-0.449095101993965
5.595,-2.35525688294273,-1.79824789059464,2.62951548094219,-0.930240286862694,-1.63572257972103,-1.67012909083408,-1.05741910003889,0.931435645179764,-0.379621672618844,-2.80221867048751,3.0375050993662,0.906159479762201,-1.9196010687013,0.377828007896375,-0.738400648819795,4.12467624426978,-1.80507118839806,-3.20635870731577,-1.58178868806482,1.93421947549371,-1.61271304351936,3.26310897944283,-2.28181835058769,-0.447131295549228
5.6,-2.34745852963188,-1.78936449713484,2.62174272986573,-0.926264835179335,-1.62876554074308,-1.66317205185613,-1.05709728182177,0.927252751509357,-0.378358477877811,-2.79028166430449,3.02457334317347,0.902180476690102,-1.91560664914388,0.37606363861561,-0.735978648188045,4.10701823535797,-1.79722318709622,-3.19262469905487,-1.57929252051031,1.92600743285341,-1.60513244240029,3.24936233882082,-2.27199932285516,-0.445167489104493
5.605,-2.33966017632106,-1.78048110367504,2.61396997878927,-0.922289383495976,-1.62180850176514,-1.65621501287818,-1.05677546360465,0.92306985783895,-0.37709528313678,-2.77834465812146,3.01164158698074,0.898201473618002,-1.91161222958647,0.374299269334847,-0.733556647556295,4.08936022644614,-1.78937518579439,-3.17889069079396,-1.5767963529558,1.91779539021311,-1.59755184128122,3.23561569819882,-2.26218029512262,-0.443203682659756
5.61,-2.33186182301021,-1.77159771021525,2.60619722771281,-0.918313931812617,-1.61485146278719,-1.64925797390024,-1.05645364538753,0.918886964168543,-0.375832088395748,-2.76640765193843,2.998709830788,0.894222470545902,-1.90761781002908,0.372534900054083,-0.731134646924545,4.07170221753432,-1.78152718449256,-3.16515668253306,-1.57430018540126,1.90958334757281,-1.58997124016214,3.22186905757681,-2.25236126739009,-0.44123987621502
5.615,-2.32406346969938,-1.76271431675546,2.59842447663635,-0.914338480129258,-1.60789442380924,-1.64230093492229,-1.05613182717042,0.914704070498136,-0.374568893654718,-2.75447064575541,2.98577807459527,0.890243467473802,-1.90362339047169,0.370770530773318,-0.728712646292799,4.0540442086225,-1.77367918319072,-3.15142267427216,-1.57180401784674,1.90137130493252,-1.58239063904307,3.20812241695481,-2.24254223965756,-0.439276069770284
5.62,-2.31626511638855,-1.75383092329567,2.59065172555989,-0.910363028445899,-1.6009373848313,-1.63534389594434,-1.05581000895333,0.91052117682773,-0.373305698913688,-2.74253363957238,2.97284631840254,0.886264464401703,-1.89962897091431,0.369006161492553,-0.726290645661052,4.03638619971068,-1.76583118188889,-3.13768866601126,-1.56930785029223,1.89315926229222,-1.574810037924,3.1943757763328,-2.23272321192502,-0.437312263325548
5.625,-2.3084667630777,-1.74494752983588,2.58287897448346,-0.90638757676254,-1.59398034585335,-1.6283868569664,-1.05548819073621,0.906338283157323,-0.372042504172654,-2.73059663338936,2.95991456220981,0.882285461329603,-1.89563455135689,0.367241792211789,-0.723868645029302,4.01872819079886,-1.75798318058705,-3.12395465775035,-1.56681168273772,1.88494721965192,-1.56722943680492,3.1806291357108,-2.22290418419249,-0.435348456880812
5.63,-2.30066840976689,-1.73606413637608,2.57510622340698,-0.902412125079181,-1.5870233068754,-1.62142981798845,-1.05516637251907,0.902155389486916,-0.370779309431624,-2.71865962720633,2.94698280601708,0.878306458257503,-1.89164013179951,0.365477422931026,-0.721446644397556,4.00107018188704,-1.75013517928522,-3.11022064948945,-1.56431551518318,1.87673517701163,-1.55964883568585,3.16688249508879,-2.21308515645996,-0.433384650436075
5.635,-2.29287005645605,-1.72718074291629,2.56733347233052,-0.898436673395822,-1.58006626789745,-1.6144727790105,-1.05484455430195,0.897972495816511,-0.369516114690594,-2.70672262102331,2.93405104982435,0.874327455185404,-1.88764571224212,0.363713053650261,-0.719024643765806,3.98341217297523,-1.74228717798339,-3.09648664122855,-1.56181934762867,1.86852313437133,-1.55206823456677,3.15313585446678,-2.20326612872742,-0.431420843991339
5.64,-2.28507170314521,-1.71829734945649,2.55956072125409,-0.894461221712463,-1.57310922891951,-1.60751574003255,-1.05452273608486,0.893789602146104,-0.368252919949564,-2.69478561484028,2.92111929363161,0.870348452113304,-1.88365129268473,0.361948684369497,-0.71660264313406,3.96575416406341,-1.73443917668155,-3.08275263296765,-1.55932318007416,1.86031109173103,-1.5444876334477,3.13938921384478,-2.19344710099489,-0.429457037546603
5.645,-2.27727334983437,-1.70941395599671,2.5517879701776,-0.890485770029104,-1.56615218994156,-1.60055870105461,-1.05420091786775,0.889606708475695,-0.36698972520853,-2.68284860865726,2.90818753743888,0.866369449041204,-1.87965687312732,0.360184315088733,-0.71418064250231,3.94809615515159,-1.72659117537972,-3.06901862470674,-1.55682701251965,1.85209904909073,-1.53690703232862,3.12564257322277,-2.18362807326236,-0.427493231101868
5.65,-2.26947499652356,-1.70053056253691,2.54401521910114,-0.886510318345745,-1.55919515096361,-1.59360166207666,-1.05387909965063,0.885423814805288,-0.3657265304675,-2.67091160247423,2.89525578124615,0.862390445969104,-1.87566245356993,0.358419945807968,-0.711758641870563,3.93043814623976,-1.71874317407788,-3.05528461644584,-1.55433084496514,1.84388700645043,-1.52932643120955,3.11189593260076,-2.17380904552982,-0.425529424657131
5.655,-2.26167664321271,-1.69164716907711,2.53624246802468,-0.882534866662386,-1.55223811198567,-1.58664462309871,-1.05355728143351,0.881240921134882,-0.364463335726468,-2.65897459629121,2.88232402505342,0.858411442897005,-1.87166803401254,0.356655576527204,-0.709336641238814,3.91278013732794,-1.71089517277605,-3.04155060818494,-1.55183467741062,1.83567496381014,-1.52174583009047,3.09814929197876,-2.16399001779729,-0.423565618212395
5.66,-2.25387828990188,-1.68276377561732,2.52846971694825,-0.878559414979027,-1.54528107300772,-1.57968758412077,-1.0532354632164,0.877058027464475,-0.363200140985438,-2.64703759010818,2.86939226886069,0.854432439824905,-1.86767361445516,0.35489120724644,-0.706914640607067,3.89512212841613,-1.70304717147422,-3.02781659992403,-1.54933850985611,1.82746292116984,-1.5141652289714,3.08440265135675,-2.15417099006475,-0.421601811767659
5.665,-2.24607993659104,-1.67388038215753,2.52069696587176,-0.874583963295668,-1.53832403402977,-1.57273054514282,-1.05291364499928,0.872875133794068,-0.361936946244406,-2.63510058392516,2.85646051266795,0.850453436752805,-1.86367919489777,0.353126837965676,-0.704492639975317,3.8774641195043,-1.69519917017238,-3.01408259166313,-1.54684234230157,1.81925087852954,-1.50658462785233,3.07065601073475,-2.14435196233222,-0.419638005322923
5.67,-2.2382815832802,-1.66499698869774,2.51292421479533,-0.870608511612309,-1.53136699505182,-1.56577350616487,-1.05259182678216,0.868692240123661,-0.360673751503375,-2.62316357774213,2.84352875647522,0.846474433680706,-1.85968477534036,0.351362468684911,-0.702070639343571,3.85980611059249,-1.68735116887055,-3.00034858340223,-1.54434617474706,1.81103883588925,-1.49900402673325,3.05690937011274,-2.13453293459969,-0.417674198878187
5.675,-2.23048322996938,-1.65611359523795,2.50515146371887,-0.86663305992895,-1.52440995607388,-1.55881646718692,-1.05227000856507,0.864509346453255,-0.359410556762345,-2.61122657155911,2.83059700028249,0.842495430608606,-1.85569035578297,0.349598099404147,-0.699648638711821,3.84214810168067,-1.67950316756871,-2.98661457514133,-1.54185000719255,1.80282679324895,-1.49142342561418,3.04316272949074,-2.12471390686715,-0.41571039243345
5.68,-2.22268487665855,-1.64723020177816,2.49737871264239,-0.862657608245591,-1.51745291709593,-1.55185942820898,-1.05194819034793,0.860326452782846,-0.358147362021311,-2.59928956537608,2.81766524408976,0.838516427536506,-1.85169593622558,0.347833730123384,-0.697226638080071,3.82449009276885,-1.67165516626688,-2.97288056688042,-1.53935383963804,1.79461475060865,-1.48384282449511,3.02941608886873,-2.11489487913462,-0.413746585988714
5.685,-2.2148865233477,-1.63834680831836,2.48960596156596,-0.858682156562232,-1.51049587811798,-1.54490238923103,-1.05162637213081,0.856143559112439,-0.356884167280281,-2.58735255919306,2.80473348789703,0.834537424464407,-1.8477015166682,0.34606936084262,-0.694804637448325,3.80683208385703,-1.66380716496505,-2.95914655861952,-1.5368576720835,1.78640270796835,-1.47626222337603,3.01566944824673,-2.10507585140209,-0.411782779543978
5.69,-2.20708817003687,-1.62946341485856,2.4818332104895,-0.854706704878872,-1.50353883914003,-1.53794535025308,-1.0513045539137,0.851960665442032,-0.355620972539249,-2.57541555301003,2.79180173170429,0.830558421392306,-1.84370709711081,0.344304991561854,-0.692382636816575,3.7891740749452,-1.65595916366321,-2.94541255035862,-1.53436150452899,1.77819066532806,-1.46868162225696,3.00192280762472,-2.09525682366955,-0.409818973099242
5.695,-2.19928981672604,-1.62058002139878,2.47406045941304,-0.850731253195513,-1.49658180016209,-1.53098831127514,-1.05098273569661,0.847777771771627,-0.354357777798219,-2.563478546827,2.77886997551156,0.826579418320207,-1.83971267755339,0.34254062228109,-0.689960636184829,3.77151606603339,-1.64811116236138,-2.93167854209771,-1.5318653369745,1.76997862268776,-1.46110102113788,2.98817616700271,-2.08543779593702,-0.407855166654505
5.7,-2.1914914634152,-1.61169662793898,2.46628770833655,-0.846755801512154,-1.48962476118414,-1.52403127229719,-1.05066091747949,0.84359487810122,-0.353094583057189,-2.55154154064398,2.76593821931883,0.822600415248107,-1.83571825799601,0.340776253000326,-0.687538635553079,3.75385805712157,-1.64026316105954,-2.91794453383681,-1.52936916941997,1.76176658004746,-1.4535204200188,2.97442952638071,-2.07561876820448,-0.40589136020977
5.705,-2.18369311010437,-1.60281323447919,2.45851495726012,-0.842780349828796,-1.48266772220619,-1.51707423331924,-1.05033909926235,0.839411984430813,-0.351831388316155,-2.53960453446095,2.7530064631261,0.818621412176008,-1.83172383843862,0.339011883719563,-0.685116634921332,3.73620004820975,-1.63241515975771,-2.90421052557591,-1.52687300186545,1.75355453740716,-1.44593981889973,2.9606828857587,-2.06579974047195,-0.403927553765033
5.71,-2.17589475679353,-1.5939298410194,2.45074220618366,-0.838804898145437,-1.47571068322825,-1.51011719434129,-1.05001728104523,0.835229090760405,-0.350568193575125,-2.52766752827793,2.74007470693337,0.814642409103908,-1.82772941888123,0.337247514438798,-0.682694634289586,3.71854203929793,-1.62456715845587,-2.89047651731501,-1.52437683431094,1.74534249476687,-1.43835921778066,2.94693624513669,-2.05598071273942,-0.401963747320297
5.715,-2.16809640348269,-1.5850464475596,2.4429694551072,-0.834829446462077,-1.4687536442503,-1.50316015536335,-1.04969546282814,0.831046197089998,-0.349304998834095,-2.5157305220949,2.72714295074064,0.810663406031808,-1.82373499932382,0.335483145158034,-0.680272633657836,3.70088403038611,-1.61671915715404,-2.8767425090541,-1.52188066675643,1.73713045212657,-1.43077861666159,2.93318960451469,-2.04616168500688,-0.399999940875561
5.72,-2.16029805017187,-1.57616305409981,2.43519670403074,-0.830853994778719,-1.46179660527235,-1.4962031163854,-1.04937364461102,0.826863303419593,-0.348041804093063,-2.50379351591188,2.71421119454791,0.806684402959709,-1.81974057976643,0.333718775877269,-0.677850633026086,3.68322602147429,-1.60887115585221,-2.8630085007932,-1.51938449920189,1.72891840948627,-1.42319801554251,2.91944296389268,-2.03634265727435,-0.398036134430825
5.725,-2.15249969686103,-1.56727966064002,2.42742395295429,-0.82687854309536,-1.45483956629441,-1.48924607740745,-1.04905182639391,0.822680409749186,-0.346778609352031,-2.49185650972885,2.70127943835517,0.802705399887609,-1.81574616020905,0.331954406596505,-0.675428632394336,3.66556801256247,-1.60102315455037,-2.8492744925323,-1.51688833164738,1.72070636684597,-1.41561741442344,2.90569632327068,-2.02652362954182,-0.396072327986089
5.73,-2.1447013435502,-1.55839626718023,2.41965120187783,-0.822903091412,-1.44788252731646,-1.48228903842951,-1.04873000817679,0.818497516078779,-0.345515414610999,-2.47991950354583,2.68834768216244,0.798726396815509,-1.81175174065166,0.330190037315741,-0.67300663176259,3.64791000365065,-1.59317515324854,-2.83554048427139,-1.51439216409287,1.71249432420568,-1.40803681330436,2.89194968264867,-2.01670460180928,-0.394108521541353
5.735,-2.13690299023935,-1.54951287372043,2.41187845080137,-0.818927639728641,-1.44092548833851,-1.47533199945156,-1.04840818995967,0.81431462240837,-0.344252219869968,-2.4679824973628,2.67541592596971,0.79474739374341,-1.80775732109427,0.328425668034977,-0.670584631130843,3.63025199473883,-1.5853271519467,-2.82180647601049,-1.51189599653833,1.70428228156538,-1.40045621218529,2.87820304202666,-2.00688557407675,-0.392144715096616
5.74,-2.12910463692853,-1.54062948026063,2.40410569972491,-0.814952188045282,-1.43396844936056,-1.46837496047361,-1.04808637174256,0.810131728737964,-0.342989025128938,-2.45604549117978,2.66248416977698,0.790768390671309,-1.80376290153686,0.326661298754213,-0.668162630499094,3.61259398582701,-1.57747915064487,-2.80807246774959,-1.50939982898382,1.69607023892508,-1.39287561106622,2.86445640140466,-1.99706654634422,-0.39018090865188
5.745,-2.1213062836177,-1.53174608680084,2.39633294864845,-0.810976736361923,-1.42701141038262,-1.46141792149566,-1.04776455352544,0.805948835067557,-0.341725830387906,-2.44410848499675,2.64955241358425,0.78678938759921,-1.79976848197947,0.324896929473447,-0.665740629867344,3.59493597691519,-1.56963114934304,-2.79433845948869,-1.50690366142933,1.68785819628478,-1.38529500994714,2.85070976078265,-1.98724751861168,-0.388217102207145
5.75,-2.11350793030685,-1.52286269334105,2.38856019757202,-0.807001284678564,-1.42005437140467,-1.45446088251772,-1.04744273530835,0.80176594139715,-0.340462635646876,-2.43217147881373,2.63662065739151,0.78281038452711,-1.79577406242208,0.323132560192684,-0.663318629235597,3.57727796800337,-1.5617831480412,-2.78060445122778,-1.50440749387482,1.67964615364449,-1.37771440882807,2.83696312016065,-1.97742849087915,-0.386253295762408
5.755,-2.10570957699602,-1.51397929988126,2.38078744649553,-0.803025832995205,-1.41309733242672,-1.44750384353977,-1.04712091709123,0.797583047726743,-0.339199440905846,-2.4202344726307,2.62368890119878,0.77883138145501,-1.7917796428647,0.32136819091192,-0.660896628603851,3.55961995909155,-1.55393514673937,-2.76687044296688,-1.50191132632028,1.67143411100419,-1.37013380770899,2.82321647953864,-1.96760946314662,-0.384289489317672
5.76,-2.09791122368519,-1.50509590642147,2.37301469541907,-0.799050381311846,-1.40614029344878,-1.44054680456182,-1.04679909887409,0.793400154056338,-0.337936246164812,-2.40829746644768,2.61075714500605,0.774852378382911,-1.78778522330731,0.319603821631156,-0.658474627972101,3.54196195017973,-1.54608714543753,-2.75313643470598,-1.49941515876577,1.66322206836389,-1.36255320658992,2.80946983891664,-1.95779043541408,-0.382325682872936
5.765,-2.09011287037436,-1.49621251296168,2.36524194434264,-0.795074929628487,-1.39918325447083,-1.43358976558388,-1.04647728065697,0.78921726038593,-0.336673051423782,-2.39636046026465,2.59782538881332,0.770873375310812,-1.78379080374989,0.317839452350391,-0.656052627340355,3.52430394126791,-1.5382391441357,-2.73940242644507,-1.49691899121126,1.65501002572359,-1.35497260547085,2.79572319829463,-1.94797140768155,-0.3803618764282
5.77,-2.08231451706352,-1.48732911950188,2.35746919326618,-0.791099477945128,-1.39222621549288,-1.42663272660593,-1.04615546243988,0.785034366715523,-0.335409856682752,-2.38442345408163,2.58489363262059,0.766894372238712,-1.77979638419251,0.316075083069627,-0.653630626708605,3.50664593235609,-1.53039114283387,-2.72566841818417,-1.49442282365675,1.6467979830833,-1.34739200435177,2.78197655767262,-1.93815237994902,-0.378398069983464
5.775,-2.07451616375268,-1.47844572604209,2.3496964421897,-0.787124026261769,-1.38526917651493,-1.41967568762798,-1.04583364422277,0.780851473045115,-0.33414666194172,-2.3724864478986,2.57196187642785,0.762915369166612,-1.77580196463512,0.314310713788863,-0.651208626076858,3.48898792344427,-1.52254314153203,-2.71193440992327,-1.49192665610221,1.638585940443,-1.33981140323269,2.76822991705062,-1.92833335221648,-0.376434263538727
5.78,-2.06671781044184,-1.4695623325823,2.34192369111324,-0.78314857457841,-1.37831213753699,-1.41271864865003,-1.04551182600565,0.776668579374709,-0.33288346720069,-2.36054944171557,2.55903012023512,0.758936366094512,-1.77180754507773,0.312546344508098,-0.648786625445108,3.47132991453245,-1.5146951402302,-2.69820040166236,-1.4894304885477,1.6303738978027,-1.33223080211362,2.75448327642861,-1.91851432448395,-0.374470457093991
5.785,-2.05891945713103,-1.4606789391225,2.33415094003681,-0.779173122895051,-1.37135509855904,-1.40576160967209,-1.04519000778853,0.772485685704302,-0.331620272459656,-2.34861243553255,2.54609836404239,0.754957363022412,-1.76781312552035,0.310781975227334,-0.646364624813359,3.45367190562063,-1.50684713892836,-2.68446639340146,-1.48693432099319,1.6221618551624,-1.32465020099455,2.74073663580661,-1.90869529675141,-0.372506650649255
5.79,-2.05112110382018,-1.45179554566271,2.32637818896032,-0.775197671211692,-1.36439805958109,-1.39880457069414,-1.04486818957142,0.768302792033897,-0.330357077718626,-2.33667542934952,2.53316660784966,0.750978359950312,-1.76381870596293,0.30901760594657,-0.643942624181609,3.43601389670881,-1.49899913762653,-2.67073238514056,-1.48443815343865,1.61394981252211,-1.31706959987547,2.7269899951846,-1.89887626901888,-0.370542844204519
5.795,-2.04332275050935,-1.44291215220291,2.31860543788387,-0.771222219528333,-1.35744102060315,-1.39184753171619,-1.0445463713543,0.764119898363488,-0.329093882977595,-2.3247384231665,2.52023485165693,0.746999356878213,-1.75982428640555,0.307253236665806,-0.641520623549862,3.41835588779699,-1.4911511363247,-2.65699837687966,-1.48194198588413,1.60573776988181,-1.3094889987564,2.71324335456259,-1.88905724128635,-0.368579037759783
5.8,-2.03552439719851,-1.43402875874312,2.31083268680743,-0.767246767844974,-1.3504839816252,-1.38489049273825,-1.04422455313718,0.759937004693081,-0.327830688236563,-2.31280141698347,2.5073030954642,0.743020353806114,-1.75582986684816,0.305488867385042,-0.639098622918116,3.40069787888517,-1.48330313502286,-2.64326436861875,-1.47944581832965,1.59752572724151,-1.30190839763733,2.69949671394059,-1.87923821355381,-0.366615231315047
5.805,-2.02772604388767,-1.42514536528333,2.30305993573096,-0.763271316161615,-1.34352694264725,-1.3779334537603,-1.0439027349201,0.755754111022674,-0.326567493495533,-2.30086441080045,2.49437133927147,0.739041350734014,-1.75183544729077,0.303724498104278,-0.63667662228637,3.38303986997335,-1.47545513372103,-2.62953036035785,-1.47694965077514,1.58931368460121,-1.29432779651825,2.68575007331858,-1.86941918582128,-0.364651424870311
5.81,-2.01992769057685,-1.41626197182354,2.29528718465451,-0.759295864478256,-1.3365699036693,-1.37097641478235,-1.04358091670295,0.751571217352269,-0.325304298754501,-2.28892740461742,2.48143958307873,0.735062347661914,-1.74784102773336,0.301960128823514,-0.63425462165462,3.36538186106153,-1.46760713241919,-2.61579635209695,-1.4744534832206,1.58110164196092,-1.28674719539918,2.67200343269658,-1.85960015808875,-0.362687618425575
5.815,-2.012129337266,-1.40737857836375,2.28751443357804,-0.755320412794896,-1.32961286469136,-1.3640193758044,-1.04325909848583,0.747388323681861,-0.324041104013469,-2.2769903984344,2.468507826886,0.731083344589814,-1.74384660817597,0.300195759542749,-0.63183262102287,3.34772385214971,-1.45975913111736,-2.60206234383604,-1.47195731566609,1.57288959932062,-1.27916659428011,2.65825679207457,-1.84978113035621,-0.360723811980838
5.82,-2.00433098395517,-1.39849518490395,2.27974168250159,-0.751344961111537,-1.32265582571341,-1.35706233682646,-1.04293728026875,0.743205430011454,-0.322777909272437,-2.26505339225137,2.45557607069327,0.727104341517714,-1.73985218861858,0.298431390261984,-0.62941062039112,3.33006584323789,-1.45191112981552,-2.58832833557514,-1.46946114811158,1.56467755668032,-1.27158599316103,2.64451015145256,-1.83996210262368,-0.358760005536102
5.825,-1.99653263064434,-1.38961179144416,2.27196893142514,-0.747369509428178,-1.31569878673546,-1.35010529784851,-1.04261546205163,0.739022536341047,-0.321514714531407,-2.25311638606835,2.44264431450054,0.723125338445614,-1.7358577690612,0.296667020981221,-0.626988619759373,3.31240783432607,-1.44406312851369,-2.57459432731424,-1.46696498055707,1.55646551404002,-1.26400539204196,2.63076351083056,-1.83014307489114,-0.356796199091366
5.83,-1.98873427733351,-1.38072839798437,2.26419618034868,-0.74339405774482,-1.30874174775751,-1.34314825887056,-1.04229364383451,0.73483964267064,-0.320251519790377,-2.24117937988532,2.42971255830781,0.719146335373515,-1.73186334950381,0.294902651700457,-0.624566619127627,3.29474982541425,-1.43621512721186,-2.56086031905334,-1.46446881300253,1.54825347139973,-1.25642479092288,2.61701687020855,-1.82032404715861,-0.35483239264663
5.835,-1.98093592402267,-1.37184500452457,2.25642342927222,-0.739418606061461,-1.30178470877957,-1.33619121989261,-1.04197182561737,0.730656749000233,-0.318988325049345,-2.2292423737023,2.41678080211507,0.715167332301416,-1.72786892994637,0.293138282419692,-0.622144618495877,3.27709181650243,-1.42836712591002,-2.54712631079243,-1.46197264544801,1.54004142875943,-1.24884418980381,2.60327022958655,-1.81050501942608,-0.352868586201894
5.84,-1.97313757071184,-1.36296161106478,2.24865067819576,-0.735443154378102,-1.29482766980162,-1.32923418091467,-1.04165000740028,0.726473855329826,-0.317725130308313,-2.21730536751927,2.40384904592234,0.711188329229316,-1.72387451038898,0.291373913138928,-0.619722617864131,3.25943380759061,-1.42051912460819,-2.53339230253153,-1.4594764778935,1.53182938611913,-1.24126358868473,2.58952358896454,-1.80068599169354,-0.350904779757158
5.845,-1.96533921740101,-1.35407821760499,2.24087792711931,-0.731467702694743,-1.28787063082367,-1.32227714193672,-1.04132818918316,0.72229096165942,-0.316461935567283,-2.20536836133625,2.39091728972961,0.707209326157216,-1.71988009083159,0.289609543858163,-0.617300617232381,3.24177579867879,-1.41267112330636,-2.51965829427063,-1.45698031033896,1.52361734347884,-1.23368298756566,2.57577694834254,-1.79086696396101,-0.348940973312422
5.85,-1.95754086409016,-1.3451948241452,2.23310517604286,-0.727492251011384,-1.28091359184573,-1.31532010295877,-1.04100637096604,0.718108067989013,-0.315198740826252,-2.19343135515322,2.37798553353688,0.703230323085117,-1.71588567127421,0.2878451745774,-0.614878616600635,3.22411778976697,-1.40482312200452,-2.50592428600973,-1.45448414278448,1.51540530083854,-1.22610238644658,2.56203030772053,-1.78104793622848,-0.346977166867686
5.855,-1.94974251077934,-1.33631143068541,2.2253324249664,-0.723516799328024,-1.27395655286778,-1.30836306398083,-1.04068455274893,0.713925174318605,-0.31393554608522,-2.18149434897019,2.36505377734415,0.699251320013016,-1.71189125171682,0.286080805296635,-0.612456615968885,3.20645978085515,-1.39697512070269,-2.49219027774882,-1.45198797522997,1.50719325819824,-1.21852178532751,2.54828366709852,-1.77122890849594,-0.345013360422949
5.86,-1.9419441574685,-1.32742803722561,2.21755967388992,-0.719541347644665,-1.26699951388983,-1.30140602500288,-1.04036273453181,0.709742280648198,-0.312672351344188,-2.16955734278717,2.35212202115141,0.695272316940916,-1.70789683215941,0.284316436015871,-0.610034615337135,3.18880177194333,-1.38912711940085,-2.47845626948792,-1.44949180767546,1.49898121555794,-1.21094118420844,2.53453702647652,-1.76140988076341,-0.343049553978213
5.865,-1.93414580415767,-1.31854464376582,2.20978692281348,-0.715565895961306,-1.26004247491188,-1.29444898602493,-1.04004091631469,0.705559386977792,-0.311409156603156,-2.15762033660414,2.33919026495868,0.691293313868817,-1.70390241260202,0.282552066735107,-0.607612614705388,3.17114376303151,-1.38127911809902,-2.46472226122702,-1.44699564012092,1.49076917291764,-1.20336058308936,2.52079038585451,-1.75159085303088,-0.341085747533477
5.87,-1.92634745084683,-1.30966125030602,2.20201417173702,-0.711590444277947,-1.25308543593394,-1.28749194704698,-1.03971909809758,0.701376493307385,-0.310145961862126,-2.14568333042112,2.32625850876595,0.687314310796717,-1.69990799304463,0.280787697454343,-0.605190614073642,3.15348575411969,-1.37343111679719,-2.45098825296611,-1.44449947256641,1.48255713027735,-1.19577998197029,2.5070437452325,-1.74177182529834,-0.339121941088741
5.875,-1.91854909753599,-1.30077785684623,2.19424142066056,-0.707614992594588,-1.24612839695599,-1.28053490806904,-1.03939727988049,0.697193599636978,-0.308882767121096,-2.13374632423809,2.31332675257322,0.683335307724617,-1.69591357348725,0.279023328173578,-0.602768613441892,3.13582774520787,-1.36558311549535,-2.43725424470521,-1.44200330501189,1.47434508763705,-1.18819938085122,2.4932971046105,-1.73195279756581,-0.337158134644005
5.88,-1.91075074422517,-1.29189446338643,2.1864686695841,-0.703639540911229,-1.23917135797804,-1.27357786909109,-1.03907546166337,0.693010705966571,-0.307619572380064,-2.12180931805507,2.30039499638049,0.679356304652518,-1.69191915392983,0.277258958892814,-0.600346612810142,3.11816973629605,-1.35773511419352,-2.42352023644431,-1.43950713745735,1.46613304499675,-1.18061877973214,2.47955046398849,-1.72213376983327,-0.335194328199269
5.885,-1.90295239091434,-1.28301106992665,2.17869591850764,-0.699664089227871,-1.2322143190001,-1.26662083011314,-1.03875364344626,0.688827812296164,-0.306356377639034,-2.10987231187204,2.28746324018776,0.675377301580419,-1.68792473437244,0.27549458961205,-0.597924612178396,3.10051172738423,-1.34988711289168,-2.40978622818341,-1.43701096990284,1.45792100235646,-1.17303817861307,2.46580382336649,-1.71231474210074,-0.333230521754533
5.89,-1.89515403760349,-1.27412767646685,2.17092316743118,-0.695688637544511,-1.22525728002215,-1.2596637911352,-1.03843182522911,0.684644918625758,-0.305093182898,-2.09793530568902,2.27453148399503,0.671398298508318,-1.68393031481506,0.273730220331286,-0.59550261154665,3.08285371847241,-1.34203911158985,-2.3960522199225,-1.43451480234833,1.44970895971616,-1.165457577494,2.45205718274448,-1.70249571436821,-0.331266715309796
5.895,-1.88735568429266,-1.26524428300706,2.16315041635472,-0.691713185861152,-1.2183002410442,-1.25270675215725,-1.03811000701202,0.68046202495535,-0.30382998815697,-2.08599829950599,2.26159972780229,0.667419295436219,-1.67993589525767,0.271965851050521,-0.5930806109149,3.06519570956059,-1.33419111028801,-2.3823182116616,-1.43201863479382,1.44149691707586,-1.15787697637492,2.43831054212248,-1.69267668663567,-0.329302908865061
5.9,-1.87955733098183,-1.25636088954727,2.15537766527827,-0.687737734177793,-1.21134320206625,-1.2457497131793,-1.03778818879491,0.676279131284944,-0.302566793415938,-2.07406129332297,2.24866797160956,0.663440292364119,-1.67594147570028,0.270201481769758,-0.59065861028315,3.04753770064877,-1.32634310898618,-2.3685842034007,-1.42952246723928,1.43328487443556,-1.15029637525585,2.42456390150047,-1.68285765890314,-0.327339102420324
5.905,-1.87175897767099,-1.24747749608748,2.14760491420181,-0.683762282494434,-1.20438616308831,-1.23879267420135,-1.03746637057779,0.672096237614537,-0.301303598674908,-2.06212428713994,2.23573621541683,0.659461289292019,-1.67194705614287,0.268437112488994,-0.588236609651403,3.02987969173695,-1.31849510768435,-2.35485019513979,-1.4270262996848,1.42507283179527,-1.14271577413677,2.41081726087846,-1.67303863117061,-0.325375295975588
5.91,-1.86396062436016,-1.23859410262769,2.13983216312536,-0.679786830811075,-1.19742912411036,-1.23183563522341,-1.03714455236067,0.66791334394413,-0.300040403933878,-2.05018728095692,2.2228044592241,0.655482286219919,-1.66795263658548,0.266672743208229,-0.585814609019657,3.01222168282513,-1.31064710638251,-2.34111618687889,-1.42453013213029,1.41686078915497,-1.13513517301769,2.39707062025646,-1.66321960343807,-0.323411489530852
5.915,-1.85616227104931,-1.22971070916789,2.1320594120489,-0.675811379127716,-1.19047208513241,-1.22487859624546,-1.03682273414356,0.663730450273723,-0.298777209192846,-2.03825027477389,2.20987270303136,0.65150328314782,-1.6639582170281,0.264908373927464,-0.583392608387907,2.99456367391331,-1.30279910508068,-2.32738217861799,-1.42203396457577,1.40864874651467,-1.12755457189862,2.38332397963445,-1.65340057570554,-0.321447683086116
5.92,-1.84836391773848,-1.2208273157081,2.12428666097244,-0.671835927444357,-1.18351504615447,-1.21792155726751,-1.03650091592644,0.659547556603316,-0.297514014451814,-2.02631326859087,2.19694094683863,0.64752428007572,-1.65996379747071,0.2631440046467,-0.580970607756157,2.97690566500149,-1.29495110377884,-2.31364817035709,-1.41953779702123,1.40043670387437,-1.11997397077955,2.36957733901245,-1.64358154797301,-0.319483876641379
5.925,-1.84056556442766,-1.2119439222483,2.11651390989599,-0.667860475760998,-1.17655800717652,-1.21096451828957,-1.03617909770932,0.655364662932909,-0.296250819710783,-2.01437626240784,2.1840091906459,0.643545277003621,-1.65596937791332,0.261379635365937,-0.578548607124407,2.95924765608967,-1.28710310247701,-2.29991416209618,-1.41704162946672,1.39222466123408,-1.11239336966047,2.35583069839044,-1.63376252024047,-0.317520070196644
5.93,-1.83276721111682,-1.20306052878851,2.10874115881953,-0.663885024077639,-1.16960096819857,-1.20400747931162,-1.03585727949221,0.651181769262503,-0.294987624969753,-2.00243925622481,2.17107743445317,0.639566273931521,-1.65197495835591,0.259615266085172,-0.576126606492661,2.94158964717785,-1.27925510117518,-2.28618015383528,-1.41454546191221,1.38401261859378,-1.1048127685414,2.34208405776844,-1.62394349250794,-0.315556263751908
5.935,-1.82496885780598,-1.19417713532872,2.10096840774307,-0.65990957239428,-1.16264392922062,-1.19705044033367,-1.03553546127512,0.646998875592096,-0.293724430228719,-1.99050225004179,2.15814567826044,0.635587270859422,-1.64798053879852,0.257850896804408,-0.573704605860915,2.92393163826603,-1.27140709987334,-2.27244614557438,-1.41204929435767,1.37580057595348,-1.09723216742233,2.32833741714643,-1.61412446477541,-0.313592457307171
5.94,-1.81717050449514,-1.18529374186893,2.09319565666661,-0.655934120710921,-1.15568689024268,-1.19009340135572,-1.03521364305797,0.642815981921688,-0.292461235487689,-1.97856524385876,2.1452139220677,0.631608267787321,-1.64398611924113,0.256086527523643,-0.571282605229165,2.90627362935421,-1.26355909857151,-2.25871213731347,-1.40955312680316,1.36758853331318,-1.08965156630325,2.31459077652442,-1.60430543704287,-0.311628650862435
5.945,-1.80937215118432,-1.17641034840913,2.08542290559015,-0.651958669027562,-1.14872985126473,-1.18313636237778,-1.03489182484086,0.638633088251281,-0.291198040746657,-1.96662823767574,2.13228216587497,0.627629264715222,-1.63999169968375,0.254322158242879,-0.568860604597415,2.88861562044239,-1.25571109726967,-2.24497812905257,-1.40705695924865,1.35937649067289,-1.08207096518418,2.30084413590242,-1.59448640931034,-0.309664844417699
5.95,-1.80157379787349,-1.16752695494934,2.07765015451371,-0.647983217344203,-1.14177281228678,-1.17617932339983,-1.03457000662377,0.634450194580874,-0.289934846005627,-1.95469123149271,2.11935040968224,0.623650261643122,-1.63599728012633,0.252557788962115,-0.566438603965668,2.87095761153057,-1.24786309596784,-2.23124412079167,-1.40456079169414,1.35116444803259,-1.0744903640651,2.28709749528041,-1.5846673815778,-0.307701037972963
5.955,-1.79377544456264,-1.15864356148954,2.06987740343723,-0.644007765660844,-1.13481577330884,-1.16922228442188,-1.03424818840665,0.630267300910468,-0.288671651264595,-1.94275422530969,2.10641865348951,0.619671258571022,-1.63200286056895,0.250793419681351,-0.564016603333918,2.85329960261875,-1.24001509466601,-2.21751011253077,-1.40206462413963,1.34295240539229,-1.06690976294603,2.2733508546584,-1.57484835384527,-0.305737231528227
5.96,-1.78597709125181,-1.14976016802976,2.06210465236077,-0.640032313977485,-1.12785873433089,-1.16226524544394,-1.03392637018953,0.626084407240061,-0.287408456523565,-1.93081721912666,2.09348689729678,0.615692255498923,-1.62800844101156,0.249029050400587,-0.561594602702172,2.83564159370693,-1.23216709336417,-2.20377610426986,-1.39956845658511,1.33474036275199,-1.05932916182696,2.2596042140364,-1.56502932611274,-0.30377342508349
5.965,-1.77817873794098,-1.14087677456996,2.05433190128433,-0.636056862294126,-1.12090169535294,-1.15530820646599,-1.03360455197239,0.621901513569654,-0.286145261782533,-1.91888021294364,2.08055514110405,0.611713252426823,-1.62401402145417,0.247264681119822,-0.559172602070426,2.81798358479511,-1.22431909206234,-2.19004209600896,-1.3970722890306,1.3265283201117,-1.05174856070788,2.24585757341439,-1.5552102983802,-0.301809618638754
5.97,-1.77038038463014,-1.13199338111017,2.04655915020787,-0.632081410610767,-1.11394465637499,-1.14835116748804,-1.03328273375531,0.617718619899247,-0.284882067041501,-1.90694320676061,2.06762338491132,0.607734249354723,-1.62001960189679,0.245500311839058,-0.556750601438676,2.80032557588329,-1.2164710907605,-2.17630808774806,-1.39457612147608,1.3183162774714,-1.04416795958881,2.23211093279239,-1.54539127064767,-0.299845812194018
5.975,-1.76258203131931,-1.12310998765037,2.03878639913141,-0.628105958927408,-1.10698761739705,-1.1413941285101,-1.03296091553818,0.61353572622884,-0.283618872300471,-1.89500620057759,2.05469162871858,0.603755246282624,-1.61602518233937,0.243735942558295,-0.554328600806926,2.78266756697147,-1.20862308945867,-2.16257407948715,-1.39207995392157,1.3101042348311,-1.03658735846973,2.21836429217038,-1.53557224291514,-0.297882005749282
5.98,-1.75478367800847,-1.11422659419058,2.03101364805495,-0.624130507244048,-1.1000305784191,-1.13443708953215,-1.03263909732108,0.609352832558433,-0.282355677559439,-1.88306919439456,2.04175987252585,0.599776243210524,-1.61203076278198,0.24197157327753,-0.55190660017518,2.76500955805965,-1.20077508815683,-2.14884007122625,-1.38958378636704,1.3018921921908,-1.02900675735066,2.20461765154837,-1.5257532151826,-0.295918199304546
5.985,-1.74698532469765,-1.10534320073079,2.02324089697849,-0.620155055560689,-1.09307353944115,-1.1274800505542,-1.03231727910395,0.605169938888027,-0.281092482818408,-1.87113218821154,2.02882811633312,0.595797240138424,-1.6080363432246,0.240207203996765,-0.54948459954343,2.74735154914783,-1.192927086855,-2.13510606296535,-1.38708761881252,1.29368014955051,-1.02142615623159,2.19087101092637,-1.51593418745007,-0.29395439285981
5.99,-1.73918697138681,-1.096459807271,2.01546814590203,-0.61617960387733,-1.08611650046321,-1.12052301157625,-1.03199546088685,0.600987045217619,-0.279829288077378,-1.85919518202851,2.01589636014039,0.591818237066324,-1.60404192366721,0.238442834716001,-0.547062598911683,2.72969354023601,-1.18507908555317,-2.12137205470444,-1.384591451258,1.28546810691021,-1.01384555511251,2.17712437030436,-1.50611515971753,-0.291990586415074
5.995,-1.73138861807597,-1.08757641381121,2.00769539482559,-0.612204152193971,-1.07915946148526,-1.11356597259831,-1.03167364266973,0.596804151547213,-0.278566093336345,-1.84725817584548,2.00296460394766,0.587839233994225,-1.60004750410981,0.236678465435237,-0.544640598279933,2.71203553132419,-1.17723108425133,-2.10763804644354,-1.38209528370349,1.27725606426991,-1.00626495399344,2.16337772968236,-1.496296131985,-0.290026779970338
6,-1.72359026476514,-1.07869302035142,1.99992264374912,-0.608228700510613,-1.07220242250731,-1.10660893362036,-1.03135182445261,0.592621257876806,-0.277302898595314,-1.83532116966246,1.99003284775492,0.583860230922125,-1.59605308455241,0.234914096154474,-0.542218597648187,2.69437752241237,-1.1693830829495,-2.09390403818264,-1.37959911614898,1.26904402162961,-0.99868435287436,2.14963108906035,-1.48647710425247,-0.288062973525601
6.005,-1.7157919114543,-1.06980962689162,1.99214989267267,-0.604253248827254,-1.06524538352936,-1.09965189464241,-1.0310300062355,0.588438364206399,-0.276039703854282,-1.82338416347943,1.97710109156219,0.579881227850026,-1.59205866499501,0.233149726873709,-0.539796597016437,2.67671951350055,-1.16153508164767,-2.08017002992174,-1.37710294859446,1.26083197898932,-0.99110375175529,2.13588444843835,-1.47665807651993,-0.286099167080865
6.01,-1.70799355814346,-1.06092623343182,1.9843771415962,-0.600277797143895,-1.05828834455142,-1.09269485566446,-1.03070818801838,0.584255470535992,-0.274776509113252,-1.81144715729641,1.96416933536946,0.575902224777926,-1.58806424543762,0.231385357592945,-0.537374596384687,2.65906150458873,-1.15368708034583,-2.06643602166083,-1.37460678103994,1.25261993634902,-0.983523150636213,2.12213780781634,-1.4668390487874,-0.284135360636129
6.015,-1.70019520483264,-1.05204283997203,1.97660439051975,-0.596302345460536,-1.05133130557347,-1.08573781668652,-1.03038636980126,0.580072576865585,-0.273513314372222,-1.79951015111338,1.95123757917673,0.571923221705826,-1.58406982588022,0.22962098831218,-0.534952595752941,2.64140349567692,-1.145839079044,-2.05270201339993,-1.37211061348542,1.24440789370872,-0.975942549517143,2.10839116719434,-1.45702002105487,-0.282171554191393
6.02,-1.69239685152179,-1.04315944651223,1.96883163944329,-0.592326893777177,-1.04437426659552,-1.07878077770857,-1.03006455158416,0.575889683195179,-0.27225011963119,-1.78757314493036,1.938305822984,0.567944218633727,-1.58007540632283,0.227856619031416,-0.532530595121194,2.62374548676509,-1.13799107774216,-2.03896800513903,-1.36961444593092,1.23619585106843,-0.968361948398066,2.09464452657233,-1.44720099332233,-0.280207747746657
6.025,-1.68459849821096,-1.03427605305244,1.96105888836682,-0.588351442093817,-1.03741722761757,-1.07182373873062,-1.02974273336703,0.571706789524771,-0.27098692489016,-1.77563613874733,1.92537406679126,0.563965215561626,-1.57608098676545,0.226092249750652,-0.530108594489445,2.60608747785327,-1.13014307644033,-2.02523399687812,-1.3671182783764,1.22798380842813,-0.960781347278992,2.08089788595032,-1.4373819655898,-0.278243941301921
6.03,-1.67680014490013,-1.02539265959265,1.95328613729038,-0.584375990410458,-1.03046018863963,-1.06486669975268,-1.02942091514993,0.567523895854364,-0.269723730149126,-1.76369913256431,1.91244231059853,0.559986212489526,-1.57208656720805,0.224327880469888,-0.527686593857698,2.58842946894145,-1.12229507513849,-2.01149998861722,-1.36462211082187,1.21977176578783,-0.953200746159919,2.06715124532832,-1.42756293785727,-0.276280134857184
6.035,-1.6690017915893,-1.01650926613286,1.94551338621392,-0.580400538727099,-1.02350314966168,-1.05790966077473,-1.02909909693281,0.563341002183958,-0.268460535408096,-1.75176212638128,1.8995105544058,0.556007209417427,-1.56809214765066,0.222563511189123,-0.525264593225948,2.57077146002963,-1.11444707383666,-1.99776598035632,-1.36212594326736,1.21155972314753,-0.945620145040845,2.05340460470631,-1.41774391012473,-0.274316328412448
6.04,-1.66120343827846,-1.00762587267307,1.93774063513746,-0.57642508704374,-1.01654611068373,-1.05095262179678,-1.02877727871569,0.55915810851355,-0.267197340667066,-1.73982512019826,1.88657879821307,0.552028206345327,-1.56409772809326,0.220799141908359,-0.522842592594202,2.55311345111781,-1.10659907253483,-1.98403197209542,-1.35962977571283,1.20334768050723,-0.938039543921771,2.0396579640843,-1.4079248823922,-0.272352521967712
6.045,-1.65340508496763,-0.998742479213277,1.929967884061,-0.572449635360381,-1.00958907170579,-1.04399558281883,-1.02845546049859,0.554975214843144,-0.265934145926034,-1.72788811401523,1.87364704202034,0.548049203273228,-1.56010330853587,0.219034772627595,-0.520420591962456,2.53545544220599,-1.09875107123299,-1.97029796383451,-1.35713360815834,1.19513563786694,-0.930458942802698,2.0259113234623,-1.39810585465967,-0.270388715522976
6.05,-1.64560673165679,-0.98985908575348,1.92219513298454,-0.568474183677022,-1.00263203272784,-1.03703854384089,-1.02813364228146,0.550792321172737,-0.264670951185002,-1.71595110783221,1.86071528582761,0.544070200201128,-1.55610888897847,0.217270403346831,-0.517998591330706,2.51779743329417,-1.09090306993116,-1.95656395557361,-1.35463744060381,1.18692359522664,-0.922878341683624,2.01216468284029,-1.38828682692713,-0.26842490907824
6.055,-1.63780837834596,-0.98097569229369,1.91442238190808,-0.564498731993663,-0.995674993749893,-1.03008150486294,-1.02781182406436,0.54660942750233,-0.263407756443971,-1.70401410164918,1.84778352963488,0.540091197129029,-1.55211446942108,0.215506034066066,-0.515576590698956,2.50013942438235,-1.08305506862933,-1.94282994731271,-1.3521412730493,1.17871155258634,-0.915297740564547,1.99841804221829,-1.3784677991946,-0.266461102633504
6.06,-1.63001002503513,-0.972092298833893,1.90664963083164,-0.560523280310305,-0.988717954771946,-1.02312446588499,-1.02749000584724,0.542426533831923,-0.262144561702941,-1.69207709546616,1.83485177344214,0.536112194056929,-1.54812004986368,0.213741664785302,-0.513154590067209,2.48248141547054,-1.07520706732749,-1.92909593905181,-1.34964510549477,1.17049950994605,-0.907717139445474,1.98467140159628,-1.36864877146206,-0.264497296188768
6.065,-1.62221167172429,-0.963208905374103,1.89887687975516,-0.556547828626945,-0.981760915793997,-1.01616742690704,-1.02716818763012,0.538243640161516,-0.260881366961909,-1.68014008928313,1.82192001724941,0.532133190984828,-1.5441256303063,0.211977295504537,-0.51073258943546,2.46482340655871,-1.06735906602566,-1.9153619307909,-1.34714893794026,1.16228746730575,-0.900136538326397,1.97092476097427,-1.35882974372953,-0.262533489744031
6.07,-1.61441331841345,-0.954325511914305,1.89110412867871,-0.552572376943586,-0.97480387681605,-1.0092103879291,-1.02684636941301,0.534060746491109,-0.259618172220877,-1.6682030831001,1.80898826105668,0.528154187912729,-1.54013121074891,0.210212926223774,-0.508310588803713,2.44716539764689,-1.05951106472382,-1.90162792253,-1.34465277038575,1.15407542466545,-0.892555937207323,1.95717812035227,-1.349010715997,-0.260569683299295
6.075,-1.60661496510262,-0.945442118454515,1.88333137760226,-0.548596925260227,-0.967846837838103,-1.00225334895115,-1.02652455119589,0.529877852820702,-0.258354977479847,-1.65626607691708,1.79605650486395,0.52417518484063,-1.53613679119151,0.20844855694301,-0.505888588171963,2.42950738873507,-1.05166306342199,-1.8878939142691,-1.34215660283122,1.14586338202515,-0.88497533608825,1.94343147973026,-1.33919168826446,-0.258605876854559
6.08,-1.59881661179179,-0.936558724994722,1.87555862652579,-0.544621473576868,-0.960889798860156,-0.995296309973204,-1.02620273297877,0.525694959150296,-0.257091782738815,-1.64432907073405,1.78312474867122,0.520196181768529,-1.53214237163412,0.206684187662245,-0.503466587540213,2.41184937982325,-1.04381506212015,-1.87415990600819,-1.33966043527671,1.13765133938485,-0.877394734969176,1.92968483910826,-1.32937266053193,-0.256642070409823
6.085,-1.59101825848095,-0.927675331534932,1.86778587544934,-0.540646021893509,-0.953932759882209,-0.988339270995257,-1.02588091476167,0.521512065479889,-0.255828587997783,-1.63239206455103,1.77019299247848,0.51621717869643,-1.52814795207672,0.204919818381481,-0.501044586908467,2.39419137091144,-1.03596706081832,-1.86042589774729,-1.33716426772219,1.12943929674456,-0.869814133850102,1.91593819848625,-1.3195536327994,-0.254678263965087
6.09,-1.58321990517012,-0.918791938075138,1.86001312437288,-0.53667057021015,-0.946975720904262,-0.981382232017309,-1.02555909654454,0.517329171809481,-0.254565393256753,-1.620455058368,1.75726123628575,0.512238175624331,-1.52415353251934,0.203155449100717,-0.498622586276717,2.37653336199962,-1.02811905951649,-1.84669188948639,-1.33466810016768,1.12122725410426,-0.862233532731029,1.90219155786425,-1.30973460506686,-0.252714457520351
6.095,-1.57542155185929,-0.909908544615348,1.85224037329642,-0.532695118526791,-0.940018681926315,-0.974425193039363,-1.02523727832744,0.513146278139075,-0.253302198515723,-1.60851805218498,1.74432948009302,0.508259172552231,-1.52015911296195,0.201391079819953,-0.496200585644971,2.3588753530878,-1.02027105821465,-1.83295788122549,-1.33217193261315,1.11301521146396,-0.854652931611955,1.88844491724224,-1.29991557733433,-0.250750651075615
6.1,-1.56762319854845,-0.901025151155554,1.84446762221997,-0.528719666843432,-0.933061642948368,-0.967468154061415,-1.02491546011032,0.508963384468668,-0.252039003774691,-1.59658104600195,1.73139772390029,0.504280169480131,-1.51616469340455,0.199626710539188,-0.493778585013221,2.34121734417598,-1.01242305691282,-1.81922387296458,-1.32967576505865,1.10480316882367,-0.847072330492882,1.87469827662024,-1.2900965496018,-0.248786844630879
6.105,-1.55982484523761,-0.892141757695757,1.83669487114352,-0.524744215160073,-0.92610460397042,-0.960511115083468,-1.0245936418932,0.50478049079826,-0.25077580903366,-1.58464403981893,1.71846596770756,0.500301166408031,-1.51217027384715,0.197862341258424,-0.491356584381474,2.32355933526415,-1.00457505561098,-1.80548986470368,-1.32717959750413,1.09659112618337,-0.839491729373808,1.86095163599823,-1.28027752186926,-0.246823038186142
6.11,-1.55202649192678,-0.883258364235967,1.82892212006705,-0.520768763476714,-0.919147564992473,-0.95355407610552,-1.0242718236761,0.500597597127854,-0.249512614292628,-1.5727070336359,1.70553421151482,0.496322163335932,-1.50817585428975,0.19609797197766,-0.488934583749725,2.30590132635233,-0.99672705430915,-1.79175585644278,-1.32468342994962,1.08837908354307,-0.831911128254735,1.84720499537622,-1.27045849413673,-0.244859231741406
6.115,-1.54422813861594,-0.874374970776174,1.8211493689906,-0.516793311793355,-0.912190526014526,-0.946597037127574,-1.02395000545897,0.496414703457448,-0.248249419551597,-1.56077002745288,1.69260245532209,0.492343160263832,-1.50418143473236,0.194333602696896,-0.486512583117978,2.28824331744052,-0.988879053007316,-1.77802184818187,-1.32218726239509,1.08016704090277,-0.824330527135661,1.83345835475422,-1.26063946640419,-0.24289542529667
6.12,-1.53642978530511,-0.86549157731638,1.81337661791413,-0.512817860109996,-0.905233487036579,-0.939639998149626,-1.02362818724187,0.49223180978704,-0.246986224810566,-1.54883302126985,1.67967069912936,0.488364157191732,-1.50018701517496,0.192569233416132,-0.484090582486228,2.2705853085287,-0.981031051705482,-1.76428783992097,-1.31969109484056,1.07195499826248,-0.816749926016588,1.81971171413221,-1.25082043867166,-0.240931618851934
6.125,-1.52863143199428,-0.85660818385659,1.80560386683767,-0.508842408426637,-0.898276448058632,-0.932682959171679,-1.02330636902475,0.488048916116633,-0.245723030069534,-1.53689601508683,1.66673894293663,0.484385154119633,-1.49619259561757,0.190804864135367,-0.481668581854482,2.25292729961688,-0.973183050403648,-1.75055383166007,-1.31719492728607,1.06374295562218,-0.80916932489751,1.8059650735102,-1.24100141093913,-0.238967812407198
6.13,-1.52083307868344,-0.847724790396796,1.79783111576123,-0.504866956743278,-0.891319409080685,-0.925725920193733,-1.02298455080764,0.483866022446227,-0.244459835328502,-1.5249590089038,1.6538071867439,0.480406151047533,-1.49219817606019,0.189040494854603,-0.479246581222732,2.23526929070506,-0.965335049101814,-1.73681982339917,-1.31469875973154,1.05553091298188,-0.801588723778437,1.7922184328882,-1.23118238320659,-0.237004005962462
6.135,-1.51303472537261,-0.838841396937003,1.79005836468477,-0.500891505059919,-0.884362370102738,-0.918768881215785,-1.02266273259052,0.479683128775819,-0.243196640587472,-1.51302200272078,1.64087543055117,0.476427147975433,-1.48820375650278,0.187276125573839,-0.476824580590982,2.21761128179324,-0.95748704779998,-1.72308581513826,-1.31220259217703,1.04731887034158,-0.794008122659363,1.77847179226619,-1.22136335547406,-0.235040199517726
6.14,-1.50523637206177,-0.829958003477213,1.78228561360831,-0.49691605337656,-0.877405331124791,-0.911811842237839,-1.0223409143734,0.475500235105413,-0.24193344584644,-1.50108499653775,1.62794367435844,0.472448144903334,-1.4842093369454,0.185511756293075,-0.474402579959236,2.19995327288142,-0.949639046498146,-1.70935180687736,-1.3097064246225,1.03910682770129,-0.78642752154029,1.76472515164419,-1.21154432774153,-0.23307639307299
6.145,-1.49743801875093,-0.821074610017419,1.77451286253185,-0.492940601693201,-0.870448292146844,-0.904854803259891,-1.02201909615628,0.471317341435006,-0.24067025110541,-1.48914799035473,1.6150119181657,0.468469141831234,-1.480214917388,0.18374738701231,-0.471980579327486,2.1822952639696,-0.941791045196312,-1.69561779861646,-1.30721025706799,1.03089478506099,-0.778846920421213,1.75097851102218,-1.20172530000899,-0.231112586628254
6.15,-1.4896396654401,-0.812191216557625,1.76674011145539,-0.488965150009841,-0.863491253168895,-0.897897764281943,-1.02169727793918,0.467134447764599,-0.239407056364378,-1.4772109841717,1.60208016197297,0.464490138759134,-1.47622049783061,0.181983017731546,-0.469558578695739,2.16463725505777,-0.933943043894478,-1.68188379035555,-1.30471408951348,1.02268274242069,-0.771266319302139,1.73723187040017,-1.19190627227646,-0.229148780183517
6.155,-1.48184131212927,-0.803307823097832,1.75896736037893,-0.484989698326482,-0.856534214190949,-0.890940725303996,-1.02137545972207,0.462951554094191,-0.238143861623348,-1.46527397798867,1.58914840578024,0.460511135687034,-1.47222607827321,0.180218648450782,-0.467136578063993,2.14697924614596,-0.926095042592643,-1.66814978209465,-1.30221792195897,1.01447069978039,-0.763685718183066,1.72348522977817,-1.18208724454392,-0.227184973738781
6.16,-1.47404295881844,-0.794424429638038,1.75119460930247,-0.481014246643123,-0.849577175213001,-0.883983686326049,-1.02105364150495,0.458768660423785,-0.236880666882316,-1.45333697180565,1.57621664958751,0.456532132614935,-1.46823165871582,0.178454279170018,-0.464714577432243,2.12932123723414,-0.918247041290809,-1.65441577383375,-1.29972175440444,1.0062586571401,-0.756105117063992,1.70973858915616,-1.17226821681139,-0.225221167294045
6.165,-1.4662446055076,-0.785541036178248,1.74342185822601,-0.477038794959764,-0.842620136235054,-0.877026647348102,-1.02073182328783,0.454585766753379,-0.235617472141284,-1.44139996562262,1.56328489339478,0.452553129542835,-1.46423723915844,0.176689909889253,-0.462292576800497,2.11166322832232,-0.910399039988976,-1.64068176557284,-1.29722558684993,0.998046614499798,-0.748524515944919,1.69599194853416,-1.16244918907886,-0.223257360849309
6.17,-1.45844625219677,-0.776657642718455,1.73564910714957,-0.473063343276406,-0.835663097257107,-0.870069608370155,-1.02041000507072,0.450402873082971,-0.234354277400254,-1.4294629594396,1.55035313720204,0.448574126470735,-1.46024281960104,0.17492554060849,-0.459870576168747,2.0940052194105,-0.902551038687142,-1.62694775731194,-1.29472941929541,0.989834571859501,-0.740943914825845,1.68224530791215,-1.15263016134632,-0.221293554404573
6.175,-1.45064789888593,-0.767774249258661,1.72787635607311,-0.469087891593047,-0.82870605827916,-0.863112569392208,-1.02008818685361,0.446219979412565,-0.233091082659223,-1.41752595325657,1.53742138100931,0.444595123398635,-1.45624840004365,0.173161171327725,-0.457448575536999,2.07634721049868,-0.894703037385308,-1.61321374905104,-1.2922332517409,0.981622529219204,-0.733363313706771,1.66849866729015,-1.14281113361379,-0.219329747959837
6.18,-1.4428495455751,-0.758890855798867,1.72010360499665,-0.465112439909688,-0.821749019301213,-0.856155530414261,-1.01976636863648,0.442037085742158,-0.231827887918191,-1.40558894707355,1.52448962481658,0.440616120326536,-1.45225398048625,0.171396802046961,-0.455026574905252,2.05868920158686,-0.886855036083474,-1.59947974079014,-1.28973708418638,0.973410486578906,-0.725782712587698,1.65475202666814,-1.13299210588126,-0.217365941515101
6.185,-1.43505119226427,-0.750007462339074,1.71233085392019,-0.461136988226329,-0.814791980323266,-0.849198491436314,-1.01944455041938,0.43785419207175,-0.23056469317716,-1.39365194089052,1.51155786862385,0.436637117254437,-1.44825956092886,0.169632432766197,-0.452604574273504,2.04103119267504,-0.87900703478164,-1.58574573252923,-1.28724091663186,0.965198443938609,-0.718202111468623,1.64100538604613,-1.12317307814872,-0.215402135070365
6.19,-1.42725283895343,-0.741124068879284,1.70455810284372,-0.457161536542969,-0.807834941345318,-0.842241452458366,-1.01912273220225,0.433671298401343,-0.229301498436128,-1.3817149347075,1.49862611243112,0.432658114182336,-1.44426514137147,0.167868063485432,-0.450182573641754,2.02337318376322,-0.871159033479805,-1.57201172426833,-1.28474474907735,0.956986401298311,-0.710621510349549,1.62725874542413,-1.11335405041619,-0.213438328625628
6.195,-1.4194544856426,-0.732240675419487,1.69678535176728,-0.45318608485961,-0.800877902367371,-0.835284413480419,-1.01880091398515,0.429488404730937,-0.228038303695097,-1.36977792852447,1.48569435623838,0.428679111110236,-1.44027072181407,0.166103694204668,-0.447760573010004,2.0057151748514,-0.86331103217797,-1.55827771600743,-1.28224858152282,0.948774358658013,-0.703040909230472,1.61351210480212,-1.10353502268366,-0.211474522180892
6.2,-1.41165613233176,-0.723357281959697,1.68901260069082,-0.449210633176251,-0.793920863389424,-0.828327374502472,-1.01847909576804,0.42530551106053,-0.226775108954066,-1.35784092234145,1.47276260004565,0.424700108038137,-1.43627630225669,0.164339324923904,-0.445338572378258,1.98805716593958,-0.855463030876137,-1.54454370774652,-1.27975241396832,0.940562316017716,-0.6954603081114,1.59976546418012,-1.09371599495112,-0.209510715736156
6.205,-1.40385777902092,-0.714473888499903,1.68123984961436,-0.445235181492892,-0.786963824411477,-0.821370335524525,-1.01815727755091,0.421122617390123,-0.225511914213035,-1.34590391615842,1.45983084385292,0.420721104966037,-1.43228188269929,0.16257495564314,-0.44291657174651,1.97039915702776,-0.847615029574303,-1.53080969948562,-1.2772562464138,0.932350273377419,-0.687879706992325,1.58601882355811,-1.08389696721859,-0.20754690929142
6.21,-1.39605942571009,-0.705590495040109,1.6734670985379,-0.441259729809533,-0.78000678543353,-0.814413296546578,-1.01783545933381,0.416939723719716,-0.224248719472004,-1.3339669099754,1.44689908766019,0.416742101893937,-1.4282874631419,0.160810586362375,-0.440494571114762,1.95274114811594,-0.839767028272469,-1.51707569122472,-1.27476007885929,0.924138230737121,-0.680299105873251,1.5722721829361,-1.07407793948606,-0.205583102846684
6.215,-1.38826107239926,-0.696707101580319,1.66569434746145,-0.437284278126174,-0.773049746455583,-0.807456257568631,-1.01751364111669,0.41275683004931,-0.222985524730973,-1.32202990379237,1.43396733146746,0.412763098821838,-1.4242930435845,0.159046217081611,-0.438072570483012,1.93508313920412,-0.831919026970636,-1.50334168296382,-1.27226391130476,0.915926188096824,-0.672718504754178,1.5585255423141,-1.06425891175352,-0.203619296401948
6.22,-1.38046271908842,-0.687823708120526,1.65792159638498,-0.433308826442815,-0.766092707477636,-0.800499218590684,-1.01719182289958,0.408573936378902,-0.221722329989941,-1.31009289760935,1.42103557527473,0.408784095749738,-1.42029862402711,0.157281847800847,-0.435650569851264,1.9174251302923,-0.824071025668802,-1.48960767470291,-1.26976774375024,0.907714145456527,-0.665137903635104,1.54477890169209,-1.05443988402099,-0.201655489957211
6.225,-1.3726643657776,-0.678940314660732,1.65014884530854,-0.429333374759456,-0.759135668499689,-0.793542179612737,-1.01687000468246,0.404391042708496,-0.22045913524891,-1.29815589142632,1.40810381908199,0.404805092677639,-1.41630420446971,0.155517478520083,-0.433228569219517,1.89976712138048,-0.816223024366968,-1.47587366644201,-1.26727157619572,0.89950210281623,-0.657557302516029,1.53103226107009,-1.04462085628845,-0.199691683512476
6.23,-1.36486601246675,-0.670056921200938,1.64237609423206,-0.425357923076097,-0.752178629521741,-0.786585140634788,-1.01654818646534,0.400208149038089,-0.219195940507879,-1.28621888524329,1.39517206288926,0.400826089605538,-1.41230978491231,0.153753109239319,-0.430806568587768,1.88210911246866,-0.808375023065132,-1.46213965818111,-1.26477540864121,0.891290060175931,-0.649976701396954,1.51728562044808,-1.03480182855592,-0.197727877067739
6.235,-1.35706765915592,-0.661173527741145,1.6346033431556,-0.421382471392738,-0.745221590543794,-0.779628101656841,-1.01622636824823,0.396025255367682,-0.217932745766847,-1.27428187906027,1.38224030669653,0.396847086533438,-1.40831536535492,0.151988739958554,-0.428384567956019,1.86445110355684,-0.800527021763298,-1.4484056499202,-1.2622792410867,0.883078017535634,-0.64239610027788,1.50353897982607,-1.02498280082339,-0.195764070623003
6.24,-1.34926930584508,-0.652290134281355,1.62683059207916,-0.417407019709379,-0.738264551565847,-0.772671062678894,-1.01590455003112,0.391842361697274,-0.216669551025817,-1.26234487287724,1.3693085505038,0.392868083461339,-1.40432094579752,0.15022437067779,-0.425962567324273,1.84679309464502,-0.792679020461464,-1.4346716416593,-1.25978307353218,0.874865974895336,-0.634815499158806,1.48979233920407,-1.01516377309085,-0.193800264178267
6.245,-1.34147095253424,-0.643406740821561,1.61905784100269,-0.41343156802602,-0.7313075125879,-0.765714023700947,-1.01558273181399,0.387659468026868,-0.215406356284785,-1.25040786669422,1.35637679431107,0.388889080389239,-1.40032652624014,0.148460001397026,-0.423540566692523,1.8291350857332,-0.784831019159631,-1.4209376333984,-1.25728690597767,0.866653932255039,-0.627234898039733,1.47604569858206,-1.00534474535832,-0.191836457733531
6.25,-1.33367259922342,-0.634523347361768,1.61128508992624,-0.409456116342661,-0.724350473609953,-0.758756984723,-1.01526091359689,0.383476574356461,-0.214143161543753,-1.23847086051119,1.34344503811834,0.38491007731714,-1.39633210668273,0.146695632116262,-0.421118566060775,1.81147707682138,-0.776983017857797,-1.4072036251375,-1.25479073842314,0.858441889614742,-0.619654296920658,1.46229905796006,-0.995525717625786,-0.189872651288794
6.255,-1.32587424591258,-0.625639953901977,1.60351233884978,-0.405480664659302,-0.717393434632006,-0.751799945745053,-1.01493909537977,0.379293680686054,-0.212879966802723,-1.22653385432817,1.3305132819256,0.38093107424504,-1.39233768712535,0.144931262835498,-0.418696565429027,1.79381906790956,-0.769135016555963,-1.39346961687659,-1.25229457086864,0.850229846974444,-0.612073695801586,1.44855241733805,-0.985706689893253,-0.187908844844058
6.26,-1.31807589260175,-0.616756560442184,1.59573958777332,-0.401505212975943,-0.710436395654059,-0.744842906767107,-1.01461727716266,0.375110787015648,-0.211616772061691,-1.21459684814514,1.31758152573287,0.376952071172941,-1.38834326756795,0.143166893554733,-0.416274564797279,1.77616105899774,-0.761287015254129,-1.37973560861569,-1.24979840331412,0.842017804334147,-0.60449309468251,1.43480577671605,-0.975887662160719,-0.185945038399322
6.265,-1.31027753929092,-0.60787316698239,1.58796683669686,-0.397529761292584,-0.703479356676112,-0.737885867789159,-1.01429545894555,0.37092789334524,-0.21035357732066,-1.20265984196212,1.30464976954014,0.372973068100841,-1.38434884801056,0.141402524273969,-0.413852564165532,1.75850305008592,-0.753439013952295,-1.36600160035479,-1.24730223575961,0.83380576169385,-0.596912493563437,1.42105913609404,-0.966068634428186,-0.183981231954586
6.27,-1.30247918598008,-0.598989773522597,1.58019408562042,-0.393554309609225,-0.696522317698165,-0.730928828811212,-1.01397364072842,0.366744999674833,-0.209090382579629,-1.19072283577909,1.29171801334741,0.368994065028741,-1.38035442845317,0.139638154993205,-0.411430563533782,1.7408450411741,-0.745591012650461,-1.35226759209389,-1.24480606820508,0.825593719053553,-0.589331892444363,1.40731249547203,-0.956249606695652,-0.18201742550985
6.275,-1.29468083266924,-0.590106380062803,1.57242133454395,-0.389578857925866,-0.689565278720216,-0.723971789833264,-1.01365182251132,0.362562106004426,-0.207827187838597,-1.17878582959607,1.27878625715468,0.365015061956641,-1.37636000889577,0.13787378571244,-0.409008562902034,1.72318703226228,-0.737743011348626,-1.33853358383298,-1.24230990065055,0.817381676413254,-0.581751291325288,1.39356585485003,-0.946430578963118,-0.180053619065114
6.28,-1.28688247935841,-0.581222986603013,1.5646485834675,-0.385603406242507,-0.682608239742269,-0.717014750855317,-1.0133300042942,0.358379212334019,-0.206563993097567,-1.16684882341304,1.26585450096194,0.361036058884541,-1.37236558933839,0.136109416431677,-0.406586562270286,1.70552902335046,-0.729895010046792,-1.32479957557208,-1.23981373309606,0.809169633772957,-0.574170690206214,1.37981921422802,-0.936611551230584,-0.178089812620378
6.285,-1.27908412604758,-0.572339593143216,1.55687583239104,-0.381627954559148,-0.675651200764322,-0.71005771187737,-1.01300818607709,0.354196318663613,-0.205300798356536,-1.15491181723002,1.25292274476921,0.357057055812442,-1.36837116978099,0.134345047150912,-0.404164561638536,1.68787101443864,-0.722047008744958,-1.31106556731118,-1.23731756554153,0.800957591132659,-0.566590089087139,1.36607257360602,-0.926792523498051,-0.176126006175642
6.29,-1.27128577273674,-0.563456199683422,1.54910308131458,-0.377652502875789,-0.668694161786375,-0.703100672899423,-1.01268636785997,0.350013424993206,-0.204037603615504,-1.14297481104699,1.23999098857648,0.353078052740342,-1.3643767502236,0.132580677870148,-0.40174256100679,1.67021300552682,-0.714199007443124,-1.29733155905027,-1.23482139798702,0.792745548492362,-0.559009487968067,1.35232593298401,-0.916973495765517,-0.174162199730905
6.295,-1.26348741942591,-0.554572806223632,1.54133033023813,-0.37367705119243,-0.661737122808428,-0.696143633921476,-1.01236454964285,0.345830531322799,-0.202774408874474,-1.13103780486397,1.22705923238375,0.349099049668243,-1.3603823306662,0.130816308589384,-0.399320560375042,1.652554996615,-0.70635100614129,-1.28359755078937,-1.23232523043249,0.784533505852065,-0.551428886848992,1.338579292362,-0.907154468032983,-0.172198393286169
6.3,-1.25568906611507,-0.545689412763839,1.53355757916167,-0.369701599509071,-0.654780083830481,-0.689186594943529,-1.01204273142574,0.341647637652393,-0.201511214133442,-1.11910079868094,1.21412747619102,0.345120046596143,-1.35638791110881,0.12905193930862,-0.396898559743294,1.63489698770318,-0.698503004839456,-1.26986354252847,-1.22982906287798,0.776321463211768,-0.543848285729919,1.32483265174,-0.897335440300451,-0.170234586841433
6.305,-1.24789071280424,-0.536806019304048,1.52578482808521,-0.365726147825712,-0.647823044852534,-0.682229555965582,-1.01172091320863,0.337464743981985,-0.200248019392411,-1.10716379249792,1.20119571999829,0.341141043524043,-1.35239349155142,0.127287570027855,-0.394476559111546,1.61723897879136,-0.690655003537623,-1.25612953426757,-1.22733289532347,0.76810942057147,-0.536267684610843,1.31108601111799,-0.887516412567917,-0.168270780396697
6.31,-1.2400923594934,-0.527922625844255,1.51801207700875,-0.361750696142353,-0.640866005874587,-0.675272516987635,-1.0113990949915,0.333281850311578,-0.198984824651379,-1.09522678631489,1.18826396380555,0.337162040451944,-1.34839907199402,0.125523200747091,-0.392054558479797,1.59958096987954,-0.682807002235789,-1.24239552600666,-1.22483672776896,0.759897377931173,-0.528687083491771,1.29733937049599,-0.877697384835384,-0.166306973951961
6.315,-1.23229400618257,-0.519039232384458,1.51023932593229,-0.357775244458993,-0.633908966896639,-0.668315478009687,-1.0110772767744,0.329098956641171,-0.197721629910347,-1.08328978013186,1.17533220761282,0.333183037379843,-1.34440465243664,0.123758831466326,-0.389632557848048,1.58192296096772,-0.674959000933954,-1.22866151774576,-1.22234056021443,0.751685335290874,-0.521106482372696,1.28359272987398,-0.867878357102848,-0.164343167507225
6.32,-1.22449565287173,-0.510155838924668,1.50246657485584,-0.353799792775634,-0.626951927918692,-0.66135843903174,-1.01075545855728,0.324916062970764,-0.196458435169317,-1.07135277394884,1.16240045142009,0.329204034307744,-1.34041023287924,0.121994462185562,-0.387210557216301,1.5642649520559,-0.66711099963212,-1.21492750948486,-1.21984439265991,0.743473292650577,-0.513525881253621,1.26984608925197,-0.858059329370315,-0.162379361062489
6.325,-1.21669729956091,-0.501272445464874,1.49469382377938,-0.349824341092275,-0.619994888940745,-0.654401400053792,-1.01043364034017,0.320733169300358,-0.195195240428286,-1.05941576776581,1.14946869522736,0.325225031235644,-1.33641581332185,0.120230092904798,-0.384788556584551,1.54660694314408,-0.659262998330286,-1.20119350122395,-1.2173482251054,0.73526125001028,-0.505945280134547,1.25609944862997,-0.848240301637781,-0.160415554617753
6.33,-1.20889894625007,-0.49238905200508,1.48692107270292,-0.345848889408916,-0.613037849962798,-0.647444361075845,-1.01011182212306,0.316550275629951,-0.193932045687254,-1.04747876158279,1.13653693903463,0.321246028163545,-1.33242139376445,0.118465723624034,-0.382366555952803,1.52894893423226,-0.651414997028452,-1.18745949296305,-1.21485205755089,0.727049207369982,-0.498364679015474,1.24235280800796,-0.838421273905248,-0.158451748173016
6.335,-1.20110059293923,-0.48350565854529,1.47914832162646,-0.341873437725557,-0.606080810984851,-0.640487322097899,-1.00979000390593,0.312367381959544,-0.192668850946224,-1.03554175539976,1.12360518284189,0.317267025091445,-1.32842697420705,0.11670135434327,-0.379944555321057,1.51129092532044,-0.643566995726618,-1.17372548470215,-1.21235588999637,0.718837164729685,-0.4907840778964,1.22860616738596,-0.828602246172714,-0.15648794172828
6.34,-1.1933022396284,-0.474622265085497,1.47137557055,-0.337897986042198,-0.599123772006904,-0.633530283119951,-1.00946818568883,0.308184488289137,-0.191405656205192,-1.02360474921674,1.11067342664916,0.313288022019345,-1.32443255464966,0.114936985062505,-0.377522554689307,1.49363291640862,-0.635718994424784,-1.15999147644125,-1.20985972244185,0.710625122089388,-0.483203476777325,1.21485952676395,-0.818783218440181,-0.154524135283544
6.345,-1.18550388631756,-0.465738871625707,1.46360281947354,-0.33392253435884,-0.592166733028957,-0.626573244142004,-1.00914636747171,0.30400159461873,-0.190142461464161,-1.01166774303371,1.09774167045643,0.309309018947246,-1.32043813509226,0.113172615781742,-0.37510055405756,1.4759749074968,-0.62787099312295,-1.14625746818034,-1.20736355488734,0.702413079449091,-0.475622875658251,1.20111288614195,-0.808964190707648,-0.152560328838808
6.35,-1.17770553300672,-0.456855478165913,1.45583006839709,-0.329947082675481,-0.58520969405101,-0.619616205164057,-1.0088245492546,0.299818700948323,-0.18887926672313,-0.999730736850689,1.0848099142637,0.305330015875146,-1.31644371553487,0.111408246500977,-0.372678553425811,1.45831689858498,-0.620022991821116,-1.13252345991944,-1.20486738733281,0.694201036808793,-0.468042274539178,1.18736624551994,-0.799145162975114,-0.150596522394072
6.355,-1.16990717969589,-0.447972084706116,1.44805731732063,-0.325971630992121,-0.578252655073062,-0.612659166186109,-1.00850273103748,0.295635807277915,-0.187616071982098,-0.987793730667661,1.07187815807097,0.301351012803046,-1.31244929597747,0.109643877220213,-0.370256552794062,1.44065888967316,-0.612174990519281,-1.11878945165854,-1.2023712197783,0.685988994168495,-0.460461673420102,1.17361960489793,-0.789326135242579,-0.148632715949335
6.36,-1.16210882638507,-0.439088691246326,1.44028456624417,-0.321996179308762,-0.571295616095115,-0.605702127208162,-1.00818091282036,0.291452913607509,-0.186352877241067,-0.975856724484637,1.05894640187823,0.297372009730946,-1.30845487642009,0.107879507939449,-0.367834552162314,1.42300088076134,-0.604326989217447,-1.10505544339763,-1.19987505222379,0.677776951528198,-0.452881072301027,1.15987296427593,-0.779507107510046,-0.1466689095046
6.365,-1.15431047307423,-0.430205297786532,1.43251181516772,-0.318020727625403,-0.564338577117168,-0.598745088230215,-1.00785909460326,0.287270019937102,-0.185089682500037,-0.963919718301611,1.0460146456855,0.293393006658847,-1.3044604568627,0.106115138658684,-0.365412551530566,1.40534287184952,-0.596478987915613,-1.09132143513673,-1.19737888466926,0.6695649088879,-0.445300471181955,1.14612632365392,-0.769688079777513,-0.144705103059863
6.37,-1.14651211976339,-0.421321904326739,1.42473906409126,-0.314045275942044,-0.557381538139221,-0.591788049252268,-1.00753727638614,0.283087126266695,-0.183826487759005,-0.951982712118586,1.03308288949277,0.289414003586747,-1.3004660373053,0.10435076937792,-0.362990550898818,1.3876848629377,-0.588630986613779,-1.07758742687583,-1.19488271711474,0.661352866247603,-0.437719870062882,1.13237968303191,-0.759869052044979,-0.142741296615127
6.375,-1.13871376645256,-0.412438510866941,1.4169663130148,-0.310069824258685,-0.550424499161273,-0.584831010274321,-1.00721545816903,0.278904232596289,-0.182563293017973,-0.940045705935561,1.02015113330004,0.285435000514647,-1.2964716177479,0.102586400097156,-0.360568550267072,1.37002685402588,-0.580782985311945,-1.06385341861492,-1.19238654956023,0.653140823607306,-0.430139268943806,1.11863304240991,-0.750050024312445,-0.140777490170391
6.38,-1.13091541314172,-0.403555117407151,1.40919356193834,-0.306094372575326,-0.543467460183326,-0.577873971296374,-1.00689363995191,0.274721338925882,-0.181300098276942,-0.928108699752536,1.00721937710731,0.281455997442548,-1.29247719819051,0.100822030816392,-0.358146549635322,1.35236884511406,-0.572934984010111,-1.05011941035402,-1.18989038200572,0.644928780967008,-0.422558667824733,1.1048864017879,-0.740230996579912,-0.138813683725655
6.385,-1.12311705983089,-0.394671723947361,1.40142081086189,-0.302118920891967,-0.53651042120538,-0.570916932318427,-1.00657182173479,0.270538445255475,-0.180036903535911,-0.916171693569511,0.994287620914577,0.277476994370448,-1.28848277863312,0.0990576615356273,-0.355724549003574,1.33471083620224,-0.565086982708277,-1.03638540209312,-1.1873942144512,0.636716738326711,-0.414978066705659,1.0911397611659,-0.730411968847379,-0.136849877280919
6.39,-1.11531870652006,-0.385788330487568,1.39364805978543,-0.298143469208608,-0.529553382227433,-0.56395989334048,-1.00625000351768,0.266355551585069,-0.17877370879488,-0.904234687386486,0.981355864721846,0.273497991298348,-1.28448835907573,0.0972932922548635,-0.353302548371826,1.31705282729042,-0.557238981406444,-1.02265139383222,-1.18489804689668,0.628504695686414,-0.407397465586586,1.07739312054389,-0.720592941114845,-0.134886070836183
6.395,-1.10752035320922,-0.376904937027778,1.38587530870897,-0.294168017525249,-0.522596343249485,-0.557002854362533,-1.00592818530057,0.262172657914661,-0.177510514053848,-0.892297681203461,0.968424108529114,0.269518988226249,-1.28049393951834,0.0955289229740992,-0.350880547740077,1.2993948183786,-0.54939098010461,-1.00891738557131,-1.18240187934217,0.620292653046117,-0.399816864467512,1.06364647992189,-0.710773913382312,-0.132922264391447
6.4,-1.09972199989838,-0.368021543567981,1.37810255763251,-0.29019256584189,-0.515639304271537,-0.550045815384585,-1.00560636708346,0.257989764244254,-0.176247319312817,-0.880360675020434,0.95549235233638,0.265539985154148,-1.27649951996094,0.0937645536933349,-0.348458547108327,1.28173680946678,-0.541542978802775,-0.99518337731041,-1.17990571178765,0.612080610405818,-0.392236263348437,1.04989983929988,-0.700954885649777,-0.13095845794671
6.405,-1.09192364658755,-0.359138150108187,1.37032980655606,-0.286217114158531,-0.50868226529359,-0.543088776406638,-1.00528454886634,0.253806870573847,-0.174984124571786,-0.868423668837409,0.942560596143649,0.261560982082049,-1.27250510040355,0.0920001844125706,-0.346036546476581,1.26407880055496,-0.53369497750094,-0.981449369049507,-1.17740954423314,0.603868567765521,-0.384655662229362,1.03615319867787,-0.691135857917243,-0.128994651501974
6.41,-1.08412529327672,-0.350254756648397,1.3625570554796,-0.282241662475172,-0.501725226315643,-0.536131737428691,-1.00496273064923,0.249623976903441,-0.173720929830755,-0.856486662654384,0.929628839950917,0.257581979009949,-1.26851068084616,0.0902358151318068,-0.343614545844833,1.24642079164314,-0.525846976199107,-0.967715360788604,-1.17491337667862,0.595656525125223,-0.377075061110288,1.02240655805587,-0.68131683018471,-0.127030845057238
6.415,-1.07632693996588,-0.341371363188603,1.35478430440314,-0.278266210791813,-0.494768187337696,-0.529174698450743,-1.00464091243211,0.245441083233033,-0.172457735089723,-0.844549656471359,0.916697083758186,0.25360297593785,-1.26451626128876,0.0884714458510425,-0.341192545213085,1.22876278273132,-0.517998974897273,-0.953981352527702,-1.17241720912411,0.587444482484926,-0.369494459991214,1.00865991743386,-0.671497802452176,-0.125067038612502
6.42,-1.06852858665505,-0.332487969728813,1.34701155332669,-0.274290759108454,-0.487811148359749,-0.522217659472797,-1.004319094215,0.241258189562627,-0.171194540348693,-0.832612650288334,0.903765327565454,0.24962397286575,-1.26052184173137,0.0867070765702778,-0.338770544581335,1.2111047738195,-0.510150973595439,-0.940247344266799,-1.16992104156959,0.579232439844629,-0.361913858872141,0.994913276811856,-0.661678774719643,-0.123103232167766
6.425,-1.06073023334421,-0.32360457626902,1.33923880225023,-0.270315307425095,-0.480854109381802,-0.51526062049485,-1.00399727599788,0.23707529589222,-0.169931345607662,-0.820675644105309,0.890833571372723,0.24564496979365,-1.25652742217397,0.0849427072895137,-0.336348543949587,1.19344676490768,-0.502302972293605,-0.926513336005897,-1.16742487401507,0.571020397204332,-0.354333257753067,0.981166636189851,-0.651859746987109,-0.12113942572303
6.43,-1.05293188003338,-0.314721182809228,1.33146605117377,-0.266339855741736,-0.473897070403855,-0.508303581516903,-1.00367545778077,0.232892402221813,-0.168668150866631,-0.808738637922283,0.877901815179991,0.241665966721551,-1.25253300261658,0.0831783380087496,-0.33392654331784,1.17578875599586,-0.494454970991771,-0.912779327744994,-1.16492870646056,0.562808354564034,-0.346752656633994,0.967419995567845,-0.642040719254576,-0.119175619278294
6.435,-1.04513352672254,-0.305837789349434,1.32369330009731,-0.262364404058377,-0.466940031425908,-0.501346542538956,-1.00335363956365,0.228709508551406,-0.167404956125599,-0.796801631739258,0.86497005898726,0.237686963649451,-1.24853858305919,0.0814139687279856,-0.331504542686092,1.15813074708404,-0.486606969689937,-0.899045319484092,-1.16243253890604,0.554596311923737,-0.339172055514918,0.95367335494584,-0.632221691522043,-0.117211812833558
6.44,-1.03733517341171,-0.296954395889639,1.31592054902085,-0.258388952375017,-0.45998299244796,-0.494389503561008,-1.00303182134654,0.224526614880999,-0.166141761384567,-0.784864625556231,0.852038302794526,0.233707960577351,-1.24454416350179,0.0796495994472211,-0.329082542054342,1.14047273817222,-0.478758968388102,-0.885311311223187,-1.15993637135152,0.546384269283438,-0.331591454395843,0.939926714323832,-0.622402663789507,-0.115248006388821
6.445,-1.02953682010087,-0.288071002429847,1.30814779794439,-0.254413500691658,-0.453025953470013,-0.487432464583061,-1.00271000312943,0.220343721210591,-0.164878566643536,-0.772927619373206,0.839106546601794,0.229728957505251,-1.2405497439444,0.0778852301664568,-0.326660541422596,1.1228147292604,-0.470910967086268,-0.871577302962284,-1.157440203797,0.538172226643141,-0.324010853276768,0.926180073701826,-0.612583636056974,-0.113284199944085
6.45,-1.02173846679004,-0.279187608970053,1.30037504686793,-0.250438049008299,-0.446068914492066,-0.480475425605113,-1.00238818491231,0.216160827540185,-0.163615371902505,-0.760990613190181,0.826174790409063,0.225749954433151,-1.23655532438701,0.0761208608856925,-0.324238540790848,1.10515672034858,-0.463062965784434,-0.857843294701381,-1.15494403624248,0.529960184002844,-0.316430252157694,0.91243343307982,-0.602764608324441,-0.111320393499349
6.455,-1.01394011347921,-0.270304215510262,1.29260229579148,-0.246462597324941,-0.439111875514119,-0.473518386627166,-1.0020663666952,0.211977933869778,-0.162352177161474,-0.749053607007156,0.813243034216331,0.221770951361052,-1.23256090482962,0.0743564916049284,-0.321816540159098,1.08749871143676,-0.4552149644826,-0.844109286440479,-1.15244786868797,0.521748141362546,-0.308849651038621,0.898686792457815,-0.592945580591907,-0.109356587054613
6.46,-1.00614176016837,-0.261420822050468,1.28482954471502,-0.242487145641582,-0.432154836536172,-0.466561347649219,-1.00174454847808,0.207795040199371,-0.161088982420443,-0.737116600824131,0.8003112780236,0.217791948288952,-1.22856648527222,0.0725921223241641,-0.31939453952735,1.06984070252494,-0.447366963180766,-0.830375278179576,-1.14995170113345,0.513536098722249,-0.301269049919547,0.884940151835809,-0.583126552859374,-0.107392780609877
6.465,-0.998343406857536,-0.252537428590674,1.27705679363856,-0.238511693958223,-0.425197797558225,-0.459604308671272,-1.00142273026097,0.203612146528965,-0.159825787679412,-0.725179594641106,0.787379521830868,0.213812945216853,-1.22457206571483,0.0708277530434001,-0.316972538895602,1.05218269361312,-0.439518961878933,-0.816641269918674,-1.14745553357893,0.505324056081952,-0.293688448800474,0.871193511213803,-0.57330752512684,-0.105428974165141
6.47,-0.990545053546704,-0.243654035130882,1.26928404256211,-0.234536242274864,-0.418240758580278,-0.452647269693325,-1.00110091204385,0.199429252858558,-0.15856259293838,-0.713242588458081,0.774447765638137,0.209833942144753,-1.22057764615744,0.0690633837626358,-0.314550538263854,1.0345246847013,-0.431670960577099,-0.802907261657771,-1.14495936602442,0.497112013441655,-0.2861078476814,0.857446870591798,-0.563488497394307,-0.103465167720405
6.475,-0.982746700235868,-0.234770641671091,1.26151129148565,-0.230560790591505,-0.411283719602331,-0.445690230715378,-1.00077909382674,0.195246359188151,-0.157299398197349,-0.701305582275056,0.761516009445405,0.205854939072653,-1.21658322660004,0.0672990144818717,-0.312128537632106,1.01686667578949,-0.423822959275265,-0.789173253396869,-1.1424631984699,0.488899970801357,-0.278527246562325,0.843700229969792,-0.553669469661774,-0.101501361275669
6.48,-0.974948346925032,-0.225887248211295,1.25373854040919,-0.226585338908145,-0.404326680624382,-0.43873319173743,-1.00045727560962,0.191063465517743,-0.156036203456318,-0.689368576092029,0.748584253252672,0.201875936000553,-1.21258880704265,0.0655346452011072,-0.309706537000357,0.999208666877662,-0.41597495797343,-0.775439245135964,-1.13996703091539,0.480687928161059,-0.27094664544325,0.829953589347784,-0.543850441929238,-0.0995375548309322
6.485,-0.9671499936142,-0.217003854751503,1.24596578933274,-0.222609887224786,-0.397369641646435,-0.431776152759483,-1.0001354573925,0.186880571847337,-0.154773008715287,-0.677431569909004,0.73565249705994,0.197896932928453,-1.20859438748526,0.0637702759203431,-0.307284536368609,0.981550657965843,-0.408126956671595,-0.761705236875061,-1.13747086336087,0.472475885520761,-0.263366044324177,0.816206948725779,-0.534031414196705,-0.097573748386196
6.49,-0.959351640303364,-0.20812046129171,1.23819303825628,-0.218634435541427,-0.390412602668488,-0.424819113781536,-0.999813639175393,0.18269767817693,-0.153509813974256,-0.665494563725979,0.722720740867208,0.193917929856354,-1.20459996792786,0.0620059066395788,-0.304862535736861,0.963892649054023,-0.400278955369762,-0.747971228614159,-1.13497469580635,0.464263842880464,-0.255785443205102,0.802460308103773,-0.524212386464172,-0.09560994194146
6.495,-0.951553286992532,-0.199237067831918,1.23042028717983,-0.214658983858068,-0.383455563690541,-0.417862074803589,-0.999491820958276,0.178514784506523,-0.152246619233224,-0.653557557542954,0.709788984674477,0.189938926784254,-1.20060554837047,0.0602415373588148,-0.302440535105112,0.946234640142204,-0.392430954067928,-0.734237220353256,-1.13247852825184,0.456051800240167,-0.248204842086029,0.788713667481767,-0.514393358731638,-0.0936461354967238
6.5,-0.943754933681699,-0.190353674372126,1.22264753610336,-0.210683532174709,-0.376498524712594,-0.410905035825642,-0.99917000274116,0.174331890836116,-0.150983424492193,-0.641620551359928,0.696857228481745,0.185959923712155,-1.19661112881307,0.0584771680780505,-0.300018534473365,0.928576631230384,-0.384582952766094,-0.720503212092353,-1.12998236069732,0.447839757599869,-0.240624240966955,0.774967026859762,-0.504574330999105,-0.0916823290519878
6.505,-0.93595658037086,-0.181470280912331,1.2148747850269,-0.20670808049135,-0.369541485734647,-0.403947996847695,-0.99884818452405,0.170148997165709,-0.149720229751162,-0.629683545176903,0.683925472289014,0.181980920640055,-1.19261670925568,0.0567127987972862,-0.297596533841617,0.910918622318565,-0.37673495146426,-0.706769203831451,-1.1274861931428,0.439627714959572,-0.233043639847881,0.761220386237756,-0.494755303266571,-0.0897185226072517
6.51,-0.928158227060027,-0.172586887452539,1.20710203395045,-0.202732628807991,-0.3625844467567,-0.396990957869748,-0.99852636630694,0.165966103495303,-0.14845703501013,-0.617746538993878,0.670993716096282,0.178001917567955,-1.18862228969829,0.0549484295165221,-0.295174533209869,0.893260613406745,-0.368886950162426,-0.693035195570548,-1.12499002558829,0.431415672319275,-0.225463038728807,0.747473745615751,-0.484936275534038,-0.0877547161625156
6.515,-0.920359873749195,-0.163703493992747,1.19932928287399,-0.198757177124632,-0.355627407778753,-0.390033918891801,-0.998204548089824,0.161783209824896,-0.147193840269099,-0.605809532810853,0.658061959903551,0.174022914495856,-1.18462787014089,0.0531840602357578,-0.29275253257812,0.875602604494926,-0.361038948860592,-0.679301187309646,-1.12249385803377,0.423203629678978,-0.217882437609733,0.733727104993745,-0.475117247801504,-0.0857909097177796
6.52,-0.912561520438359,-0.154820100532955,1.19155653179753,-0.194781725441274,-0.348670368800806,-0.383076879913854,-0.997882729872707,0.157600316154489,-0.145930645528068,-0.593872526627828,0.64513020371082,0.170043911423756,-1.1806334505835,0.0514196909549935,-0.290330531946371,0.857944595583106,-0.353190947558758,-0.665567179048743,-1.11999769047926,0.41499158703868,-0.210301836490659,0.719980464371739,-0.465298220068971,-0.0838271032730434
6.525,-0.904763167127523,-0.14593670707316,1.18378378072107,-0.190806273757914,-0.341713329822858,-0.376119840935906,-0.99756091165559,0.153417422484081,-0.144667450787037,-0.581935520444801,0.632198447518086,0.166064908351656,-1.17663903102611,0.0496553216742293,-0.287908531314623,0.840286586671284,-0.345342946256923,-0.651833170787838,-1.11750152292474,0.406779544398382,-0.202721235371584,0.706233823749731,-0.455479192336436,-0.081863296828307
6.53,-0.896964813816691,-0.137053313613366,1.17601102964462,-0.186830822074555,-0.334756290844911,-0.369162801957959,-0.99723909343848,0.149234528813674,-0.143404256046006,-0.569998514261776,0.619266691325354,0.162085905279556,-1.17264461146871,0.047890952393465,-0.285486530682874,0.822628577759464,-0.337494944955089,-0.638099162526936,-1.11500535537022,0.398567501758084,-0.19514063425251,0.692487183127726,-0.445660164603902,-0.0798994903835708
6.535,-0.889166460505855,-0.128169920153574,1.16823827856816,-0.182855370391196,-0.327799251866964,-0.362205762980012,-0.996917275221364,0.145051635143268,-0.142141061304975,-0.558061508078751,0.606334935132623,0.158106902207457,-1.16865019191132,0.0461265831127009,-0.283064530051127,0.804970568847645,-0.329646943653255,-0.624365154266033,-1.1125091878157,0.390355459117787,-0.187560033133437,0.67874054250572,-0.435841136871369,-0.0779356839388348
6.54,-0.881368107195023,-0.119286526693783,1.1604655274917,-0.178879918707837,-0.320842212889017,-0.355248724002065,-0.996595457004247,0.140868741472861,-0.140877866563943,-0.546124501895726,0.593403178939891,0.154127899135357,-1.16465577235392,0.0443622138319366,-0.280642529419379,0.787312559935825,-0.321798942351422,-0.61063114600513,-1.11001302026119,0.38214341647749,-0.179979432014362,0.664993901883714,-0.426022109138836,-0.0759718774940988
6.545,-0.873569753884187,-0.110403133233991,1.15269277641524,-0.174904467024478,-0.31388517391107,-0.348291685024118,-0.99627363878713,0.136685847802454,-0.139614671822912,-0.534187495712701,0.58047142274716,0.150148896063257,-1.16066135279653,0.0425978445511725,-0.278220528787631,0.769654551024005,-0.313950941049588,-0.596897137744228,-1.10751685270667,0.373931373837193,-0.172398830895288,0.651247261261709,-0.416203081406302,-0.0740080710493626
6.55,-0.865771400573351,-0.101519739774195,1.14492002533879,-0.170929015341119,-0.306928134933123,-0.341334646046171,-0.995951820570021,0.132502954132047,-0.138351477081881,-0.522250489529676,0.567539666554428,0.146169892991158,-1.15666693323914,0.0408334752704083,-0.275798528155883,0.751996542112186,-0.306102939747754,-0.583163129483325,-1.10502068515216,0.365719331196895,-0.164818229776214,0.637500620639703,-0.406384053673769,-0.0720442646046265
6.555,-0.857973047262519,-0.0926363463144035,1.13714727426233,-0.16695356365776,-0.299971095955176,-0.334377607068224,-0.995630002352904,0.128320060461641,-0.13708828234085,-0.510313483346651,0.554607910361696,0.142190889919058,-1.15267251368174,0.0390691059896442,-0.273376527524134,0.734338533200366,-0.29825493844592,-0.569429121222423,-1.10252451759764,0.357507288556598,-0.15723762865714,0.623753980017697,-0.396565025941235,-0.0700804581598904
6.56,-0.850174693951686,-0.0837529528546117,1.12937452318587,-0.162978111974401,-0.293014056977229,-0.327420568090276,-0.995308184135787,0.124137166791234,-0.135825087599819,-0.498376477163626,0.541676154168965,0.138211886846959,-1.14867809412436,0.0373047367088799,-0.270954526892386,0.716680524288547,-0.290406937144086,-0.55569511296152,-1.10002835004313,0.349295245916301,-0.149657027538066,0.610007339395692,-0.386745998208702,-0.0681166517151544
6.565,-0.842376340640847,-0.0748695593948181,1.12160177210941,-0.159002660291042,-0.286057017999281,-0.320463529112328,-0.994986365918678,0.119954273120826,-0.134561892858788,-0.486439470980598,0.528744397976231,0.134232883774858,-1.14468367456696,0.0355403674281154,-0.268532526260637,0.699022515376724,-0.282558935842251,-0.541961104700615,-1.09753218248861,0.341083203276002,-0.142076426418991,0.596260698773684,-0.376926970476167,-0.0661528452704179
6.57,-0.834577987330015,-0.0659861659350245,1.11382902103296,-0.155027208607683,-0.279099979021334,-0.313506490134381,-0.994664547701564,0.115771379450419,-0.133298698117756,-0.474502464797573,0.5158126417835,0.130253880702758,-1.14068925500957,0.0337759981473511,-0.266110525628889,0.681364506464905,-0.274710934540417,-0.528227096439712,-1.09503601493409,0.332871160635705,-0.134495825299917,0.582514058151678,-0.367107942743633,-0.0641890388256817
6.575,-0.826779634019182,-0.0571027724752309,1.1060562699565,-0.151051756924324,-0.272142940043387,-0.306549451156434,-0.994342729484451,0.111588485780012,-0.132035503376725,-0.462565458614548,0.502880885590768,0.126274877630659,-1.13669483545217,0.032011628866587,-0.263688524997142,0.663706497553085,-0.266862933238583,-0.51449308817881,-1.09253984737957,0.324659117995408,-0.126915224180843,0.568767417529673,-0.3572889150111,-0.0622252323809457
6.58,-0.818981280708346,-0.048219379015439,1.09828351888004,-0.147076305240965,-0.26518590106544,-0.299592412178487,-0.994020911267334,0.107405592109606,-0.130772308635693,-0.450628452431523,0.489949129398037,0.122295874558559,-1.13270041589478,0.030247259585823,-0.261266524365393,0.646048488641266,-0.259014931936749,-0.500759079917907,-1.09004367982506,0.31644707535511,-0.11933462306177,0.555020776907667,-0.347469887278566,-0.0602614259362096
6.585,-0.81118292739751,-0.0393359855556454,1.09051076780358,-0.143100853557606,-0.258228862087493,-0.29263537320054,-0.993699093050218,0.103222698439199,-0.129509113894662,-0.438691446248498,0.477017373205305,0.11831687148646,-1.12870599633739,0.0284828903050587,-0.258844523733645,0.628390479729446,-0.251166930634915,-0.487025071657005,-1.08754751227054,0.308235032714813,-0.111754021942696,0.541274136285661,-0.337650859546033,-0.0582976194914735
6.59,-0.803384574086678,-0.0304525920958536,1.08273801672713,-0.139125401874247,-0.251271823109546,-0.285678334222593,-0.993377274833104,0.0990398047687924,-0.128245919153632,-0.426754440065473,0.464085617012574,0.11433786841436,-1.12471157677999,0.0267185210242946,-0.256422523101897,0.610732470817627,-0.243318929333081,-0.473291063396102,-1.08505134471602,0.300022990074516,-0.104173420823622,0.527527495663656,-0.3278318318135,-0.0563338130467374
6.595,-0.795586220775844,-0.0215691986360618,1.07496526565066,-0.135149950190888,-0.244314784131599,-0.278721295244646,-0.993055456615991,0.0948569110983855,-0.1269827244126,-0.414817433882448,0.451153860819842,0.11035886534226,-1.1207171572226,0.0249541517435303,-0.254000522470148,0.593074461905807,-0.235470928031247,-0.4595570551352,-1.08255517716151,0.291810947434218,-0.0965928197045471,0.51378085504165,-0.318012804080966,-0.0543700066020013
6.6,-0.78778786746501,-0.012685805176269,1.06719251457421,-0.131174498507529,-0.237357745153652,-0.271764256266699,-0.992733638398875,0.0906740174279785,-0.125719529671569,-0.402880427699423,0.438222104627111,0.106379862270161,-1.11672273766521,0.023189782462766,-0.2515785218384,0.575416452993988,-0.227622926729414,-0.445823046874297,-1.08005900960699,0.283598904793921,-0.0890122185854736,0.500034214419645,-0.308193776348433,-0.0524062001572652
6.605,-0.779989514154174,-0.00380241171647455,1.05941976349775,-0.127199046824169,-0.230400706175703,-0.264807217288751,-0.992411820181761,0.086491123757571,-0.124456334930538,-0.390943421516396,0.425290348434377,0.10240085919806,-1.11272831810781,0.0214254131820015,-0.249156521206651,0.557758444082165,-0.219774925427578,-0.432089038613392,-1.07756284205247,0.275386862153622,-0.0814316174663983,0.486287573797637,-0.298374748615898,-0.0504423937125287
6.61,-0.772191160843338,0.00508098174331817,1.0516470124213,-0.12322359514081,-0.223443667197756,-0.257850178310804,-0.992090001964645,0.0823082300871643,-0.123193140189506,-0.379006415333371,0.412358592241645,0.0984218561259608,-1.10873389855042,0.0196610439012374,-0.246734520574903,0.540100435170346,-0.211926924125744,-0.418355030352489,-1.07506667449796,0.267174819513325,-0.0738510163473247,0.472540933175631,-0.288555720883364,-0.0484785872677927
6.615,-0.764392807532506,0.0139643752031109,1.04387426134484,-0.119248143457451,-0.216486628219809,-0.250893139332857,-0.991768183747531,0.0781253364167576,-0.121929945448475,-0.367069409150346,0.399426836048914,0.0944428530538611,-1.10473947899303,0.0178966746204732,-0.244312519943155,0.522442426258526,-0.20407892282391,-0.404621022091587,-1.07257050694344,0.258962776873028,-0.0662704152282503,0.458794292553625,-0.278736693150831,-0.0465147808230566
6.62,-0.75659445422167,0.0228477686629036,1.03610151026838,-0.115272691774092,-0.209529589241862,-0.24393610035491,-0.991446365530418,0.0739424427463506,-0.120666750707444,-0.355132402967321,0.386495079856182,0.0904638499817616,-1.10074505943563,0.016132305339709,-0.241890519311407,0.504784417346707,-0.196230921522077,-0.390887013830684,-1.07007433938892,0.250750734232731,-0.0586898141091767,0.44504765193162,-0.268917665418297,-0.0445509743783205
6.625,-0.748796100910836,0.0317311621226963,1.02832875919192,-0.111297240090733,-0.202572550263915,-0.236979061376963,-0.991124547313301,0.0697595490759439,-0.119403555966413,-0.343195396784296,0.373563323663451,0.086484846909662,-1.09675063987824,0.0143679360589448,-0.239468518679659,0.487126408434887,-0.188382920220243,-0.377153005569782,-1.06757817183441,0.242538691592433,-0.0511092129901027,0.431301011309614,-0.259098637685764,-0.0425871679335844
6.63,-0.740997747600003,0.0406145555824891,1.02055600811546,-0.107321788407375,-0.195615511285968,-0.230022022399016,-0.990802729096192,0.0655766554055373,-0.118140361225382,-0.33125839060127,0.360631567470719,0.0825058438375623,-1.09275622032085,0.0126035667781806,-0.237046518047911,0.469468399523068,-0.180534918918409,-0.363418997308879,-1.06508200427989,0.234326648952136,-0.0435286118710287,0.417554370687609,-0.249279609953231,-0.0406233614888483
6.635,-0.733199394289167,0.0494979490422809,1.01278325703901,-0.103346336724016,-0.188658472308021,-0.223064983421069,-0.990480910879075,0.0613937617351301,-0.11687716648435,-0.319321384418245,0.347699811277988,0.0785268407654627,-1.08876180076345,0.0108391974974165,-0.234624517416163,0.451810390611248,-0.172686917616575,-0.349684989047977,-1.06258583672538,0.226114606311839,-0.0359480107519548,0.403807730065603,-0.239460582220697,-0.0386595550441122
6.64,-0.725401040978335,0.0583813425020745,1.00501050596255,-0.0993708850406567,-0.181701433330074,-0.216107944443122,-0.990159092661962,0.0572108680647234,-0.115613971743319,-0.30738437823522,0.334768055085256,0.074547837693363,-1.08476738120606,0.00907482821665229,-0.232202516784414,0.434152381699429,-0.164838916314741,-0.335950980787074,-1.06008966917086,0.217902563671542,-0.0283674096328808,0.390061089443597,-0.229641554488164,-0.0366957485993761
6.645,-0.717602687667499,0.0672647359618663,0.997237754886093,-0.0953954333572977,-0.174744394352127,-0.209150905465175,-0.989837274444845,0.0530279743943165,-0.114350777002288,-0.295447372052195,0.321836298892525,0.0705688346212635,-1.08077296164867,0.00731045893588811,-0.229780516152666,0.416494372787609,-0.156990915012907,-0.322216972526172,-1.05759350161634,0.209690521031244,-0.0207868085138072,0.376314448821592,-0.21982252675563,-0.03473194215464
6.65,-0.709804334356663,0.0761481294216608,0.989465003809633,-0.0914199816739381,-0.167787355374179,-0.202193866487226,-0.989515456227732,0.0488450807239091,-0.113087582261256,-0.283510365869168,0.308904542699791,0.0665898315491631,-1.07677854209127,0.0055460896551236,-0.227358515520918,0.398836363875786,-0.149142913711072,-0.308482964265267,-1.05509733406182,0.201478478390946,-0.0132062073947319,0.362567808199584,-0.210003499023095,-0.0327681357099036
6.655,-0.702005981045829,0.0850315228814535,0.981692252733177,-0.0874445299905791,-0.160830316396232,-0.19523682750928,-0.989193638010619,0.0446621870535022,-0.111824387520225,-0.271573359686143,0.295972786507059,0.0626108284770636,-1.07278412253388,0.00378172037435942,-0.22493651488917,0.381178354963967,-0.141294912409238,-0.294748956004364,-1.05260116650731,0.193266435750648,-0.00562560627565789,0.348821167577578,-0.200184471290562,-0.0308043292651675
6.66,-0.694207627734997,0.0939149163412472,0.973919501656718,-0.0834690783072202,-0.153873277418285,-0.188279788531332,-0.988871819793502,0.0404792933830955,-0.110561192779194,-0.259636353503118,0.283041030314328,0.0586318254049639,-1.06878970297648,0.00201735109359524,-0.222514514257421,0.363520346052147,-0.133446911107404,-0.281014947743461,-1.05010499895279,0.185054393110351,0.00195499484341566,0.335074526955572,-0.190365443558028,-0.0288405228204314
6.665,-0.686409274424161,0.102798309801039,0.966146750580261,-0.0794936266238612,-0.146916238440338,-0.181322749553385,-0.988550001576389,0.0362963997126887,-0.109297998038163,-0.247699347320093,0.270109274121596,0.0546528223328643,-1.06479528341909,0.000252981812830955,-0.220092513625673,0.345862337140328,-0.12559890980557,-0.267280939482559,-1.04760883139827,0.176842350470054,0.00953559596248965,0.321327886333567,-0.180546415825495,-0.0268767163756953
6.67,-0.678610921113327,0.111681703260833,0.958373999503804,-0.0755181749405023,-0.139959199462391,-0.174365710575438,-0.988228183359276,0.0321135060422817,-0.108034803297132,-0.235762341137068,0.257177517928865,0.0506738192607646,-1.0608008638617,-0.00151138746793322,-0.217670512993926,0.328204328228508,-0.117750908503736,-0.253546931221656,-1.04511266384376,0.168630307829756,0.0171161970815641,0.307581245711561,-0.170727388092961,-0.0249129099309592
6.675,-0.670812567802493,0.120565096720624,0.950601248427345,-0.0715427232571433,-0.133002160484444,-0.167408671597491,-0.987906365142159,0.027930612371875,-0.106771608556101,-0.223825334954043,0.244245761736133,0.0466948161886651,-1.05680644430431,-0.0032757567486974,-0.215248512362177,0.310546319316689,-0.109902907201902,-0.239812922960754,-1.04261649628924,0.160418265189459,0.0246967982006376,0.293834605089556,-0.160908360360428,-0.0229491034862231
6.68,-0.663014214491659,0.129448490180417,0.94282849735089,-0.0675672715737844,-0.126045121506497,-0.160451632619544,-0.987584546925046,0.0237477187014683,-0.105508413815069,-0.211888328771018,0.231314005543402,0.0427158131165654,-1.05281202474691,-0.00504012602946147,-0.212826511730428,0.292888310404869,-0.102054905900068,-0.226078914699851,-1.04012032873473,0.152206222549162,0.0322773993197116,0.28008796446755,-0.151089332627895,-0.020985297041487
6.685,-0.655215861180825,0.13833188364021,0.935055746274433,-0.0635918198904254,-0.11908808252855,-0.153494593641597,-0.987262728707931,0.0195648250310614,-0.104245219074038,-0.199951322587993,0.21838224935067,0.0387368100444658,-1.04881760518952,-0.0068044953102257,-0.210404511098681,0.27523030149305,-0.0942069045982346,-0.212344906438949,-1.03762416118021,0.143994179908865,0.0398580004387856,0.266341323845544,-0.141270304895361,-0.0190214905967509
6.69,-0.647417507869989,0.147215277100004,0.927282995197972,-0.0596163682070658,-0.112131043550602,-0.146537554663649,-0.986940910490814,0.0153819313606539,-0.102982024333007,-0.188014316404966,0.205450493157936,0.0347578069723655,-1.04482318563213,-0.00856886459099021,-0.207982510466932,0.257572292581227,-0.0863589032963994,-0.198610898178044,-1.03512799362569,0.135782137268566,0.0474386015578609,0.252594683223536,-0.131451277162826,-0.0170576841520145
6.695,-0.639619154559155,0.156098670559797,0.919510244121517,-0.0556409165237068,-0.105174004572654,-0.139580515685702,-0.986619092273703,0.0111990376902471,-0.101718829591976,-0.17607731022194,0.192518736965205,0.0307788039002658,-1.04082876607473,-0.0103332338717544,-0.205560509835184,0.239914283669408,-0.0785109019945654,-0.184876889917141,-1.03263182607117,0.127570094628269,0.0550192026769345,0.238848042601531,-0.121632249430293,-0.0150938777072784
6.7,-0.63182080124832,0.16498206401959,0.911737493045059,-0.0516654648403479,-0.0982169655947075,-0.132623476707755,-0.986297274056588,0.0070161440198403,-0.100455634850944,-0.164140304038915,0.179586980772473,0.0267998008281662,-1.03683434651734,-0.0120976031525186,-0.203138509203436,0.222256274757588,-0.0706629006927316,-0.171142881656238,-1.03013565851666,0.119358051987971,0.0625998037960087,0.225101401979525,-0.111813221697759,-0.0131300712625423
6.705,-0.624022447937486,0.173865457479382,0.903964741968601,-0.0476900131569889,-0.0912599266167605,-0.125666437729808,-0.985975455839473,0.00283325034943349,-0.0991924401099132,-0.15220329785589,0.166655224579742,0.0228207977560666,-1.03283992695995,-0.0138619724332828,-0.200716508571687,0.204598265845769,-0.0628148993908977,-0.157408873395336,-1.02763949096214,0.111146009347674,0.0701804049150827,0.21135476135752,-0.101994193965226,-0.0111662648178062
6.71,-0.616224094626652,0.182748850939175,0.896191990892143,-0.04371456147363,-0.0843028876388135,-0.118709398751861,-0.985653637622358,-0.00134964332097343,-0.097929245368882,-0.140266291672865,0.15372346838701,0.018841794683967,-1.02884550740255,-0.015626341714047,-0.198294507939939,0.186940256933949,-0.0549668980890638,-0.143674865134433,-1.02514332340763,0.102933966707377,0.0777610060341565,0.197608120735514,-0.0921751662326923,-0.0092024583730701
6.715,-0.608425741315818,0.191632244398968,0.888419239815686,-0.039739109790271,-0.0773458486608664,-0.111752359773914,-0.985331819405243,-0.00553253699138018,-0.0966660506278508,-0.12832928548984,0.140791712194279,0.0148627916118674,-1.02485108784516,-0.0173907109948112,-0.195872507308191,0.16928224802213,-0.0471188967872299,-0.129940856873531,-1.02264715585311,0.0947219240670796,0.0853416071532305,0.183861480113508,-0.0823561385001589,-0.00723865192833401
6.72,-0.600627388004983,0.20051563785876,0.880646488739229,-0.0357636581069121,-0.0703888096829194,-0.104795320795967,-0.985010001188128,-0.00971543066178693,-0.0954028558868196,-0.116392279306815,0.127859956001547,0.0108837885397677,-1.02085666828776,-0.0191550802755753,-0.193450506676443,0.15162423911031,-0.039270895485396,-0.116206848612628,-1.02015098829859,0.0865098814267823,0.0929222082723045,0.170114839491503,-0.0725371107676255,-0.00527484548359791
6.725,-0.592829034694149,0.209399031318553,0.872873737662771,-0.0317882064235531,-0.0634317707049724,-0.09783828181802,-0.984688182971014,-0.0138983243321938,-0.0941396611457884,-0.10445527312379,0.114928199808816,0.00690478546766812,-1.01686224873037,-0.0209194495563395,-0.191028506044695,0.133966230198491,-0.0314228941835621,-0.102472840351726,-1.01765482074408,0.078297838786485,0.100502809391378,0.156368198869497,-0.062718083035092,-0.00331103903886182
6.73,-0.585030681383314,0.218282424778347,0.865100986586312,-0.0278127547401935,-0.0564747317270241,-0.0908812428400717,-0.9843663647539,-0.0180812180026013,-0.092876466404757,-0.0925182669407629,0.101996443616082,0.00292578239556779,-1.01286782917298,-0.022683818837104,-0.188606505412946,0.116308221286668,-0.0235748928817268,-0.0887388320908206,-1.01515865318956,0.0700857961461863,0.108083410510454,0.142621558247489,-0.0528990553025569,-0.00134723259412538
6.735,-0.577232328072479,0.22716581823814,0.857328235509855,-0.0238373030568345,-0.0495176927490771,-0.0839242038621247,-0.984044546536786,-0.0222641116730081,-0.0916132716637258,-0.0805812607577379,0.0890646874233505,-0.00105322067653182,-1.00887340961559,-0.0244481881178682,-0.186184504781198,0.0986502123748484,-0.015726891579893,-0.075004823829918,-1.01266248563504,0.061873753505889,0.115664011629527,0.128874917625483,-0.0430800275700235,0.000616573850610716
6.74,-0.569433974761645,0.236049211697932,0.849555484433397,-0.0198618513734756,-0.0425606537711301,-0.0769671648841777,-0.983722728319671,-0.0264470053434149,-0.0903500769226946,-0.0686442545747128,0.076132931230619,-0.00503222374863144,-1.00487899005819,-0.0262125573986324,-0.18376250414945,0.0809922034630289,-0.00787889027805908,-0.0612708155690155,-1.01016631808053,0.0536617108655917,0.123244612748601,0.115128277003478,-0.03326099983749,0.00258038029534681
6.745,-0.561635621450811,0.244932605157725,0.84178273335694,-0.0158863996901166,-0.0356036147931831,-0.0700101259062307,-0.983400910102556,-0.0306298990138217,-0.0890868821816634,-0.0567072483916877,0.0632011750378875,-0.00901122682073106,-1.0008845705008,-0.0279769266793966,-0.181340503517702,0.0633341945512094,-3.08889762251907e-05,-0.0475368073081129,-1.00767015052601,0.0454496682252945,0.130825213867675,0.101381636381472,-0.0234419721049566,0.00454418674008291
6.75,-0.553837268139977,0.253815998617518,0.834009982280483,-0.0119109480067577,-0.0286465758152361,-0.0630530869282837,-0.983079091885442,-0.0348127926842285,-0.0878236874406323,-0.0447702422086627,0.050269418845156,-0.0129902298928307,-0.996890150943406,-0.0297412959601608,-0.178918502885954,0.0456761856393899,0.00781711232560869,-0.0338027990472104,-1.00517398297149,0.0372376255849972,0.138405814986749,0.0876349957594666,-0.0136229443724232,0.006507993184819
6.755,-0.546038914829142,0.26269939207731,0.826237231204026,-0.00793549632339874,-0.0216895368372891,-0.0560960479503367,-0.982757273668327,-0.0389956863546354,-0.0865604926996011,-0.0328332360256376,0.0373376626524244,-0.0169692329649303,-0.992895731386013,-0.031505665240925,-0.176496502254205,0.0280181767275704,0.0156651136274426,-0.0200687907863078,-1.00267781541698,0.0290255829446999,0.145986416105823,0.073888355137461,-0.00380391663988976,0.00847179962955509
6.76,-0.538240561518308,0.271582785537103,0.818464480127568,-0.00396004464003979,-0.014732497859342,-0.0491390089723896,-0.982435455451213,-0.0431785800250422,-0.0852972979585699,-0.0208962298426126,0.0244059064596929,-0.0209482360370299,-0.988901311828619,-0.0332700345216891,-0.174074501622457,0.0103601678157509,0.0235131149292765,-0.00633478252540522,-1.00018164786246,0.0208135403044027,0.153567017224897,0.0601417145154554,0.00601511109264365,0.0104356060742912
6.765,-0.530442208207474,0.280466178996896,0.81069172905111,1.5407043319155e-05,-0.00777545888139502,-0.0421819699944426,-0.982113637234099,-0.0473614736954489,-0.0840341032175387,-0.0089592236595875,0.0114741502669614,-0.0249272391091295,-0.984906892271226,-0.0350344038024533,-0.171652500990709,-0.00729784109606862,0.0313611162311104,0.00739922573549734,-0.997685480307944,0.0126014976641054,0.161147618343971,0.0463950738934498,0.0158341388251771,0.0123994125190273
6.77,-0.52264385489664,0.289349572456688,0.802918977974653,0.0039908587266781,-0.000818419903447998,-0.0352249310164956,-0.981791819016984,-0.0515443673658558,-0.0827709084765075,0.00297778252343756,-0.0014576059257701,-0.0289062421812292,-0.980912472713833,-0.0367987730832175,-0.169230500358961,-0.0249558500078881,0.0392091175329443,0.0211332339963999,-0.995189312753428,0.00438945502380812,0.168728219463045,0.0326484332714442,0.0256531665577105,0.0143632189637634
6.775,-0.519458981029482,0.294587075448794,0.797848249225334,0.00478348338411294,0.00295565391579101,-0.0330421780403752,-0.982665783119365,-0.0531702238491043,-0.082301992970397,0.0130365559076618,-0.0140202322734174,-0.029493603569158,-0.978891342831223,-0.0375986082195911,-0.166522513279919,-0.0334337401760942,0.0456835626830414,0.0314485781888906,-0.9925787455732,-0.000690906276085063,0.172493019144385,0.0180247253701552,0.0341186256257775,0.0163141775430588
6.78,-0.522661498987246,0.2935969375634,0.796854871245789,0.00132247106031047,0.000972905038496002,-0.0376581638877059,-0.985346982254084,-0.0515519952240955,-0.082677583515459,0.0174713759863242,-0.0231210672197862,-0.0257138971264959,-0.980247932536645,-0.0360422139116518,-0.163964787793114,-0.0224873369882687,0.0494894575225249,0.0344373874571054,-0.989959287163985,0.00024249687382969,0.168342689858457,0.00117517401063632,0.039254726973529,0.0176577810320599
6.785,-0.523276482355858,0.288921981976765,0.795979549957612,0.000354040798153515,-0.0058061086422379,-0.0405634535667956,-0.987151313216015,-0.0552634500886228,-0.0804890606118793,0.00777571314337267,-0.0163341112122177,-0.0286225980489178,-0.978357149346578,-0.0291632188662842,-0.168146533256342,0.00981394942529314,0.0524259367488859,0.0285644290043835,-0.99044925168795,-0.00184044566473268,0.159506241125183,-0.0225358885110537,0.0353028817136285,0.0107420555929477
6.79,-0.519755179134241,0.288995321084056,0.799475299005015,0.00453614130416171,-0.0074875261305818,-0.0386916772188646,-0.987050996867185,-0.0518184999741332,-0.0793210575704628,0.00166203959873254,-0.0176310743800721,-0.0289358273148537,-0.981237930211274,-0.0248760319213606,-0.177595254172858,0.0157143795664037,0.0537639358813489,0.0250066744759903,-0.993680847262243,-0.00246338733678526,0.151119073498304,-0.0402061566701636,0.0227095785588001,0.00615577083693029
6.795,-0.520921427174307,0.288571106248907,0.801294089486609,0.00515310931950808,-0.00679615544045891,-0.0392288059565929,-0.983536675356619,-0.0528088283043452,-0.078451345327141,0.00389525455686847,-0.0172285998334305,-0.0272997696467147,-0.983844808102722,-0.0218416386587489,-0.181792109565533,-0.00180104050651165,0.0570797655127539,0.0277067259130495,-0.998173392241378,-0.00193547578818906,0.14020152996541,-0.0540454971303599,0.00169769769525831,0.00539364987111966
6.8,-0.520557176268424,0.28849580390718,0.802864492726973,-0.153086107681212,-0.00390833940181432,-0.0402328205448441,-0.984802931070071,-0.055414388780989,-0.0783218881414319,0.00489952697332116,-0.0156041440164131,-0.0252716485952419,-0.987355098297069,-0.0181858084859788,-0.175828635499075,-0.016168686062931,0.0584101828811886,0.0335781333575713,-1.00374953838535,-0.00325366083500077,0.134782243459436,-0.0607056228182996,-0.0212681968893803,0.00532856296190198
6.805,-0.520178163591463,0.287717081762608,0.805235284961828,-0.136687970179974,-0.000199752957716514,-0.0381594991407691,-0.986605908716907,-0.0543643583562641,-0.0777048063374136,0.00365620231096699,-0.0162776188215251,-0.0240490473806858,-0.990979676852731,-0.0165748472522855,-0.167992095160199,-0.00623182301534221,0.0559767292799777,0.0380229081764108,-1.00848370740314,-0.00142135509633844,0.133787572461648,-0.0648066752482362,-0.0411519558836357,0.00467425957322121
6.81,-0.521048599537869,0.289261289641129,0.802120737289415,0.00267271515743276,0.00150243920810761,-0.0353474609124913,-0.985683832047614,-0.0497075395633147,-0.0774294159514509,0.002494312783785,-0.0191910714691732,-0.0246212669107245,-0.992230416937463,-0.0166173767620591,-0.167097956058095,0.0229720383936329,0.0535513887388421,0.0425145950751259,-1.00677528578123,0.00355265069787141,0.135973718509588,-0.0660120498930581,-0.0600557953033006,0.00520192206414622
6.815,-0.52066799491841,0.290485766151907,0.798425176874816,0.00466300333348901,0.00249758381638828,-0.0350839050510914,-0.984799390644682,-0.0498480798882713,-0.0777534785517419,-0.000388922169562857,-0.0192135865374687,-0.0252707414329052,-0.992164576126216,-0.0132271963568574,-0.168201451050176,0.0464891760780717,0.0520856341283476,0.046136999111828,-1.00108135418768,0.00377922008733602,0.141745308527261,-0.0603017468701082,-0.0741019235897051,0.00540692441100991
6.82,-0.519514716565915,0.287039341722175,0.800280233000036,0.0046916132192061,0.00279242008428511,-0.0359398052096367,-0.982232585534669,-0.0567221465509478,-0.0766698877408699,-0.00728322864571552,-0.0163715173933154,-0.023542126544171,-0.989781020595919,-0.00561279986022231,-0.173190400435519,0.0634964999147143,0.0492850665992988,0.0427200875505039,-0.992407767108981,0.00272669807757665,0.146286073407262,-0.0484834989205982,-0.069161604374354,0.00346930892004591
6.825,-0.520966030290296,0.285206871207591,0.799597658450651,-0.000741065144450099,0.000981526720403038,-0.0357255073987039,-0.984726775556785,-0.0555912019571892,-0.074483528694029,-0.0104792502059989,-0.0203828764567718,-0.014704068518531,-0.989764965350439,0.00279371436689792,-0.176441114761104,0.0600593315023841,0.0503667514149365,0.049642451107502,-0.990605827908996,0.00452015061045156,0.152157938672455,-0.0214906874792617,-0.0531164799853638,0.0083096849390855
6.83,-0.517420892826201,0.286286297756627,0.800245278475272,0.00241316881183985,0.0020329392414347,-0.0325712746446823,-0.981474828282968,-0.0490149899040637,-0.0754247672101064,-0.012526050310852,-0.0183360794725498,-0.0228912587958925,-0.990315703181025,0.00458574716652178,-0.174970424362484,0.0610413845228141,0.0474205923536463,0.049642451107502,-0.98736440945486,-0.00240199812222424,0.158339860244072,-0.00325710198973386,-0.0340146315459579,0.00570488549910317
6.835,-0.517040253254516,0.29067775641036,0.799191283543715,0.00884944604228851,0.0013643233361353,-0.034577119302387,-0.982750571078047,-0.0491162248084173,-0.0775910254186673,-0.0142954741087576,-0.00546682489160126,-0.0255290236738344,-0.990683883327626,0.00207565818593765,-0.173030153922418,0.055620174897117,0.0467737093567848,0.0468240238676885,-0.982963789606377,-0.00383236735795613,0.16274045933808,0.00767675040554122,-0.00104028912184719,0.0052941720906084
6.84,-0.518313921085286,0.291614446873818,0.800876582593387,0.00947881623869957,0.000910094007849693,-0.0359398052096367,-0.983386144482939,-0.0505795757481185,-0.0791376771069646,-0.0112735866151442,-0.00484988985150467,-0.0252968460582225,-0.992029806373838,-0.00251727424128565,-0.171378506674002,0.0470080615363919,0.0452819084290504,0.0399073143743142,-0.981646102638324,-0.00464436787340493,0.163419455691133,0.010931948380748,0.0310980828937842,0.00660693717700652
6.845,-0.519943542438591,0.288749599431882,0.805126551230273,0.00442121147638656,0.00107335961831657,-0.0362663359327282,-0.982481865587984,-0.0522623682669573,-0.0788572627750168,-0.00345680265569309,-0.020386304635238,-0.0225162075911193,-0.994605834741887,-0.00832142274665506,-0.170429214505543,0.0364193029351378,0.0418196222632587,0.0286380752993732,-0.985784474965537,-0.00968864574360891,0.160471816303399,0.0100719020145178,0.0491590618296683,0.00832703253199138
6.85,-0.515179964250666,0.289010682554562,0.803932930175621,0.00749646385849699,0.00213178992271423,-0.038283158817303,-0.983706854566545,-0.0526931336218475,-0.0709818566575895,-0.00762602742575639,-0.0193893951930084,-0.0190411948972355,-0.991812269067333,-0.0153064165582592,-0.174256343751379,0.0221966884682122,0.0394435375928879,0.0201861827890835,-0.984879714835056,-0.0101904920836444,0.158298122076784,-0.00429754467071284,0.0744241061837232,0.00355157961095382
6.855,-0.520643873799845,0.286357743986685,0.797742869998209,0.0078220933437709,0.00140814512652934,-0.0360760328950521,-0.983148418766743,-0.0505755732536732,-0.0758874465230659,-0.000528516408505672,-0.022680506754943,-0.0173647468106436,-0.987134794892561,-0.00889580232520203,-0.174799383099071,0.0260723819463732,0.0405186964672207,0.0103279890013047,-0.994079638719993,-0.0108764278565516,0.161247980735557,-0.00356895969624614,0.0790413791379894,0.00467425957322121
6.86,-0.52386874917215,0.288493561168839,0.797018271501253,0.0112615823745728,0.0018041102319656,-0.0370225991070359,-0.985454984584934,-0.0487368688998402,-0.0837204719498513,0.00575864685688116,-0.0253767967224121,-0.0205083279302736,-0.984671996551053,-0.0056747664865994,-0.17834241518089,0.025208659578332,0.045629413525776,-0.000632168492968505,-0.998100048207308,-0.00808427843158355,0.156353097562196,-0.0118867420332625,0.0835338085217283,0.00166754043636291
6.865,-0.519669674730385,0.291569472824532,0.798417844384143,0.0157395993271863,-0.00224403678912284,-0.036246375931966,-0.98275098504146,-0.0524447543799392,-0.0798761061899788,0.00686375509455346,-0.027555907303998,-0.0205161039854541,-0.985474306704464,-0.00917318370838872,-0.175609588713833,0.0139193989993342,0.0478411685346957,0.00139160616421871,-0.999281071392629,-0.00107526369818917,0.148450740254812,-0.0185516279845843,0.0705936886141962,-0.00143421068787575
6.87,-0.520940971259235,0.290183092833946,0.796765194823597,0.012767224362459,-0.00181724203225596,-0.0396907896758468,-0.982992777050785,-0.0537788904323032,-0.0851360841355392,0.011106492538976,-0.0275642325281983,-0.0201280144863073,-0.986031992827913,-0.0105571441479404,-0.173303236442279,0.0101752695672771,0.0507427807716288,-0.00166872888803482,-1.00018587504513,-0.00602736090009596,0.148696714112042,-0.0251410336438341,0.0601287190846989,-0.0067207243274076
6.875,-0.518843272865518,0.290189185779705,0.793949234464094,0.0102464451384049,0.0020869479608019,-0.0387066246384406,-0.983000261491258,-0.0528070812748379,-0.0781756281029358,0.0138414088357864,-0.027265116298885,-0.0184956422624539,-0.985381548277747,-0.0146853062096412,-0.171508159749251,0.0237788882480511,0.0486654111155943,-0.00103815778954294,-1.03374834760536,-0.00615512318145712,0.142771902789751,-0.0267272101915423,0.0403861972620176,-0.0093515387452641
6.88,-0.516480281336402,0.294963566899142,0.792360039995338,0.0169960814222865,-0.000469515830881757,-0.0439597778972958,-0.983959201699775,-0.0526738690232809,-0.0790248527247434,0.0238440651486298,-0.0329178552660517,-0.0169210427208643,-0.98343483943696,-0.0108753464911256,-0.170820019355765,0.0218876353217801,0.0494592352030445,-0.011222152773506,-1.01689725251651,-0.00194554575239401,0.141404559121708,-0.0295765986022816,0.0372100899613691,-0.00998607277870178
6.885,-0.52103230763394,0.287624028793376,0.798801946300276,0.0146298395799487,-0.00212694608807503,-0.0380863675446089,-0.98106874359963,-0.0468047825714937,-0.0736920176205249,0.0172416084886003,-0.0311170557729088,-0.0202612259198119,-0.986437336986011,-0.00943762535147759,-0.175871905191975,0.00258337569281159,0.051969946881093,-0.0187724456191063,-1.01027626674138,-0.00769971215878751,0.138983593257033,-0.0263594417690665,0.0328986186124054,-0.0112077668309212
6.89,-0.520129660206202,0.288997584203833,0.798962030475614,0.0129187759608879,-0.00424257503231705,-0.0350688061414452,-0.981930316037896,-0.049723377448835,-0.0754488376820339,0.0254697197735834,-0.0298631629418054,-0.0175278897388783,-0.98508683651018,-0.010017345210924,-0.177354409358597,-0.039614516123908,0.0572911759669683,-0.0180285314266779,-1.00110254420699,-0.00374389715276832,0.134722230297706,-0.021369255368096,0.0217529595577366,-0.0115368234374687
6.895,-0.521921288180445,0.289978555752714,0.798198264003999,0.0114403575039109,-0.00106647084425206,-0.038025641904492,-0.977291994563582,-0.0504225750469283,-0.075883473235641,0.027997145339599,-0.0324787197704131,-0.0171753793631756,-0.986883425749809,-0.00914532079401459,-0.17164049593793,-0.0530599012291227,0.0547946963812145,-0.012832429599864,-1.00148619948464,-0.00740433687813529,0.135235860684839,-0.0231888118508637,0.0220018288584933,-0.0137855620743424
6.9,-0.516672862575747,0.285687933728373,0.805442646795639,0.00188734664863102,0.00763831406867341,-0.0326740420356124,-0.985519519532329,-0.0516490969826149,-0.0786048909439877,0.0314716855275861,-0.0314852744340897,-0.0221407171786545,-0.998187097155199,-0.00966600905881364,-0.168593150128935,-0.0182656683341873,0.0507059831407434,-0.0130840945283276,-0.996210684006256,-0.00392318873979354,0.132876738027877,-0.0262780616431694,0.0208887592705308,-0.0130435156823674
6.905,-0.520490846526429,0.286390891674618,0.798276359094267,0.0139950235956587,0.000765067560082749,-0.0359398052096367,-0.988119480374581,-0.0562084842333647,-0.0730184994060604,0.031411496688726,-0.0433249658209244,-0.0168418763912403,-0.988434645179082,-0.0145993506045512,-0.171561357380415,0.0160543173551559,0.0480918129060101,-0.00964213027153509,-0.997542683288782,-0.00743604668622411,0.13576334470477,-0.0350790428270495,0.0139171151171529,-0.0110919539430928
6.91,-0.520852425328085,0.291157080908768,0.80259081279814,0.0170129521278058,-0.00117619172608003,-0.0372366927322022,-0.979670745143971,-0.049327028640706,-0.0713350089607472,0.0348334746063209,-0.0274091000065614,-0.0183487699750709,-0.98943013202129,-0.0094248818179602,-0.174733521816682,0.0122949719917867,0.0499006146105419,-0.00220690370669901,-0.993931649911223,-0.00288599669250741,0.138874445103253,-0.033312661073876,0.0150643969629753,-0.00663054057571916
6.915,-0.521308798274271,0.289033360265304,0.798345063398835,0.0200642921411525,0.000190097909878454,-0.0373960736641918,-0.980208823801173,-0.0482697106017545,-0.0717587186612278,0.0387000860812716,-0.0298595255333839,-0.021301429278024,-0.988712782223146,-0.00201345366760279,-0.170315858215404,0.00122891641756222,0.055127386874607,0.000939733138342996,-0.99064378104899,-0.00332900654605054,0.143729687941753,-0.0357674250098731,0.0126767720466189,-0.00817316041317247
6.92,-0.517496183196226,0.290567687235773,0.802143325161475,0.0314435345016579,-0.00203156878828295,-0.0421848440695857,-0.980329272346625,-0.0474733816033619,-0.0697632446128611,0.0366744857471108,-0.0298714769116091,-0.0238416466423294,-0.989927063502748,0.003004532150596,-0.16346103155951,0.00114576024789297,0.0558220097824199,0.00589025280788278,-0.991409448438027,-0.00364178604424324,0.140798999492548,-0.0354400603356762,0.00651054197216462,-0.00509004677645484
6.925,-0.522249270792185,0.29302019598726,0.801815820133154,0.0207548673155116,0.000489687525174358,-0.0329754005241041,-0.979514843770925,-0.0494392580406369,-0.0702713915626276,0.040822631283893,-0.0438169706427309,-0.0152069448343818,-0.992950447856079,0.0038599311532258,-0.160326277361213,0.0166324078846809,0.0480676646976517,0.0129916071891785,-0.984448291399486,-0.00879018775919186,0.144333659958095,-0.0376851279163839,0.0063718604110954,-0.00270829830770301
6.93,-0.521845881135401,0.29091440652499,0.800603253102531,0.0194765281760505,-0.00231259867329299,-0.037056024887529,-0.982052197359901,-0.0477966553734233,-0.0702933591082229,0.0397173687815666,-0.0212930794899645,-0.024467677558938,-0.991899467411662,0.00275550755090571,-0.159424441900886,0.0217682743629223,0.0488480431989893,0.0144678264888172,-0.98940336197159,-0.00601522425797338,0.145538494497203,-0.0393252631133264,0.0018162593402663,-0.00178220317727933
6.935,-0.520264021976827,0.290692196172232,0.796258167962782,0.0233357068170998,-0.00230015019641629,-0.0377855355567261,-0.98369153066518,-0.0474662299324707,-0.0699080464996344,0.0404613587681406,-0.0212340059628372,-0.0237827614597573,-0.993568912097823,-0.000553949807352325,-0.155355303115408,0.00956298649371497,0.0472888421641311,0.0157587028050076,-0.991231508408456,-0.0099525399262681,0.146561574089564,-0.043058660354038,-0.00217070349202054,0.00345256552100182
6.94,-0.518222208249072,0.291248318500817,0.800505088503163,0.0194739168560115,0.00142605522453283,-0.0416954114434363,-0.988352364470327,-0.0448340149614931,-0.0695077086993377,0.0440048964328334,-0.0206897688145527,-0.0258931869275138,-0.991690444240544,0.00165728313236399,-0.152680908258082,-0.00430071448148592,0.0457901063793142,0.0181476951556899,-0.990595474753133,-0.0120987119208461,0.142743203782093,-0.0521754684927308,-0.00420883207082029,0.00634550874129134
6.945,-0.523762573695992,0.291847514863691,0.800870216876559,0.0199549593937841,-0.00139177916820382,-0.0391803425811391,-0.977277925713457,-0.0464186410300457,-0.064563934582722,0.0376316256081651,-0.00690261250589285,-0.0235426435540612,-0.996264762606211,0.00785222313892955,-0.150694453335426,0.000776278322785593,0.0478409772581884,0.00208728541726285,-0.996137218889983,-0.00707668227831983,0.143717425258263,-0.0631783420954386,-0.00225314429183629,0.00141224845923914
6.95,-0.520668144246905,0.288152912266696,0.796840231749288,0.0223526290382935,0.000566727638980666,-0.0368181322234203,-0.982160260656185,-0.0486070190323174,-0.0666796057711877,0.0405240758738263,-0.016409946477161,-0.0297425344071134,-1.00048095097244,0.0118013148477771,-0.151632154035029,-0.0113459494043559,0.0470351973849399,0.023397457092328,-0.996612466673485,-0.0100191706448039,0.144958758853579,-0.0616628765344387,-0.00585554006394502,0.00885833231356947
6.955,-0.518887983712943,0.290614757984188,0.799167420245999,0.0224106556568371,0.0013686004199794,-0.0399095699923683,-0.983780942023544,-0.0442582434760103,-0.0673727621997915,0.0382364584067362,-0.0126414235549961,-0.0281953721274384,-1.00057320199236,0.00593142484320709,-0.149882769124838,-0.0266896648414547,0.0483046582083897,0.0312088321081473,-0.990929534865205,-0.00645114453979662,0.147440397461902,-0.0635390112528109,-0.00530437275253999,0.00917750655338188
6.96,-0.521339089742357,0.294799279103329,0.7969868043683,0.0189263940939675,-0.0001442774002066,-0.0376634671943454,-0.977391922027798,-0.0417428392735782,-0.0670869797709118,0.0434596104118936,-0.01484022125229,-0.0266831918298846,-0.999570257770436,-0.00195289057531677,-0.152178254231198,-0.0179258746349909,0.0477662148682662,0.0367379300619329,-0.99137543919376,-0.00647106018942877,0.149686543290047,-0.0540164326479068,-0.00982532042556068,0.0117546399046748
6.965,-0.521702087422498,0.292258504466784,0.801227212506304,0.0196628762174342,-0.0018344301333939,-0.038667180364129,-0.983188925882955,-0.0469230200176607,-0.0665572033822273,0.0357959218865695,-0.00782046152768649,-0.0256552833433367,-0.998525135836075,-0.00459061292176444,-0.15414172816614,-0.00218351366779027,0.0399690613925956,0.0413533463900051,-0.992493776544354,-0.0131002943104822,0.149431838472478,-0.0532783335922882,-0.00581059661317371,0.0108440781971241
6.97,-0.51682852709689,0.29319935166309,0.79700292952006,0.0185917485505342,-0.00263921855054835,-0.0467035185742367,-0.98291225369554,-0.0424424845609613,-0.0694959168765674,0.0319241198790928,-0.0126967685279395,-0.0289358273148537,-0.995928496947231,-0.000239890798085816,-0.160577193757342,-0.0034095635586842,0.0467737093567848,0.0447556599974632,-0.993176458558703,-0.0100634837076511,0.143360873791347,-0.0472194406496647,-0.00684237161946746,0.0110377362183501
6.975,-0.51666059833232,0.295714290162161,0.79908505164798,0.0178218149762783,-0.00262140076713767,-0.0420482791960239,-0.985286408089495,-0.0451379935559277,-0.0685928866717449,0.0302138303456484,-0.010986479077808,-0.0281899710724394,-0.993628209162912,0.00386427823682347,-0.161375822325392,-0.0153925898137969,0.0439684991003744,0.0447556599974632,-0.994164710488671,-0.00892486121588808,0.145563881092057,-0.0393417079040418,-0.00324451178312302,0.00697530077331453
6.98,-0.517345364898464,0.297174452515053,0.796244792163413,0.0152684650232665,-0.00292588786402481,-0.0452006622070331,-0.987348423772136,-0.0474702888170081,-0.0826765426083894,0.0239706895620497,-0.00885465671717875,-0.0307976249745822,-0.993444231967668,0.00146115846206771,-0.162021512500338,-0.0225077759567603,0.0447538078095887,0.0438000384546649,-0.993470630937212,-0.00365141879907742,0.143959856106056,-0.034126334625574,-0.00604993609163235,0.0049608140902739
6.985,-0.526581739219413,0.277109078455463,0.799542225387625,0.00648859832544178,-0.0033831317830994,-0.0386799685230397,-0.981249619845356,-0.0439486960916866,-0.0650472019752937,0.0267781037645609,-0.00780044092104228,-0.0340722910012318,-0.992948086026772,-0.00733814895092965,-0.165594424222629,-0.0025378745481177,0.0425515830011162,0.0343970274395692,-0.996528443352712,-0.00532666388705471,0.146978769440021,-0.0191952620619255,-0.00294622638509573,0.00485323099394887
6.99,-0.51421573697812,0.292848805268587,0.79966858899506,0.0161483604460955,-0.00088744385599923,-0.0421747361867011,-0.986772252284001,-0.0405725081729696,-0.0732919154166742,0.0239159030122164,-0.0135286485574089,-0.0349866502614979,-0.99210826543721,-0.00664564227719356,-0.166333951534065,0.0148906265005488,0.0341844526463454,0.0446509018793681,-0.996402913874156,-0.00331174314617619,0.144520264787262,-0.0173681511754138,0.00253142152102502,0.00667665965642596
6.995,-0.511764896209786,0.300605738443464,0.798041973219885,0.0112989712563087,-0.00051283323241947,-0.0431061281355094,-0.985805416747625,-0.0479705223578489,-0.0686361449318537,0.00839682175590374,-0.0106049029773107,-0.0279345264184049,-0.989183318667267,-0.00277285275343019,-0.166054964734698,0.0227795342459432,0.0351499151873137,0.0471990630030632,-0.99651672549806,-0.00482376190577206,0.143334363332244,-0.0167653698137022,0.00693216394775262,0.0039941707120265
7,-0.523815619183633,0.285306609407887,0.802745456862008,-0.00660198675464123,0.0011852231903937,-0.0420482791960239,-0.985282008785896,-0.0467131626755428,-0.0746804981979211,0.00673161633312702,-0.00673941674026647,-0.0277228425166236,-0.983097422857447,-0.00586149617226047,-0.167903966951274,0.0204277481571506,0.0387351894875397,0.0437289724236277,-0.997453703140811,-0.00126868971073098,0.144427407472081,-0.0197282821458729,0.00839987585614107,0.0033533719171236
7.005,-0.522284285709432,0.281433567735309,0.801038635605351,0.00734663000297287,0.00151335523945575,-0.0422249747043561,-0.982743711975639,-0.0495484862376063,-0.0789732461190184,0.00416014496182583,-0.0013911860821799,-0.0266845577867287,-0.982145256441754,-0.00758060380704614,-0.166365144362378,0.00393636585282095,0.0456015043271784,0.0288076421551783,-1.00026741602406,0.000873834412582551,0.142221100371077,-0.0241305513761596,0.0174908477199483,0.00101289331640946
7.01,-0.5183386553731,0.293770799875038,0.796041404381689,0.0145619583832904,-0.00379433082289798,-0.0423035477381739,-0.981083763289312,-0.0491240572504956,-0.0774097090231217,0.0010240041399592,-0.00990518615675711,-0.0289262689331278,-0.984313489100188,-0.00300153711529675,-0.170258925584554,0.0118940843574878,0.0484905516324457,0.0207174026647894,-1.00082615141399,0.00237136547454936,0.139106865329616,-0.0293639876851442,0.00827587660495909,-0.0056499695461984
7.015,-0.52037102581836,0.283862923782091,0.801294781562841,0.00208452549795118,-0.000624197391219137,-0.0391503390136099,-0.98399483204128,-0.049169622231406,-0.0791924709117667,0.000887218856928547,-0.0092306903349594,-0.0287210908000334,-0.985665019610552,-0.00110877198737439,-0.172548941195508,0.0205895531923363,0.0474715715381488,0.0143873315519065,-1.00255092375255,0.00124689715928528,0.139192940549954,-0.0275917544580329,-0.00324451178312302,-0.00387760251760483
7.02,-0.520466253305451,0.282204698344413,0.800720986622887,0.00974369069814951,-0.00679849475441138,-0.0417109695560327,-0.984632710448294,-0.0524760878668959,-0.0825840963727874,0.00801422861509916,-0.0113577657538212,-0.0291292899027713,-0.983958827403767,-0.000875482679592205,-0.170176985317782,0.0248452724026731,0.0450475941299628,0.0154349952936172,-0.997705814876628,-0.00356114280912044,0.140347967344324,-0.0253633931279182,-0.000362260127102123,0.000926153172029844
7.025,-0.521939686588707,0.290280075481507,0.799192513365012,0.0132620008825761,0.000910094007849693,-0.0428270033141232,-0.9827318689448,-0.0555881395906942,-0.0749776891676131,0.0147857089343547,-0.0145059854675124,-0.0278385751693726,-0.987225517195406,-0.00586216507285003,-0.166879971199356,0.0188227820632004,0.0481584247181069,0.0129100965346271,-0.996890877454709,-0.00474326909666296,0.156198254661352,-0.0192184715123223,0.00311909199357416,0.0060052966242059
7.03,-0.522773208243004,0.291181467772432,0.799770326744596,0.00962155309245349,-0.000763243186459509,-0.0400232216648722,-0.982961950684896,-0.0506045976150342,-0.0773764341934379,0.00882570299709408,-0.0136394967122846,-0.0285430782754203,-0.985713475211492,-0.0103199158094458,-0.165793942278555,0.00180891294159712,0.0511267678477013,0.00970598413418406,-0.996375827785677,-0.00975804460347696,0.160805381968422,-0.0206200713004841,0.0159427998360977,0.0108544618734734
7.035,-0.525314490954957,0.283755928838967,0.802607478145004,0.0088181933388114,-0.000925553575044999,-0.0415893659009482,-0.984388031551332,-0.0532555413804101,-0.0824458542692728,0.00920905962484168,-0.0146735628357559,-0.0284539606527616,-0.991700438111401,-0.01429424208018,-0.163427211370793,-0.0159909933548324,0.0550120877637185,0.00301981005975157,-0.994052396682712,-0.00714038849006396,0.161868991347097,-0.0353586338978862,0.0312656695414054,0.0165074115800922
7.04,-0.516991560971368,0.291190309630663,0.799687725037473,-0.0129619707412815,0.00920729922109633,-0.0316767718888246,-0.987569941637179,-0.0490513902977376,-0.0818809292303036,0.00756779143660471,-0.0129833744532361,-0.0289358273148537,-0.993718055408471,-0.0137801024862324,-0.160302341386769,-0.0274162078319354,0.0575215027035638,0.0107645290804188,-0.996564632213593,-0.00941685370898248,0.153409517025947,-0.0507804896071291,0.037220349243747,0.0171593933913432
7.045,-0.519871590024552,0.292581657580621,0.801656992112242,0.012949364164069,-0.00352331855030571,-0.0415821884246738,-0.983284825630021,-0.0534267081420467,-0.0767886167572989,0.00660369942814722,-0.0108443840256238,-0.0255265752428648,-0.992041659477694,-0.0137219947357792,-0.157646400636065,-0.0345294524643862,0.0577689558267593,0.0137190066822011,-0.99661696438665,-0.00539732513511146,0.15085675129791,-0.0620750902491294,0.02180246385822,0.0204954290491857
7.05,-0.521956676485482,0.291595411459217,0.798723814912945,0.00626646069899926,0.000131745728396483,-0.0447183275625879,-0.982728103095024,-0.0505510525988995,-0.0830504970983637,0.0059293123569642,-0.0127769372959791,-0.0298110897590365,-0.989732852931051,-0.00923445674778169,-0.153477803388864,-0.019719828013015,0.0567208539380944,0.0232881265172903,-0.995005357361379,-0.00255102652839233,0.148041675173584,-0.0619187977057746,0.00788915239260493,0.0186760321773454
7.055,-0.520162204420344,0.287045257997528,0.799863767027819,0.00469460944086658,0.00167328934502491,-0.0415897779192868,-0.981365974070847,-0.0482777721449498,-0.0805990234342998,0.00821293503872486,-0.0106782415209032,-0.0330819441709323,-0.991430518795131,-0.00726808792048466,-0.153396631648572,0.00138920177053627,0.0513127958471735,0.0208457035495629,-0.99707755080096,0.00303105403857443,0.141524344222439,-0.0570531961423016,-0.00548546079060068,0.0155952553745781
7.06,-0.519097598980182,0.291627583731874,0.797381209900338,0.00828531262017764,0.00630806045966433,-0.0305635348214542,-0.981402157719042,-0.0502013080845152,-0.0766862989085824,0.0112163012743816,-0.00725242367431829,-0.0326009094715118,-0.992241713942605,-0.00767590471884863,-0.158600969052723,0.0145977866875201,0.0492170974612236,0.0193428398887572,-0.997628075863103,0.00348841200128316,0.1379286681753,-0.0549577054893625,-0.0165366281987965,0.0172919675214372
7.065,-0.515992951737709,0.298333347295981,0.79872825674873,0.00916443301284612,-0.000311600044369698,-0.0378910447670269,-0.984262232557635,-0.0485029195939827,-0.0749413069971258,0.0091750044375658,-0.00986315091497465,-0.0299119323183232,-0.992807528740304,-0.00896353825910472,-0.162145720945061,0.0238168707709697,0.0550842474833552,-0.00266419457754328,-0.995823594753696,0.00106302212854983,0.143564619748777,-0.0483308893125858,-0.0314046644498506,0.0181740743933596
7.07,-0.519404823327864,0.290241408122203,0.801852570432479,0.00182760498604883,-0.000311600044369698,-0.0423878567090329,-0.978373124128394,-0.0488517715889312,-0.0766443918809489,0.00459579170572035,-0.0139924399870833,-0.0281304251560668,-0.990610866083834,-0.00904429307501406,-0.162185468639409,-0.0047144889831543,0.0516604855656624,0.0163912722228655,-0.996015359852598,0.00054462628598314,0.145490760047959,-0.0426335299894997,-0.0311581421078296,0.0175757922906675
7.075,-0.516803430349086,0.285501569302137,0.802071868298122,0.00103131341448342,0.00121836440612641,-0.0415915653932462,-0.981896553869204,-0.0479904058080554,-0.0773004182222835,-0.00129438954346161,-0.0118916848803684,-0.0289358273148537,-0.988511094686796,-0.00691960816815301,-0.164663334143801,0.00365930736849947,0.0481714003833954,0.0108981586332247,-0.994814629100409,-0.0025917998346612,0.149789171054108,-0.0413811380048275,-0.026320998928976,0.0125474172641992
7.08,-0.520368054183161,0.292744274271364,0.797945624513639,0.0109228201115846,3.51681651936141e-05,-0.0430965892756359,-0.980307917192798,-0.0496064918602331,-0.0735532880286019,-0.00654883737945232,-0.0105193411934674,-0.0320095323711275,-0.9904938922858,-0.00360046228328598,-0.17063673728019,0.0217338433333507,0.047516679507099,0.00637952653907996,-0.992897083467717,-0.00337586370221438,0.14702857120965,-0.0434312179998247,-0.0184863089128219,0.0120044276118279
7.085,-0.518142621514518,0.29271057435098,0.799995446877825,0.00134216673387055,-0.00109571624651493,-0.036814960909785,-0.985354317611664,-0.0544952602367501,-0.0814162932979603,-0.00829661202431783,-0.00863897992149438,-0.0278361046251225,-0.987909142455933,-0.00614694540032763,-0.174268346328894,0.0204725121977094,0.0491390002762404,0.00238684664411981,-0.990689053713586,-0.00499663420433216,0.145644013235649,-0.0483413045398856,0.000947707371392797,0.0120044276118279
7.09,-0.521795436194694,0.289972488744423,0.799910945875758,0.000712805430999987,0.001685315461996,-0.0423770243268069,-0.982813011435894,-0.0483582186297774,-0.0833142806814755,-0.000598549842834473,-0.0110954246467539,-0.0293571923401858,-0.986804746746849,-0.0091181339778137,-0.171644226448702,0.0166196351381158,0.0476193152447543,0.00885700730880068,-0.991017881753863,-0.00814266086037013,0.149635069380632,-0.0461756149613105,0.0149683966752809,0.0123596851141479
7.095,-0.521153837357594,0.287004759739568,0.79736010567445,0.0022370975646188,0.000161022727443823,-0.0400775101381084,-0.985905270203418,-0.0512490464879137,-0.0828696061120902,0.00229982880020002,-0.0116685549942429,-0.0301575213670731,-0.986963411186836,-0.00677670221272501,-0.167457489451032,0.0366023377198894,0.0481650618710468,0.0133309241132635,-0.99231872755527,-0.00249525577409042,0.141506735954889,-0.0502246120168976,0.0316970064608003,0.0112100622775073
7.1,-0.523245882476415,0.285432105723608,0.800488176794604,-0.00297186418675106,0.00536998520035715,-0.0377110265805387,-0.982103506475687,-0.0506596317693881,-0.0817462603060099,0.00428822636604309,-0.0103998726673343,-0.0255575553580074,-0.98477590731515,-0.00701368615028383,-0.166332865400368,0.0501304642633925,0.0545177700607329,0.0127846589938626,-0.99256167528687,-0.00387065135353753,0.141854151419261,-0.0477303266074706,0.0433646666726774,0.0078705150035563
7.105,-0.52278501540836,0.288424105386476,0.803196863038771,0.0119652916645355,-0.00260699255080089,-0.0394568917682873,-0.981105034072321,-0.0501733766361223,-0.0750741430318905,0.00535552997267547,-0.0107164680957794,-0.0311218978530541,-0.985940529138599,-0.0101693322980131,-0.167609570041068,0.0417242093264584,0.0565472617745399,0.00933010238582187,-0.993765024427385,-0.0116068859453641,0.146180995208391,-0.0461574060480918,0.0396408278550335,0.00951062626680044
7.11,-0.520164831393589,0.288747595403649,0.802980589435806,0.00522694754647568,-0.00203897597768092,-0.0388888765119816,-0.985436435797048,-0.045907434866286,-0.078087579464865,-0.000181604663637501,-0.0147693514745858,-0.0248654530950246,-0.990232272515069,-0.010221469302891,-0.166067218541081,0.0415602488206261,0.0588235848276553,0.00895756913456977,-0.991591278583579,-0.00417529129806842,0.143211479901443,-0.0423651615273716,0.0358497090637684,0.00767751952891506
7.115,-0.522722402295606,0.290583944265316,0.803253443850186,0.00527017191871218,-0.00209660845935145,-0.0397219509860605,-0.984975159368602,-0.0498749107019209,-0.0743005326292281,0.00100488869790283,-0.0191701739367302,-0.0263069877304256,-0.99143991125307,-0.00950528270916869,-0.166575768795904,0.0431125839097435,0.0592892852123853,0.00271127830954801,-0.9930046827601,-0.00468122664410285,0.14735221063076,-0.0353363776250632,0.0316909204530602,0.00381656037686272
7.12,-0.519628212756527,0.291599195560907,0.798842276569027,0.00603655308038926,-0.000311600044369698,-0.0352254877980166,-0.985299212758341,-0.0491429457558159,-0.0725331019858549,0.0114869862891952,-0.0240236939653112,-0.0277141332626343,-0.991212890973658,-0.00899292428582365,-0.167717859565823,0.04200458151518,0.0567790156390376,-0.00074171201667838,-0.993505655041943,-0.00435300108868315,0.142717954005484,-0.0317256792866854,0.0323910714958649,0.00223087146878242
7.125,-0.518856269042602,0.286833729146077,0.800216692757727,-0.00128650172706196,0.000599527490568513,-0.0398948818666707,-0.985538838945363,-0.0481875029357207,-0.0695801972175906,0.00280331316369359,-0.0101528152709343,-0.0290674368899187,-0.991281602961463,-0.00209214246668553,-0.169881959619444,0.035514561189991,0.0575952189242478,-0.00315102829402147,-0.995084437368747,-0.00630486644243257,0.143599244228986,-0.0244710513503867,0.0296094942076775,0.00474013000807303
7.13,-0.515464848205506,0.287494549604486,0.800986876111662,-0.00534590053091839,-0.00153329409658909,-0.0348173592481217,-0.98430149256248,-0.0464522151187631,-0.0743731515158285,-0.00352978484050198,-0.00605150533713061,-0.0297422285887189,-0.990291658362794,-0.00296237554333275,-0.172200565782116,0.0355132601476065,0.0560812507613733,-0.0114674471550464,-0.9958137107026,-0.00585817911298619,0.14647595955513,-0.0285204042290066,0.0279897535501342,0.00555000033684465
7.135,-0.518931355476379,0.291697581065205,0.799658946381684,0.00637480430305004,-0.000772476158633743,-0.0379223171998114,-0.984729911345403,-0.0427507345139013,-0.0738579626695392,-0.0108562750694287,-0.00446734947756031,-0.0281983023461831,-0.990187440207999,-0.00368436605610403,-0.169937880816118,0.0408484205136036,0.0591707561420971,-0.0105222282714891,-0.996411018018889,-0.00433021102576233,0.147248897087916,-0.0268016212624885,0.0297412350773811,0.00666920248063395
7.14,-0.524970438490562,0.28819983666979,0.80454739552619,0.00218479227514011,-0.00135910260217248,-0.0394306958718782,-0.98783776671126,-0.0499051328268609,-0.076578859096619,-0.0154852983322791,0.00791743861779211,-0.0297594089538693,-0.989963421354022,-0.00844084227202195,-0.168164082112604,0.0546478174991082,0.0611886953347051,-0.00752683730907657,-0.994170084151941,0.000396473151614436,0.147586506779422,-0.0280717507676921,0.0259143295592633,0.00833934545516968
7.145,-0.519336748061346,0.283788114507313,0.798951361697489,0.00267446775458437,-0.000311600044369698,-0.0424998045591173,-0.98405787860532,-0.0517413863055457,-0.0782816730573161,-0.00952758094129601,-0.00511088188312979,-0.0241747702554428,-0.991230784959056,-0.00990457065238065,-0.171510052263119,0.0547765440804771,0.0567066309158518,-0.00371369365323246,-0.99802649000808,-0.00331153691655566,0.147348876711585,-0.030250171199441,0.0269990480530255,0.00974031885933917
7.15,-0.521581833212994,0.287417773195007,0.795528184914382,0.01714125099684,-0.00120233074787438,-0.0434865332358756,-0.982114517696641,-0.0500225207477739,-0.0809092778281056,-0.00648511929857488,-0.010338816718751,-0.0265368179084362,-0.990733376265264,-0.00777138300701163,-0.1750494259912,0.02519172488947,0.059740052008691,-0.0025000543442085,-0.998446799157167,-0.00454746250582097,0.146367563199154,-0.0313090373299591,0.0218952871067708,0.0139320325971027
7.155,-0.520606893097106,0.297394556339962,0.798862354565558,0.00943811231663643,-0.00275498814880848,-0.0373210151541995,-0.982638807723388,-0.052207962563633,-0.0753509839454697,0.00477153959551211,-0.012676540023232,-0.0267206825950708,-0.99157283819277,-0.00731933581589132,-0.171692248387243,-0.00187595590266788,0.0635202371064463,0.00124402303645598,-1.00042862799834,-0.00565096211956307,0.148203052290918,-0.0366198384850525,0.0236327648162842,0.0136410746968395
7.16,-0.52203656312865,0.285255258891637,0.797085083097154,0.00344638750204354,-0.00379251551608373,-0.0380148599441872,-0.983298786058316,-0.0499411262499975,-0.0758308523678023,0.00327375139816299,-0.0121453750454966,-0.023241791497145,-0.991473141667517,-0.00759398317466935,-0.171432182559123,-0.0117705554014561,0.0641515277081611,0.0136650980007883,-0.99763977776544,-0.00378470090113598,0.14517884781171,-0.0425187979209217,0.0180576178309049,0.0147920011045175
7.165,-0.519622594777539,0.287021744527252,0.800142808287183,0.00630726997453408,-0.00287815346094546,-0.038820224151426,-0.981644489168672,-0.0454673860384461,-0.0790149727979162,0.00742067167875702,-0.0165586116545114,-0.0243153666324702,-0.989893763397112,-0.0063949381179418,-0.168013928799464,-0.00100803833070947,0.0627459507497656,0.0131720446174358,-0.997800280237246,-0.00572206988327004,0.14530601477299,-0.0401966151172249,0.0114590420468233,0.0131829001860239
7.17,-0.521350580887163,0.292835042228935,0.796871649054395,-0.00501413014402951,0.00105838511768241,-0.0378924087447093,-0.980174257833218,-0.0494163603361374,-0.075980946089538,0.00265284107428025,-0.0127267778436832,-0.0285608929443033,-0.990440615216602,-0.00188201087210957,-0.16978001582005,0.0244281211071914,0.0638774260878563,0.0135897079035839,-0.997322959377604,-0.00034094531891403,0.140528866799273,-0.0456081252568931,0.0126375146210194,0.0123532375332698
7.175,-0.5216401373925,0.28415609383916,0.799859517342307,0.00744528585467021,-0.00519837625324726,-0.044185244439184,-0.984561978696599,-0.0459851407505421,-0.0809194678496781,0.00406238513959856,-0.00949476659297943,-0.0303833625935176,-0.989287831344004,-0.000422516784333325,-0.169742855293629,0.0465966798365116,0.0597060336126498,0.0134979175077268,-0.99419100917136,-0.00181013123844555,0.137940683017778,-0.0513982123853642,0.00791914295217993,0.0145742282955822
7.18,-0.517890318124731,0.278535380826569,0.802647619258579,0.0109193994286881,-0.00624898210132186,-0.0443205758927337,-0.980546056077363,-0.0495473667522733,-0.083228959916597,-0.00373103921115322,-0.00846798738686067,-0.0279090543705765,-0.989607156955935,-0.00114408207356216,-0.172060245581902,0.0574137272940848,0.0526137910621736,0.0156733216677451,-0.997314771541778,-0.00467061893810809,0.135246629328191,-0.0517941560304376,0.00312235068798769,0.0098896991092076
7.185,-0.520001600970706,0.28860090741847,0.796459772529457,0.0152450150447448,-0.00378168337419835,-0.0413399325405047,-0.984604122085911,-0.0498694275037149,-0.0729401915554298,0.0212737396559216,-0.0111893116628735,-0.0257435853604577,-0.993025671807241,-0.000682210439388292,-0.166703126682636,0.0527787897030839,0.0492170974612236,0.0186582691706724,-0.992719391175434,-0.00575981917532047,0.136437539728695,-0.0620679484766532,0.00291767735896596,0.00977591503135715
7.19,-0.516231811861187,0.294828592482911,0.797470812980204,0.0017295492027502,0.00343868512152619,-0.0372822607752124,-0.983006327338329,-0.0513528844036297,-0.0694439932513434,0.0197466762765604,-0.015179662148321,-0.0305811009401815,-0.990348064741732,-0.00999140940743609,-0.166971248365273,0.049760372223495,0.0503534083725876,0.0132849943521111,-0.996895402832265,-0.00686288459684116,0.135456709496752,-0.0621928157886854,0.00443335514992504,0.0134047078570715
7.195,-0.519540619952924,0.285707498421542,0.799347285831771,0.00790947568944964,-0.00275498814880848,-0.0388375519655729,-0.982053720180998,-0.0461441425975266,-0.0707581860774858,0.0204385926047913,-0.0128915119135582,-0.0261641050384842,-0.991159930125088,-0.0122355676149957,-0.16769369188498,0.0355783857459124,0.0542849853619423,0.0124482721136549,-0.995680582827915,-0.00340310406639409,0.134514290862361,-0.0582336170588798,0.00530734658241272,0.00944551116605031
7.2,-0.518922007357922,0.291671968326471,0.798022190363055,0.0128813196621206,-0.00377076953604801,-0.0414305405731985,-0.984484584205639,-0.0453193636409799,-0.0734060502024542,0.0154459467075472,-0.0119381546974182,-0.024809353601236,-0.990357822122363,-0.0110110632118043,-0.168274601104193,0.0262678163657992,0.0496570394843552,0.0102712797388479,-0.997037747186417,-0.00460294741227136,0.134792406778162,-0.0552757621691927,0.00345565909011215,0.00926518920131996
7.205,-0.520398402548545,0.289538637571124,0.799519740988997,0.0121106239803397,0.00264121498973311,-0.0404869648797661,-0.981937114848511,-0.0487423951439333,-0.0783125694053239,-0.00578164578274837,-0.0114936797852479,-0.0252707414329052,-0.988554482340971,-0.0115946503431538,-0.166089460399398,0.0354477008960097,0.0527753831197488,0.0224447775631153,-0.995014128633793,-0.00627676228012279,0.139309951027466,-0.0460445754863801,0.00644141665478374,0.00676715175826652
7.21,-0.522781148408885,0.283715122309198,0.801743445959342,0.0142266106622293,0.00310249302204393,-0.0419757021202541,-0.981935902760285,-0.0541804058865141,-0.0817101686246276,-0.00665279466001244,-0.00997430123961815,-0.0239948182114765,-0.986364347798467,-0.0109197503924848,-0.166539909428481,0.049269636349225,0.0524241870937602,0.0202456371930028,-0.996995055152473,-0.00554702465600819,0.137187110115462,-0.0438246646280943,0.00639318736832751,0.00404060721565219
7.215,-0.524124494853877,0.28549429564815,0.797677739709189,0.0134145683284428,-1.1696840303162e-06,-0.0435603752728547,-0.983695570277331,-0.0533142868639534,-0.0798601786272173,0.00242397439086844,-0.00944451460361901,-0.0245779289282104,-0.99035256740588,-0.00576700803210203,-0.16819666521371,0.0502452635743845,0.051302001546085,0.0178618865686361,-0.996145834271615,-0.0080561846188925,0.142282435005626,-0.0432875074356686,0.00624964983464726,0.00765864865343325
7.22,-0.523158924149078,0.290697424172754,0.793857071521783,0.0193093488308608,0.00196375787374276,-0.0439875714097365,-0.986832506384562,-0.0534065989668869,-0.0759026236284409,0.00159597812475151,-0.000888614517690868,-0.0295738206025509,-0.990309106366077,-0.00239222994642023,-0.169240391888385,0.0505078816182788,0.0541060959614482,0.00932430274117321,-0.996340124818651,-0.01014535606238,0.144774636294204,-0.0429917195231763,0.00312625958477691,0.00615825473224357
7.225,-0.522161622848589,0.282158747776317,0.80129808814902,0.0124832764267921,-0.00109722285779027,-0.0369573046929615,-0.982893666849609,-0.0531224222938172,-0.0795317584158742,0.0117405638098716,-0.011327306926251,-0.0302796907722949,-0.989642123705142,-0.00561708439390561,-0.167620016883807,0.0204377991954304,0.0553255677223206,0.00924670288601853,-0.990493279098293,-0.00495286539369613,0.142678567233987,-0.043810140750878,0.00170292912029869,0.00369522448416219
7.23,-0.517946157323614,0.283769976487386,0.802752526644705,0.0124832764267921,0.00256628009952042,-0.0423192150915485,-0.981142842684252,-0.0496901178804925,-0.0775485377459926,0.0128400884568691,-0.00705536687439148,-0.0309706529536238,-0.986615382312324,-0.00220178359774988,-0.168520554648343,0.0345909935745455,0.0549731731411392,0.0052856721817484,-0.993470685254237,-0.00492658903413848,0.146719342843877,-0.0467972832396001,0.00253141659128811,0.00867188734185551
7.235,-0.520215732653066,0.29165547928142,0.801215725899053,0.0101903092263346,0.00182483839775047,-0.0383831933140755,-0.981923964301096,-0.0448841432284768,-0.08052722656215,0.00840572697278966,-0.0109728863364718,-0.0264622197547398,-0.988119023863024,-0.00466659937861553,-0.171755643896178,0.0434941416136236,0.0527855734332026,0.00294532596097992,-0.996285094214479,-0.00914682790660166,0.143677816458389,-0.0479409702079825,-0.00216544362060922,0.00892642214470431
7.24,-0.523078624720717,0.287055108591163,0.798922394339247,0.0109088901904978,-0.00118060204694639,-0.0415192405838311,-0.984962447246941,-0.0443888780026506,-0.0780448757889994,0.00550992041826248,-0.0109192893158953,-0.0281245368682235,-0.989183604414179,-0.00473524329015912,-0.173614597155058,0.0448608058306313,0.0506958814902735,-0.000833701557730586,-0.997103674397642,-0.01106496399791,0.140274451312822,-0.0482967983770792,-0.00945952677266777,0.0064535328627237
7.245,-0.526811212201253,0.293158468126792,0.802269727915827,0.0112226432220358,0.000466560782544406,-0.0432699732482433,-0.981496035251684,-0.0502696360336558,-0.0768517149434413,0.00488325821420073,-0.00852373150050022,-0.0245503775261092,-0.99073092865679,-0.00624173540601749,-0.173912084621472,0.0499259492580295,0.0503548383296579,0.0100821041985799,-0.992148561317939,-0.0118153362868084,0.140207118999822,-0.0501210669528285,-0.00826080808444178,0.00820983261584876
7.25,-0.522520308990591,0.288192911037007,0.801543301770188,0.0149645865685189,-0.000991767156494862,-0.0415067515838601,-0.984561031435165,-0.0488344665568756,-0.0786231613780823,0.00273165386718658,-0.00863508863500291,-0.0272707245078372,-0.994421134918222,-0.0113744417562976,-0.173242755862824,0.0502119531774241,0.0484729488060587,0.0206938532806579,-0.999840820462158,-0.00872173676666356,0.144633967774866,-0.0541520866080635,-0.0123283525482304,0.00624668742568268
7.255,-0.521101156157463,0.288153701861229,0.799965862299141,0.013309448794403,0.000590757160880142,-0.0414652588377437,-0.98807244780087,-0.0519559059548592,-0.0777654939331828,0.0136536600232571,-0.00983309046416939,-0.0292741451846401,-0.993050523462236,-0.0163492233227489,-0.170878828737974,0.0612570121884346,0.0516936139793506,0.0222463165228042,-0.998406508001477,-0.01090143078774,0.144257463401056,-0.0531257971062834,-0.0140203444016317,0.00711764767765999
7.26,-0.518957553798881,0.294510857284519,0.800471276286952,0.015283874667911,-0.000311600044369698,-0.0401407015147159,-0.988610132692566,-0.0528298504828602,-0.0740010812163994,0.0246616698403701,-0.00704247307304128,-0.028522662343879,-0.99402132391916,-0.0205515655492299,-0.172632157488229,0.0360412156725714,0.0572652436949308,0.0324635469205654,-0.998352434017227,-0.0131386818436863,0.146841317651264,-0.0492953121972196,-0.0165181208367169,0.000507207145191438
7.265,-0.517683827063035,0.288251318513721,0.802006055580731,0.00844077237852446,-0.00251828051068722,-0.0397903170079708,-0.979655489601034,-0.0440363080907937,-0.0727971926523883,0.0227930424523302,-0.0068197571892819,-0.0313792154192924,-0.995896982606797,-0.0201899421359706,-0.174652448614874,0.0107649859970677,0.0566178811243427,0.0355470623781301,-0.995108702835526,-0.010334814129524,0.143053320153985,-0.0496437163962755,-0.0133763988416819,0.00574238482963068
7.27,-0.517647125227737,0.283594914632879,0.802190488691765,0.0144862680799168,-0.00568118370394263,-0.048838551756303,-0.9835499879925,-0.0453371347185671,-0.0763121423696181,0.0103445714811462,-0.00585574570132485,-0.0305473768501366,-0.990319519084539,-0.017592692562062,-0.170126215135022,-0.0142016909945284,0.058145967872732,0.0451326743426684,-0.991466371648781,-0.0111258817778307,0.147520965081011,-0.0457876830691097,-0.0219144464141133,0.00223087146878242
7.275,-0.522043970538588,0.291948306559092,0.798763216017764,0.0121736949339203,0.00213178992271423,-0.0441820858075909,-0.986239913526726,-0.0487835242011068,-0.082870491398163,0.00550992041826248,-0.00901570603356519,-0.029678463729223,-0.991726146816892,-0.0190118090637078,-0.168666303177786,-0.00798694640314726,0.0575726426767577,0.0466863694252783,-0.993115162997526,-0.00844680166682342,0.144899824503139,-0.0402150138578249,-0.0248039808075094,-0.00179383587157694
7.28,-0.51693498343715,0.2847505436777,0.797827904710035,0.00810901493521721,3.00777624181016e-05,-0.0411682594857699,-0.981649382977172,-0.054344995586185,-0.0873096154286394,0.00550992041826248,-0.00846682791880729,-0.028101656556554,-0.988094003093706,-0.01183545092986,-0.170320993956379,-0.00495135982925652,0.0535927921561885,0.042274940966469,-0.992871129714891,-0.00965545579195826,0.146292435077578,-0.0382886675314414,-0.0245266865256043,-0.00316927236156591
7.285,-0.523326497557228,0.283907157990689,0.800926795064804,0.00745170054926934,-0.00153329409658909,-0.0429803771947137,-0.986228685224049,-0.0536799704586269,-0.0830797131612461,0.0128381942878199,-0.013403816102462,-0.0305253553894879,-0.985644775178471,-0.00849429945700349,-0.169108211895402,-0.0117527095728278,0.0473755721826435,0.0352740624792218,-0.99864292945589,-0.00994780380989647,0.151922321109612,-0.0384142781732845,-0.020625205392784,-0.00271129872704376
7.29,-0.519927750315277,0.286137593692934,0.798243860452965,0.0094497440471481,-0.00153329409658909,-0.0399480274929461,-0.985505652896434,-0.0548865529694025,-0.0821310822187274,0.0230060589965073,-0.014359322292509,-0.0249005537318871,-0.986772418086314,-0.0109500067462242,-0.167715187505449,-0.0251259747464468,0.0392938164415925,0.0211861487049868,-0.998204625792663,-0.00847777872352577,0.146826512128447,-0.03193468806818,-0.0274674234895021,-0.00421450578862131
7.295,-0.524717224238472,0.287685234815114,0.798740003810488,0.0110561337988124,1.49180968137043e-05,-0.0414796200613492,-0.984441138520734,-0.051441542720118,-0.0820711482568679,0.0183862919429235,-0.011186744915184,-0.0289358273148537,-0.986950882067806,-0.0180895354517392,-0.16905604803719,-0.0270559174086916,0.0397911913867096,0.0224175132636925,-0.997762966571973,-0.00980355697643956,0.14500197273042,-0.0370366753626207,-0.0307998258050436,-0.00509929656982422
7.3,-0.522782614634211,0.291365278648703,0.7994889926908,0.00607261633703912,-0.00183548159858331,-0.0405243948511318,-0.982027278140383,-0.0445970647757204,-0.0847473603829095,0.0165051724761724,-0.0169435340558315,-0.0280462456883932,-0.984567192090622,-0.0156214424311441,-0.169956190614675,-0.0223905536296535,0.039066571343435,0.0180737613387406,-0.997988146335601,-0.00871416643926355,0.1436587669437,-0.0425500859780525,-0.0321717806982235,-0.00675587819561081
7.305,-0.520747268740693,0.289682617747647,0.799940291737735,0.00281968323120722,0.0030785771831198,-0.0384381746556729,-0.980363339846794,-0.0478637373855886,-0.084611180397853,0.0142245694181792,-0.0169877176912907,-0.0277141332626343,-0.984103355295719,-0.00985065062962382,-0.174605108324248,-0.00745177800833846,0.043779188509827,0.0154349952936172,-1.00191788053655,-0.00856940071263802,0.149534593958126,-0.0459746661187966,-0.0368218267566998,-0.0117993307383398
7.31,-0.519923232603996,0.287553223215206,0.799649086056606,0.0215260254969287,-0.00363853687119817,-0.0431390849500433,-0.983909507755834,-0.0544808254146465,-0.0823117285622303,0.00584917688275971,-0.00406480371420682,-0.027374876798137,-0.984591247079839,-0.00969448291165615,-0.17738401718793,0.00103234801862659,0.0492170974612236,0.00757705423624905,-1.00059704614956,-0.00544108735989933,0.14865151613627,-0.0461321994662285,-0.0354898613555292,-0.00900502338325283
7.315,-0.521683767921984,0.287137513145562,0.800615689352674,0.00786850254320211,-0.000583603852743478,-0.0403286821316499,-0.98427623486622,-0.0552732532132472,-0.0875004125603979,0.013888094548548,-0.0166512450732138,-0.0235256319547651,-0.986556712807961,-0.00974580227909176,-0.179615902346315,0.00178674661095948,0.0511674675447348,-0.00409041150651344,-1.00236869422302,-0.00273135761426281,0.149598821929414,-0.0429940582102042,-0.041217733481288,-0.0131242159485419
7.32,-0.522867777128446,0.283987754100102,0.801667821525423,0.0115338339379061,-0.00528074281248427,-0.0408265814185143,-0.983147314867032,-0.0561303493191181,-0.0868073176202484,0.0295873607641824,-0.0192683190107346,-0.0260616910245582,-0.98753775381149,-0.0107687053645579,-0.179939966332382,0.0065401605981648,0.0519198849517167,-0.00689020736101869,-1.0010505760298,-0.000544092512486728,0.150311430810706,-0.0400237292051315,-0.0466695051061944,-0.0123197974957813
7.325,-0.521358484591032,0.28442236921713,0.799168257784966,0.0112615823745728,0.00275700332652422,-0.0420482791960239,-0.981803970409842,-0.0495014693669967,-0.0826264099961052,0.0345429383337204,-0.0172919603179143,-0.024300604744413,-0.985842586760451,-0.0102802574887195,-0.177989089272704,0.0176113329863849,0.0503549611506434,-0.00908272356415074,-0.999644655141225,-0.00416102367908766,0.148554384684917,-0.0373866906801583,-0.0561646788277047,-0.0150665029365727
7.33,-0.521812784169757,0.285276594728228,0.800847264477429,0.0117009041247119,-0.000654650596310829,-0.0416089561062687,-0.990668006639333,-0.0495682947559396,-0.08207721839578,0.0242907343678296,-0.0144434717155082,-0.0256642118972987,-0.98626986198971,-0.0112883102838115,-0.176341925707251,0.0232430419298196,0.0495771814285312,-0.0105806712208781,-1.00033330039385,0.00167927850834512,0.160229316992281,-0.0332377261336731,-0.0634463093021281,-0.0188766994120634
7.335,-0.518985526822639,0.288697170221138,0.800886768238708,0.0110428940038079,0.00451105088883482,-0.0365054357966108,-0.988614390050168,-0.0517680137113623,-0.0846537143555829,0.0320396954409937,-0.0224103389766233,-0.0233504197798616,-0.987989211131325,-0.0120293671298519,-0.17314443896338,0.0330568358893997,0.050438791513443,-0.00947074665471459,-1.0040092976961,0.00248507437802469,0.158006760998525,-0.0284212782993121,-0.0692101833237319,-0.018539394139918
7.34,-0.520459896690122,0.286390783620652,0.801084818193615,0.0141497084095843,0.000853835683156688,-0.039661146283278,-0.984409529128201,-0.047239866585518,-0.0794978251194269,0.0326063517538768,-0.025941031627807,-0.0198197242045588,-0.992656530495019,-0.0192989396754234,-0.169330113629698,0.0354214651918718,0.0552450997709844,-0.00297089089159033,-1.00393914403715,-0.00292700361346217,0.156325832172453,-0.0253633931279182,-0.0815079329215455,-0.0173162408173084
7.345,-0.51955960542603,0.287667545499073,0.804515824604739,0.0121308546546772,0.00140739631914588,-0.0419034000777119,-0.983104598060997,-0.0497152689321331,-0.0834983715957545,0.0268793131681235,-0.0181256993734334,-0.02234688583585,-0.995181383188636,-0.0244665370605274,-0.168671115225891,0.031484801900967,0.0490665823431769,-0.000840895279814841,-0.995797627797004,-5.69346357612667e-05,0.154080221884821,-0.0216983109712601,-0.0927003223116104,-0.0210357444003019
7.35,-0.521744164510265,0.290243525616757,0.802554806817633,0.0181528170870232,-0.0035377507375168,-0.0417044456839624,-0.98317931231479,-0.052670848628767,-0.0814942888212454,0.0307260869514325,-0.0329532559947563,-0.0196016902779659,-0.9936488333369,-0.0234965231614077,-0.168264849076945,0.0209924060908944,0.0485805949323877,0.0106857817915973,-1.00191835618885,-0.0019280356196566,0.149232685453317,-0.0220181473116976,-0.101095383283219,-0.022203017026186
7.355,-0.524334149126905,0.288333485209688,0.801567768016977,0.0159302088610645,-0.000595220516150638,-0.0411102034203383,-0.983153438267918,-0.0511147565013372,-0.0777496233223763,0.0254128249618168,-0.0203042628978689,-0.022131487778908,-0.994329908120224,-0.0219530854274348,-0.171190656739889,0.00151345034259467,0.0503231732110474,0.0125830921922611,-0.999866150544592,-0.00106837068004384,0.144829056314678,-0.0198236832204238,-0.110168033149699,-0.022822281009135
7.36,-0.522918157036162,0.286844875096858,0.799908328068547,0.0117829393565137,0.00300591247699918,-0.0385569789305623,-0.984841047142089,-0.0478554775034128,-0.0801339109901188,0.0217894659311948,-0.0260022114609381,-0.0195597865553079,-0.988670299047345,-0.0159391518888285,-0.168133512816099,-0.0249763886249005,0.0479954034090042,0.0195855437360915,-0.996591240736422,-0.00300765439161919,0.136305511283301,-0.0177656307322494,-0.115791730101459,-0.0243788107735626
7.365,-0.523142085036495,0.288771710233287,0.797781931313357,0.0129328830023865,0.000460487660751468,-0.0383831933140755,-0.986703360895754,-0.048979869363626,-0.082752326623287,0.0205510830828562,-0.0212516736882954,-0.0240490473806858,-0.991486914790418,-0.01333907530635,-0.16665376184423,-0.033868763979185,0.0476626160354125,0.025208555161953,-0.998242527777693,-0.00676190446048779,0.127800584749804,-0.00599770615050715,-0.129320944030903,-0.0256866740585699
7.37,-0.518175319284798,0.287425656579584,0.795977270332704,0.0170412394799632,-0.00186210911494078,-0.0383831933140755,-0.982911055638686,-0.0514542068933306,-0.077231231498964,0.0251012576474524,-0.0278201848268509,-0.02489299294866,-0.987973285816892,-0.0147001432216835,-0.166177694041189,-0.0296370003035389,0.044281483536391,0.025208555161953,-0.997825906628695,-0.00539513132753994,0.127663380073094,-0.00948136672377586,-0.133635457438072,-0.0212119230739082
7.375,-0.517623357714801,0.283303271075104,0.799369477572916,0.0155247232675899,-0.000311600044369698,-0.0399167053710337,-0.983766192169332,-0.0497635672446062,-0.0818566884736517,0.0260120129511743,-0.0278201848268509,-0.024259822606697,-0.986855363538354,-0.0195746082424205,-0.170461428287143,-0.0254832990467548,0.047475040081729,0.0322218624113944,-0.995569574888435,-0.00220580040706877,0.120975381222066,-0.00540924566865309,-0.138852307811853,-0.0192166213671305
7.38,-0.519235412124296,0.282424497400299,0.800239294327741,0.0189527995316236,-0.00241073038524625,-0.039777016248076,-0.983689368462456,-0.0484005975058501,-0.0798519321239883,0.0342721396909663,-0.028844079011911,-0.0218034528990829,-0.984446554624066,-0.0237404585998094,-0.173388679598096,-0.0293938278187804,0.0479954034090042,0.0393807600701596,-0.997355730098896,-0.00256758756366344,0.112901200061522,-0.000239955951013118,-0.143739372491837,-0.012114666726988
7.385,-0.526893386281695,0.283495994813282,0.798671779239027,0.0172258044546244,0.000121150306631246,-0.0405380813311333,-0.987536629387134,-0.0502900088692633,-0.0834862497306634,0.0303075202004529,-0.0221966505310823,-0.0241702832346631,-0.981858783712721,-0.0214240337869051,-0.170106575194698,-0.0113619408527433,0.0475402589879119,0.0424639865458483,-0.997444690707454,0.000192204357762495,0.110792809146225,0.000178638084426743,-0.140528532234931,-0.0109806570569159
7.39,-0.52505214395341,0.286305041333588,0.797439812269833,0.0170355493307336,0.00290988953261456,-0.0383831933140755,-0.986341861647438,-0.0527391869828408,-0.0785244071904399,0.0348624103625411,-0.0274341595195545,-0.0248529033351534,-0.981113201564921,-0.0151277088013012,-0.171777632360801,0.00383958079836831,0.0410144448947619,0.0388190347533346,-0.991904626503798,-0.00760415134444223,0.112825617665828,-0.00309332769561542,-0.150475947281216,-0.00506481765050951
7.395,-0.523714321741291,0.289451750104409,0.798282667817676,0.0155524195336595,0.00669078286879082,-0.0338242003679989,-0.983553538432249,-0.0508172765950444,-0.0771964999434248,0.0358018403334271,-0.0349304328032928,-0.0196326319607897,-0.97836135786729,-0.00136075572939375,-0.169478574432192,0.0117538544047497,0.0454706473724774,0.0247036045705424,-0.990968614281727,-0.00468366830464473,0.114621392315587,-0.00581628084182739,-0.15035048568555,-0.000787294462161768
7.4,-0.518993375046562,0.292547384461829,0.795821158053311,0.0167894315997216,0.000208574304110197,-0.0361937946275876,-0.979776240789704,-0.0511356328589201,-0.0767132837267228,0.0308179555532041,-0.0277806910705445,-0.0207315160283755,-0.980391527326206,-0.00112574782018928,-0.168089610563058,0.00390013586640036,0.048960206099034,0.0213493444018338,-0.990378981922233,-0.00471146435522899,0.114484787559598,-0.0104790862419112,-0.139300554962389,0.00165260438692099
7.405,-0.522926589865501,0.290403058165456,0.804323221173973,0.0135451101498198,0.00579687394201756,-0.0385430536432672,-0.983758090152268,-0.0550773798742596,-0.0791931722582143,0.0277715801254325,-0.0245618319173769,-0.0210633445749652,-0.986006461143578,-0.00296188133373117,-0.167680009732184,0.00805773109673456,0.0484581330341759,0.0102705813096367,-0.98203730569562,-0.0053022268678771,0.116254741819423,-0.0229251998452456,-0.133284215790704,-0.00122972927815834
7.41,-0.521227146532506,0.288492587771534,0.801579456955218,0.013376227828384,0.00356449492750166,-0.037372509713209,-0.98200682264211,-0.0525797198371656,-0.0744180921376175,0.0303660173899837,-0.0269757753239259,-0.0188299056057477,-0.989328188472248,-0.00031850120038344,-0.163045284577748,0.0152235068473318,0.0548856407588917,0.00688313692808151,-0.98677089012043,-0.0100667890914883,0.116644662832463,-0.0450550574983401,-0.118674831112195,0.00154774840050725
7.415,-0.520149354980047,0.289010042132699,0.8011649688647,0.016458124060935,0.00198558814506802,-0.0365593331344988,-0.977952922052784,-0.055226411973347,-0.0756883055481815,0.0326520433872885,-0.021660450448172,-0.0235706216767404,-0.994163285866575,0.00542461314834988,-0.161231594444345,0.0202587873908904,0.0565472617745399,0.00688313692808151,-0.987227101017886,-0.00822623021679276,0.120844889424566,-0.0540187336311807,-0.108032062126366,-0.000212516635656357
7.42,-0.520424003018678,0.284094844929135,0.800023705395123,0.0152753598419203,0.00440083090392384,-0.036288499456095,-0.981998951297815,-0.0542340531121445,-0.0738069802465404,0.0305355945229357,-0.0202927586823896,-0.0220001805325234,-0.995328230737661,0.00886749998755568,-0.160018644452734,0.0224215873944929,0.0526956772280417,0.0126605137478288,-0.984872127581217,-0.00783821020516,0.129132763277532,-0.0640083407415804,-0.103037254469587,-0.00492851393055072
7.425,-0.522488176709859,0.286996821763579,0.797329549239461,0.018733622914841,-0.000169725896370081,-0.0362235535056359,-0.98453526934595,-0.050433412642846,-0.0731154213924475,0.0322680231229825,-0.0236783847397021,-0.0222015477395408,-0.997538037750182,0.00882075602637251,-0.158883793265596,0.0199247477344572,0.0528411099983997,0.0116056346590309,-0.987939720566041,0.00223207761802818,0.133164396937267,-0.0718324863165798,-0.0898060393332711,-0.00636568747462653
7.43,-0.520461553342067,0.287455074939447,0.802114913585954,0.0207122001407953,-0.0031343079017145,-0.0388325711517737,-0.985169020412301,-0.0494828452769666,-0.0702357685521303,0.0307400181645411,-0.0222467412890005,-0.0272886434390001,-1.00184770286417,0.0041316551138024,-0.156813113123457,0.0227729182129978,0.0520423548307594,0.00917435251866373,-0.988939000258032,-0.00122754221200486,0.134342947344254,-0.0720567605131815,-0.0765872451637123,-0.00803957377810936
7.435,-0.517703823544595,0.288229675086569,0.800968031896552,0.0207236105682325,-0.00395226584338144,-0.0396048873662949,-0.984228791889503,-0.0506889433983363,-0.0695090577738909,0.0254794725986515,-0.0255880114036593,-0.0264924354851246,-1.00147468181174,0.000107010258693071,-0.154673223520873,0.00905914473854487,0.0528821796178818,0.0107157159996049,-0.985454187214023,0.00108686535276385,0.134492393688559,-0.0635064332898826,-0.069352147908355,-0.00564207611911238
7.44,-0.521048080338241,0.285181992105749,0.804534309429806,0.0156357166411607,0.00177726426584511,-0.0375160246484632,-0.980679474673427,-0.0426000664849614,-0.0770153114208086,0.0287412939324416,-0.0159849002617815,-0.0234286123759381,-0.999466550478582,0.000675393626550947,-0.15286626343326,0.00481662356874229,0.0519029291568112,0.0081048309803009,-0.985358267232406,0.00244274728791083,0.138840463343183,-0.0540698899562514,-0.0598735542575016,-0.00605967409249965
7.445,-0.51588606751765,0.291568934948793,0.799500823243884,0.019343496588651,-0.00259833893617051,-0.0418916295057183,-0.979561034101259,-0.0445708834525474,-0.0717433503672014,0.0262787286192179,-0.0200868286621247,-0.0247210328434685,-0.99504022006831,0.00498956910945641,-0.153835432471342,0.0426614719586393,0.051120234123234,-0.00470351778671424,-0.984909654427093,0.00253041838981334,0.145490713691022,-0.0451241941253684,-0.0541283069053607,-0.00495683721171895
7.45,-0.51597334325343,0.28877794636663,0.799228913019155,0.0184199496965362,-0.00289624723125062,-0.0408265814185143,-0.983702958930005,-0.0452938539206288,-0.0758633885314515,0.0275681951410457,-0.0159652869952934,-0.0284382322344198,-0.99366629888241,0.00323014167527634,-0.159436542217665,0.036754457563273,0.0457657752403212,0.000705998895371053,-0.988970833914099,0.000458635698961473,0.149784783075855,-0.0492484286624355,-0.0462162599158701,-0.00231948470713087
7.455,-0.517309031114932,0.293241648979526,0.79930193600983,0.0199417147365943,-0.00211155404435504,-0.037739759209622,-0.980578072752152,-0.0416203073471809,-0.0726898434114018,0.0276936934198189,-0.0166316654511821,-0.0275208617951484,-0.992409835242896,-0.00160793059238935,-0.168244078880882,0.0172492456461438,0.0499258027518012,-0.00533381104469299,-0.988764652159367,0.000810583851175763,0.15506912017907,-0.0517058792917902,-0.0435604378581047,-0.00280801256521517
7.46,-0.516050161676994,0.286644413404751,0.800860685581035,0.0133537792260922,0.00283118218917729,-0.0401301793914269,-0.981906718993323,-0.0510099165394141,-0.0738280474650513,0.023204262122558,-0.0159969891196461,-0.0289358273148537,-0.989895526708319,-0.00778196939808196,-0.16945732760346,-0.0199888443041644,0.0573116134116844,-0.00729747444419052,-0.991030689730595,-0.00577427085166736,0.162852381445136,-0.0560807870091348,-0.0349201765011412,-0.000997514422817747
7.465,-0.517661599037003,0.290171352896029,0.802023051051258,0.00562745358911514,0.00410083375754595,-0.0346032203205917,-0.980281803876793,-0.0394441214904141,-0.0794675930369091,0.0266877548902109,-0.0131598562002182,-0.0237754659119842,-0.987508836885276,-0.00765765605339354,-0.166084119684288,-0.0221943846381457,0.0576750085232897,-0.0157657522280203,-0.993021912581443,-0.00942800497910735,0.162125980807588,-0.0684961912654721,-0.0286013085628098,0.00115857379782793
7.47,-0.523233138821751,0.290711228587403,0.797813752203698,0.0105990398488656,0.000464882465184632,-0.042493490738689,-0.982265941446569,-0.0479712839485195,-0.0771217247160834,0.0193269100220112,-0.0114731593958894,-0.0309575425040101,-0.986288087952336,-0.0056838122715141,-0.163569888395484,0.00307940236518932,0.0554129577528704,0.00717384823808825,-0.995336454180619,-0.00966941348358797,0.17118932511472,-0.0796029156704193,-0.0240133181214333,0.00309444979313571
7.475,-0.521581034611146,0.290649393723917,0.799519986847341,0.0144669651653869,-0.000311600044369698,-0.0402219945027419,-0.979409258679765,-0.0484272256886501,-0.0760656719180553,0.0147704053772318,-0.00901218460378907,-0.0294184063610044,-0.984552696477869,-0.00057554498018845,-0.163361779489184,0.0500333065994047,0.0542727247405948,0.0188914940611827,-0.99557871855292,-0.00898202573700254,0.168444778143087,-0.0958505602512622,-0.0220369394520602,0.00157207857899141
7.48,-0.519426129256272,0.288996756187491,0.797606639253332,0.0159790328340659,-0.00346869975218454,-0.0394355598833471,-0.979694212944065,-0.0493685188186908,-0.0761593877588401,0.0190112921623134,-0.0146374400065201,-0.0330499610276239,-0.984629704243722,-0.00192965829951153,-0.164530096508008,0.0551084001428924,0.0523694169263269,0.0261939387606175,-0.994570605156084,-0.011273226446522,0.173165727410492,-0.107093931120459,-0.0203482359647751,0.00100917741656303
7.485,-0.521217678356764,0.284902494021077,0.798490351845943,0.00567344692384773,0.00994031073231456,-0.0302773367143764,-0.98932037012696,-0.0483039130429213,-0.0767679191245987,0.0188872363020597,-0.0177400106423482,-0.031195242583638,-0.989160950012491,-0.00578760950398787,-0.165290982080396,0.0313138124134204,0.0557353962428396,0.0251573265968881,-0.995529481419575,-0.0147796198968453,0.173167063019113,-0.113119982848525,-0.0257280253239303,0.002436290635599
7.49,-0.521357757919901,0.285185699153047,0.797312061425814,0.0109388685892054,0.00241827994563787,-0.0347905549570145,-0.987513157545615,-0.0443637029202445,-0.0799738930282745,0.0181362241006821,-0.0139849450553631,-0.0289422059795049,-0.992606731555643,-0.00706518325232054,-0.162071064969116,0.00427577660229325,0.061743846100665,0.0244062703646599,-0.997577583705624,-0.00991849899085181,0.18012567417093,-0.10936557757025,-0.0347385870014894,0.00619069362422762
7.495,-0.522180362991972,0.285848330796418,0.801683789443266,0.0100264064386999,-0.00374043184775741,-0.0386329244293016,-0.98593504988881,-0.0430769963914635,-0.0785055606881707,0.0149203285765616,-0.00913161781532849,-0.030520670144724,-0.994648603534854,-0.00575507523037835,-0.158666502398618,-0.0121857857529779,0.0630548859649211,0.0267125066766064,-0.997171898464604,-0.0110438607908031,0.181527210857623,-0.105234300877736,-0.0445214739007268,0.00767846892290877
7.5,-0.51988721673887,0.290110902301507,0.801887954720989,0.0105585232551679,-0.00519837625324726,-0.0415795726400152,-0.982382775104243,-0.0453937139536046,-0.0738653782077811,0.0163492537122839,-0.00985870983683781,-0.0326009094715118,-0.99425872012017,-0.00509314064044872,-0.158006498819759,-0.00501332878466359,0.0566197762046531,0.030936892366653,-0.997872157425214,-0.0119506845135997,0.179007109049595,-0.0974877532350104,-0.0518161524210219,0.00644386000685207
7.505,-0.519807590798681,0.291075135636628,0.803393652902215,0.0102975318026728,-0.0023062267422926,-0.0439763788699937,-0.983412294041253,-0.0509579782182242,-0.0745778062992987,0.00815133008945358,-0.0127687156620218,-0.0334314653709163,-0.993265095985904,-0.00803234850382553,-0.157625879912483,0.0151312476213243,0.0504579572325996,0.0373871642458337,-0.998554895801781,-0.0112522430411168,0.180882069123205,-0.0870523831957287,-0.0639914739426455,0.0114001638343213
7.51,-0.52310011724683,0.288014850689137,0.796888892158438,0.00272135808436753,0.00454026532600041,-0.0432583356871068,-0.984995737504532,-0.0450305957011389,-0.0806216691224817,0.00547042455575224,-0.00955401050717884,-0.0302167651608384,-0.995814251047677,-0.0151011026318157,-0.162922328749566,0.0115354896781857,0.0480362869723597,0.03514564183313,-0.999916143379671,-0.0100869274263183,0.179144296195596,-0.0677679774891636,-0.0819734703114391,0.0144478157162666
7.515,-0.525061034824765,0.285898437403405,0.800134753262614,0.00604660800288295,6.40171716047153e-05,-0.0428943560322689,-0.98650048344481,-0.0558859058687142,-0.0782034433663113,0.0148253699047548,-0.00789127401178721,-0.0353497783150638,-0.993147908981127,-0.0135567782599327,-0.16511656212497,0.00181042960126926,0.0478565881761028,0.0352042541545817,-0.998707239256538,-0.0111781792634637,0.183450882181202,-0.0597719556833104,-0.0916857935229365,0.0203551744732215
7.52,-0.523194382582787,0.286055270983065,0.805738840631056,0.0125077347530467,-0.00317852525320183,-0.0420238180571563,-0.985781764945328,-0.0551916187498904,-0.0808265415218972,0.0211844930485109,-0.0101709247440681,-0.0355898348242772,-0.99518672655096,-0.00696957481160692,-0.167550313464517,-0.00517857978459287,0.0496811882626622,0.0409200023189966,-0.994910939103808,-0.00837144854575907,0.184859548219745,-0.0527162684151645,-0.099769284343575,0.0259404664255567
7.525,-0.519199827029512,0.293278886532126,0.805308878668244,0.00396820299795819,0.00332589317342599,-0.0444640764849331,-0.986224917141991,-0.0441065093157107,-0.0778296344540393,0.0286370260597168,-0.0155394262012943,-0.0302213393407031,-0.997556653913863,-0.00249605650276631,-0.165629102963259,-0.00589310027121457,0.0397881999689038,0.0540983991493023,-1.0002809990994,-0.00600490972797388,0.185536076698772,-0.049797285348177,-0.0952584779499123,0.0348297469588373
7.53,-0.517182272217885,0.289646337036025,0.796510970857092,0.00665318638674544,-0.00139410307341155,-0.0397440783894724,-0.986256946809353,-0.0487427389554774,-0.0796438513374626,0.02326309768931,-0.0116134301330864,-0.0310544888745947,-0.992882904384134,0.00166956293279447,-0.164819131398167,0.015109360532393,0.0516604855656624,0.0569814339417752,-1.00516272626347,-0.00786388480568027,0.185408475993403,-0.0433280939078796,-0.102847501027209,0.0370840492118684
7.535,-0.523054010287964,0.290645046059373,0.801111476253033,0.00775421362385721,-0.00606541278054539,-0.0420352011166756,-0.983064510490353,-0.0498277353704253,-0.078519147550728,0.0250570327043533,-0.0107164680957794,-0.0321549480878204,-0.99040321096099,-0.000223159334044649,-0.168412190928231,0.0283386553070553,0.0535941172006143,0.0513738981094204,-1.00210061904644,-0.00842613244338496,0.181224416878911,-0.0486004583768614,-0.102750445677282,0.041973246425523
7.54,-0.521225612147486,0.291049546139412,0.802530976087225,0.0104565036282515,-0.00561499296686056,-0.0457133613526821,-0.983624717452835,-0.048553308693105,-0.078211752942245,0.0221067260970454,-0.0107164680957794,-0.0338226035237312,-0.986533604304719,-0.00206020246657878,-0.171461678674778,0.0352703051955391,0.0562884588230793,0.0380877461538888,-0.998480738247908,-0.00564331516624154,0.181102502737624,-0.0535671468745828,-0.105413171450967,0.0428260187638014
7.545,-0.522828847942172,0.287729529781488,0.795034657190122,0.00947018132924138,0.00289771909075821,-0.0453715378198401,-0.981259802248661,-0.047301598714816,-0.0766416434944511,0.0178107803966965,-0.0222620976715362,-0.0237504061356945,-0.988893339334363,0.00187613648154149,-0.172486012873374,0.053213429009749,0.0508835323019369,0.0363308778792206,-0.997161657323671,-0.00815655641285738,0.192753267012594,-0.0509893680542935,-0.108320115421159,0.0498670876881055
7.55,-0.521736553960002,0.286931622568586,0.796219493420605,0.00505272861661622,-0.00115952307512436,-0.0416745070348258,-0.977957981033902,-0.0482662395552677,-0.0761162198249021,0.0176040961561702,-0.0131598562002182,-0.0355937596721776,-0.982994674755487,0.00327244207959263,-0.173172718378202,0.0668772380576873,0.0571055656357008,0.0361337496131915,-0.994769516511888,-0.00503301015318011,0.187451608006115,-0.0425649328525228,-0.111596543677375,0.0468716299159622
7.555,-0.520870276347511,0.284748418599385,0.797837252830801,0.0068885800576347,-0.00101951834200443,-0.0415345018747919,-0.98066324787216,-0.0498051223888096,-0.0738566810548082,0.00998758027194719,-0.0111227514581587,-0.0304274358555156,-0.983267786248654,-0.000439240422493758,-0.175803696530907,0.0769477288858376,0.0523191609497795,0.0255802603980256,-0.995274608013799,-0.00706850934308896,0.187809830990863,-0.0375703334629156,-0.116266268651495,0.0449901781976223
7.56,-0.522091460461861,0.284761933920029,0.800626961670197,0.000428494014628865,0.0034219639419502,-0.0390751222575036,-0.984853408915366,-0.0495048428365909,-0.0771550368907025,0.00288587059662995,-0.00757189445765344,-0.0286755693302973,-0.985400056684628,-0.0072336662900214,-0.174410380851115,0.0709296583049549,0.0575896745034738,0.019940670126159,-0.998905174685121,-0.00812994902630629,0.188027072513236,-0.0382013462138195,-0.116241097314049,0.0440688281570323
7.565,-0.516244655481913,0.287399113911181,0.799187568303426,0.00749980906833125,0.000620026147035159,-0.0383831933140755,-0.984476159951854,-0.053145123023253,-0.0732254379141386,0.00645732838093299,-0.0174980558774218,-0.0266295796180431,-0.987537838675093,-0.0180099724812528,-0.16884374590843,0.0613562316571653,0.0636822131685765,0.0032668580012433,-0.992850389965638,-0.00659046094219432,0.187880420002499,-0.0338269701465562,-0.124280560134227,0.0448430364854217
7.57,-0.515257447606983,0.290154630680268,0.798230984053274,0.00598860267744881,-5.15776528275513e-05,-0.0379969919828835,-0.987643865721691,-0.0527229968977029,-0.0815185900763874,0.00219346442319943,-0.0103648263119888,-0.0292844534764488,-0.99359523086832,-0.0249007191645885,-0.168004693307387,0.0327944193030856,0.0574053345598518,0.00380562269599194,-0.992734535121964,-0.0119247158942238,0.185475647560417,-0.0308419575034161,-0.127561466141665,0.038585815010103
7.575,-0.519764303778619,0.288951512165688,0.799165758562622,0.00802320086349974,0.000774213466540995,-0.0393140670993764,-0.986259385105124,-0.0537613031907561,-0.082014448940841,0.0030665323138237,-0.0162917246950269,-0.030846005956211,-0.994150527339411,-0.0236446267831895,-0.169258573757192,0.0230574407718793,0.0548373616841793,0.00721017956266401,-0.992557540141918,-0.0130262436428577,0.182061616165611,-0.0276447943598926,-0.129791144864551,0.0357667251290759
7.58,-0.516339409919731,0.285717332655423,0.802124730023877,0.0110367257758321,-0.00275498814880848,-0.0428202597079367,-0.990926657608442,-0.052718891229416,-0.0839963164933424,0.00886371375855127,-0.011993954716606,-0.0294468225864519,-0.994963756448114,-0.0131544311883241,-0.172331750588355,0.00927467554561173,0.0537803536440535,0.0108476104267969,-0.991958846378136,-0.0136310341628582,0.179508118023978,-0.021118325086919,-0.129140773599322,0.0294907267874987
7.585,-0.520403329180586,0.287261162776021,0.80458620031827,0.00890757054815965,0.00657168167495932,-0.0402305283768054,-0.985561645347463,-0.0559300582176349,-0.0892847200473431,0.00883816290227052,-0.0144405333054235,-0.0313202252754812,-0.99183659882112,-0.00420302036619093,-0.1726635455211,-0.00445344616941051,0.0577316640124693,0.0202471953244953,-0.983196873990686,-0.0161422693688052,0.178202942135927,-0.0203919168900822,-0.132710253274902,0.0266478218309353
7.59,-0.522762074994448,0.287758961335906,0.798434657641998,0.00889554642397589,0.00319877652352916,-0.0424350468932125,-0.978789787487341,-0.0522880058886103,-0.0854193059475442,0.0276705103153929,-0.0173429686397942,-0.0305054666584939,-0.988794662265051,-0.00787620974438812,-0.170160850223547,0.00692048826833468,0.0568555731965934,0.0169534547022191,-0.987344592560437,-0.0163101194524452,0.17926864133314,-0.0123476777652318,-0.130012094471793,0.0248657918234551
7.595,-0.522750543458163,0.287682692887189,0.79677240260408,0.00637480430305004,0.00401493284363149,-0.0361693247427625,-0.97743112467269,-0.0496472535367318,-0.0851894369661527,0.0311655066907406,-0.0230541551446987,-0.0313792154192924,-0.985712432875636,-0.0122100471624918,-0.169295454926879,0.0147540370243092,0.0584190959921827,0.0109626004142809,-0.985137166357123,-0.0181245422364569,0.177532372972581,-0.00141337401785914,-0.129079043865204,0.0242576515963602
7.6,-0.524197202826093,0.288106985078551,0.795548424929699,0.008279109290715,-0.00194636238487992,-0.041778736452805,-0.975653082704315,-0.05050430432288,-0.082825921637157,0.0330126810989325,-0.0213843392398808,-0.0350735642356763,-0.987956668886277,-0.0175755585611484,-0.168911574939744,0.0127062832637639,0.0526581472798953,0.00177232838121746,-0.983749226213291,-0.0234792869333298,0.173373393116408,0.00273558124899864,-0.128193563798208,0.0263285532413629
7.605,-0.522176887158858,0.28760909935829,0.793952112320018,0.0098678688069905,-0.00607603673154311,-0.0433559825074802,-0.985826737412622,-0.0508679632445227,-0.0798005331263007,0.024122560036936,-0.00191945323996082,-0.0338800477656589,-0.98526274512659,-0.0191590646592408,-0.171170406972388,0.0025791181687573,0.0553255677223206,-0.000465307870389001,-0.978250952646438,-0.0196107208587036,0.178709849621299,0.00635916147336869,-0.120610189448612,0.027872621901186
7.61,-0.518578058423878,0.290291254300898,0.79998434558114,0.00882155146598972,-0.00112494326721183,-0.0436749656417082,-0.983154009117101,-0.049018232508607,-0.0812164236406539,0.0280572961742825,-0.0220890124789276,-0.0324031749862179,-0.986278003247273,-0.0189900690048965,-0.171288332479795,-0.00192279138124829,0.0553255677223206,-0.00219380182113164,-0.980141818340161,-0.0199733861676005,0.181687604476666,0.00160037231742331,-0.107656155391042,0.0291946355501048
7.615,-0.518184473135756,0.290834243654329,0.800984652657517,0.00981363246551944,-0.00103557472294594,-0.0449441801179322,-0.986639223742324,-0.0523170416147584,-0.0788469222156046,0.0280012255871405,-0.0243220368905889,-0.0299640082838234,-0.98611818318493,-0.0186179361240292,-0.173309680190484,0.00603888233355989,0.054036788232297,0.000841752104788738,-0.986760469590202,-0.0190891814721658,0.184718161582227,0.00268267683626606,-0.100250194903449,0.0352695283702847
7.62,-0.518274447306026,0.289364695186519,0.797599124421522,0.011821550638435,0.0014700639662081,-0.0419294587973866,-0.983626101319176,-0.0544594631055249,-0.0794668928077652,0.0263101374416408,-0.0282900105730726,-0.027745540222412,-0.985144532723018,-0.0160451518313098,-0.175676664497227,0.00578436946800144,0.0557128347629701,0.00199636071920395,-0.987255319182243,-0.0215295382803192,0.185986957564516,-0.000631183319264094,-0.0902547290802419,0.036736637420482
7.625,-0.520437834991349,0.285957886458847,0.802071720153897,0.00649820233960221,0.00103125909194938,-0.0409488629326574,-0.979168382337803,-0.0560371896572684,-0.0755217124753796,0.0305961854167865,-0.0238704353059769,-0.0246183686546399,-0.985546080115234,-0.0127651481439388,-0.177862742270792,-0.00327127708873309,0.0565972705621672,0.0034180899219323,-0.98649504337149,-0.0159354456872248,0.188732120604788,-0.000957356208625754,-0.0787667602176402,0.0291638549448318
7.63,-0.520994685962169,0.289176225281334,0.803517330306288,0.016616714930571,-0.0060984147059012,-0.0420482791960239,-0.981201050267162,-0.0564694345113826,-0.0763485210950724,0.0260138671425146,-0.021579281990831,-0.0299268627233195,-0.987723307422458,-0.0106525570893647,-0.176494126687817,-0.0240312284853557,0.0567662948610015,0.0071021700145431,-0.990101754004773,-0.0154490658535404,0.182874590751976,-0.00308822089147089,-0.0682789962941606,0.0315515398979187
7.635,-0.523830680590753,0.288799371922955,0.799598339980155,0.0139467765686465,-0.00104334983638291,-0.0391212777966592,-0.983353748853576,-0.0571373139016149,-0.0782038116913641,0.033271846858944,-0.0227508684408098,-0.027896664404869,-0.990561839633276,-0.00171260626120222,-0.176389994090286,-0.0088942746429765,0.0514248214883127,0.00845832709632536,-0.994001325669643,-0.00870267857494285,0.176646271374666,-0.00581628084182739,-0.0694373536228201,0.0283128598068137
7.64,-0.522752774543822,0.287994848064878,0.797993723164405,0.012952490206579,0.000440880406908474,-0.0401227610171024,-0.986474914887608,-0.0526240484248398,-0.079229602358698,0.0348305888473988,-0.0217117071151733,-0.0260732882055553,-0.989388667805666,-0.00375705258551647,-0.17995957742402,0.0125926976608377,0.0510750715704818,0.00805396491844276,-0.994246311087031,-0.00805226532875214,0.168459753380801,-0.008544778041263,-0.0747001062966105,0.0208955756773202
7.645,-0.521570774839329,0.286393255632001,0.79872853028667,0.0171078248030932,-0.00378001000457526,-0.0417860494008508,-0.983308292958378,-0.0529702983892653,-0.0794243021162778,0.0301345329464083,-0.0277057524094946,-0.026530579663014,-0.992310685623825,-0.014436769119972,-0.183738964134774,0.00733815488820733,0.0528986096504841,0.00693242702588834,-0.995993046677657,-0.00754065433635466,0.168347476921337,-0.00826381491906145,-0.0838473273361381,0.0108117552933222
7.65,-0.518782274274979,0.284627340699587,0.801095938141254,0.0128987235021639,-0.000727047119741407,-0.0375769463372278,-0.983611855668733,-0.0554602727891827,-0.0778080357753879,0.0352812680811591,-0.0229985753429655,-0.0277141332626343,-0.991475718743488,-0.00525500010351989,-0.18545967487501,-0.0112479726619683,0.0541038736701012,0.0108920864812222,-0.994429870837236,-0.00369041429730491,0.168167600081119,-0.0094085443182649,-0.0898796566549956,0.00794289418193509
7.655,-0.519893388624671,0.285995163848871,0.798771060259778,0.0144062990600919,-0.00153329409658909,-0.0397858494069625,-0.983682063183747,-0.0542764762147469,-0.0797901692787416,0.0329356399471742,-0.0258760592975759,-0.0270408763616849,-0.990165666429651,0.00378550731985554,-0.181042834066349,-0.0183089689620982,0.0521803308143388,0.0156170027587675,-0.99149721677263,-0.00334450803989629,0.16946649765819,-0.000943604745420544,-0.101585635715574,0.00223439696121761
7.66,-0.521179226788533,0.284847024176613,0.79961820558535,0.0189594585325408,-0.000525096405519691,-0.0418347821838632,-0.980670519750635,-0.0480238083487061,-0.0759486793599482,0.0343490525154249,-0.0243780176138948,-0.0294352161349422,-0.986402531730908,0.0064368762602483,-0.176271260854718,-0.00493629482321634,0.0495057972636144,0.0218990676503417,-0.991361033019852,-0.00426617880577658,0.171653521089382,0.0101322956399822,-0.101659177243235,0.000127031653882443
7.665,-0.513587039657754,0.288411003205365,0.800067793422152,0.0172054725269713,-0.00486921231056012,-0.0417191147514799,-0.981274272743007,-0.0467068728173407,-0.0716320371145526,0.0322456391663394,-0.0138676632199987,-0.0310960922660513,-0.989340024059772,0.00231920133635558,-0.17874426168134,0.00799297329821773,0.0454539043070364,0.0273576326255463,-0.989037510547726,-0.00666962911137606,0.180542489201453,0.0225987919896772,-0.0918323487911518,0.000851128189269164
7.67,-0.519237555883933,0.292047957485713,0.797583553776073,0.0139118898004358,-0.00051851784413024,-0.0396048873662949,-0.987738710688632,-0.0487799183060756,-0.0729542997708785,0.0311655066907406,-0.0179995822942943,-0.0285129142163192,-0.988330231584333,-0.00243887190799856,-0.176532301203824,0.0062919555510137,0.0420190600620168,0.0236016521531088,-0.984156250691958,-0.00485338679346115,0.18705613667793,0.0304630715530939,-0.0637211532550963,2.96113464902136e-05
7.675,-0.522938372481813,0.291120643480988,0.796488109652758,0.0115753717528645,-0.00202071041358603,-0.0365339198131585,-0.981590633621679,-0.051008931704944,-0.075293970962538,0.0274411828424833,-0.0215621588277858,-0.0306935905241987,-0.988415666254253,-0.00709347075548248,-0.175840745156807,-0.00888890529261824,0.0391372403625608,0.0184909809648948,-0.980105312016087,-0.00328877386298276,0.188154277352453,0.0416299772295899,-0.0504328012677808,0.00345256552100182
7.68,-0.52186450833546,0.291299210501465,0.797813637403384,0.0145801242213072,-0.00205310576032704,-0.0410086553401972,-0.982618053245351,-0.0488906731865535,-0.0767524404156619,0.0260814096747264,-0.0212792950881398,-0.0295277832458076,-0.987282361818466,-0.0073459795937854,-0.170278975540609,-0.015250705625173,0.0416468217536887,0.0134718150764543,-0.979856903353249,-0.00107428991638102,0.192252146678788,0.0423529249219386,-0.0349192214860995,0.00441270002284209
7.685,-0.524347682599116,0.286851690034746,0.801959778516484,0.0167130231018414,-0.00317848540965159,-0.0390890217951781,-0.983013451705192,-0.0516207039068286,-0.0788888381463427,0.0265678801161697,-0.0183357831712942,-0.0310900640692913,-0.991381968710455,-0.0106505724285873,-0.162412327191515,-0.0198331695300611,0.0419632602830502,0.022383493663365,-0.977131584360365,0.00181727504278722,0.192302863044983,0.0472615139087042,-0.0251744713094898,0.00223087146878242
7.69,-0.518996157820215,0.284900275061067,0.801146352541933,0.0203681828736396,-0.00608659544611719,-0.0441581897326903,-0.985097552269151,-0.050734726656731,-0.0740722125472896,0.0308636610790634,-0.0221716311601397,-0.026794284822092,-0.989937371423746,-0.0129047380419872,-0.163077835237729,-0.00824396358377311,0.0431086197495461,0.0167535546227385,-0.980888268256632,0.00190058789508427,0.183986550439153,0.0575363195187227,-0.0240328200529171,0.00223087146878242
7.695,-0.519569769896842,0.288960669242176,0.801252844215674,0.0168952732625499,-0.00350190161189173,-0.0424217346343079,-0.987027930248974,-0.0547621254325301,-0.0800351554722905,0.0343996596616251,-0.0220404489210631,-0.0198397581208338,-0.991592859058715,-0.00618675703725905,-0.166821502432548,0.000172287225723267,0.0448524211532157,0.0210213656538445,-0.988802002097178,0.00244219701674585,0.169805461477724,0.0654610593319593,-0.0270575886656168,0.00368980666664746
7.7,-0.521492647686885,0.288795495016377,0.801317057533254,0.015075858392443,0.00105928786906178,-0.0435683572453772,-0.984626297480656,-0.0520868852342344,-0.0785683042276222,0.0284229609328458,-0.0151655555031841,-0.0272764462182027,-0.989823404366242,0.00283891058743674,-0.167208613962244,-0.00161782059389208,0.0468302833960402,0.0178500981979432,-0.996674250587925,0.00361269412705715,0.16175871007817,0.0728263358293139,-0.0491048707283032,0.00158868924964448
7.705,-0.519160795458401,0.284806901052247,0.801544878315476,0.0161483604460955,0.000235839635248358,-0.0428694380894647,-0.984833626708395,-0.0511711802807352,-0.084004377320189,0.0354532641930542,-0.0208131808819047,-0.0264687797593217,-0.984552239190345,0.00541609100885277,-0.166874269704282,-0.00616017417214878,0.0487759467741869,0.0164327029484473,-0.993852177720629,0.00457242702780203,0.158584010191137,0.071178555868321,-0.0720011011268654,-0.00343759933081056
7.71,-0.522961630105137,0.286197743611988,0.798575885433703,0.0132275862380726,0.000850420994791063,-0.0386815585613285,-0.983924260249219,-0.0517432144752404,-0.0857881894264327,0.0335756268453171,-0.0203569487140855,-0.0240157794308235,-0.986413972398284,0.000193781277828253,-0.165969134069618,-0.0143739618053368,0.0468307510172163,0.00581355397034605,-0.991777626174667,0.0106231367161512,0.161525220639774,0.0616191240577059,-0.09666910819418,-0.0098649697419382
7.715,-0.520915788496174,0.286794084982492,0.802432423451218,0.00833297446254303,0.000177461922737663,-0.0415572940065305,-0.987001599061233,-0.053152869860746,-0.0797579179245367,0.0337847133133238,-0.0165349193515662,-0.0251565423662096,-0.987178606284122,-0.00627944995162797,-0.163925029434137,-0.0169705162754973,0.0451317488216254,0.000276238981930465,-0.991601279424083,0.00608192510241936,0.166917240533136,0.0578925685218121,-0.105479704820378,-0.00509929656982422
7.72,-0.521571739088178,0.289304240695469,0.798621246343508,0.0140496949737693,-0.00435172758779107,-0.0380384690821081,-0.982421161530842,-0.0490036756839784,-0.0752985541855891,0.033489311001949,-0.0163379844773163,-0.02466420488033,-0.991311370654143,-0.00912211596863654,-0.166205453997181,-0.025028685983249,0.0475610957117675,-0.00452611679863644,-0.988776889105249,0.00270607403718658,0.176937221138469,0.0402695939798812,-0.099200201787749,-0.00198788944007195
7.725,-0.523612012536099,0.291747099870374,0.807775843193963,0.0231996671349744,-0.00416258880919005,-0.0420482791960239,-0.986689383562506,-0.0509087531179753,-0.0768974432248465,0.0336088947951794,-0.0206263162800686,-0.0253388893161722,-0.994584711872414,-0.00503078692787015,-0.166760841586737,-0.0278454907318717,0.0541444718797621,0.0094077214518422,-0.989928113628482,-0.00216161458779866,0.187735765422645,0.0222755273164713,-0.0802143455534792,0.00101122490581298
7.73,-0.51932909504785,0.289231369635169,0.802356555706385,0.0179905749553649,-0.00459720417332046,-0.040681126455544,-0.981933925014173,-0.0472842025118095,-0.0755427349192288,0.0344730857075478,-0.0216371196142585,-0.0273566277150741,-0.989766990550954,-0.000384894816159285,-0.16882988667891,-0.0207066317652328,0.0565472617745399,0.0161577009509017,-0.984324606952498,-0.00720173721411812,0.185936782924638,0.00976560077812364,-0.0856787271125108,0.00417351587388355
7.735,-0.522045395187557,0.290151566076438,0.801003573431609,0.0149266654625535,-0.00153329409658909,-0.036058094881275,-0.982090425533875,-0.0477603194652522,-0.077128678469038,0.0345483036670616,-0.0192683190107346,-0.0281838376985754,-0.988912675375185,0.00124819904717808,-0.165879617150726,-0.0120989247504895,0.0579915875457118,0.0123779828074729,-0.979975384629561,-0.0107753828771617,0.170143307590995,-0.00706422447024207,-0.104028893027765,0.00455842389156861
7.74,-0.520033698667086,0.291149014778441,0.801836024852936,0.0202191150237017,-0.00365027295275839,-0.0389520688697559,-0.981540872204971,-0.0493362777458455,-0.0768344218906374,0.0356813968696653,-0.0203045763676218,-0.0287503842998772,-0.989228528679394,0.00331417191346176,-0.167283914250429,0.00438266538213049,0.0579917978641295,-0.00210653729712517,-0.985616483432932,-0.0116078059007241,0.16119927712812,-0.013146448880434,-0.131204493637512,0.000534303042969112
7.745,-0.515209338423078,0.284427327203478,0.799961883190611,0.0182687797428642,0.00180882086883837,-0.0399278566663765,-0.989412446236397,-0.0498343318648033,-0.067841897659187,0.0316879293194025,-0.015323535820525,-0.0231070618125984,-0.992219283285611,0.00385789940364741,-0.169429138372001,-0.00860062503524179,0.0555256963766869,-0.00969934349163326,-0.990988983196064,-0.0121530812827383,0.158562831333606,-0.0163991731030057,-0.151959821522636,3.02840887282974e-05
7.75,-0.521103294162129,0.287826875968794,0.79758148212492,0.0202421659054706,-0.000311600044369698,-0.0438677490596453,-0.984179781845142,-0.0461757453374979,-0.0703569207739076,0.0288652180376217,-0.0187639125537516,-0.0226842526717459,-0.994886362575722,0.00891589997019047,-0.169398211668015,0.00377994683552567,0.0581570450867838,-0.0156103052667647,-0.994524386833454,-0.00844553706568034,0.152427198420996,-0.0285430514645248,-0.171870877426535,0.00308443133624049
7.755,-0.519241463991979,0.290062479267041,0.801279941405391,0.0186086753654041,0.00124020690715577,-0.0422796370926419,-0.982916890715658,-0.0487983398889836,-0.0719606974204444,0.0298445890170209,-0.0192546839810403,-0.0224577426759677,-0.995218856372013,0.00749610712622928,-0.167994895158829,0.0105427768280405,0.0589906498789787,-0.0100216101558179,-0.996282398904975,-0.00260750085828188,0.153553803016849,-0.030250171199441,-0.197920272887568,0.000849609572823977
7.76,-0.520276206751467,0.288725509421643,0.803510770851632,0.014770629422774,0.00106613016657862,-0.0385392292349056,-0.981296522525657,-0.0473365295602835,-0.0777989991075632,0.0306318487665676,-0.0131598562002182,-0.023183125097107,-0.99776823995988,0.00362829103381917,-0.166923451352992,0.00358839093386206,0.0579883966585239,0.00102364511550394,-0.994962778356557,0.0012661316244375,0.16490756979516,-0.0331883261960719,-0.207762249480228,-0.00119190113679666
7.765,-0.51988290224916,0.294152134959088,0.80277381240946,0.0181073524546764,-0.00349228622825841,-0.0412409520823881,-0.982861550718291,-0.0462376530876017,-0.0667356803104336,0.0169181176611267,-0.00677608183848066,-0.0297445759722544,-0.996462271124528,0.00120430820098941,-0.164122681536385,0.0142833984075882,0.0539207987980262,0.0096011373406327,-0.993447340713896,0.00321572004811357,0.1788758201787,-0.0349612023175658,-0.20647663148482,0.0008773672517554
7.77,-0.517443315235872,0.293305442311921,0.800393553757084,0.0144669936909723,-0.00169061430786217,-0.042375207909271,-0.986169282887254,-0.0472323284730343,-0.0708078190545151,0.0192968357314796,-0.00548141048227188,-0.0278025669640319,-0.995835653978845,-0.00396846010328519,-0.166835304466278,0.00671542461094099,0.0516604855656624,0.015352701549224,-0.984176381759066,0.00361904401653382,0.191962672670682,-0.0283966102879001,-0.176750605314491,-0.00376804207830373
7.775,-0.519472078340395,0.289708602666854,0.798639834084681,0.0129313327204435,-0.000108492228667641,-0.0453071470875282,-0.987906640316866,-0.0450297415484393,-0.0739290403749753,0.0102130630046863,-0.00705137848854065,-0.0301575213670731,-0.996375837982983,-0.00486336654809047,-0.168897338081687,-0.000614578822219788,0.0481144538533123,0.0224493953854041,-0.980863886023522,0.00262306082620236,0.200452390888319,-0.0234519553722786,-0.138554934524483,-0.00356201370513906
7.78,-0.522222706480424,0.289334114144835,0.801400754627594,0.0124832764267921,-0.00315590691341189,-0.0408265814185143,-0.982627302905938,-0.0466976404877431,-0.0781362949072474,0.00950702526986426,-0.00205499513873356,-0.0291582459159409,-0.996496945476778,0.00181843750362701,-0.169320201447109,0.00602494908415387,0.0475046383699535,0.0122711077844411,-0.976954516614448,-0.0049053553452988,0.210735379668043,-0.0267457885560287,-0.0792393182348941,-0.00239065620645399
7.785,-0.522518189211996,0.285426492960792,0.797104680940346,0.00363510614564622,-3.13804064224702e-06,-0.0367109601013819,-0.985697596176943,-0.0521907294511064,-0.0729829706721284,0.00686320585896061,-0.00827306509017944,-0.0247069954111074,-0.992000134859103,0.00550005649269147,-0.169598723514847,0.00438245729506095,0.0403018421868478,0.0300953313708305,-0.970551386016912,-0.00235149600459965,0.21308070416495,-0.0207612130439728,-0.0214519521292303,-0.00387760251760483
7.79,-0.520305017241975,0.284244193712236,0.80666177017453,0.0100398873910308,0.00168958869805499,-0.0411638767467055,-0.982472062151054,-0.0511384324897931,-0.0771297109201969,0.00795331038534641,-0.00702077121751929,-0.0289052236758074,-0.989406059457774,-0.00118768927892334,-0.169796583092564,0.00838658663216213,0.0361757341203477,0.0289034953184766,-0.969954666220115,-0.00814064267205563,0.216510149497508,-0.0246085195877487,0.0278938571332288,-0.00350016459660872
7.795,-0.523112081100558,0.288405932539664,0.799948924817582,0.00851232473980907,0.00167387620682961,-0.0411324517642547,-0.977602004068132,-0.0516615131192557,-0.0803093859573003,0.00721367889579733,-0.00682688034205841,-0.0250131725060264,-0.987353276143044,-0.0108478020355706,-0.168229739550563,-0.000901067832419611,0.0362968005398166,0.0257269002655399,-0.97005992729132,-0.0105909278478918,0.209970103730425,-0.0236027374821477,0.0640570499182315,-0.00333863928060747
7.8,-0.52004073571476,0.2915181313671,0.802839681456764,0.00656109888978649,0.00730878882874166,-0.0348004797804179,-0.981123454239124,-0.056837734094338,-0.079845175276864,0.00774322784507447,-0.00726145974761056,-0.0280954965131649,-0.987006944843655,-0.0149295574717157,-0.166808219642033,0.00466260741471068,0.0403092329820749,0.026114710671122,-0.97701344888539,-0.00833519896878851,0.200919883313219,-0.0197044201417642,0.0803839300090317,-0.00387760251760483
7.805,-0.523152715723827,0.291499723277978,0.802120208926758,0.00749782643927629,0.00569820187558514,-0.0415549193151797,-0.984109628003917,-0.0522401174462347,-0.0836805034568364,0.00665787886902332,-8.99004839357643e-05,-0.0265661730616513,-0.983171540736364,-0.014031459982467,-0.168856089519268,0.0322366155531495,0.0358385090377338,0.0251885372947849,-0.992550851308216,-0.00962876737473825,0.189553897887753,-0.0131477606843841,0.0810524076223373,-0.00387760251760483
7.81,-0.523392934763856,0.287554995214143,0.796242889587385,0.00769039088368843,0.00282106236343549,-0.0398865666230494,-0.98029150896521,-0.0511821650810646,-0.0811035002481453,0.00550992041826248,-0.00458628010759357,-0.0289575326684321,-0.979880845892983,-0.0102272527298846,-0.172709701182323,0.0488794959893726,0.0401346705947865,0.0222590286049871,-0.991243309765164,-0.00694319626670501,0.182345594665604,-0.00339699003120302,0.0618569052520124,-0.00479588124168716
7.815,-0.520839331394463,0.285595688668514,0.799640884408356,0.00774781742839071,0.00198047050070097,-0.0438789642935235,-0.981811884662678,-0.0508936626097911,-0.0831499053140686,0.00328989171850415,-0.00364462141283531,-0.0298991962861202,-0.978699483120702,-0.0077427207631633,-0.173345120650773,0.036791539789149,0.046508783091635,0.0165578572883574,-0.999451849663531,-0.00502161613608284,0.172832868719757,0.00826180672488231,0.0273080485412236,-0.00259870203373115
7.82,-0.520766800069518,0.288082861164863,0.7994069998427,0.00847732209035442,0.000199706893279038,-0.0336382080468064,-0.984675892507116,-0.0492634184636315,-0.0800751242245141,0.00698276513602757,-0.00666316050719174,-0.0268806540583666,-0.981836457915617,-0.00805870887623669,-0.171036647440179,0.0226108476429006,0.050438791513443,0.00462025648748134,-1.00295086705744,-0.00772947068262345,0.169226528106089,0.00790393351422829,-0.0140627637464843,-0.000494092692008445
7.825,-0.518610120834658,0.289410254289256,0.795332752841179,0.00743361523780798,-0.00169617721405054,-0.0377316608442297,-0.981124119760672,-0.0518781633231635,-0.0780587348613188,0.00345299808875155,-0.0167937897809213,-0.0264924354851246,-0.984581439586321,-0.0115175533891957,-0.168728186041342,0.0290658015152773,0.0507919202438607,0.000936973989556188,-1.00128493101354,-0.00563959063376181,0.166394342676215,0.00611860433038354,-0.0345395983245403,0.0033820507521835
7.83,-0.526707712651883,0.28320807882084,0.802806547700369,0.00637480430305004,-0.00142910328153879,-0.0339383787276211,-0.978795913198689,-0.0473702266668044,-0.0820136534027329,-0.0005424053523072,-0.00788455683852674,-0.0264924354851246,-0.984851465711556,-0.0175086178852161,-0.166435375681428,0.0395683704409067,0.0550237090793188,-0.00843795251508007,-1.00315082264414,-0.00418662388382417,0.160574929625634,-0.000159404635039698,-0.0717925052451421,0.00195198963854418
7.835,-0.519756665687109,0.289860361859459,0.800619750344034,0.0101799695483351,0.000910094007849693,-0.0347181111574173,-0.982235381632328,-0.0471310342524452,-0.079791060738708,-0.000128127548684494,-0.00507841492270249,-0.0279645549530009,-0.987497597659839,-0.0136413945182004,-0.166344591427449,0.0404882058501244,0.0520810328031786,0.00646258969056526,-1.00084265233117,-0.00921718976949325,0.16011553776469,-0.00516138999577785,-0.0998962736175394,-0.00161038796458235
7.84,-0.520230326612929,0.291177760300072,0.80257225289097,0.011552858788443,-0.00281157654554693,-0.0458831284918196,-0.984934991673459,-0.0472050712587965,-0.0820329480637232,0.000592911116811971,-0.0103430203630277,-0.0243922620208645,-0.988797057925584,-0.010556996042664,-0.162747934764962,0.0422102360379311,0.0521608190757754,0.00638280341796846,-1.00022555430776,-0.00551479407571921,0.1604015087142,-0.0113422441522797,-0.110375393571831,-0.0055645162152882
7.845,-0.520669278068538,0.286884568344651,0.800760863252744,0.00280942916259924,-0.00148343978783001,-0.0349175283924536,-0.984385740794025,-0.055353990832579,-0.0795701124824365,-0.000648580907811878,-0.0095197822398871,-0.02514566396116,-0.991248240706271,-0.00655682508571633,-0.161270431373562,0.0345549726002682,0.0540788398222575,0.00326812246711064,-0.996197316482432,-0.000424300173208496,0.170065635417967,-0.0190714372826274,-0.116632758190217,-0.00632099062204361
7.85,-0.517813116493911,0.284953981772131,0.799890872113046,0.00688656938660195,-0.000744964895961684,-0.0387381576631109,-0.982757776513863,-0.0527748637954624,-0.0812023195602904,-0.000595004977624106,-0.0107164680957794,-0.0212013840479526,-1.00094956646896,-0.00837308028664478,-0.16281438554887,0.019995737658456,0.0495782726728535,0.00502393082957283,-0.99694416299943,-0.00538988602867762,0.169872931864916,-0.0227192997832561,-0.117603848802514,-0.0117488043626724
7.855,-0.524172473409254,0.291273474612271,0.801604853465624,0.00926391499639859,-0.00230926649122128,-0.0394894164457527,-0.985852880900911,-0.0512425500118858,-0.0846469845687657,0.00504051422147248,-0.00996417565247364,-0.0245184535774758,-0.999387980641161,-0.00472434930478888,-0.163393722045255,0.0141239518491751,0.050438791513443,0.00932652503252029,-0.991183225231319,-0.00508444364559587,0.177191372006131,-0.0267415694466115,-0.109062495382106,-0.0120533377820475
7.86,-0.524941017726655,0.284462223023212,0.802466484349956,-0.0103256201218744,0.00894400774991186,-0.0323182215019559,-0.990211329381945,-0.0563687146715736,-0.082235180315928,0.00550992041826248,-0.00637043200086555,-0.0240490473806858,-0.995517711930899,-0.00422673295503118,-0.164348684497564,0.0166093362129909,0.0524377294882921,0.0103259940199449,-0.989455442901786,-0.00162634573774434,0.174572077869459,-0.0307475535399073,-0.0980248063387264,-0.0146314149774389
7.865,-0.511708898846152,0.287875943099328,0.806420427017986,0.00669307508545965,0.00165438368844374,-0.0366840932702099,-0.984721325664662,-0.0484961356890348,-0.0779180085076931,0.0070020227650506,-0.010986874527703,-0.0228273533284664,-0.996004919284634,-0.00343840451161539,-0.167278630276875,0.0088130258065516,0.0506165444934476,0.0081937074703032,-0.986819967493994,-0.00577976395142354,0.17923481145259,-0.0354143733219263,-0.0831134330503925,-0.0162332586848274
7.87,-0.515472798020113,0.29299949674962,0.803665260959818,0.0088181933388114,-0.000153997935041191,-0.0353354777192925,-0.982319809954341,-0.0534620213332102,-0.0736886122019049,0.00873774358543455,-0.0122853344959557,-0.0232646141805977,-0.994048299365792,-0.000451302867362737,-0.171554078736614,0.00210555646217164,0.0528821796178818,0.00775846812934573,-0.98454939232386,-0.00119768688263098,0.186145596611769,-0.0433275578758589,-0.0686022494949097,-0.0185379348695278
7.875,-0.520799549296498,0.291820072089987,0.800489142537117,0.0119125704350881,-0.00173618188992675,-0.040703978052895,-0.984822565481392,-0.0522355494755479,-0.0767028112172201,0.00569881366312305,-0.0084619679362591,-0.0270550437741607,-0.992714255463009,-0.00484130452074488,-0.175768733241828,-0.0215873378729637,0.0493325354092734,0.00301989114019937,-0.983348963594659,-0.00282895521407454,0.187369798640118,-0.0530839531343071,-0.062264266264712,-0.016472961135617
7.88,-0.516448702876339,0.284652243378561,0.804075966621857,0.00842489459702949,0.00235940853534183,-0.0388802314127734,-0.979505647912187,-0.0510801922237202,-0.0804596466660853,0.00532104596237675,-0.0111826568738753,-0.025837365376494,-0.993980813275102,-0.00860190847293267,-0.179195581410766,-0.0196368577374094,0.0477834421001625,-2.31047675515021e-05,-0.983251318132985,-0.00200571123929587,0.187247504242645,-0.0665644532815657,-0.0517538630599592,-0.0168529174971401
7.885,-0.518001631269335,0.285910740916264,0.801524780749213,0.00774842554835864,0.00289770251148314,-0.0422064832440703,-0.982616113288815,-0.0514859213980227,-0.0785508646001098,0.0125855929973632,-0.014127047342351,-0.0180678248493418,-0.992997964578537,-0.0112089938485202,-0.181669149339907,-0.0146358443476949,0.0475823665287448,0.00143552486934225,-0.98883476693122,-0.00291441425785104,0.180806800802544,-0.0734246907081715,-0.0557180620544713,-0.0137697913123049
7.89,-0.519609114171858,0.288923250343003,0.799427461966469,0.00837379884044245,0.00146597727156442,-0.0364956877958098,-0.983957173123258,-0.0527813901998165,-0.0804111994646195,0.00913484437481238,-0.012779391588302,-0.0221066015724861,-0.989619606966151,-0.017350203296666,-0.183949675441113,0.00763515057118477,0.0411013614498317,0.0101554369609922,-0.988126302543606,-0.00509841864677111,0.179551895837375,-0.0823074470137365,-0.0564209471580404,-0.0153484416331046
7.895,-0.517890739493916,0.291280912543092,0.800215781437383,0.00913506601466365,0.00149804270836458,-0.0365277532203878,-0.978917675241864,-0.0461002087237477,-0.0813613980328291,0.00374780331366728,-0.00990582497863339,-0.0247303191058639,-0.986436072355764,-0.0212013670670473,-0.18340908411251,0.0367065361521811,0.0387423772099419,0.0114300061813582,-0.985557148828172,-0.00819294187760852,0.1828886124036,-0.0846856982274648,-0.0674738453077742,-0.0129701904193763
7.9,-0.518537082449038,0.2839447849444,0.802238002706089,0.00584054062506395,0.00493758461355664,-0.0368177837400889,-0.98247155903254,-0.0498611821346205,-0.0831312274510807,0.00389649895007414,-0.0132063605539501,-0.0238531836727013,-0.981935586337563,-0.0178428713425238,-0.182592213119534,0.0465966798365116,0.0382218435406685,0.0103715603291952,-0.988094907606782,-0.00844698499283892,0.181030876417086,-0.0860827781787876,-0.0771628754918868,-0.00986039957603302
7.905,-0.523870689587017,0.289735097367915,0.80026090745911,0.0146242012903345,-0.00352298596191393,-0.0373127312903219,-0.98313212512778,-0.0521854759942863,-0.0786793948839573,0.0140095156078538,-0.0143554095106162,-0.0228534867790838,-0.982294524981174,-0.0128190145969003,-0.182617269731756,0.0420784019551935,0.0427401179776128,0.00367868198633985,-0.987706079603213,-0.00572468258553907,0.177065785536661,-0.0853383770234591,-0.0856480192260706,-0.00987411979365288
7.91,-0.520004516839981,0.28889719692415,0.800967955890043,0.00875108016579498,0.00470940437318584,-0.0389022793789284,-0.984315443137733,-0.0508393071582874,-0.0807910582287745,0.0116183944046497,-0.00741728080913723,-0.025484691228456,-0.982089823001074,-0.00988895175488965,-0.177419140181662,0.024559044144161,0.0494871698606331,-0.00352483737546078,-0.982654054485596,-0.00712028825496558,0.181614757244884,-0.0702699527130457,-0.0952048969048266,-0.0148728527128696
7.915,-0.519729391815348,0.287878341126066,0.798372707457477,0.00976217554303657,-0.000311600044369698,-0.0369672205474503,-0.984132304652086,-0.0539570487487638,-0.080910576664985,0.00871613183312646,-0.00304509065066756,-0.0245824329044553,-0.984351773805738,-0.00900824963445799,-0.173714829466809,0.0326766190160277,0.0502253330132132,-0.00740478523855,-0.98877399871691,-0.00499170186822279,0.181371575382939,-0.0666688941384809,-0.0917593358262401,-0.0155417276554938
7.92,-0.523079251762971,0.286816723013699,0.798038974261736,0.00986480624142034,0.00387485316177526,-0.0394298062166844,-0.982961818630875,-0.0510350949825958,-0.0829785588461721,0.0118462360788101,-0.0125635437430006,-0.0195598120018104,-0.988775827303471,-0.00851461905927927,-0.169134839005175,0.0338825562459385,0.0489685077896791,-0.00997731115840183,-0.989071555614081,-0.00449538559561033,0.178476295309632,-0.0539304510692923,-0.0892924835793145,-0.0180085765310161
7.925,-0.521812099470219,0.290932814814847,0.805462097717312,0.0146039706659024,-0.00146420896220409,-0.0436849301243374,-0.981043925875386,-0.0499584802320824,-0.082008222256966,0.0163674471292483,-0.0147947190526108,-0.0233604216959723,-0.992434755682136,-0.00805031425946222,-0.17179007036874,0.0373966123856885,0.0457372098694682,-0.00289042294025421,-0.989246254740476,-0.00708109042827576,0.187086038006026,-0.0518737300968191,-0.0832892400207029,-0.0209079343475638
7.93,-0.519097687501503,0.284461860877263,0.794647511200329,0.0124832764267921,0.00349821816317256,-0.0397033253393603,-0.984844142397671,-0.0479306039210572,-0.0781121093801406,0.0156986255178576,-0.0205375223506803,-0.0183557254431863,-0.989798882260321,-0.00541760776859338,-0.169968253457975,0.0254447781385361,0.0487314354806658,-0.00141835655256138,-0.984770853684913,-0.00539048509653491,0.186911049544456,-0.0430217880364294,-0.0723747887420748,-0.020105230074632
7.935,-0.520536046536803,0.290641391773145,0.800658227452764,0.0140230894116684,0.00340426379069657,-0.0374288396544798,-0.98365818038286,-0.0500289081193389,-0.0769550467299957,0.0179961156790987,-0.018667547762937,-0.0221441575776607,-0.991751813205012,-0.00806846250414753,-0.165429357252064,0.00695693856130422,0.0462399990028694,-0.00150263375090139,-0.984141813607954,-0.00693875293717489,0.190664647529481,-0.0317368112473472,-0.0652742093130376,-0.0209813229739666
7.94,-0.522131719052179,0.285896319279205,0.794704037406642,0.0170354891588774,0.00596415654797479,-0.0410445830501886,-0.98597103390655,-0.0485499711970527,-0.0841398386202649,0.0179174211249146,-0.014381542801857,-0.0261113262920791,-0.990852035199822,-0.0136627664991717,-0.162112683199147,0.00923618072061969,0.0471370216353898,0.00595887850934835,-0.983410660973136,-0.01230460650178,0.189314509268674,-0.02211707341667,-0.063107542693615,-0.019993979798937
7.945,-0.519947451387318,0.2938950610461,0.796521108343551,0.017070222359593,0.000610261983411923,-0.0365394692585122,-0.984552355230261,-0.0468128914277159,-0.0831157853733945,0.0163792628233618,-0.0103387389453806,-0.0232050817109982,-0.992760615804713,-0.0197429327153589,-0.162311090366099,0.0135265579864701,0.0480797744159802,0.00722062095598561,-0.987376667693157,-0.00829904641906066,0.187895025194891,-0.0240509372625363,-0.0598508886961882,-0.0183564112432027
7.95,-0.522350625656471,0.287132212720506,0.794371615676328,0.0135113521689208,-0.000471808991499305,-0.0397650968528855,-0.980811337266054,-0.0492911327800329,-0.0826991669000233,0.0162780090263,-0.00870893377620873,-0.0251663928723815,-0.992851634761716,-0.0170116575510102,-0.160739091901052,0.0111314432354444,0.0501604386395459,0.0111410190180775,-0.985564366386199,-0.00452742475268843,0.189741325088922,-0.0217884168413071,-0.0700322305917196,-0.0138313704007443
7.955,-0.519534912024323,0.282975312234156,0.79855119999996,0.0114270342538339,0.00351893713800079,-0.0380862636020692,-0.980881477255663,-0.0494111797559964,-0.0817146333733168,0.018073218618636,-0.0118468405880904,-0.0220433302572347,-0.994421451395708,-0.0134359338163707,-0.159769059005512,0.00309018059767721,0.0540855269206647,0.0105298723353032,-0.985442132923946,-0.00258528776508181,0.185861090597632,-0.0320811074774191,-0.0773093418648304,-0.0128110431815416
7.96,-0.517668967119685,0.288468254575069,0.806737871900812,0.0145637591068933,0.00322050871304406,-0.0378873114198749,-0.98404074497996,-0.0459297574631967,-0.079889857851968,0.0215070756631678,-0.00782746595432021,-0.0244946539671256,-0.993914591533211,-0.0124966930626684,-0.16006383378855,-0.00515706300353905,0.0557681417427053,0.0122124871573438,-0.986717757344518,-0.00477024751229147,0.186446439151736,-0.0395582210026466,-0.0835266879214543,-0.0128949728109158
7.965,-0.519691788173493,0.293356363141084,0.803769860187343,0.0173700544983149,-0.00145739630561775,-0.0442260249163461,-0.983192552572403,-0.0470398706334312,-0.0825739574453918,0.0238628874593061,-0.00961873621475365,-0.0240628217737714,-0.993470852457474,-0.010098109473227,-0.162997577775837,0.00478096935466111,0.060073295081583,0.00939604945732785,-0.988881913999922,-0.00318565005981972,0.185172273775827,-0.0400237292051315,-0.0874816744273407,-0.0112675308605076
7.97,-0.519559328415699,0.288414671723984,0.798026085146933,0.0165105513721536,0.000910094007849693,-0.0376588108067425,-0.978740111314426,-0.0464777507975117,-0.0804370003922044,0.0238417475535081,-0.0229270003407376,-0.0244584148238375,-0.992510490387911,-0.00676992100793393,-0.164160653509286,0.00359064045359621,0.0589906498789787,0.0081048309803009,-0.977429040536937,-0.0012695839689593,0.195468411454537,-0.0466530955222523,-0.0904851385286702,-0.0121090482899915
7.975,-0.518790255291095,0.289529701839473,0.798027390003568,0.016468299573781,0.000139277246040709,-0.0400557646567053,-0.982879003480647,-0.0501457586276699,-0.0807389784441867,0.0226928722332436,-0.0203315638050783,-0.0213296291241119,-0.994024709739695,-0.00296050671855268,-0.166240142287927,0.00964267951126235,0.0553481930163683,0.00956181372534507,-0.974904114063044,-0.00855586427091795,0.197144370252624,-0.0432984835751276,-0.0974112973645583,-0.0105234133916623
7.98,-0.52076021552953,0.28758586188176,0.795601183604685,0.0142119845189172,-0.000311600044369698,-0.0438156484088076,-0.982649370354549,-0.0491226225408632,-0.0842594985488321,0.0240284430080992,-0.0125174689429733,-0.022441144616536,-0.994380981311654,0.00116982817853349,-0.168878568217555,0.0019273242483867,0.051873109121247,0.0135754305746441,-0.973235212871918,-0.0100388753994629,0.203428071391923,-0.0409580223029518,-0.0857449380764893,-0.00603358966764447
7.985,-0.521241915956636,0.285252287288755,0.804650406184975,0.0190165307619568,-0.0063667062060695,-0.0383831933140755,-0.977529258400656,-0.048686678040608,-0.0822030184392579,0.0247856878011244,-0.017232597699409,-0.0197049609782661,-0.992769108431526,-0.00102678726800064,-0.172811698663446,-0.000776494444021486,0.0405742609434142,0.0130825778908716,-0.97571822628159,-0.0135947474234173,0.199218454950524,-0.0380098174639673,-0.0836616112868195,-0.00617783183428543
7.99,-0.522368450470164,0.287221540633811,0.802551162467595,0.0145925037245261,0.00213178992271423,-0.0374956607451453,-0.980160118649418,-0.0527907994778825,-0.0789384901229459,0.023872344741561,-0.0107164680957794,-0.0240490473806858,-0.991461567466251,-0.00347499985304317,-0.174513868752168,0.00868998809705191,0.0394435375928879,0.0153522361763957,-0.975544937819959,-0.00506223938145809,0.199066967762382,-0.046694451356333,-0.081281639062571,-0.00316402348790503
7.995,-0.520556933144769,0.286653602430351,0.804528048575287,0.0169087744289067,0.00213178992271423,-0.0389814611408814,-0.982737463006364,-0.0531901022199494,-0.0796323192887269,0.0277524078150786,-0.0129269823959064,-0.0233122077827554,-0.988589862225776,-4.68216275228993e-05,-0.175026477973852,0.022162789478898,0.0387263468409678,0.0164440049709621,-0.97897002394216,0.00340991575800888,0.198220608305664,-0.0538070671959436,-0.0901495508227402,-0.00282825671106621
8,-0.52268297375809,0.286068701103041,0.797031762817786,0.0194749232645232,0.00107935473731822,-0.0397741478377019,-0.985835307255665,-0.0512721276386502,-0.0817666009453222,0.0204930848031815,-0.016438799997831,-0.0217987247304794,-0.987695771758008,0.000188495221945933,-0.177691997371505,0.0272053296280506,0.0402388589852845,0.00837544123746113,-0.981716008410334,0.00951914522000119,0.194134157287673,-0.0622782303970531,-0.101244080516183,-0.00842936824035859
8.005,-0.519784377017584,0.287141110111339,0.803893529819291,0.0150498349900969,0.00310714491984674,-0.0365556527534593,-0.985479085445403,-0.0536858417093761,-0.0855861088633524,0.0285263398474483,-0.015603244304657,-0.0206776305383402,-0.986307456167909,-0.0118538208000486,-0.178644314750309,0.0274166696839904,0.0479954034090042,0.00191867056631754,-0.982528548138448,0.0162849494024508,0.189619072632948,-0.0665248087236567,-0.113519475827108,-0.0126981768090609
8.01,-0.522670758393091,0.28924455960189,0.800933319639539,0.0179300719045382,-0.00176247351937312,-0.0407119947532951,-0.979737915231442,-0.0534571845740029,-0.0808314090540757,0.0271219726615451,-0.0160248637545313,-0.0219409372748677,-0.985748196251781,-0.0133955163798171,-0.17577596256526,0.015929037348656,0.0476299320604311,0.00150560936413085,-0.983936212040962,0.0150803219412513,0.195044949951521,-0.0548793019482328,-0.12607894124745,-0.0185379348695278
8.015,-0.520690319263927,0.288922604951966,0.799297717227419,0.0179529920376551,0.000514756430253597,-0.0391537296403684,-0.97867766273993,-0.0519910287897355,-0.0793877503846339,0.0257321625240624,-0.0190674002598587,-0.0246679737837632,-0.984447466330268,-0.0156960241298742,-0.169975158051389,0.0299572746112043,0.0467737093567848,0.00254396271021067,-0.982970134200876,0.0132572363078524,0.197700760988275,-0.044176181157608,-0.145290361509908,-0.0198419470752748
8.02,-0.519612422037805,0.288551021874354,0.798332461544126,0.0192889398225989,-0.000659119869629579,-0.0437923275990227,-0.979110513027875,-0.0544990312459353,-0.0809466228126155,0.0258793964916098,-0.0245781330760337,-0.0217816272140276,-0.984776081733041,-0.0137439969305484,-0.165414781841704,0.0485571601390795,0.0449155751557829,-0.000790837749319597,-0.984095046392409,0.00695606138930296,0.194025366640541,-0.0406482718623742,-0.160760937787852,-0.0191624775267705
8.025,-0.522356899483537,0.287616295035509,0.801729122347811,0.0174880974768663,-0.00106112200240992,-0.0399590166618957,-0.985454075442675,-0.048851321393561,-0.0822672307696036,0.0288174438616349,-0.0177606508498215,-0.0279047872479119,-0.984108025943032,-0.0145125700837373,-0.16480478785083,0.0517877040504113,0.0469895798140466,0.00332599000005423,-0.986581136977588,0.00408672798609679,0.191865672230125,-0.0473538935184479,-0.164679010984677,-0.0112077668309212
8.03,-0.520893382115243,0.291972949249441,0.804422226901136,0.015645683174217,0.00293261763010334,-0.0420073729304121,-0.989808827910391,-0.0482198531829818,-0.0812109899368515,0.0287564787938028,-0.0151730982960566,-0.0277828536776362,-0.984423898498935,-0.0186361009657044,-0.162864273535015,0.0249582078617289,0.0509259449063859,0.00272327799893412,-0.981441059348621,-0.00502190869413722,0.200757331680633,-0.0501307065856597,-0.171310863777667,-0.00912515782432018
8.035,-0.520338491051379,0.292377016849108,0.802503530826487,0.01462911223817,0.00213178992271423,-0.0396048873662949,-0.987563133283283,-0.0522760874756193,-0.0775201143121729,0.024794078614014,-0.0160826109966969,-0.0243120022018918,-0.988157782478469,-0.0216187784535752,-0.161059443485174,0.00444057561514795,0.0527867403982498,-0.0041121169924736,-0.984367952915705,-0.00830037104446226,0.207931814986064,-0.0619870485746999,-0.170283147092391,-0.00248914417319034
8.04,-0.515980756717858,0.291133087858496,0.801330333945364,0.0184166135112629,-0.00100788871175696,-0.0364652103274507,-0.981025924463965,-0.0473594584466422,-0.0823044898232153,0.0217902124691834,0.00587059308865853,-0.0252707414329052,-0.99288827675949,-0.0200311424660748,-0.157467613254087,0.00336070679267439,0.0563089289804133,-0.0041121169924736,-0.985538915282402,-0.00899585914176398,0.208736196071606,-0.0647376234899978,-0.158756389229437,0.00233254236141041
8.045,-0.51973529149622,0.291915732245741,0.800822349384851,0.0141475109592771,0.000467553752489207,-0.0428274325430728,-0.985874129572498,-0.0484771456324174,-0.0789824559007323,0.0203953131041632,-0.0197425427157944,-0.0253953210658619,-0.994286807893556,-0.015065527588124,-0.156587969707531,0.0034380094067411,0.0517632768595735,-0.00217088325599716,-0.986535028652014,-0.013010290255753,0.203063833208357,-0.0719549229935076,-0.145848508438415,0.00711764767765999
8.05,-0.52011211645978,0.286846412389711,0.797354899025368,0.0164862587103688,-0.000103601121837941,-0.040046785091834,-0.981695927492302,-0.0483749137009082,-0.0784035607639377,0.0124508445807712,-0.0135760787499032,-0.0269086618423732,-0.994463793534674,-0.00672206629450132,-0.156688483318088,0.0120124344399392,0.0525053825846135,0.00754542804220365,-0.993717129730008,-0.00987695584601523,0.200561097636544,-0.0735183678068262,-0.141652401995805,0.0074740536452439
8.055,-0.523227401876166,0.28718551995092,0.802370233205256,0.00424556327115957,0.00686398596155257,-0.0362489678761213,-0.979602031154093,-0.0535305100471772,-0.0831851431761965,0.0170192831477693,-0.0158602925575567,-0.0277141332626343,-0.99382725265944,-0.00397785110344503,-0.157047059582849,0.0118868540249128,0.0559763851892104,0.0139278629487331,-0.990600251901636,-0.0092682096358335,0.196969106542363,-0.069703338573961,-0.137653972796618,0.00764452778559474
8.06,-0.517083910392783,0.284242692874583,0.796481651857476,0.0125793351845658,0.000862065174508873,-0.0387665554322832,-0.983886632782584,-0.0498809682103668,-0.0827222487688771,0.0210111004468579,-0.0157936680485921,-0.0256515918240721,-0.993514864206147,-0.00507765110729835,-0.157722405426275,0.0123892314732075,0.0549418397368295,0.0184716090732121,-0.990607064029899,-0.0129152617712412,0.198692428113683,-0.0631635848951079,-0.132974003130448,0.00810947369433853
8.065,-0.520072500720835,0.291881679011484,0.798488888264465,0.0108701300484872,-0.00339008373143285,-0.0400448366656672,-0.981247180333917,-0.0500247305966919,-0.0802964168652113,0.0189485605806112,-0.0178003018320457,-0.0284431657851878,-0.990977530124068,-0.00537764043949994,-0.15816103686893,0.0371282653699591,0.0582786526338287,0.0258199658611866,-0.99727716380984,-0.0175519013184519,0.201023734761582,-0.0509366892450938,-0.128503012778086,0.0120044276118279
8.07,-0.521359169109817,0.289127176605934,0.80195256893076,0.00489763777053085,-0.000440597991181788,-0.0419192798763314,-0.983192415709953,-0.0471514171589282,-0.0793370025397671,0.0176690102643913,-0.0173093105259039,-0.0270346645684375,-0.991268202347659,-0.00538295805142334,-0.159260374351945,0.0451408967979095,0.0523774117564533,0.0171614622932854,-0.991231250336849,-0.0161998748375024,0.208095840757867,-0.0484513061990226,-0.11864281419834,0.012273623277488
8.075,-0.520521985438393,0.284998219751239,0.802182334243308,0.0119373609679573,0.00202789940715471,-0.0342241400052402,-0.979853911505676,-0.0511706274973105,-0.0744163978829248,0.0129659150829326,-0.0170136782959716,-0.0314421287323242,-0.991498683817881,-0.00177780308746062,-0.16280211029155,0.0523443857045824,0.0537431072619165,0.0129916071891785,-0.994098795688233,-0.0168615627754194,0.211448600351752,-0.0425554938326298,-0.108008708331492,0.0132261216640472
8.08,-0.524025720552645,0.290438887268857,0.80325741528615,0.00959818998965545,0.00155858905989847,-0.0364096067313308,-0.983375975946131,-0.0514802756407079,-0.0751762944020368,0.0111510744511641,-0.0139142256983525,-0.0256312744743707,-0.991269468612935,-0.000126515263808068,-0.163396414927994,0.050474532797361,0.050438791513443,0.0129916071891785,-0.997343188072263,-0.0189628575251626,0.216552629332651,-0.0388020351529121,-0.0920928579206165,0.00975268825592276
8.085,-0.513957401159307,0.285677997382154,0.801189919777621,0.0100398873910308,-0.000356039001902601,-0.0408265814185143,-0.985035029550306,-0.0498600828721846,-0.0762177301453471,0.0104684097512078,-0.0212814507225083,-0.0274272954488621,-0.987985217173331,0.00269555008032928,-0.164154417579921,0.0469746436379426,0.0560748073829129,0.00735559131970851,-0.990976850994302,-0.0132793117732521,0.22007808404476,-0.0321647314053415,-0.0789226594529306,0.00379899749045834
8.09,-0.516534004793588,0.284754645733711,0.801353266722662,0.0209319596164862,-0.000765608723608122,-0.0405129072796172,-0.980272407212917,-0.0493319911403778,-0.0746069702453029,0.013555115687869,-0.0121465225577792,-0.0318858822405119,-0.987413798244443,-0.0020174350919136,-0.168147093942995,0.0459777068067722,0.0605055784388083,0.00779534446543117,-0.998223458189566,-0.0102376501251078,0.222846443128534,-0.0355668227021473,-0.0584341107671049,-0.00107545340543006
8.095,-0.518169971380985,0.288585446015483,0.801039899435681,0.0115468460594086,-0.0028573012271134,-0.0409288967943897,-0.985120781397608,-0.0445475756051468,-0.0756673319306428,0.0145535247486161,-0.0185230515554244,-0.0294275695543812,-0.989736221454806,-0.00289843340947328,-0.169580266271423,0.0420571646576195,0.0591663724560222,0.0019921744645434,-0.99762688785488,-0.0127787395770464,0.220876826444558,-0.0297066731377814,-0.0417999479542619,-0.00591219048928432
8.1,-0.524391117055179,0.28465941038966,0.799250755920041,0.0104007825169598,0.00104910468248609,-0.0401462303990855,-0.981730116102437,-0.0483042686921961,-0.0735755895547778,0.00388827860531127,-0.0113338635877284,-0.0289358273148537,-0.988865706758726,-0.00623085730642633,-0.17211095403428,0.0384925713455103,0.0582167094265841,-0.00466218064495593,-0.996202567722176,-0.0106916505298695,0.215393155030584,-0.0292716248910408,-0.0354948675296269,-0.00852123098266313
8.105,-0.520474494800255,0.2873101503816,0.797803347304027,0.0100398873910308,0.0026813817157013,-0.0420482791960239,-0.983366693985944,-0.0527392653102874,-0.081596534030434,0.00795331038534641,-0.0140223443080384,-0.0277141332626343,-0.988424374944797,-0.00331537949458395,-0.170378300798096,0.0428136785974515,0.0606302705928275,-0.00247249627862486,-0.994764692741352,-0.00432326199072925,0.213474168808185,-0.0356029408742218,-0.0312517380813414,-0.00876437872648239
8.11,-0.522902921027059,0.284691369308915,0.794666149976568,0.00985282415699158,-0.00473071834640188,-0.0416741525853434,-0.980654117065974,-0.045809188985456,-0.0825605647131036,0.0076900665630054,-0.0084046877538854,-0.0278457551236358,-0.992096330863306,-0.00852834269461732,-0.17074796559806,0.0453172486961481,0.0626701662966694,0.000890140755244568,-1.00207715594549,-0.0101645776241192,0.209828602380107,-0.0446760703574943,-0.0360349035471121,-0.00876437872648239
8.115,-0.51641460794836,0.289941324722568,0.802272016733106,0.00953314600179898,0.00139425647311179,-0.0390981476465586,-0.98257951930032,-0.0502529934130301,-0.0770601993980524,0.00536786975590367,-0.0107164680957794,-0.028316450571318,-0.994992094274941,-0.0124042189163466,-0.168418234393436,0.0366959903854841,0.0630347118256778,0.0118122904780075,-1.0041681222333,-0.019387199190597,0.208148784245557,-0.0618780486060054,-0.0480097202740967,-0.0112077668309212
8.12,-0.515239747413501,0.285778203596183,0.802502463678729,0.0115816268093215,-0.00327810915680165,-0.0393433275942277,-0.983956316665262,-0.0499848432056548,-0.0754760963679871,0.00566846651754168,0.00418632307639529,-0.0322838172729534,-0.997015447260855,-0.0134104373637906,-0.166966325266125,0.0269300000628404,0.0580167638607253,0.0142133012413979,-0.998606445476382,-0.0264067290852454,0.210380047749001,-0.0708663307440952,-0.0588005059259014,-0.0112077668309212
8.125,-0.517191666401237,0.286776716609491,0.799590219315027,0.0108434451943755,-0.00111515690500773,-0.0385026610310572,-0.984413024640511,-0.0510146855109778,-0.0814158744602095,0.0103967003524303,-0.0178072894552645,-0.0265266274101437,-0.996009569025255,-0.011994366352069,-0.162955300619913,0.0380707139069752,0.0541038736701012,0.0265338339382957,-1.00361869763514,-0.0311519111771175,0.210764650509444,-0.0729986871025383,-0.072805586744469,-0.00515324171429902
8.13,-0.519006345601656,0.289916741800805,0.801548710376755,0.00586201039634412,0.00386627802864681,-0.0403762544767405,-0.980563565769263,-0.0512523163890817,-0.0842741838307696,0.0133802008685997,-0.0111996236594626,-0.0285665617958759,-0.992708458498556,-0.00812217294716706,-0.166665019411501,0.0416906525352085,0.0520997978986253,0.0382078824095867,-1.00167537543523,-0.0358233568369304,0.210693809507184,-0.0734702792745531,-0.0824136174657132,-0.0076230312856585
8.135,-0.524069758864876,0.287526842058979,0.796856802106753,0.0104970044470581,-4.13940726591067e-06,-0.0426631990763535,-0.982064379949586,-0.0537407590235373,-0.0826679611416349,0.0159815351043566,-0.0128980306291856,-0.0294157652807374,-0.985768534787811,-0.00831946011839218,-0.171915427449906,0.0441532917320728,0.048703376891086,0.0430202496927285,-0.999693456254583,-0.0455088651724625,0.206597526456202,-0.0690320944101173,-0.0892958998290529,-0.00372144904288443
8.14,-0.519547970497274,0.288467363112678,0.802791141302169,0.00795497577278587,-0.00325972763926963,-0.0403218424746024,-0.983848210100513,-0.0469267261620168,-0.0801805023718513,0.0160990135227826,-0.0058264663154022,-0.0330102862361977,-0.983766445545527,-0.0118358234390691,-0.176660402997737,0.0580788594099252,0.0482224142723106,0.0395552406401723,-1.00284483166802,-0.0533418488429248,0.202959248183105,-0.0483807454276949,-0.0877883809521033,-0.00168115450681797
8.145,-0.521943266914969,0.289745454919398,0.800973413302559,0.0114810624630908,0.00139210411124661,-0.0457133613526821,-0.983990009121453,-0.0506200452676815,-0.0741790247483499,0.0218894799425031,-0.00670035385334092,-0.0275897505820651,-0.980717022574206,-0.0107626269291902,-0.174586205710311,0.0468398361550792,0.0469358135691632,0.0391394148328829,-1.01249634869716,-0.0508525689924437,0.199366935310222,-0.0237235928810159,-0.0874817088445357,-0.00345949632292186
8.15,-0.513323756049245,0.290272882713145,0.802957612725229,0.0232613128376757,-0.00308875528608606,-0.0452693978952112,-0.987589829295166,-0.0467851468138304,-0.0775962888111483,0.0246058657444816,-0.0135451116833032,-0.0277470834382127,-0.978578663781751,-0.0100515462652902,-0.175212904682344,0.0532002967170597,0.0495844141617033,0.0229965678708313,-1.01704379704074,-0.046285447769183,0.194119891756731,-0.0117197914517435,-0.0856747297114099,0.00370674843579012
8.155,-0.516117343965886,0.287553877783569,0.80205670969143,0.00928196699919345,0.000740468234479606,-0.0429758265167881,-0.986643624320185,-0.0497486181642188,-0.0801748895319069,0.0206580743676972,-0.01487365941741,-0.0301575213670731,-0.983949200551789,-0.00810812642128464,-0.175071865462018,0.0551222728771099,0.0546499731641047,0.00932652503252029,-1.02221645931969,-0.0393218152670956,0.186489881667231,-0.00433100242314897,-0.0865975472640845,0.00100917741656303
8.16,-0.521885425498803,0.288220548512684,0.798412856157936,0.00777278638459101,-0.00100443014301225,-0.0462299070129055,-0.984619098412967,-0.0510764985894745,-0.0824058068935996,0.0171051461950835,-0.0127381192494133,-0.0291358184528524,-0.98877383447177,0.00236112268535663,-0.174864903914433,0.0416495341436671,0.0567855638637861,0.00637634914360054,-1.03183383724211,-0.0377348551242319,0.190298777768657,-0.0108946647326216,-0.087798959396231,-0.00477585587128318
8.165,-0.525888386014185,0.290932037119892,0.80027185426047,0.0120053264517433,-0.000460348814446114,-0.0473495982770997,-0.987409705412728,-0.0514714495473449,-0.0786079572967856,0.0167572103963862,-0.0139159699608594,-0.0273360759980462,-0.988947506558415,0.00813942632942045,-0.175523483405133,0.0403838200317137,0.0637730402694456,0.00381343327657498,-1.04021999317653,-0.0407177339410271,0.185478394578122,-0.0216983109712601,-0.092761820373266,-0.007542684674263
8.17,-0.522750140373753,0.285868392326947,0.801419136705914,0.017815384995402,0.00069335906781593,-0.0533627018323142,-0.986164250544835,-0.0570963942992612,-0.0824228104560952,0.0227316729566597,-0.020069672344094,-0.0240490473806858,-0.991431416741767,0.0126276546413495,-0.172847034983045,0.0373964323839701,0.0626557320356369,-0.0021423888937201,-1.04603502005576,-0.0325120415982349,0.186112267436741,-0.0230190875023601,-0.0989659637345045,-0.00919365634499318
8.175,-0.518061608737972,0.285458606761193,0.802656770935904,0.020898707657826,0.00303720607057702,-0.0448079452048193,-0.988844739928286,-0.0578435735908434,-0.0800437652781545,0.0299438126385212,-0.0185233629011687,-0.0270288922633085,-0.994561908851578,0.0144754218707161,-0.172348621338055,0.0450610174385892,0.061955557233771,-0.00394790566462568,-1.0524331348181,-0.0207891860180601,0.18061590887571,-0.035219399914111,-0.114050310225142,-0.0176362242068548
8.18,-0.515271103362511,0.285149913327314,0.805347932867212,0.0169586915423162,0.0063703030678418,-0.0414748465920022,-0.985316653982273,-0.0558674530424088,-0.0832743426761646,0.037190212949522,-0.0201170315960628,-0.02375982619082,-0.998049930059746,0.0105070993596605,-0.172537955851108,0.0400671106432309,0.0614340379834175,-0.0174452938925321,-1.05565439215181,-0.0149475995450542,0.182188071343928,-0.0521088128751232,-0.132612283869782,-0.0258021751667797
8.185,-0.516071887703879,0.283417912542588,0.801327943426292,0.0161483604460955,0.00639089145842474,-0.0431214688691415,-0.986542479297253,-0.052136662060571,-0.0790097347469803,0.0420349625962103,-0.0142557492792265,-0.0274625442994617,-0.99965437246924,0.00838123810824384,-0.172527097518306,0.0339015577085529,0.0654121456010968,-0.0250896065472419,-1.04973383476441,-0.0126782501375553,0.188028239858756,-0.0610727287434484,-0.138339051692251,-0.0344199649989605
8.19,-0.515425723905567,0.287783281672989,0.801217597108462,0.0194863935638376,0.00859737961134694,-0.0428827871573782,-0.98537188691483,-0.0532341000918913,-0.076796410995915,0.0381891460908026,-0.0166954595052541,-0.0236993611214265,-1.00122551784544,-0.00419908857901181,-0.173642832966323,-0.00767658624811489,0.0673445853794877,-0.0280341225369287,-1.04338651968724,-0.00285041078389693,0.198708256735049,-0.0448717969922189,-0.128127302605321,-0.0368891580904871
8.195,-0.521323696885831,0.283643245660111,0.800483080504253,0.0153234042333052,0.00810801512001108,-0.045198234503582,-0.982934531657029,-0.0495080493009062,-0.0798950089785699,0.0289743401510594,-0.0193770960106087,-0.0231142528650063,-1.0035996133935,-0.0137717196276562,-0.170229261653933,-0.0400850788922054,0.0638774260878563,-0.027123477175791,-1.03183593161359,0.00348094394959054,0.209107861662203,-0.0309892182655127,-0.113402139697629,-0.0453639318411158
8.2,-0.521051510513068,0.288035903465352,0.796197906172263,0.0230947122806618,0.00861722246765903,-0.0415805028356491,-0.984987539876139,-0.0516901922610326,-0.0794552629658812,0.0303094192902792,-0.0125802213082601,-0.0202323800145019,-1.00114539605875,-0.0195149801581626,-0.168520400837894,-0.0600775843070836,0.0559771575803065,-0.0179681823641402,-1.02358285515836,0.00743053692218785,0.215339752822524,-0.0278067830950022,-0.105408132186176,-0.0456695365572425
8.205,-0.521419343676807,0.283187862867733,0.795272108570408,0.0227322420557506,0.0111922317462865,-0.0465785017892481,-0.98494305171685,-0.0485904349990882,-0.079307377348661,0.039995741562204,-0.0144743342946276,-0.0275285511259303,-0.996264835205892,-0.0172048210956613,-0.169425712796155,-0.0379952655770743,0.0587055212500268,-0.00986417646738063,-1.00671460361473,0.00264950458127082,0.223563096926881,-0.0263782758445175,-0.103475171287189,-0.0537602659494312
8.21,-0.516336014667329,0.284849079264514,0.800897500959506,0.0262328610592535,0.00457517802715302,-0.0441807221360675,-0.980737082450172,-0.0490380519662664,-0.0801884288851777,0.0442444249511854,-0.0173271923305782,-0.026132716760067,-0.988877986216829,-0.0139298433298365,-0.169755345155519,-0.0199534002571694,0.0510173629849545,-0.0041121169924736,-1.00091754087259,0.00477410960424875,0.223451931045897,-0.0162142878276399,-0.104279556205614,-0.0468866904809394
8.215,-0.523725615457103,0.288798517250646,0.799975427782756,0.0239341930470683,0.00457517802715302,-0.0434152784710578,-0.981698523686193,-0.0480691719172648,-0.0758603464578461,0.0443419050135965,-0.0175221524554004,-0.0254882299565666,-0.985183823183722,-0.0122101500386337,-0.174482460374007,-0.0181245420952971,0.0436362871176583,-0.00203003270758536,-0.986105185134851,0.003798364371776,0.222933057465298,0.00202344248919209,-0.113541597575544,-0.0397265043736346
8.22,-0.521265021399504,0.28809016349216,0.800753330368822,0.022426187762267,0.00667985735117226,-0.0431006180558139,-0.979122397370213,-0.0491362011301122,-0.077311904974105,0.0433824509382248,-0.0166318088723297,-0.0302204755599617,-0.982971285035947,-0.00962105345441946,-0.177751897062078,-0.0149557187703382,0.044088975769688,-0.0102505935654191,-0.971430045419246,0.00327362695192944,0.220690197278075,0.00447888078725077,-0.138084039258919,-0.0323196993004005
8.225,-0.521538597337062,0.287554455298791,0.80388047359832,0.0190504469643095,-0.000617398831475381,-0.0415910793187454,-0.97119751077043,-0.0445068228979477,-0.077500102464414,0.0389393000847044,-0.0116787985969392,-0.0274547767667302,-0.977655271562279,-0.00576311031933202,-0.179283625613502,-0.0136069176065725,0.0418869256973267,-0.0103968127037599,-0.965694773874909,0.0021771567412821,0.215552063056548,0.00306799425248276,-0.173421312092885,-0.025995300821037
8.23,-0.521871968404655,0.285065155369836,0.798687166510694,0.0210123557051085,-0.00151051191653935,-0.0452757562222464,-0.972963486647501,-0.0478678242487971,-0.0759296105169248,0.0355205973005102,-0.0106697922428404,-0.0272291147292463,-0.971630819865635,-0.000515652790753919,-0.180266411815372,0.000652933208327195,0.042617933940456,-0.0148570000873974,-0.95581667690732,-0.00837085171536737,0.208722040035221,-0.0184915857871161,-0.235567907700115,-0.00408645790925702
8.235,-0.523378407282995,0.290039115925558,0.797735555192019,0.0215176938865871,-0.0012843641577496,-0.0515576001441285,-0.973103245869924,-0.0468402680768037,-0.0745583855351674,0.0400378338371829,-0.00962164680325255,-0.0299639333867441,-0.970599906857637,0.00228963748293188,-0.184459207357191,0.0134488950708154,0.0423481678711728,-0.0219762896313336,-0.946000922475166,-0.0147491014835824,0.200988629191631,-0.0383262197336353,-0.303855980060229,0.00786353003589284
8.24,-0.518019856131007,0.288881246814591,0.794776066118462,0.0171711916376085,-0.00485743260937905,-0.0463668578615546,-0.975089505634769,-0.0480125522649384,-0.0707618525247942,0.0374676676414526,-0.00910739266432986,-0.0299638344027483,-0.975729772998944,0.00310919224367685,-0.183127324353256,0.017493800989337,0.0436769450558806,-0.0246631337488222,-0.943508432825581,-0.0162243233436951,0.194730448342114,-0.0402616270515091,-0.376151178301546,0.0206206986178993
8.245,-0.518624448796927,0.288073538615155,0.801067021345844,0.0155436406334926,-0.00703704803987837,-0.0449452074480338,-0.980897508963373,-0.0445350718172643,-0.0720664891208968,0.0318742321345255,-0.00203635939434247,-0.0289358273148537,-0.98054752572045,0.00347931014791057,-0.183036785575964,0.00566023199692429,0.0470313513175672,-0.0184954392801709,-0.938276035113092,-0.0237831373394004,0.196161103934114,-0.0335871621990336,-0.45885546629249,0.0417188077446527
8.25,-0.514828173019796,0.289271804828116,0.797062199220602,0.013435184584345,-0.00362442876760039,-0.0459831503098464,-0.983331300550053,-0.0486136931286106,-0.0736962170092774,0.0283224978005496,0.000290210976778904,-0.0285247900636397,-0.984509413297629,0.00955709638810107,-0.178244264911855,0.0136109292507172,0.050438791513443,-0.0270777730257886,-0.934741339211773,-0.0233400294301038,0.195557800691638,-0.0296647992831289,-0.514966688128626,0.0527428995801372
8.255,-0.519034594365921,0.287476400945378,0.799229449403698,0.0151482155881539,-0.00519837625324726,-0.0450107318290175,-0.981941935681535,-0.0486095345262492,-0.0720890606304339,0.0277909990110616,-0.00158344806330207,-0.029866945796005,-0.985648032992474,0.0108595305247833,-0.172227841735717,0.0129262729751577,0.0518080998891539,-0.0208264123580808,-0.926222987691119,-0.0248145198921301,0.193994707897373,-0.0352453562016891,-0.558096037890002,0.0640890558816184
8.26,-0.518874109953002,0.283168130873864,0.795203304361352,0.0115967716208388,-0.00519837625324726,-0.0448268570577721,-0.984683128188774,-0.0461088922895438,-0.0697365255645576,0.0221550507466894,0.00776304480526535,-0.0324101344944791,-0.991664071869763,0.00672355205056383,-0.169766882487358,0.00533991691462933,0.0548962694917612,-0.0224375352263451,-0.930510474180736,-0.0280816239194451,0.193382787036974,-0.0383325300985773,-0.587171481798173,0.0706936976760468
8.265,-0.522865359822041,0.292123167945723,0.799674183852003,0.0167316872958877,-0.00397668220102787,-0.0427911975422727,-0.979681758146696,-0.0511327180599835,-0.0731848833578837,0.0202964945712077,0.00231780136757648,-0.0271749595019865,-1.00173139311777,-0.001078961367131,-0.165990426389704,-0.0145770915771843,0.0591687427809479,-0.0327453666215356,-0.933013113396088,-0.0263248146057548,0.195746215940603,-0.0384536413498106,-0.588157469741363,0.0781152862196693
8.27,-0.523976549137824,0.282344571440163,0.798102237334035,0.0106496759072038,-0.00397668220102787,-0.0428136898480893,-0.979132385615414,-0.0509039300271168,-0.073794665724991,0.0289977868784638,0.00295899250564016,-0.0241279844226342,-1.00552834423223,-0.00214675457778043,-0.160684339455267,-0.0246180196774639,0.0606594053073395,-0.0379919891495139,-0.938885185371139,-0.0283450805835556,0.198768336505028,-0.0305407617619021,-0.577808584807653,0.0804193168878555
8.275,-0.525430425506501,0.287528861852787,0.796042082396232,0.0137967436119845,-0.0117269881811,-0.0466066900957675,-0.976939514703287,-0.048701936973683,-0.0748604624600733,0.0235542063872699,0.0093009325345697,-0.0294980904105625,-1.00489554961007,0.00172219550924704,-0.156496697363347,-0.0536846500284865,0.0568743794977382,-0.0304219349860578,-0.941920264390214,-0.0365224023416383,0.202807075629626,-0.0193074714339574,-0.53708707705732,0.0810922009516977
8.28,-0.526172124308748,0.287433989306081,0.799327484027121,0.00881242726531068,-0.00763600247733453,-0.0414345461052667,-0.974571856479316,-0.0452713022603755,-0.0771077222915756,0.0278480265429817,0.00987752771028337,-0.0313792154192924,-1.00256259031411,-0.00156251738085492,-0.154240304867738,-0.0639241379058169,0.0503060685477994,-0.0243126119305099,-0.94659746395743,-0.0400036407259439,0.209172107467159,-0.0183056406292683,-0.492493871606251,0.078687889114923
8.285,-0.53159552166804,0.28230416849621,0.802557190295635,0.0246028151096702,-0.00886346213519573,-0.0434194317553144,-0.97969235394744,-0.0469597977945147,-0.0685696462890192,0.0300697104094372,0.0142210189334337,-0.0334449102109832,-1.00167958079173,-0.0050410414389372,-0.153188940994322,-0.0812638305358458,0.0403435198323966,-0.0164899134210229,-0.94311230335556,-0.0398779155282749,0.214775739677,-0.00692470844206582,-0.450089391808061,0.0705850844724136
8.29,-0.521042697548026,0.281314351559551,0.794193172749283,0.0112880046670057,-0.0102034253136482,-0.0418117395815823,-0.979572454119452,-0.0529740147685526,-0.0819526312775496,0.0252591000956451,0.0181823180570617,-0.031001293370244,-0.997292230003598,-0.00973613969545276,-0.156561323024062,-0.092676505446434,0.0361539079042301,-0.0168951832791042,-0.949539559070227,-0.0467681640936858,0.220297711315332,0.0278244997787715,-0.411503019793585,0.0697781814271414
8.295,-0.511979567517785,0.302119081550868,0.80888542260175,0.00672134775151806,-0.0117584212751842,-0.0394718683118651,-0.981392705596184,-0.0452322085147199,-0.0728569288859909,0.0252582400412326,0.0181289402050938,-0.0363330627409187,-0.994139051024191,-0.00828691441404568,-0.163050110450287,-0.0940765602952126,0.0342000397908919,-0.00916383823606281,-0.959668405979467,-0.0514789685561614,0.222910827197803,0.0558152278089208,-0.381286331276798,0.0665705948600327
8.3,-0.518065870874331,0.291076540418098,0.798138613855632,0.00222530969680517,-0.0134272979206506,-0.0450674800134684,-0.981779113705236,-0.0487234619449828,-0.0673254089188012,0.0230661627103831,0.0196398809163652,-0.0366380392166193,-0.992144369755269,-0.00573062112775506,-0.168190259697342,-0.0980775241032664,0.0330992521345181,-0.00458374738701916,-0.958096647434499,-0.0558298453504297,0.226841538943062,0.0833346693257815,-0.370066474360112,0.062349787114852
8.305,-0.529721872503818,0.276702071638084,0.798242605032961,-0.00112306509476168,0.00137393732828401,-0.0305891856803248,-0.992610314433862,-0.0257642625170569,-0.0773352757993956,-0.00874858125142989,0.015036541938238,-0.0420700548138699,-0.991259324726596,-0.00546037858069818,-0.175184654652483,-0.0928976824902394,0.0330272180294718,0.0184171265116612,-0.960912221228959,-0.0533910639445567,0.231476284182568,0.123922861333766,-0.369226812251963,0.0594751666921732
8.31,-0.518228454070264,0.299516150760761,0.809854860528751,0.000145288729077342,-0.00564229733936359,-0.0384932584592951,-0.986279443839777,-0.0326996152508794,-0.083492270855826,0.00581290176510687,0.0295994579792023,-0.0424917495250716,-0.997029852529173,-0.0116858393419318,-0.179642124258586,-0.078710268761682,0.0270600718488942,0.0288596231648188,-0.966205288916027,-0.0440397483874041,0.229357911015822,0.156912136530934,-0.357780580358352,0.0576138172941348
8.315,-0.511402900575838,0.31239319661145,0.801601375528804,0.00898161159504129,-0.00870905981037867,-0.0377746003790186,-0.994246221772047,-0.0371682131833266,-0.0622370497685531,-0.00651793396867383,0.0310793034466037,-0.0474848631958282,-1.00074968941683,-0.012419500627854,-0.180842309612787,-0.0667694671406911,0.02284097679789,0.0385847636294582,-0.971458101384189,-0.0335844464019445,0.233336166816529,0.16976759925056,-0.341771869492444,0.057887378647533
8.32,-0.512531078748954,0.288704102040807,0.805731056337003,-0.0134280382370559,-0.00692491836529698,-0.0496341755297873,-0.986727421801091,-0.0507966294879002,-0.0734324936366982,-0.0299368958510304,0.0258644933724928,-0.0439800968674993,-1.00136673089119,-0.00939905865052425,-0.186433928606078,-0.0503073608434666,0.0183741023991204,0.055962000648183,-0.972475541663207,-0.01880514541106,0.24382230118387,0.164542808469994,-0.315398571260148,0.0567027655985424
8.325,-0.519999290278722,0.290092410195267,0.808990889577576,0.0163980938801159,-0.00476639390262951,-0.0536172499175815,-0.990079688681686,-0.0509399840708114,-0.0756080871404181,-0.00921974195481148,0.0318602262953335,-0.0366312314832149,-1.00217200371472,-0.011170402802571,-0.185359261775679,-0.0448698035176097,0.0135605774287809,0.0704870488246452,-0.96890821603943,0.00338985008821016,0.264689866317649,0.151394447628037,-0.275649521142184,0.0546399222508043
8.33,-0.519973764715864,0.28907615488832,0.806363083668775,0.00629590657455641,-0.00020114322267426,-0.0469035000039101,-0.97733449721656,-0.0611845867916332,-0.07387030563849,0.0199675054217431,0.0296150542101559,-0.041121579076652,-0.996162608219378,-0.0178547877131476,-0.185715907659352,-0.0603466370415162,0.0102441111759758,0.071592529710044,-0.962927027451254,0.0151686899939125,0.289773526462455,0.122686439310501,-0.23148337521906,0.0524316149546481
8.335,-0.52150992937127,0.284154695761559,0.800937610072381,0.000669387591006824,0.00380664529524415,-0.0469100042688655,-0.981196526265598,-0.0525732209544488,-0.0974254478090307,0.000358634179769736,0.0359094334255744,-0.0426641378397222,-0.991396764439923,-0.0254728037125939,-0.183283003719167,-0.0945567937886637,0.0110062075870597,0.0763130928900159,-0.963189780196825,0.0337411509788205,0.324772961950874,0.0874326921722786,-0.125663153055446,0.050147272417254
8.34,-0.523239936597744,0.285661308963952,0.796726104498601,0.00252478001330784,-0.00208811490096006,-0.0518218353390694,-0.98367731187217,-0.0486248582115848,-0.0926835108148445,0.0184800650153706,0.0383074859586889,-0.0450370000751478,-0.983106174951518,-0.0308558463362371,-0.178585303386006,-0.119042438081147,0.0130452235573742,0.0809113448748253,-0.952047391559499,0.0430290546866123,0.341444357562309,0.0633173686059822,-0.0344765268159488,0.0492766516247007
8.345,-0.51778918182608,0.28166045994527,0.797729970710951,0.00566149989123753,-0.00305846526801117,-0.0506684458828543,-0.983315317571907,-0.0524027847216788,-0.0889511348790182,0.0258811553223742,0.033816521346438,-0.0391803082990099,-0.974562284498576,-0.0373795117306055,-0.176898066715252,-0.128290020216179,0.0138224599692622,0.0828125777728077,-0.941047918336217,0.0537755903123292,0.358529841835792,0.0391754167372923,0.070651728633868,0.0518534193778189
8.35,-0.528366345701436,0.282644231261325,0.801744507450378,-0.000913030862453408,-0.00035393165611425,-0.0522149559527717,-0.979980546756353,-0.0508886369360107,-0.0941457469913345,0.0128220137313506,0.0298822875118943,-0.0384265530076635,-0.969832588574074,-0.0444805137188735,-0.174953209771124,-0.116414313700141,0.00802870448151738,0.0857688456228621,-0.937790736381021,0.0478367175507248,0.36809305449249,0.0065857632406706,0.183341574623998,0.0510986521840096
8.355,-0.519575677517278,0.281260438551985,0.796393587586027,0.00206349608684514,-0.00174909529224898,-0.045785295303915,-0.976903062232746,-0.0626898992704946,-0.0960848254646115,0.0113757235443694,0.0221236909425257,-0.0353355025786882,-0.969644154300229,-0.0489439056590974,-0.17426437441357,-0.0890158246674416,0.00401509130827042,0.091179367652155,-0.939370382591676,0.0447769698457461,0.362332786521081,-0.00330916547205091,0.269267977285295,0.0547000071401041
8.36,-0.52459429854672,0.290010594090684,0.801669540840121,0.00950706231287332,-0.00519837625324726,-0.0460577980962123,-0.980300494280377,-0.0606418849776513,-0.126718168075063,0.00756581460503482,0.0186042040586472,-0.0411409298547737,-0.966199960212979,-0.0528652725145085,-0.179316678770316,-0.0558998097717978,0.00962431548340798,0.0800095904307985,-0.947451704040208,0.0355549426080317,0.348132667074429,0.00731074049297617,0.333717390717759,0.0559289800644904
8.365,-0.526792323349507,0.279913865606689,0.798743392538106,0.00037680843725097,-0.00348466384858948,-0.0419210960806794,-0.983903001577634,-0.0651308067369391,-0.124666002021546,0.00912527501152656,0.0186042040586472,-0.0370473021731011,-0.97082119163227,-0.051321957220306,-0.188372625449626,-0.04930256215835,0.0129051977255135,0.0617253238526228,-0.956651962456393,0.0315321799862306,0.326923637071147,0.0253175283463717,0.373551243291259,0.0658874482068944
8.37,-0.523167797458012,0.282627473497075,0.797831390174927,0.00248326219028513,-0.00608038650894977,-0.0418973069257466,-0.989431823226785,-0.0625977913328208,-0.105334927632246,0.0091635806428154,0.010040921898361,-0.0289929462886057,-0.975441002903699,-0.048383369138618,-0.189799043899555,-0.0655438949065638,0.0232697078934908,0.0546386525894533,-0.969504486729245,0.037821736968678,0.302077711336674,0.0306627645501135,0.380482101277862,0.0705312395697592
8.375,-0.51636095562752,0.283362795310995,0.802698522003253,-0.00149047397158315,0.00323376099321175,-0.0389500557615953,-0.990192552942859,-0.0668423135429857,-0.107207425658941,0.0109094627771863,0.00460757863502684,-0.0337773756741911,-0.976396520199848,-0.051572498761817,-0.1859252835746,-0.072806598831154,0.0298984194824921,0.0524483700733381,-0.978509314142985,0.0377047966040962,0.275962142942858,0.0230180277690126,0.363906535868592,0.0674670421317385
8.38,-0.522492355629347,0.286994350812797,0.799981943893037,0.0099141838914229,0.000910094007849693,-0.0403389146842856,-0.994081193587271,-0.069413050467271,-0.10907594043443,0.0248185649427864,-0.00421763294443942,-0.0288851984398045,-0.980337313302467,-0.0563231048627045,-0.179409944171645,-0.0385984190181745,0.0348824049866759,0.0494391863946369,-0.982310628923006,0.0334692773696289,0.259440770861722,0.0208739143123308,0.33027056881813,0.0726195595002863
8.385,-0.519501468228344,0.286433125372895,0.806786454820648,-0.00480533152596441,0.00421229448804141,-0.040930262565183,-0.996601316409122,-0.0660685456625799,-0.108371843626266,0.020376698595916,-0.0109818934158198,-0.025123282821851,-0.980459527761163,-0.0537841278622321,-0.177635347185788,0.00709927410448935,0.0406032038034611,0.035137177372964,-0.991363686289464,0.0390395565278822,0.247121644394544,0.0246529382002533,0.308580164499211,0.0778296419048667
8.39,-0.523856244983369,0.283586376257591,0.798370276445868,0.0181518994502188,-0.00177743602883855,-0.0419504246060728,-0.98964872111591,-0.0609262301336487,-0.116403795623573,0.0299734429634188,-0.0221288181935439,-0.0187451626372012,-0.98188069993711,-0.0452056173201144,-0.172625883289809,0.0225366933903591,0.0436564652170729,0.0292735665899562,-0.997556979937345,0.0265254200064392,0.235277923345824,0.0493317602877973,0.283678414561728,0.0821633509163195
8.395,-0.526207401025214,0.278278155567457,0.799181560162906,0.0196953459623234,0.00213178992271423,-0.0380546938447855,-0.990509842656016,-0.0660005235274206,-0.109780436253779,0.0338935446874465,-0.0357373367393769,-0.0171874039990285,-0.982865881174981,-0.0422167248345198,-0.163321144866735,0.0177020564790773,0.0525697012518489,0.0169691708306196,-0.998572513204755,0.0259677004647871,0.23997595090392,0.0616617548722293,0.291071484221634,0.0906201350233039
8.4,-0.529674844111604,0.282174440407395,0.802759108407552,0.0210351385176182,0.00213178992271423,-0.0382243544878929,-0.983499824745523,-0.0637915811561917,-0.110683586191536,0.0410735386781505,-0.0395402505176167,-0.0177593739007667,-0.981363418179228,-0.0450229531412555,-0.155321209477591,0.00761693115969443,0.0590988695407612,0.00045000158917577,-0.997308116644917,0.0283422833354859,0.251643038817347,0.0599113470430879,0.317325465610342,0.101675875759272
8.405,-0.524058910426211,0.285927873038116,0.803351687301404,0.0123234476856738,0.00847739309770005,-0.0309344624534297,-0.985260589705936,-0.0613805656996929,-0.112696896332285,0.0451425710785828,-0.0505978527584461,-0.0158907716647388,-0.979866885076411,-0.0496478887369087,-0.149506476622305,0.0103339425806617,0.0673484617721462,-0.0376116898014045,-0.994144954002976,0.0226698641841398,0.264856515801384,0.0605905464677396,0.367178153949653,0.110308702767218
8.41,-0.526551339068387,0.282305322966374,0.803935300003412,0.0247421341232787,0.00301662688453239,-0.0304212245436687,-0.986628608462382,-0.0561784961336971,-0.101467634098505,0.0485692241825826,-0.0528685473091922,-0.0161116534606054,-0.981100959329634,-0.044424268522031,-0.147531172073634,0.0244395031528849,0.0714384793935858,-0.0463423732875027,-0.987059465777746,0.0195532341088871,0.279352103798234,0.0524356142039418,0.435136586136786,0.119023617600534
8.415,-0.523812926656911,0.287529231925512,0.800232894074442,0.0271436106413603,0.00580729520915149,-0.0285992177506526,-0.986165198471314,-0.0572227262703027,-0.0986440674942221,0.0592529190049353,-0.0632363124850033,-0.0191579353966348,-0.984388166829891,-0.0411976417818359,-0.147966382496081,0.0438849516836496,0.0712319923914664,-0.052906710363271,-0.984025327127114,0.0228507408638168,0.281521380225808,0.0444535253552828,0.518806622453555,0.124292119031069
8.42,-0.520109380160463,0.282588006814726,0.804176464633804,0.0302357537355934,0.00732778216222805,-0.0289340149016475,-0.983300034174508,-0.0573072083551863,-0.0938763095211048,0.0501476483370011,-0.0616992653953905,-0.0140082992804766,-0.985743971338263,-0.0293069588376228,-0.151541974314595,0.0672793650094107,0.0713624258249018,-0.0623576701279382,-0.971659052347822,0.0212867349746193,0.281373703802161,0.0252341858069904,0.637258716562152,0.130339422548222
8.425,-0.519104642375861,0.286764163797589,0.800141115413766,0.034382636622082,0.00886250182545919,-0.0291407367547931,-0.983429602728613,-0.0547070534253211,-0.0919093153465285,0.0476385064121834,-0.0681122527800521,-0.0118162026796744,-0.989122167920719,-0.0219829866782557,-0.15587782113002,0.0836671000946212,0.0772614225384351,-0.059945120246405,-0.966941813982546,0.0244249906564812,0.279943219520691,0.00399393091445192,0.722255883940192,0.133028367922182
8.43,-0.525221282752434,0.286503502496061,0.799292736677207,0.0295870006084442,0.0048217586587257,-0.0277286740443126,-0.981113375152492,-0.0548313699054611,-0.0868339596539857,0.0488846874582671,-0.0699732568762814,-0.0124475627406003,-0.989883272226481,-0.0130041341221264,-0.158313985877196,0.0890248072590736,0.0820998143265899,-0.0568731298711959,-0.966143189934784,0.0315828811640901,0.282439487369867,-0.0237442062508739,0.812043844835234,0.126454836268046
8.435,-0.517785893920243,0.292880198175379,0.798787528732381,0.0345318198705254,0.00332189516758814,-0.0273764351294065,-0.979996646423944,-0.0514117962362506,-0.0868860922384594,0.0360564790593582,-0.0595876020124846,-0.0130533785005776,-0.989081604478752,-0.00583001473836615,-0.160152977620071,0.101338486798856,0.0834245383739471,-0.0566684242657569,-0.963676522348058,0.0343680682709392,0.280399504572199,-0.0397423094948365,0.86802523112562,0.119654251234735
8.44,-0.389904653298912,0.284256594411605,0.59814468971103,0.042175948551158,0.00150490981725455,-0.0264751087610962,-0.982037002600504,-0.0538382530169838,-0.0827087723800353,0.0472786237451537,-0.0718011856079102,-0.0139757867090279,-0.992850849651272,-0.00130412600943607,-0.160518630230582,0.117994291859189,0.0862487425088381,-0.0554232820868492,-0.965507580759507,0.0325522623828079,0.280745593517075,-0.0438230706016917,0.892120624065629,0.109468796729984
8.445,-0.26271363136073,0.290729436105943,0.408285762420627,0.0379846716403423,0.00897344715273284,-0.028007911679508,-0.984376034251051,-0.0494236682790311,-0.0792858864597014,0.058653650046591,-0.0699686888195179,-0.012442966630028,-0.994182418417054,-0.00155228267894815,-0.161931042530412,0.128549668155344,0.0846130824693284,-0.0524519309088853,-0.963953109553115,0.0261406249505013,0.272845977413047,-0.0526585692731049,0.894172808731658,0.107351721846955
8.45,-0.520953732544613,0.292273915556345,0.798692679897508,0.0360792807516259,0.00634053411044497,-0.0276821694317519,-0.985348615540595,-0.04261300481692,-0.0766253240285227,0.0580427870154381,-0.0635557323662252,-0.0109160292889652,-0.994931931825477,-0.00215576774745649,-0.160666153047169,0.118521568961051,0.0885523175367506,-0.0493148118257523,-0.958981454675772,0.0115266902415659,0.260814720373002,-0.0535962071937637,0.874601337346238,0.106957715435854
8.455,-0.524199498538889,0.292415175814021,0.798457315632203,0.0308197866327182,0.00216506585578942,-0.0310863030711892,-0.978526522056437,-0.0424374395153266,-0.0771228460252885,0.0470545283478685,-0.0632485425467289,-0.0118313258833966,-0.996763978218648,0.00147973585426157,-0.152603128515084,0.109044607944998,0.0835424656270941,-0.0481167031953948,-0.951373498912826,0.00969605287028947,0.240965004859263,-0.0569862929189498,0.832231499905448,0.112042220404177
8.46,-0.516338495474133,0.289782127346288,0.800560044944107,0.0307874776828362,0.00766124025021362,-0.034096655879268,-0.985255025533352,-0.0386014562770255,-0.0792940443319491,0.0437066493968196,-0.0678369326272749,-0.0127546326908089,-0.9974560582,0.00202924868975594,-0.148756816022379,0.108068613476659,0.0817555716821929,-0.0412592091841266,-0.94423640216649,0.00272696410408454,0.225418270936184,-0.075318246706273,0.759534827777736,0.125939500181959
8.465,-0.517489419757631,0.293721909843024,0.798960453149232,0.0283882934990427,0.00814831058494282,-0.0310300401952961,-0.981994077948574,-0.0395276739358939,-0.0777804740644947,0.0360529493524219,-0.0650821138171343,-0.0136643954559142,-0.994582667745688,-0.00198569743709213,-0.146618908711074,0.11230392385572,0.0778608499195421,-0.0352433010348428,-0.947969104728218,0.000872786362548959,0.210358947729031,-0.0834277236955556,0.63922457338562,0.132884509464663
8.47,-0.51831629136193,0.296587143370033,0.797267664412546,0.0286606668772296,0.0089114793005989,-0.0298313330858946,-0.981387622590818,-0.0421725574967624,-0.065683154700404,0.0320807324317425,-0.0577579653457825,-0.0136667347391786,-0.99301064856779,-0.00306015418611064,-0.144864081672022,0.109158545315966,0.0788644725730605,-0.0305062679353878,-0.952848953795346,-0.00285530106328342,0.198583233737522,-0.0827830359339714,0.535058560749774,0.142916956262804
8.475,-0.516831126297915,0.292492769609598,0.799503259404993,0.0247002206742764,0.00334224352166464,-0.0335301384650048,-0.975965782527428,-0.0468429394440882,-0.0731558817545239,0.0238417644057482,-0.057139939011277,-0.0167161273108181,-0.993216996606463,0.00366415497072402,-0.143597701168503,0.0980524290128822,0.0761425674638806,-0.0321387975392255,-0.95450050960515,-0.000427464258164818,0.190308267149671,-0.0886500448654107,0.411349703435613,0.14521741656767
8.48,-0.521248277749049,0.291482279750111,0.79859167459909,0.0253212060872295,0.000889819570197603,-0.0362300218525108,-0.980131141151574,-0.0410023684438351,-0.0754025778570821,0.0314644984236237,-0.0595842450857162,-0.0170436012371567,-0.989372922343458,0.00265102305873494,-0.14237163364627,0.122732368174077,0.0710404992790246,-0.0292121831672528,-0.957394135628162,-0.00222726185616442,0.196693331625401,-0.0899547658186215,0.34009743334431,0.156696007739557
8.485,-0.52120268017736,0.289116910782622,0.797650684469329,0.024033477396602,-0.00275498814880848,-0.0341184435644761,-0.979987987433373,-0.0412612167600138,-0.0724194780131087,0.0299474721277968,-0.0595842450857162,-0.0179350850917077,-0.98726623604275,-0.00181944131986799,-0.148808780194721,0.151228316077624,0.0674942792745301,-0.0279110421872323,-0.953965964234002,-0.00270998700684307,0.192945396752019,-0.0960813879280955,0.296842209250842,0.160335096053182
8.49,-0.521582576695398,0.288342840260071,0.800800019755938,0.0164003236739032,0.00280678853302126,-0.0235945563804725,-0.980096534356427,-0.0395037922259417,-0.0716619019848301,0.0284151990105404,-0.0559251397293038,-0.0234352119544533,-0.988691549276884,-0.00571406776950925,-0.153936074178276,0.160875622906877,0.0705462500665655,-0.0330011062855696,-0.954857255574527,-0.00111113801979807,0.188641852955611,-0.0986650660634041,0.278275904961247,0.163144069055414
8.495,-0.520481298986325,0.283017471222646,0.798634760474699,0.0101047455991968,-0.000354838833332823,-0.0335072268024387,-0.978839027874654,-0.0388331949755998,-0.069679632305175,0.0213978615489312,-0.0485939170042809,-0.0240490473806858,-0.991330529928477,-0.00560816268415552,-0.155490385200887,0.121886719284976,0.0748008048418571,-0.0274680617683312,-0.948079473224793,0.00108367442236311,0.186328102845688,-0.121192140608473,0.281266069448241,0.161123272758599
8.5,-0.520394131584307,0.2931470373242,0.797942780045624,0.0170852232787748,-0.00605287078039842,-0.0347181111574173,-0.97724414885523,-0.0428657734380246,-0.0696032302254086,0.0148759697343829,-0.0424805134534836,-0.0233704206330687,-0.991152346028322,-0.00982869095182706,-0.155921868269899,0.0849585065943503,0.0790263855396765,-0.0236593634043158,-0.955441933501363,0.00116920744527851,0.179575572860079,-0.128039788684737,0.303310023838669,0.155643275198628
8.505,-0.521864114399468,0.289635330163235,0.797403920289205,0.0120948137907511,-0.00886346213519573,-0.0370344225228873,-0.976193360224133,-0.0420018512733787,-0.0682244722883571,0.0091750044375658,-0.0419162450998802,-0.0269635585380842,-0.99003622959099,-0.0154294447034258,-0.154628292593373,0.0598601263945032,0.0820285822079687,-0.0182487296498761,-0.960352285762282,0.00136978943390715,0.185336573797047,-0.120092400678233,0.347973772964443,0.15910886140152
8.51,-0.520614267012642,0.287485739794346,0.798632952671851,-0.000751202355346783,-0.00608089340506175,-0.0312571882465842,-0.976042102594509,-0.0476154396169998,-0.0678845771606194,0.00642979133256206,-0.0375985445720456,-0.0280207567449039,-0.990757836496249,-0.0112988378348432,-0.157588109823216,0.0528019908710306,0.0798562932654207,-0.0157666290126237,-0.967005396960863,-0.00359964663199154,0.192117781518373,-0.12358045627222,0.391585609147445,0.157225575330415
8.515,-0.513302534278124,0.28718958919324,0.803621533842873,0.0088181933388114,-0.00879337916985458,-0.0310997491090719,-0.981887085735195,-0.0501095445778625,-0.0667933575724589,0.0030670335515286,-0.0327077128938142,-0.0264926861047412,-0.990522086175097,-1.62839123491127e-05,-0.164065623455816,0.0598619382730695,0.079734687665411,-0.00433503395937522,-0.973639248015365,-0.00718443108565008,0.205008873485657,-0.143379837080756,0.440302187812912,0.154977542814734
8.52,-0.522039103797941,0.287639267653348,0.798926562450863,0.0081976267398568,-0.0037052773111978,-0.0353192388472174,-0.983490124367838,-0.0503176701166447,-0.0713402011528172,0.0049159488419306,-0.0260382700978553,-0.0286388415266877,-0.992665698586717,0.0101084653869391,-0.169011283828451,0.0468333706826696,0.0849220711605237,0.00175966903194083,-0.970796134849709,-0.00560674752905239,0.193002149648489,-0.176914281218127,0.48640142348483,0.139750084238208
8.525,-0.521212000755289,0.290795436032777,0.799640303459598,0.00699740779005301,-0.00759474034090931,-0.031628605694942,-0.978114758448211,-0.0477783257416878,-0.0681900332624848,0.00670919008120936,-0.0223113447691078,-0.0295354612207032,-0.992157223250912,0.00862752086342027,-0.167159718150527,0.0416072343645539,0.0829420293823706,0.0140079701658182,-0.973477073232751,-0.0020290220118829,0.175643017554281,-0.192016804565186,0.514322346081749,0.135539435176851
8.53,-0.519443523750104,0.295242657720283,0.801253208743273,0.00759649835526943,-0.0107621019656799,-0.0316859087946322,-0.979295561756519,-0.0430256141521196,-0.0648732618278279,0.00765199934094158,-0.0204954957308192,-0.0332090151636889,-0.995951663158312,0.00839649845272708,-0.166887466875042,0.0477245548589812,0.0806522719990161,0.0199929006825831,-0.982028777461136,0.0112125597744184,0.154438856233859,-0.192191319415693,0.525615978422339,0.126771458192198
8.535,-0.516318929657886,0.293256857212857,0.800435302539176,-0.000979854400201032,-0.00277947952594754,-0.0335045808892797,-0.979271163187342,-0.040102523958525,-0.0648051695507813,-0.00301263729168949,-0.0192683190107346,-0.0313865415103223,-1.00000522864311,0.00633363575074585,-0.166773069273246,0.0537205424832829,0.0786409147823519,0.0191516612094972,-0.992944336902094,0.018311774273979,0.13482282263177,-0.190353203449355,0.521167598828847,0.118597050177467
8.54,-0.519726562701732,0.293760520692721,0.798317417584322,-0.00401813985176668,-0.00702238071555836,-0.0347181111574173,-0.977777147098249,-0.0391553428774123,-0.0683911789007214,-0.0151003652560673,-0.0182529742540703,-0.0322360403828766,-1.00229777285891,0.0147427175402954,-0.169611897468352,0.0460880522325415,0.0760117841855098,0.0272954094456976,-0.998428261284743,0.0266473259628218,0.133296090591435,-0.1988597144906,0.499535885507938,0.103847604338543
8.545,-0.516251095874631,0.291128898820972,0.799227121015837,-0.0046609595248675,-0.00637955933685469,-0.0359600616098234,-0.983565448025637,-0.0464855169920741,-0.0750902304867036,-0.0243960014630973,-0.0157056112536772,-0.0326350342366934,-0.998802737409981,0.0190658824651688,-0.164797370202322,0.0318714543219346,0.0677371887132678,0.0372957113204212,-0.996613403560896,0.0294931511043914,0.140858431461649,-0.203730791807175,0.453454323507221,0.0928388575553296
8.55,-0.518566216665991,0.285797475939186,0.802673218370032,-0.00614578629389354,-0.0113210815236617,-0.0380795488272612,-0.985164411773631,-0.0472182935910292,-0.0761696154160271,-0.0298636460031977,-0.00376118323353074,-0.0328646537829869,-0.996826267568202,0.0189605574276154,-0.164206711772869,0.0595262641507147,0.0550880221234042,0.0416267645814761,-0.998209033023961,0.0366901407196794,0.149683499455299,-0.200252408968835,0.400869473493777,0.0849752971953957
8.555,-0.519679186123496,0.297407940539138,0.802464707480784,-0.0082549980190117,0.000894828066687921,-0.0334964171051979,-0.983385569468558,-0.0500358427991052,-0.0762449888024314,-0.0335748480341082,-0.00338156271286454,-0.0301716999588541,-0.997140884239645,0.0131272608138393,-0.168939352215639,0.0865209949713304,0.0492730413246927,0.0458934455344709,-0.998884832201452,0.037283158675966,0.155651408161138,-0.20594559522086,0.351120517131011,0.0781283185772521
8.56,-0.523435139590218,0.293908852607863,0.80152428431965,-0.00370099353655811,-0.0021377766784461,-0.0344031409779834,-0.985003639448246,-0.0486808059268678,-0.0732900797315049,-0.031429992958638,-0.00216460227966309,-0.0335335228892834,-0.99445355410602,-0.000658008171136653,-0.180823550262566,0.0906080823764012,0.0485316234247595,0.0318532454388052,-1.00032295019555,0.0403639988923083,0.166261895451707,-0.211713144042834,0.310132378837696,0.0683922127910955
8.565,-0.519904028973565,0.293797407056258,0.797173233079161,-0.00400980036310993,-0.00397668220102787,-0.0359402070392634,-0.984619044738721,-0.0551090442023925,-0.0771597361080396,-0.0353499430316463,-0.000969669075043949,-0.0308085096645831,-0.994753347557519,-0.00193039308587793,-0.180942985724128,0.0768012825628818,0.0527608092353095,0.034921425928666,-0.99688806590506,0.0363534376382938,0.177758253112083,-0.231730591116478,0.278313255390547,0.0667913411786085
8.57,-0.523415934304546,0.284701356439661,0.799138192072847,-0.00892690060942893,-0.00674075796186545,-0.0374821841087751,-0.98042314193727,-0.0508635075775725,-0.0793962375088067,-0.0384710840880871,-0.00062965326688677,-0.0298442719467248,-0.991769305485914,-0.00184040132239288,-0.172660328566418,0.0727991271463864,0.0544412901775125,0.035319526144876,-0.995724125439357,0.027783883855024,0.190700620569153,-0.245894494806663,0.262690945497445,0.0677076023127042
8.575,-0.522873255696955,0.286641552962761,0.800445098615974,-0.00580327922552384,-0.00641575595480143,-0.0383831933140755,-0.978337251511283,-0.0414757998213796,-0.0814862856536067,-0.0421101600662177,0.00148314987522397,-0.0325835720191601,-0.989904966003387,-0.0103969730854085,-0.171341216865183,0.0877490742687474,0.0541038736701012,0.0373612932642978,-0.991691377281222,0.0241075896483974,0.202470529820536,-0.241816862378349,0.248808918721116,0.0646227073534357
8.58,-0.518958545919875,0.296190766706915,0.797319964854132,0.00244313082907408,-0.00459615906597448,-0.0371787589395299,-0.979645659297152,-0.0544039986365312,-0.083949497728301,-0.049973763784339,0.00467055400481989,-0.0298693334873236,-0.989928745432689,-0.0220409357535213,-0.178015103946162,0.0880149765953266,0.0493733714204087,0.0397126155992557,-0.993360453682162,0.0187701740962446,0.197096637727259,-0.249297693326973,0.254797337819972,0.0654946714714331
8.585,-0.519963478923828,0.287162752217165,0.799186456469465,-0.0107580918775363,-0.00275498814880848,-0.0371833782527174,-0.985319832168655,-0.0541772396324893,-0.0834209716429099,-0.0519600556475958,0.01192683425902,-0.0253210803062277,-0.98439331689379,-0.0256449245715253,-0.183764957305947,0.0836025084274553,0.0535183832131745,0.0343966171227814,-0.991929229794186,0.0174503523301013,0.200542799845431,-0.25101287344568,0.256330303626782,0.0622349570446824
8.59,-0.522968047389593,0.28099220468216,0.800609311312676,-0.0110121434092936,-0.00275498814880848,-0.0408265814185143,-0.987362555518085,-0.060003406447284,-0.0862699862722969,-0.0373585123518046,-0.00114829596134867,-0.0270487213532658,-0.981565474932916,-0.0240864279749649,-0.1837901305881,0.067633443567094,0.0564132822492167,0.0266982082648189,-0.988917152057454,0.00996804507535885,0.202199950432558,-0.239506550309601,0.267451759163227,0.0622693503155626
8.595,-0.51998186362883,0.290240256666615,0.800005812311798,-0.00715242420517169,-0.00271069397587199,-0.031035309474342,-0.982172141511495,-0.0519330919269806,-0.0873583279436016,-0.0372416685033544,0.0014876181171847,-0.0252784629575701,-0.979261612089921,-0.0214102984648707,-0.185497323701456,0.0649220943450928,0.0601629708634058,0.0215928460730871,-0.987696801066026,0.00483634758793585,0.195545786685074,-0.209416689923041,0.272823696684797,0.0633156001567841
8.6,-0.523078617036042,0.287720442191585,0.800740275334732,-0.0159614084412592,-0.000871171081222543,-0.0322307721361279,-0.984237485262405,-0.050238975804458,-0.093735046337142,-0.0355925802831669,0.00207618773746509,-0.0206015221965317,-0.978311841130306,-0.0194321482552445,-0.186402036929307,0.0352995291319389,0.0663208141922951,0.0196491424561822,-0.985183624483088,0.00188711257137739,0.188635907245277,-0.190082172537213,0.278121918609569,0.0716791152105583
8.605,-0.515979221510768,0.299918631028613,0.791247563697636,-0.00889687311048508,-0.0106955070406675,-0.0432699732482433,-0.978081695133743,-0.0498815936455031,-0.0947589342064545,-0.0262541361153126,-0.00113823535116151,-0.0244237238299745,-0.979919100939331,-0.0257908234796447,-0.185403104270016,0.0278636626591318,0.0671351318431289,0.0223577881730516,-0.988026422835792,-0.000926719815424649,0.182317277109105,-0.170948606184944,0.265731843181828,0.0747520048505439
8.61,-0.512274226761031,0.292314347652125,0.804017256650843,-0.0143940038979053,-0.0047549123425538,-0.0397222606104489,-0.977905002812017,-0.052763940090259,-0.0862211453937412,-0.0346208119048876,-0.00736979369797335,-0.0203173504002513,-0.979736364361252,-0.028486150569084,-0.184577717374966,0.0373896982027572,0.0672061075059434,0.0232078111768197,-0.991081501081152,-0.00612546432126125,0.174823158780415,-0.159493591175637,0.245039959358077,0.0723502041511626
8.615,-0.525639574984585,0.275834854716127,0.805172586577751,-0.013630747897324,-0.00168691769035319,-0.0380759461265473,-0.979151306813177,-0.0590155810130908,-0.0901154749479415,-0.0521683377157309,-0.00242321388231301,-0.017717657572067,-0.978687920779953,-0.0269166229988105,-0.186475535373345,0.0657342217799987,0.061095068175206,0.0180655213723843,-0.996423319893517,-0.0119285117862038,0.167170000202532,-0.15338241715341,0.196680589497116,0.0672679091382669
8.62,-0.522872231116603,0.281550049364467,0.801294895270961,0.0163928603637695,-0.00559109559941417,-0.0418824831053093,-0.983903917165255,-0.0696447846917968,-0.0974882764874302,-0.0572631615746416,-0.00441923082085119,-0.0232940137323049,-0.983865969406117,-0.0169385089723085,-0.192889052070933,0.0864323258258479,0.0599995985609489,0.0134170979296769,-0.992898200794011,-0.00845534469782966,0.161812785507242,-0.149220062368267,0.133064342968403,0.0615704969308734
8.625,-0.527495315998276,0.28563232312608,0.798597157592128,0.00310114676841865,-0.00905917485600424,-0.0324212917507616,-0.990114657077596,-0.0700625881308789,-0.0966450777497043,-0.0292938054864692,-0.0175540706858342,-0.0198914032191486,-0.988673226356617,-0.00913235490072815,-0.198232691195213,0.09600032413926,0.0577689558267593,-0.00298839863556663,-0.998464259697401,-0.00348086061055257,0.159723244082445,-0.152577428274151,0.0667433197104303,0.0520836438942005
8.63,-0.523035450607293,0.281273304123001,0.802227875091275,-0.00661166543740078,-0.00242311849219488,-0.0326065920312606,-0.985118888436133,-0.0636340767297235,-0.0889657013029001,-0.014075408774852,-0.00980008851980419,-0.014657245581687,-0.991268098828971,0.000752049558858157,-0.197844458005584,0.0942383425485014,0.0604394773112543,-0.00487512313090073,-1.00006045153501,0.00447409271126263,0.158743161580214,-0.156646962247674,-0.000163842431610604,0.0425898474942747
8.635,-0.519142257892662,0.282638928767897,0.800163549878155,0.00270972051657736,-0.000935477207270086,-0.0340942332910584,-0.981882293549412,-0.0608326571640848,-0.0847997419686357,-0.0105811186306013,-0.00854832008497912,-0.0123163651679554,-0.992439419018451,0.00557527909819325,-0.191262839145532,0.132080320953565,0.0663208141922951,-0.00799073472492475,-1.00649961225709,0.0120226117496342,0.156293905369212,-0.163752104059093,-0.0904936274031213,0.0209349249334545
8.64,-0.518544361889204,0.283125978730097,0.804566066667612,0.00270972051657736,-0.00226282368464875,-0.031709246673785,-0.987404761367863,-0.0604558283129635,-0.0824547767005965,-0.00774122129969239,-0.0119381546974182,-0.0170030936391152,-0.991317278890991,0.00370989198268844,-0.187519499470094,0.178092381365434,0.0643295483928214,-0.00899889320135117,-1.0064963957862,0.01301142757188,0.159453236806466,-0.172701117290141,-0.171114723945047,0.00589400071131158
8.645,-0.518982167082682,0.28478347453709,0.800289799730745,0.00318404865905448,-0.000153490598256907,-0.0320375589440743,-0.987445103582343,-0.0559495380540541,-0.0826054849833556,-0.00143284199398273,-0.0342648511442269,-0.00488934156789979,-0.990129203119257,0.000833334573556267,-0.186900270387526,0.204666323618846,0.0664553994592313,-0.0152083022587549,-1.01211152997153,0.0159333920387727,0.17051568756364,-0.168301656842232,-0.235842030104293,-0.00762194573468561
8.65,-0.520796830296452,0.287292466881169,0.800431585463794,0.00693537202977853,-8.57209409367802e-05,-0.0303836478598323,-0.991815006763139,-0.0450589849301963,-0.0814186542155839,0.00171845403741307,-0.016856531853124,-0.0122182710674579,-0.991414928283243,0.00464578511862684,-0.186604000717326,0.209072147502774,0.0726896388641536,-0.017660914859806,-1.02315572139712,0.0115859983437978,0.178411090336949,-0.166663745094372,-0.290485269639518,-0.0171659263629817
8.655,-0.522028443506756,0.284333512780887,0.803159416954506,0.00455400873487722,-0.000910700779556579,-0.0296639379910979,-0.99166119245572,-0.0446712070359507,-0.0770080312698328,-0.0138695661887086,-0.0155552947627811,-0.00838259068270507,-0.993819154914579,-0.00134162254154461,-0.183767787230033,0.16493720658333,0.0774896658624455,-0.0185955929669849,-1.02766531656538,0.00633869868228716,0.185304489220625,-0.163548996330897,-0.330375804153895,-0.0261363496133607
8.66,-0.520871751656504,0.290451823349471,0.800338186793826,0.00532276147549921,0.000910094007849693,-0.0294920287739123,-0.987988549804249,-0.0480862066695528,-0.0783805643196085,-0.0228464794764343,-0.0121310094628232,-0.0120895297293204,-0.99744866049976,-0.0088597735967124,-0.178028130066748,0.137807809456539,0.0785377621650696,-0.0232260105626026,-1.02597217941352,0.00181733442335503,0.192301295047809,-0.167592564083054,-0.342915463275514,-0.0273261644582102
8.665,-0.515389991089929,0.291595622194167,0.799430981141165,0.00774185451416839,0.00629178731055006,-0.0258166917461498,-0.983762739813026,-0.0453940098969639,-0.0721641977747129,-0.0169699309030528,-0.00827306509017944,-0.00951105183013665,-0.999529454824923,-0.019343716511792,-0.176339545690816,0.119091611926082,0.0733576271658798,-0.0197007808810135,-1.02845444765258,0.00412346271517609,0.187402701065329,-0.168740367234864,-0.352100763619234,-0.0291493168620918
8.67,-0.520622737791301,0.290508687963523,0.797284760016913,0.00794056509004485,0.000910094007849693,-0.0318359084268198,-0.985542392532006,-0.0482244952262054,-0.0740170947385734,-0.024674279085911,-0.00620624312393968,-0.0126772341983878,-0.999249770188835,-0.0292408976704059,-0.168589295603048,0.104151409161656,0.0668406258510489,-0.0116449166723615,-1.02596507240562,0.00318763192318912,0.188885841875213,-0.178806034534275,-0.337508895758394,-0.0202504976996789
8.675,-0.520198446089222,0.286743065349516,0.800494071399013,0.00561075596842034,0.000146046255669354,-0.0325811238073734,-0.987905814710033,-0.0472147587981527,-0.0769954758026704,-0.0311409123241901,-0.00734403970882695,-0.0152390426644631,-0.995946761958639,-0.031771135320124,-0.167565530616799,0.0962931671303489,0.0576920747740529,-0.0048212108869856,-1.02395075365256,0.00774057037935946,0.182746524489236,-0.177072542495512,-0.319631282307484,-0.0144026719690667
8.68,-0.522029718879768,0.28662831088381,0.801896074505215,0.00863571335923997,0.000559050633705791,-0.0361083691394244,-0.988914726029239,-0.0514650654961616,-0.0813378864011787,-0.025177614333734,-0.00901265827920325,-0.0125716920936976,-0.993291797063447,-0.0297124464457313,-0.172067244301371,0.0950753210318069,0.0491085464763756,-0.00533381104469299,-1.0203655490678,0.0116572684371325,0.175079262473927,-0.176839160774486,-0.304431693182822,-0.0124222855400877
8.685,-0.522001967571073,0.288090757566669,0.801402550047705,0.0116498615968545,0.00332505562341432,-0.0331365640541258,-0.989168930992819,-0.0523010591370601,-0.084206650739457,-0.0171003892680232,-0.00748897525778781,-0.0134002929594203,-0.993405007727548,-0.0267591195424565,-0.176632051816896,0.0801153399608828,0.0460062488808819,-0.00226398318221856,-1.01199893574618,0.0136902307815168,0.164761069183466,-0.183078150546479,-0.289030043078909,-0.0131109810780788
8.69,-0.521051610050187,0.290407608946617,0.802721655237255,0.01350248298111,0.00253676491851727,-0.0330914418006741,-0.98743341917404,-0.0498200322848101,-0.0889367078974324,-0.0100826897169644,-0.0050741289204068,-0.01229824184718,-0.991207945949468,-0.0251978276896677,-0.179604051649618,0.0672692180247102,0.0464923520967154,-0.00326804864399545,-0.98954409473883,0.0170977644409174,0.148980341066263,-0.193366903191532,-0.26341074881617,-0.0124294646084309
8.695,-0.516737657870956,0.282086925039831,0.80465855478918,0.0124832764267921,0.0073703888332666,-0.0315807586648587,-0.983734170852681,-0.0541164485904103,-0.0942115148983518,-0.00917539760600356,-0.00490716736503656,-0.0109095861759513,-0.98772613161909,-0.0240135513045915,-0.18271798269622,0.0417858065874229,0.0471903604321256,-0.000342864616399642,-0.98736020135311,0.0219979068518271,0.138774419189623,-0.194757138387941,-0.247077255667833,-0.00973299158482132
8.7,-0.520616811793869,0.288716380012754,0.797442764324566,0.0160480294368722,0.00767958049946347,-0.0323416094526398,-0.982511022794587,-0.0574482501322334,-0.0878683112827813,-0.000598549842834473,-0.00818374663676255,-0.0130537981167436,-0.986534252377917,-0.0284295106806278,-0.188027102309144,0.0169740569480449,0.053293384747529,0.00131896639427342,-0.978303114471435,0.0252528818985024,0.133794879580158,-0.190112632778994,-0.229831543885555,-0.00840532981894684
8.705,-0.522426419342061,0.290137511006403,0.798162338288788,0.0176996758624707,0.00685375743779753,-0.0330019851846027,-0.987016434291139,-0.0568180203275736,-0.0887653881474461,-0.00471622564897738,-0.00125942125866723,-0.00996554204688309,-0.982910367272558,-0.0359479266257353,-0.193741110464636,-0.00353285893011407,0.0563109357639319,0.0108646730937061,-0.977537698976561,0.015939680755942,0.134972564113968,-0.188695606071097,-0.197970503026138,-0.0121471828570611
8.71,-0.522436823238154,0.284367535030776,0.802338456027622,0.0181466982921299,0.00479721582890043,-0.0351621860838572,-0.982437350806238,-0.0571218636706124,-0.0970275044339624,0.00664190382445656,-0.0141405535712496,-0.0108065487944227,-0.977406534533283,-0.0357664316279201,-0.191183054893064,0.00201330249148805,0.0592823363536294,0.00888899532054423,-0.969803237710809,0.0212681319733821,0.137796891619912,-0.176102585440198,-0.149102720883101,-0.0128049257669255
8.715,-0.523226512992128,0.289159973749471,0.799461914178103,0.0283632775695571,0.00518704001303087,-0.0335025003368187,-0.981405566714964,-0.0534630663740937,-0.0879118001528962,0.0171903385230945,-0.0198543963062648,-0.0112460294118801,-0.972625636206948,-0.0319229778068609,-0.187202919852981,0.0389242086094047,0.0608833447478112,0.00180658686817921,-0.9660102751899,0.0155906447940536,0.140711703775173,-0.16899475374749,-0.084957770952942,-0.0171517326051676
8.72,-0.527505156532137,0.282329411281281,0.803115298170507,0.0151049295843964,0.0107817803452134,-0.0350035006328519,-0.976644247142892,-0.0524435703688396,-0.0891676999774196,0.0233490549892664,-0.0214982112841903,-0.0106104090809822,-0.973159595622643,-0.0255151407393262,-0.186061424149912,0.074719195125483,0.0592466095492859,-0.00868482923172749,-0.966147451127579,0.0141065721534016,0.139739513111332,-0.163579384661987,-0.00982816975749477,-0.0242046545740495
8.725,-0.527124929674211,0.279718996555574,0.79807537091163,0.0216367636465235,0.00808217092711268,-0.0307552900931627,-0.974720206930173,-0.0514013433966445,-0.0880892215417334,0.0242235149003499,-0.0371333417375622,-0.00366841770693374,-0.975720208332295,-0.0227330413551749,-0.187358331507329,0.0970417624629018,0.0661010479212039,-0.0132133910357371,-0.965306386887216,0.0201791732342138,0.141643707923056,-0.162400720908053,0.0554963237252003,-0.0320610901190619
8.73,-0.516814945953276,0.289635116367971,0.792770135628454,0.0341534071149246,0.0146093198023245,-0.022620735538924,-0.977932564952059,-0.0505193678678012,-0.080557616122532,0.0262908999825018,-0.0196072206471234,-0.00724770561865729,-0.977075291871921,-0.0243880980592959,-0.185866132511459,0.0710272433346063,0.0653156934823542,-0.0190600987471516,-0.969983503833053,0.020380688847063,0.142198119414563,-0.144138112741269,0.141327273689169,-0.0348275966084589
8.735,-0.51665239103967,0.289016800138089,0.796269318123919,0.0294597850663041,0.0103252221450498,-0.0291992832285161,-0.980733346126081,-0.0515479440711516,-0.0794040876612623,0.0202952171430875,-0.0126826048984242,-0.00584859176753277,-0.980510714068815,-0.0297104113014397,-0.18208530732243,0.0527311007128273,0.0697172993111495,-0.0197255351829413,-0.969589047218579,0.0213339683311207,0.146417835331193,-0.127738153176705,0.213076423155682,-0.040280856159635
8.74,-0.520245454548142,0.281837371003763,0.803754011531122,0.0208002287260254,0.00506071313526755,-0.031804903469793,-0.98085728065635,-0.0461682329994081,-0.0870712349712397,0.0135497735996864,-0.0193849785758259,-0.00265157591644077,-0.988154959536876,-0.0338828143622186,-0.176813738238228,0.040110775126892,0.0694379621724343,-0.0214674594285088,-0.971020039676475,0.0310967374646296,0.150137797107024,-0.128071127505783,0.262263898387161,-0.0432279912283528
8.745,-0.517513829567404,0.291375347154099,0.797338820043771,0.0323876820463391,0.00795212842472412,-0.0245872616809157,-0.982064889457193,-0.0469276141970539,-0.0812172303313026,0.0118586108731653,-0.0179265234423501,-0.00682521678164064,-0.990865174225789,-0.0395898121638007,-0.176617734682593,0.0228166035101627,0.0592116547247558,-0.0225818050281608,-0.977236291340308,0.0386650866673345,0.164122926325324,-0.134488158213565,0.297583607456428,-0.050861497869727
8.75,-0.520590622293541,0.292249966388514,0.803169734172329,0.0292093619340249,0.00962857868076888,-0.0290316674930373,-0.980947955080728,-0.0447674761553335,-0.0807922163728234,0.0118088230469804,-0.0243455250232842,-0.00534277311396922,-0.99526001566722,-0.0462441369461851,-0.180261532651299,0.00646444928684694,0.0588825435995567,-0.00796088738869149,-0.978531002779791,0.0351901243701723,0.175157481951114,-0.141902549283051,0.310713473003679,-0.0559147830558119
8.755,-0.520307450789489,0.285561954947138,0.798764697225892,0.030539052845393,0.00573790522001612,-0.0302778760701477,-0.982254553601289,-0.0468067959169777,-0.083820904683181,0.00965200140669938,-0.0225429425268414,-0.00434293723643313,-0.989747444996804,-0.0545104672853721,-0.176882995487824,-0.0179260742203568,0.0500027485608376,0.00998961902566583,-0.969034035580748,0.0339136855375935,0.179907672117728,-0.143847915984465,0.317820775994705,-0.0556893594962953
8.76,-0.52165932736947,0.286831690082183,0.803035870442024,0.0306446750762619,0.00493778749057741,-0.0279491433168854,-0.983561544527752,-0.0425047696025654,-0.0827738400796899,0.00500250189808054,-0.0238131711075,-0.00947145616343198,-0.988054194514895,-0.0586413383524283,-0.171922808213613,-0.014462542418213,0.0443252132601681,0.0123833104338674,-0.974009342674164,0.0239837248972217,0.190024987706659,-0.147093001131185,0.31143945704177,-0.0502530767380234
8.765,-0.518654810652223,0.290030138419863,0.803605930294491,0.0270833098751698,0.00213178992271423,-0.0293017574836371,-0.982975382076726,-0.046687314553249,-0.0805335934341161,0.00609199901605968,-0.0240400232812829,-0.00904013678872899,-0.9873955170015,-0.0426258535799415,-0.169030273311133,0.0200323009236235,0.04399649048722,0.0112158657138305,-0.974937742043194,0.0197536558912555,0.188881139073244,-0.137957142818886,0.276470591688296,-0.0428820916425071
8.77,-0.518452636619621,0.294307914073015,0.800679419166406,0.0283653046935797,0.00677988719344462,-0.0289676601438881,-0.981222152185975,-0.0413642161986142,-0.0890091254586773,0.00702127675449253,-0.019944193572603,-0.0100310882750535,-0.989432144481779,-0.0290886654694905,-0.177403628683326,0.0376124786370508,0.0385821260396472,0.0151467692944343,-0.97216175364873,0.0149222077667084,0.185619873239705,-0.125154592161627,0.242947575467606,-0.0361049571987051
8.775,-0.522420733718719,0.288520350297212,0.800260263759131,0.0283653046935797,0.00457517802715302,-0.0318195196125415,-0.981028888433901,-0.0501394773944465,-0.0868813106044532,0.0121223513632301,-0.026957359321451,-0.00500589301214885,-0.991138260645966,-0.0178550321287915,-0.184265388569356,0.0166270673891242,0.0373600898022883,0.00936199331019574,-0.981331317958021,0.0140243834242285,0.178982734236253,-0.123834705005241,0.171770989958087,-0.0291653135666488
8.78,-0.517042289507643,0.290114245274306,0.796910449389749,0.0283653046935797,0.00279250003427997,-0.0283790087898322,-0.98190219483734,-0.0524931573551279,-0.0873569234168415,0.0152834765613079,-0.0219097653602231,-0.00643350310243011,-0.988539932954137,-0.0082196567134507,-0.177921660831441,0.00587718596648337,0.043119588064884,0.00361066170171254,-0.985394022465966,0.0119876123946729,0.174580576009581,-0.126332768684681,0.102903081902518,-0.0227785415073847
8.785,-0.521817142394552,0.288684185096663,0.799458084746955,0.0238497765178629,0.00387323373849836,-0.0295343332371725,-0.983124267183392,-0.048880792587037,-0.0820660385594916,0.0252053465609469,-0.0278696224524233,-0.00582250641678764,-0.987421105301762,-0.00463690156357392,-0.168301536226331,0.00756615233503649,0.0370001494884491,0.00443064923616739,-0.986799011084604,0.0152297231989521,0.16903732930283,-0.12315749311238,0.0366107090163631,-0.014950903959546
8.79,-0.525034369086126,0.287723032630091,0.799067791105075,0.0273418485623039,0.00741504265808899,-0.0262916461051341,-0.977938953565385,-0.0508901254935351,-0.087637612673514,0.0287221167236567,-0.0269101263988376,-0.00816701911389828,-0.98380945560057,-0.00962021909916105,-0.168192641143402,0.0737477175766359,0.0370001494884491,-0.00595382577554648,-0.985521011419043,0.0106053351142177,0.16507394103615,-0.104175357050828,-0.0232086036078408,-0.00418935726491248
8.795,-0.524567753358482,0.288486304751785,0.798012436275325,0.0211660836365231,0.00123002978786822,-0.0270680092014373,-0.984241448956352,-0.0460025238767961,-0.0852365219372093,0.0279759382016765,-0.0289028367938147,-0.0111517349083008,-0.985352402800302,-0.0137499846471328,-0.171929921084604,0.105026409170736,0.0384334473394267,-0.0148139221344758,-0.990998106964781,0.0124268146361353,0.154808602584883,-0.0889207683637936,-0.0660201783996194,0.00517276299554108
8.8,-0.520270159612605,0.290385335416099,0.799983496578136,0.0260802054357178,4.28685376568147e-05,-0.0334774715256523,-0.981799518911187,-0.046431699965189,-0.080308851704309,0.0152591664282056,-0.029646641920218,-0.00795327429324042,-0.987793688518631,-0.015696908483352,-0.173212046767436,0.0990124713444738,0.0444473851656886,-0.0173298270292277,-0.992941193723144,0.0158107850119365,0.145549004756586,-0.094060507361678,-0.0866230174042811,0.0122656047099554
8.805,-0.522124752118471,0.287601425223074,0.79948850052806,0.0222568325698376,0.00180868617102218,-0.0259095085603812,-0.979680544990837,-0.0424004247664003,-0.0769930519068685,0.00571831609411363,-0.0174501174572566,-0.0122202156913513,-0.988563808140379,-0.0203295051203593,-0.170513866265851,0.113478429581851,0.0531304280752837,-0.00819094657813491,-0.988409108181723,0.0185109740519169,0.142308078154855,-0.114654122487489,-0.112734589390307,0.0168912056833506
8.81,-0.522545646399374,0.292481152054459,0.797529513566654,0.0213799839531467,0.00683140958016332,-0.0245997095788434,-0.984022360672882,-0.0479537911495603,-0.0815098926171944,0.00588751834687655,-0.0245682560209951,-0.00493287510731684,-0.987927661370968,-0.0199673478723741,-0.170121338536713,0.132321732759912,0.0580331214771575,-0.0138856694102287,-0.997995929420435,0.00545439230105448,0.100872845890013,-0.140406901169781,-0.128917134250356,0.0171763886319043
8.815,-0.523564494153482,0.288176761888891,0.799660578337868,0.00803907679820319,0.0055948388561315,-0.0247810299156168,-0.983972601694577,-0.0468532798899379,-0.0749492743603065,0.00385206051108302,-0.0253767967224121,-0.00950516830031537,-0.993422204545249,-0.0148006030004307,-0.170648874817895,0.143540290528368,0.0594928348101318,-0.0158268725835144,-0.997113517068973,-0.00246023662115762,0.147426178077643,-0.142178909250728,-0.139804864475415,0.0176278085302309
8.82,-0.51856425949071,0.288393400622695,0.798809322966292,0.0191885078669768,-0.00183167292568683,-0.0287588284482241,-0.987277410900889,-0.0402706537132372,-0.071575972445892,0.0015884307040631,-0.026357163172097,-0.00864966272916627,-0.997993500123342,-0.0187649024531141,-0.170601496181522,0.115749828608979,0.061602388917039,-0.0118006019314674,-0.996466190073201,-0.00620512675345786,0.149383523052296,-0.130261880295133,-0.140275194943353,0.0159540303221166
8.825,-0.52053870532653,0.289099886372509,0.797159239564222,0.016578087745386,-0.00105811394823459,-0.0286096390336752,-0.989302741892736,-0.0445057554517565,-0.0760936801115781,-0.00479990003829591,-0.0272839205133379,-0.0146927894443089,-1.00019987175291,-0.0225435706437876,-0.16159101106183,0.0825208321098088,0.0609798626901954,-0.00112371798220473,-0.99430871551415,-0.00562712957290885,0.148842004542326,-0.111847481544736,-0.126037825330119,0.0179847901239222
8.83,-0.518635380316381,0.290997216496516,0.800074994190072,0.010357286888479,0.00303608506412652,-0.0286096390336752,-0.98184509693309,-0.0432891883809028,-0.0792455675974715,-0.00915041193366051,-0.0233620978465465,-0.00902440345345601,-0.998093935380504,-0.0348473746216403,-0.161879693616718,0.0618603862345163,0.0545246319263113,0.010467060094197,-0.991775700603641,-0.0111524977704957,0.158665454657786,-0.104022210698607,-0.102770000946067,0.0125695016515316
8.835,-0.522721020199003,0.287245439835608,0.797752045927994,0.00654792962617477,0.00457517802715302,-0.0263393753210386,-0.983892543522374,-0.0413208768642737,-0.0817859941450527,-0.00695343541447657,-0.0219581231665629,-0.0150043643524174,-0.99940047193068,-0.0437269381637047,-0.160378177889994,0.0332372232895861,0.0528821796178818,0.022382175679585,-0.986549623592711,-0.0173881276872992,0.163284601187943,-0.0964763009009585,-0.0745328899226382,0.00508720827603823
8.84,-0.518127566834502,0.290483216824464,0.800933362448033,0.0103860921292411,0.00980816003904427,-0.0259911510976134,-0.989756757481231,-0.0372632106899271,-0.0818408055272525,-0.00753078109473781,-0.0204900205135345,-0.0169178499014314,-0.996319090775344,-0.0448469788692906,-0.159102332941853,0.00154589793877827,0.0488897441056627,0.0259830788658431,-0.990724256800567,-0.0168177054550997,0.170244170975013,-0.0787031611152628,-0.0504758154351713,0.00320254279635501
8.845,-0.518799531201865,0.291541935146761,0.80148583626099,0.0123251741671534,-0.00275498814880848,-0.0333383148455591,-0.98384114427524,-0.040548084373063,-0.0767709406665001,-0.00535002508007946,-0.0304028352083777,-0.0157677959244648,-0.993310948125321,-0.0407261274528166,-0.159390566770221,-0.0188210611697783,0.0461276552677456,0.0362961018805342,-0.987672795858945,-0.0118225574320083,0.166417739519133,-0.0557435368868096,-0.0269500323736892,0.000790664943329428
8.85,-0.520446002534658,0.29435113609603,0.79878520048426,0.00897677210399512,-0.00275498814880848,-0.0331886467431878,-0.985434586749806,-0.0445119397526001,-0.0844890203368277,-0.00296806531424235,-0.0212798533843146,-0.0183724334841517,-0.986876758751194,-0.032360492969398,-0.162989431867079,-0.010504853117729,0.0359121359238842,0.0378104490078034,-0.990337726791299,-0.00969163666197911,0.163630705674899,-0.0324545228897963,-0.0150962768128538,-0.00521218645494743
8.855,-0.524184442243351,0.285020608521414,0.801564526213654,0.0120441919384169,0.00337041836413707,-0.0354837866796904,-0.986761078608251,-0.0454520991025583,-0.0876842888078851,0.00682195904346482,-0.02197412183825,-0.0213884231588814,-0.983555787963232,-0.0258519929180095,-0.169663159388452,-0.00227446152214665,0.0350774629704386,0.0407400860024541,-0.993058974518422,-0.00430138565365526,0.157716887895371,-0.0263178835143587,-0.0176280064532938,-0.010530118680998
8.86,-0.519670220723182,0.288200435417561,0.799226773694981,0.0119701323594503,0.000751225067982168,-0.0328061353390834,-0.98261433594696,-0.0442051396586962,-0.0880698109880993,0.0126392035123109,-0.0208917904026509,-0.02588978065145,-0.985183903974115,-0.0208707280859786,-0.171779653632212,0.000404890384365713,0.0382218435406685,0.0343995447444089,-0.991413679424115,-0.00323761839163202,0.152128128827886,-0.0280137466234154,-0.0222842590006982,-0.0167621563561732
8.865,-0.525380149805861,0.294189597009658,0.804217884237919,0.0112615823745728,-0.00322923441059702,-0.0386993571672435,-0.985379981057411,-0.041226737786905,-0.0818453172419498,0.00643670499143594,-0.014099814421638,-0.0235119279290662,-0.988209317424319,-0.0168812172333492,-0.169004818798893,-0.000143151872023716,0.0396247885285138,0.0424028979135227,-0.997190326349316,-0.00176332454165804,0.146078700078608,-0.0305303622780255,-0.0254255755809184,-0.0137184089768038
8.87,-0.518937576631063,0.289698567296574,0.804341757493614,0.0130571386151508,-0.00507340599483023,-0.0399288036404225,-0.980043978804463,-0.041501575582716,-0.0857480200461883,0.0234099901745062,-0.0229877551420718,-0.0187369226941805,-0.988376941643698,-0.0129302003380632,-0.166760002868981,0.00995172346428028,0.0406711117406189,0.0443445160336296,-0.993809033168289,0.00451447577702087,0.135576138586024,-0.0109009248241448,-0.0519803860750575,-0.0144876063868937
8.875,-0.519815700774744,0.290441478668484,0.802092827123128,0.00925246641574605,-0.000456357778854974,-0.0383831933140755,-0.982266437599182,-0.0392030116272421,-0.0899062963201262,0.0233566887753159,-0.0268628850732149,-0.0209127538211944,-0.986996427870178,-0.0143567544438931,-0.165560787879549,0.0118435208280969,0.0396688646598615,0.0372952303727292,-0.997117782934823,0.00903590616740809,0.134705811228814,-0.00337289273738861,-0.0668942897028023,-0.012991478045712
8.88,-0.520129054252802,0.289838768548845,0.800376071942434,0.00934477139673778,0.00195801072542808,-0.0425748569889998,-0.986350110145907,-0.0436276674486029,-0.0864721541371112,0.0217857556674473,-0.0247458041000634,-0.0197529788514365,-0.986538898769499,-0.00992612423794615,-0.162360519504726,0.0128599489347886,0.0406652316451073,0.030330689742784,-0.997522614945859,0.01545525440516,0.130530775835379,-0.00337289273738861,-0.0984888666962416,-0.0142826136427106
8.885,-0.51942215152978,0.287187129915184,0.796508904930088,0.0106050618934887,-0.00533967025585024,-0.0400287685124158,-0.981255046342147,-0.0484774192309579,-0.0862139490098435,0.0260036053743223,-0.0264801625069958,-0.020265643685381,-0.989755699038121,-0.00438143866547821,-0.156990492395844,0.00245325716403872,0.0505376568949213,0.0257381915438243,-0.999342309809725,0.0226125464069641,0.123207770621528,-0.0177651672227786,-0.141981584088991,-0.0186968741530338
8.89,-0.517956328677231,0.291937448650499,0.806785738127406,0.0127225610309281,-0.00421596892703808,-0.0419475096483372,-0.988167209108747,-0.0515515127989171,-0.0830170458731583,0.0356613509951393,-0.0257921746297516,-0.0216545538151928,-0.989919740657187,-0.0047840145531037,-0.15647081703396,-0.0101055956375757,0.053635956960444,0.0151127284864342,-0.997535881782572,0.0221290693594657,0.134819934241854,-0.0355927772795835,-0.17463975867271,-0.0213559510669603
8.895,-0.518184285586905,0.292147609779531,0.800939674232445,0.0118738392039982,-0.000311600044369698,-0.041132712337097,-0.981775056536831,-0.044369032344091,-0.0775223285580971,0.0417157822843615,-0.0243775870352034,-0.02501183494938,-0.990764056095327,-0.0145057365147913,-0.155792282989348,0.00215603988437895,0.0584750599095347,0.00508990053586802,-0.992392452573199,0.0186487957358346,0.146558072284761,-0.04285734661425,-0.196080087849853,-0.0228874032927724
8.9,-0.520247513251533,0.291993554063395,0.794650986358388,0.010579411776216,-0.00447901058912945,-0.0441319844684038,-0.98515082298259,-0.0433308454808001,-0.0782283229735677,0.0374774611219843,-0.0198791106530437,-0.0240490473806858,-0.995016023413476,-0.0215184262291331,-0.158623040308066,0.00628076121211052,0.0560090408003821,0.00795957887639712,-0.992222263582929,0.00925944862022605,0.152245449202699,-0.0441668133541118,-0.211392776993691,-0.0224509143794851
8.905,-0.522118666961145,0.287089468538248,0.801365195963989,0.00979599505986367,0.000910094007849693,-0.0342280938198131,-0.979780648530418,-0.0449444647266228,-0.0743541800557433,0.0327486593370767,-0.0206811838839006,-0.0253663231180882,-0.997819460818009,-0.0182010710665821,-0.161688428560434,0.00109434684528584,0.0554254458665395,0.000974422955422437,-0.988807740609673,0.00283185032592965,0.168015465044489,-0.0436589779001831,-0.210962415896471,-0.0147236853138662
8.91,-0.518178345374005,0.287956584619397,0.800367731353149,0.00803337178255722,-0.000400525274901571,-0.0412634558449142,-0.981928747268287,-0.0445280776559164,-0.0756964588914849,0.0213792810594319,-0.0208761345867551,-0.0269038910441525,-0.998858954898374,-0.0107868987490917,-0.162119103851563,-0.00555291279830789,0.0562358748784961,0.00911087500945431,-0.981694239289742,-0.00580777689576977,0.169709371530165,-0.0384730189773761,-0.212154269218445,-0.00731197993688097
8.915,-0.523237072078577,0.286262174946435,0.801435781215483,0.009583323119618,0.00030553214096634,-0.0412831470821205,-0.983252165058825,-0.0479832053082291,-0.0770999526782291,0.0204334543910043,-0.0220220598086538,-0.0269716846594912,-0.994484239471428,-0.00446581609283285,-0.16343639243213,0.00437874892448675,0.0514832202679233,0.0173561732866381,-0.980450267184926,-0.00528744527118252,0.168057692058673,-0.0290284771472216,-0.208083519299111,0.000871598135993244
8.92,-0.522018177746698,0.291143917055489,0.804008954466298,0.0100398873910308,0.00213178992271423,-0.0377324636165597,-0.979356497412366,-0.044340896251392,-0.0778660960086009,0.0173568464161599,-0.0203329123284353,-0.0264924354851246,-0.992251432457814,0.000516144109330044,-0.165220919327826,0.0229756205239743,0.0494547850882797,0.0208304101241264,-0.981108934501198,0.00059111729980658,0.169155119234279,-0.0261353976281681,-0.199037945668881,0.0037099002236374
8.925,-0.520751934277045,0.286639563027336,0.800553841817813,0.0167828371944434,0.00276626667106213,-0.0401921048939902,-0.987294418434581,-0.043898512779262,-0.0795352296880412,0.0255428683782041,-0.0129098253043951,-0.0264924354851246,-0.991668210502741,0.00112459969732765,-0.172991547326669,0.0223530537935717,0.0444039873303775,0.0143606482986219,-0.979910421994523,0.0015941537730552,0.167401445720749,-0.0226588443272058,-0.192241539312589,0.00924764670371474
8.93,-0.52507851908172,0.288518711588342,0.797822233805412,0.0102630935700203,-0.00108925766063396,-0.0431595566386048,-0.986236983621661,-0.0432341169242963,-0.075069614590531,0.032035467915643,-0.0208750450043246,-0.0256557733742759,-0.992310634755744,-0.000352214030443886,-0.177990617601152,0.00480132512204835,0.0466615863312862,0.0170265503420088,-0.97119759532611,0.00486074920807671,0.168658359770713,-0.0147170682220409,-0.17881913940032,0.00327810287630808
8.935,-0.524488374840168,0.290256471624283,0.801038799478736,0.0102010015446905,0.00121887955231565,-0.0415918229669298,-0.981152808841015,-0.0427143122734003,-0.0753306553136179,0.0367939096474937,-0.0192683190107346,-0.0292404210472791,-0.990246989962081,-0.00863015605635341,-0.177063048698532,-0.0185043124918293,0.0513490568114549,0.0185890439653804,-0.970286961617665,0.0132449775423457,0.170205771109877,-0.00671686258514247,-0.159509754977629,0.00313145159424412
8.94,-0.518804325122129,0.291018841623354,0.796970182383719,0.00726378104338469,4.39908144085849e-05,-0.0420482791960239,-0.983097133548442,-0.0469878384798456,-0.0792648287043511,0.0342078786787452,-0.0192683190107346,-0.0295348105895964,-0.988902326611765,-0.0159660192314368,-0.172569698995931,-0.0277991061200691,0.0528821796178818,0.0180972134528556,-0.970003794702514,0.020671378225438,0.168852364836029,-0.00557902168277166,-0.141936969691505,0.00100917741656303
8.945,-0.523489674356425,0.291236136253535,0.800801047779502,0.0104649393402064,-0.00491500835913592,-0.0450049411853694,-0.980607626204711,-0.0408861578711827,-0.0826626777653884,0.0307685861259902,0.00576720715621276,-0.0292893015126486,-0.988750402839219,-0.0165786185707967,-0.172298849481785,0.00134559471394814,0.051468885512536,0.0179741908751998,-0.972802775872638,0.0186031069354322,0.175515231063923,-0.00994079299532733,-0.131901851974598,-0.000365658726173513
8.95,-0.522472192921999,0.291333648691318,0.797344307987031,0.00513457256390186,-0.000499620403097406,-0.0405070355649395,-0.980840036764385,-0.0480827666047394,-0.0785836188835793,0.0406191829265797,-0.0191110912728843,-0.0321762078320653,-0.987455850846555,-0.0126620128879898,-0.174458559995276,0.0291092449089734,0.0503682296988821,0.0198675063926284,-0.971227063023589,0.0195040954638674,0.182009128974515,-0.0173335843914345,-0.117478310565943,-0.00265590474009514
8.955,-0.522921696160032,0.292102538883343,0.799609874496974,-0.00121120206400348,-0.00197967423691277,-0.0420482791960239,-0.979936581915213,-0.0430816610112742,-0.0788900614750524,0.0446041449904442,-0.0142233807571041,-0.0336644414789783,-0.987341234375786,-0.00978912933877637,-0.17642038507242,0.0277271742522418,0.051794004917085,0.0253520844580835,-0.969032866311778,0.0183331102637743,0.18719190196538,-0.0187629295152029,-0.105833733818201,-0.00265590474009514
8.96,-0.520484173097291,0.287861538637687,0.802517591617748,0.00607470749523702,-0.00688087294298316,-0.0443309646160035,-0.981413610864945,-0.0431199015885733,-0.0807400497370763,0.0416656474923228,-0.0175595597609806,-0.03626599162817,-0.986439986723251,-0.0080734946355213,-0.175203835443642,0.0236202917319097,0.0531822113317056,0.0314670412799618,-0.974639285239564,0.0124417657053968,0.20045266616928,-0.0161628534076617,-0.0798329608420592,-0.00135854948123417
8.965,-0.518251569845078,0.291480111488725,0.801028366880922,0.00748566728319593,-0.00408751339983454,-0.0387156865725404,-0.97886759004894,-0.0407579505924031,-0.0791720648788856,0.0362908114564069,-0.00205603388024604,-0.0351238070140646,-0.984611127312437,-0.0104798513660912,-0.172993726604741,0.00863257550465412,0.0586824353961403,0.0403714175382072,-0.972998194657976,0.00730750361445323,0.203549415983312,-0.0134018494479124,-0.0489409332673335,0.00416345843826441
8.97,-0.518962626344367,0.291685432814076,0.798617370057596,0.00423325007007445,-0.00245315315565099,-0.0409846785187604,-0.985794885586881,-0.0425049455131428,-0.07615758984823,0.0341202091451552,-0.00492023938180994,-0.0350872395124385,-0.986472853505865,-0.0194367211976726,-0.170849398226166,0.00196965244718328,0.0553155169496947,0.0426202099772047,-0.97447771670883,0.00634562508156345,0.210820617297647,-0.0145725524923393,-0.0302762922783553,0.00956103950738907
8.975,-0.519886459417686,0.290939629817942,0.803404985436806,0.00534322092053917,-0.00209427514169314,-0.0404463612242435,-0.981834698693086,-0.0400912801069878,-0.0724216242176162,0.0280314531982178,-0.00117312928558848,-0.0404268140071558,-0.987581081368853,-0.0277998564503822,-0.16802323485943,-0.0189674549840282,0.0516604855656624,0.0489636319793884,-0.979608440581743,0.0072109179796466,0.213322565678456,-0.00941928718923785,-0.0241374771905093,0.00891915369265596
8.98,-0.516919632220932,0.290680975180631,0.804615954555356,0.00498211077040203,-0.00187529119480118,-0.0432699732482433,-0.985775615151214,-0.0392771191200589,-0.0730635038985739,0.0209510069591056,-0.00319110245575879,-0.0358250486347626,-0.989576205002326,-0.0363119314671051,-0.165057817101728,-0.0375043118125383,0.0516604855656624,0.0563127851142694,-0.981496577615991,0.00668031628308234,0.214225318954222,-0.00825966894626617,-0.0274380529742358,0.00735800316500581
8.985,-0.518719312122731,0.296102241516143,0.800631628007563,0.0105041032047862,-0.00581409051014633,-0.0429669812569613,-0.987802091556273,-0.043270776217772,-0.0737621224372527,0.018307655128953,-0.00409526617911936,-0.0410245905110923,-0.991452455370968,-0.0390999383877914,-0.168339029855077,-0.0410263346736871,0.0455520078539848,0.0546987208423395,-0.97870959384292,0.00373758835933002,0.217901534568871,0.00485069519144668,-0.0292829958527677,0.00846697681246176
8.99,-0.517688041983581,0.288883745743007,0.799219872079244,0.00119837733357366,-0.000215049989619375,-0.0403871669395075,-0.986184500370557,-0.0495544564758398,-0.0797129531803251,0.0186457750206192,-0.00469751477641772,-0.0386870010953079,-0.994185166672656,-0.0386236871808058,-0.168816005257678,-0.0331619951145581,0.0451835022537436,0.0518135325227301,-0.986185846344213,0.00754377260121725,0.216708993472429,0.0248599139939942,-0.0355971139974637,0.00951642840079048
8.995,-0.518677289047364,0.288984650557079,0.799495821634794,0.00176609605857572,-0.00319397762722881,-0.04416983263765,-0.981913366671562,-0.0462697250988431,-0.0806968812688755,0.0255124317501825,-0.00995016416560583,-0.0377431200923413,-0.991388837162726,-0.0368299771548581,-0.174295150815774,-0.031154586522361,0.0422035809984131,0.0455401799108707,-0.9873627527922,0.0148272422359145,0.213612328235596,0.0397684621664676,-0.035135920191897,0.0058959536254406
9,-0.519267522828699,0.285392324282734,0.800224564247474,0.00322140707941122,-0.00221554306373925,-0.0448327920440838,-0.979494688980212,-0.0445452625863254,-0.0797254895926323,0.0226136445999146,-0.00396923508460277,-0.0387093834578991,-0.989332072217161,-0.0332065999166275,-0.17694451538663,-0.0500816731761747,0.0446185158275938,0.0516190931987453,-0.98764551758528,0.0113698353164075,0.207901407631506,0.0411171858350279,-0.0371974231133937,0.0058959536254406
9.005,-0.522443450728737,0.286084412228439,0.797094372797008,0.0119661380335182,-0.00680792767787801,-0.0468057741869263,-0.986316527180037,-0.0435823422225688,-0.0855558391742501,0.0145886402140584,-0.00146975880314041,-0.0410474000856054,-0.982728762936445,-0.0278997541025573,-0.172647777384156,-0.0475278665402913,0.0394976046958947,0.0460314286692164,-0.983089396976276,0.0193585055897881,0.207894128378967,0.0334568926326935,-0.0255332737004622,0.0094715631935743
9.01,-0.521258706135887,0.28794138798384,0.80430591986836,0.00715015546795968,-0.00472903949815972,-0.0421426168931785,-0.986059457458628,-0.0481463696797362,-0.0942497018697964,0.0214305751430048,-0.00705137848854065,-0.0386707575815669,-0.981004205369838,-0.017400340965124,-0.174666788319426,-0.0142909086105435,0.0378446257377978,0.0423122718930244,-0.98807382951963,0.0171913751474669,0.212176163668902,0.0460795947039829,-0.0168067470289396,0.00605520099690935
9.015,-0.527082263360332,0.284792150957317,0.800990932755536,0.00866615087444343,0.000756266880748449,-0.0451051938241973,-0.991475591666665,-0.0477524402355099,-0.0959016660424767,0.029762711278887,-0.00927414689490034,-0.0384887577752514,-0.983363188302079,-0.00878581359740307,-0.179844360044806,0.00739962239339576,0.0391518573108128,0.0394433281298729,-0.989307634546736,0.0229336246727954,0.21640823580469,0.051615078274094,-0.00813129544258118,0.000666817305554418
9.02,-0.524336930185508,0.291829625679064,0.795898964606646,0.0100398873910308,-0.00364898886840214,-0.0453109011316418,-0.985435993203851,-0.0511770369204132,-0.0935194373393447,0.0470632271381196,-0.0158912025653276,-0.0409660256663678,-0.986627212783632,-0.00687016925538661,-0.180884511836118,0.0233023800025365,0.0425871002902199,0.0403083045121362,-0.988558650436162,0.0185798968074843,0.217443153496168,0.0328457462184868,-0.00718801268563622,-0.00426406183504623
9.025,-0.516983680268841,0.292004953914545,0.796646642995127,0.011113367858462,-0.00430908960853057,-0.0477121095210922,-0.98272873473769,-0.0543151783112983,-0.0875260121258074,0.0483074708051759,-0.00987274844393383,-0.0398050838159273,-0.985613210988428,-0.0103315740367142,-0.177915809900488,0.0150942548237929,0.0431958302564981,0.0341964660622492,-0.987696068447409,0.0103621016864494,0.216988675699655,0.0120367218080373,8.72542776072063e-06,-0.00618601580526748
9.03,-0.520870971687583,0.284111143231004,0.800411904907895,0.0134219410461727,-0.00209577706564411,-0.0457599381059774,-0.9795590548428,-0.0499750335307851,-0.0815012654498409,0.0584744639940353,-0.013554862328044,-0.0383143737165954,-0.983662060551932,-0.0191917844221177,-0.177720411490451,0.0211122698628284,0.0450773341551486,0.0350132662977444,-0.982216769930245,0.00463162110237945,0.224428754485927,0.00113899198789506,0.0187912047401083,-0.00458217307738124
9.035,-0.518650480065177,0.283831204837013,0.79795685621381,0.0152174216651745,-0.00395712656570294,-0.0435607280464261,-0.984404949670308,-0.0479613985607367,-0.0842960414786865,0.050880729110205,-0.0173517224641346,-0.0345175060181118,-0.986160476723918,-0.0253249073311188,-0.178842429079459,0.024158516144644,0.0453281797970587,0.0232640985337778,-0.979429513616136,0.00045976411053822,0.219882227505708,-0.00370720240758388,0.0379931964460945,-0.00210283160983126
9.04,-0.523470679169317,0.283615623146353,0.803714345883643,0.00826707449256184,0.00285055180806509,-0.0397725313367187,-0.984750038222063,-0.0483812580966981,-0.0856372689799449,0.0439605046351296,-0.0182393157996313,-0.0315718999849274,-0.986474553499274,-0.0319743783954582,-0.178634038477667,0.0112824106214537,0.0453194387411529,0.0148521615101716,-0.984253187559248,0.00164248917993955,0.215336339450584,0.00172827330819285,0.0548182871676627,0.00100917741656303
9.045,-0.522794663731719,0.287794523164892,0.799168676187547,0.0111269071526541,-0.00343798172401567,-0.0458480368825976,-0.985412863911466,-0.0565943932617758,-0.0860150038248681,0.0392617857254488,-0.0194961103651434,-0.0289358273148537,-0.986389094628985,-0.0416310600333892,-0.178087065117426,-0.0145868886091161,0.045457683785421,0.0254915273676446,-0.988760010559661,-0.000878014840853329,0.20841891477363,0.00166051523749678,0.0685908728474966,0.00208424342806489
9.05,-0.52022018413799,0.281141856798448,0.801159508585697,0.0110252805470638,0.000910094007849693,-0.0456212009210942,-0.987290174989733,-0.0524892728939925,-0.0876483281914505,0.036043152983831,-0.0229242703272436,-0.0283295447844566,-0.984274037590619,-0.0507924459321388,-0.174664626317376,-0.029588175257631,0.0435484138037641,0.0296555373166125,-0.986809382520577,0.0109021173310548,0.200740785270604,-0.00804751245389089,0.0622514308547579,-0.00637223617100104
9.055,-0.521064795864946,0.283426274115531,0.806106233951614,0.0151739011166801,0.00458242004212351,-0.0435172087138972,-0.985109560686078,-0.0535765855032121,-0.0855114617472501,0.0418427653484997,-0.0265984833240509,-0.0264924354851246,-0.984013229036719,-0.0527634763766113,-0.176364351660255,-0.0233395160341767,0.0406652316451073,0.0359041965400669,-0.985010671978142,0.0153475357351837,0.193093459780656,-0.00247117568549016,0.0541751272976398,-0.0124294646084309
9.06,-0.523501149900826,0.289599844526249,0.797030892968939,0.0203399796931025,0.0122580916535762,-0.0329647139717737,-0.986231142766019,-0.0533772246708451,-0.0857155751470982,0.0444069883559355,-0.0265984833240509,-0.0275169760269393,-0.982048660721242,-0.0477008657766066,-0.179662943392404,-0.00587465428242319,0.0426281460600584,0.0258882475042842,-0.983128574778849,0.0197947643683596,0.193864864459798,0.0149847162070966,0.0416665028743663,-0.0210892794856032
9.065,-0.522175509382222,0.286362348963421,0.800941773111949,0.0208859733750877,0.00168429426769951,-0.0435966759904333,-0.983954631477068,-0.0504852735184,-0.0880437808028681,0.0422869153811471,-0.0335501862837174,-0.0286835099398773,-0.980305384188727,-0.0419221665902394,-0.183853045440351,-0.0156369963380998,0.0394435375928879,0.0343554072661237,-0.985641539508379,0.0256757174630485,0.195186602189943,0.0263658943578453,0.03446076754511,-0.0275079193517418
9.07,-0.520789118084297,0.287385445331299,0.796597533884881,0.0211218868939608,-0.000660999144214419,-0.0389060904965423,-0.984827996827441,-0.0515853459971607,-0.0888938285496371,0.0413348935139444,-0.0331301558227147,-0.0256734125154124,-0.979865910018944,-0.0407104612628758,-0.187103213165511,-0.0316021818241804,0.0416488366382043,0.0272843937990931,-0.982767392511301,0.0234487584114141,0.200422805301996,0.0317339855343693,0.0302510634135954,-0.0338427917836917
9.075,-0.520847688672982,0.283779902098181,0.798700829945799,0.0227092749312968,0.00244859856220282,-0.040509773468838,-0.978258315353372,-0.0495418682436254,-0.088243402488869,0.0335437831752978,-0.0328471172847568,-0.0255411254714643,-0.980055331109261,-0.0428922765644574,-0.189330334999915,-0.0445871018519928,0.0486780537742202,0.0232563418517801,-0.9812263285176,0.0212303454288355,0.199592155754735,0.0302174150025557,0.0211516355982615,-0.0356416590511799
9.08,-0.523669850753313,0.286795160722791,0.797670240030161,0.026078632890701,-0.000468316345929786,-0.0357830885021495,-0.979846951306096,-0.0572251581970403,-0.0873605965795177,0.0283616283260005,-0.0318457540681362,-0.0255578098385342,-0.97961676712035,-0.0396050918291854,-0.192051917645835,-0.0373474455578007,0.0513117178679126,0.0159571418571292,-0.985179846861346,0.0195474913999902,0.199048893490705,0.0304652933013771,0.014966984470983,-0.0381989654100938
9.085,-0.519873784605033,0.291443173646114,0.800451797174247,0.0198134444653988,0.00213178992271423,-0.0404816561070136,-0.983939203410536,-0.0557129215039139,-0.0881628142124188,0.0273273958902374,-0.0190175985062704,-0.0251754080842714,-0.977171420385651,-0.029999514435593,-0.191929642955884,-0.0429578483673251,0.053036882970894,0.00711519195759979,-0.981787295036972,0.0206406825674304,0.196921950139636,0.0338954605684556,0.00773738822638633,-0.044408255654222
9.09,-0.518831988218995,0.2883034948288,0.801454411478417,0.0208735437532289,0.00160173987473139,-0.0371614992618561,-0.988290100462073,-0.0565928431670984,-0.0894061498656467,0.0413950040990073,-0.0444445771815107,-0.0226110738860521,-0.9740629360234,-0.0116723482405635,-0.188354953894055,-0.0280740911904629,0.056282227263287,0.00997422336015984,-0.979322938553802,0.0235378550497357,0.195585711120231,0.0360565914249881,0.0143620924705958,-0.046972162408349
9.095,-0.517190337509215,0.285401896890973,0.797109033609981,0.0233767500507182,0.000350135267409365,-0.036499763950077,-0.988250936636576,-0.0546861014248157,-0.0867932148844263,0.0482692271471024,-0.0418430406491491,-0.0199062656367855,-0.976203574049631,-0.00486463926185987,-0.185240848082883,-0.0127047209331051,0.0632370489306059,0.00628213327901871,-0.980672439893611,0.0186473294881363,0.201231633058287,0.0393241850606917,0.0233215995785075,-0.0502397624723434
9.1,-0.5209722706889,0.290281450587732,0.798080077010242,0.0285342520004965,-0.00327485015241009,-0.0443096967204255,-0.987135408532462,-0.0494888732401052,-0.0870373079838482,0.0452060122257626,-0.0412588268518448,-0.0207852100475732,-0.979044116769318,-0.00636379666658128,-0.183159069674424,-0.01940818159767,0.0621570481302131,0.0105648962256332,-0.982907382892615,0.0245886661910402,0.204860185824533,0.0415683272496561,0.041263826701659,-0.0515236891806126
9.105,-0.521473541974123,0.286154813431674,0.795516441464889,0.0187328901719413,0.00227293132893132,-0.0333552756989808,-0.986316098534978,-0.0489015023215967,-0.076955643801342,0.0426820817266189,-0.0452740866976309,-0.0158473709159696,-0.984003158087658,-0.0136029622672781,-0.176507240509623,-0.0160628096278815,0.0615046519871812,-0.00827149717547745,-0.983173166141976,0.0250096709387423,0.210320485220907,0.0255230090478375,0.0629629708573048,-0.0529341684079031
9.11,-0.517225630809369,0.290659488884774,0.803244647583202,0.0216119552391511,0.00245422790253653,-0.0327243507464166,-0.979171830030745,-0.0484980435510876,-0.0807992566847155,0.0343523301636673,-0.044339109325284,-0.0183122941558783,-0.987807921118677,-0.0156116834147291,-0.170099029958423,-0.0206600530343127,0.0599533551990146,-0.0174872190160771,-0.980656352083435,0.0220597133282863,0.206253752491158,0.0127596077013247,0.072490327364348,-0.0572666728931254
9.115,-0.520590725230136,0.286037749542623,0.800955794772106,0.0209015326574598,0.000910094007849693,-0.0327366797335,-0.982065268799852,-0.0493055891887721,-0.0819223062758944,0.0311655066907406,-0.0422615947365108,-0.0159826876318162,-0.98908944263807,-0.0159587366258639,-0.167074113798501,-0.0147036106663943,0.052034163700223,-0.019304236348033,-0.973245646646936,0.0176648614944431,0.206369700140903,0.00829111611169993,0.0897462742005138,-0.0530666721203715
9.12,-0.520011096843506,0.287662384778538,0.801256661617733,0.0196427696689436,0.00301213464224061,-0.0333257425689601,-0.980251939218853,-0.049878240523162,-0.0820024437534123,0.0321930391385961,-0.0451180643463934,-0.0144696537733268,-0.989818895197039,-0.0154990221428347,-0.166879189381244,-0.0320532060572066,0.0554409272470119,-0.0127698827388236,-0.972202887760541,0.00869039117121502,0.203358848818855,0.0137442616862504,0.107714892967099,-0.0463818257921008
9.125,-0.518009095978393,0.293294629948605,0.800482348265468,0.0267026802359278,-0.000320735439633476,-0.0350579443987717,-0.980100551110952,-0.0509696376514829,-0.0789738789924586,0.041695803843738,-0.0473672896623611,-0.0166258905820931,-0.990145663466472,-0.0192764269870171,-0.164688082800543,-0.0405828486325764,0.0588341552603726,-0.0225157825356481,-0.971640190500766,0.00500170623104038,0.209442858811734,0.01733248740734,0.107422244870769,-0.0440666575789718
9.13,-0.520813506755198,0.286428040081739,0.801265038305568,0.0220968011627444,0.0115852832515733,-0.0265396556560319,-0.987559328838307,-0.0449804697000743,-0.0770407131601988,0.0359843332839312,-0.0471860906871959,-0.0155424860167731,-0.992763215352212,-0.0180049299718417,-0.163810627991348,-0.0291469173847908,0.0565472617745399,-0.0236586193537046,-0.972249956125766,0.00441526693486283,0.196533009481375,0.0161887025301077,0.0982719658529106,-0.0417790878245071
9.135,-0.521250428418557,0.287757616780848,0.800102359511564,0.0232168076571749,0.00406128283202821,-0.0357459015476669,-0.982082827328246,-0.0464613471988331,-0.077871254226857,0.0353284823367768,-0.0395545906439512,-0.0174503630223531,-0.995145618911395,-0.0149047938528085,-0.16499447794873,-0.00267861827825652,0.0542762189489799,-0.0161881258715508,-0.975415012564343,0.00508313738674667,0.194766769455071,0.0189746525106906,0.0853562867157934,-0.0401713941277982
9.14,-0.521398139906264,0.291866874545877,0.800909853783287,0.0272892228700255,0.00411940949848597,-0.0356296482147514,-0.982745838803504,-0.0494834000840515,-0.0736267799186446,0.0382285728299783,-0.0409917175018953,-0.0144856867098719,-0.994744689337936,-0.00875061186608704,-0.166988621831138,0.0293781311976674,0.0532863480896288,-0.0124618911221358,-0.972667902541689,0.0129127735320741,0.193092645644444,0.0132312831244474,0.0638662923404575,-0.0438324442966369
9.145,-0.518596345390499,0.293099740153049,0.799141767183501,0.0237870030729192,0.00137280856656411,-0.0325831992686829,-0.981694621357079,-0.0413428008931274,-0.0734870570514725,0.0299709565938278,-0.0379505484029368,-0.0172269543949206,-0.995779169537482,-0.00543535616221555,-0.170038262959528,0.0320643841336085,0.0543288290402525,-0.00645858789544981,-0.974346810153654,0.0165927916057594,0.194699125139521,0.00713871147749469,0.0439263119918957,-0.0483422515039912
9.15,-0.517515400341014,0.293574187531035,0.80214263674625,0.0173700544983149,0.00980732212391269,-0.0272616597683622,-0.980266239403488,-0.036519616681455,-0.0725491220822997,0.0239028938495613,-0.0380460130397277,-0.0163341682042479,-0.993662788261454,-0.0112060905182761,-0.174589529755184,0.0180714407728183,0.0545422322929534,0.00316531704680984,-0.969651291838075,0.00891571309522262,0.196699828583265,-0.00300693792973477,0.0388420326865162,-0.0443764946810552
9.155,-0.524218212102668,0.291186119549698,0.797734245396855,0.0180123155893208,0.00579687394201756,-0.0354860285080083,-0.982870598866378,-0.0399204782286971,-0.0768101331309913,0.0183441115180578,-0.0333114137845538,-0.0155099826188335,-0.989635927299094,-0.0174329928705354,-0.173912718320193,-0.0132354056954194,0.0565782071531009,0.0117699131369591,-0.966861274291316,0.00694879131010781,0.201459531304538,-0.00249949998452289,0.0490633116119697,-0.0454902239688618
9.16,-0.519837956799489,0.296316909650209,0.799113487878285,0.0332056022590842,0.00266533329322428,-0.0321201136079801,-0.985993648728418,-0.0425341274929454,-0.0715319025163183,0.0138528285079129,-0.0337261133548304,-0.018757174966103,-0.98716544155435,-0.0247883557641856,-0.169509835246798,-0.0037261973846592,0.0504338201049222,0.018618365767845,-0.969345873386929,0.00269906085355264,0.204778069695975,-0.00703797489404678,0.0663669918390206,-0.0403610729389874
9.165,-0.515052457945972,0.2892992844664,0.807305247026425,0.0136429325166862,0.0032085270189487,-0.0359398052096367,-0.983351728675629,-0.0461550705611188,-0.0713495588620783,0.0088090160871021,-0.0399151300382245,-0.0172068656100092,-0.987497122095127,-0.0226811902068342,-0.169223290478363,0.0177620010242387,0.0471917872404056,0.0249071993284583,-0.973547288997868,0.00137675035084437,0.208429020915039,-0.0102959821146845,0.0821108119927897,-0.041505882264446
9.17,-0.523228445450465,0.287100222475192,0.798154971526806,0.0200829370959594,0.00300134784711274,-0.0368093631340352,-0.98089041238137,-0.046787555301414,-0.0752606149633882,0.00550992041826248,-0.0400395104083921,-0.0183414603004608,-0.987841743997555,-0.0227451433191197,-0.177711464076771,0.0357409296045257,0.0396647689925892,0.0237078611831759,-0.97304703713598,0.00408373498057879,0.212680831136695,-0.00393055381328377,0.101914687099026,-0.0380850471556187
9.175,-0.526073834290537,0.284348633350453,0.797644794591965,0.0184275046311926,0.00685432221225016,-0.0330651917599046,-0.984715945508063,-0.0519109490191638,-0.0825848639450752,0.00771942485454816,-0.0402710146316977,-0.0103591003628278,-0.985159194217703,-0.0232612145887969,-0.18730738277991,0.0233267144029852,0.0459175734182384,0.026766925279072,-0.979035796483158,0.0130946320893345,0.218745221526981,0.00519481931506954,0.133290990151514,-0.042759784587171
9.18,-0.525638448052795,0.282217867798597,0.802436060713736,0.0208545654164612,0.00407577665487062,-0.0360780603796052,-0.983118040494302,-0.0564765528606093,-0.0861408698624387,0.0142586370156085,-0.040848891158566,-0.017522527617437,-0.981704521939772,-0.023692140298407,-0.187660473863722,0.00495506868679974,0.0461455239302882,0.026133492080917,-0.977022930243493,0.0258934315460799,0.216924137694799,0.0131015472815515,0.170014905913804,-0.0493580725534068
9.185,-0.521362545092689,0.286938346695587,0.796887102972014,0.0243111295458185,0.00232129420427173,-0.0321799707677367,-0.980219742013949,-0.0545747471728677,-0.0878140998660915,0.0231685126579747,-0.0342060964618117,-0.0168575982721128,-0.978951312544608,-0.0252313625020241,-0.185134902873791,0.0133584118629583,0.0456043961213194,0.0177998085275079,-0.974170316640457,0.0270087269936553,0.210356874604362,0.00760479273278166,0.21562617003879,-0.053978787101781
9.19,-0.521091672737695,0.289144650544732,0.795095728499903,0.0114018623277335,0.00332542723496586,-0.0323027779303011,-0.981738989557282,-0.0509410830578151,-0.0813838001070501,0.0335232193339253,-0.0335140140375123,-0.0180262517148325,-0.976804551019624,-0.0209537904738293,-0.185984244087028,0.0525908093875563,0.0472809557353618,0.00956940334472588,-0.976017910765742,0.0246321431461531,0.201769780573026,0.00631012028244962,0.26259992792006,-0.0557382239662811
9.195,-0.519153531720448,0.294252829609795,0.795503656256851,0.0180948472184339,-0.00293539002409883,-0.0339490143510276,-0.984168541936986,-0.0513641219015763,-0.0827396963704191,0.04052035969912,-0.0380946561369259,-0.01698654610049,-0.977196917750542,-0.0177695856309419,-0.19239727607937,0.035524928886042,0.0455520078539848,-0.00237776845433231,-0.986965093450965,0.00954523641125131,0.196976261550211,0.0207831232009496,0.301091174928693,-0.0539670772850513
9.2,-0.522192643667742,0.286011369727427,0.797212845371972,0.0180815532942426,0.00426628804349845,-0.0303415284718303,-0.982996135598556,-0.0459423089019212,-0.086671068118274,0.0318299861135696,-0.0466635810949418,-0.013127049008481,-0.975634282179321,-0.0235668393167779,-0.191230983032142,0.00190192722634151,0.0521220398791466,-0.00946044924145417,-1.00144750066027,-0.00615638266762954,0.203656285491122,0.0372985854054675,0.318079388759466,-0.0539670772850513
9.205,-0.524159997262724,0.28613216815772,0.805063967062461,0.023364341034763,-0.00471260197353904,-0.0367971685520749,-0.984737895583613,-0.0496567170520997,-0.0894151020240694,0.0270128303413424,-0.0446313468437963,-0.0131513165530264,-0.97495884982612,-0.0278548400822726,-0.18559180173731,-0.0228781874729001,0.0552679253548804,-0.0104399529146588,-1.01116059943625,-0.00909521163999287,0.206546925398234,0.0402528048831977,0.328937976192487,-0.050262516612282
9.21,-0.516115439383126,0.288431334650042,0.801173528496775,0.0148780307725503,-3.34118039415629e-05,-0.0332182288647698,-0.988794248382161,-0.0502683564107621,-0.0899055221869532,0.0235767419535694,-0.0424725979634168,-0.0137899829470957,-0.974680031453265,-0.0238245592363376,-0.177134509108795,0.00853084038208992,0.0541038736701012,-0.0412771422938062,-1.01741688797383,-0.000453891632701194,0.199868416439319,0.0261525784322209,0.324622371653497,-0.0498492517970207
9.215,-0.518224879755145,0.292454262299408,0.79900491234684,0.0265411163428676,0.00030759970935698,-0.0334797116499639,-0.989708152626099,-0.0543673671006039,-0.0853180186287244,0.0352523080486164,-0.0462212474390199,-0.012405124681698,-0.979772875401749,-0.0186965337355263,-0.177529007253549,0.0266976551514842,0.0561953493756034,-0.0493148118257523,-1.01681337965713,0.00227370214112101,0.180564852475238,0.00377469213883177,0.316656870580385,-0.0530051613219344
9.22,-0.5184457424611,0.298770453130556,0.795984836842047,0.0249412590843429,0.0045916829941743,-0.0317761416333206,-0.986988083112686,-0.0518750830906994,-0.0812642183536579,0.0461381884980927,-0.0525664269787596,-0.00827722482651043,-0.987002492992035,-0.011420153027809,-0.173647067764938,0.0186034428997785,0.0626204865416393,-0.0502222709914174,-1.01256303727405,0.00704140415647334,0.167919536759246,-0.00215119868516922,0.301898235225222,-0.0524069631299699
9.225,-0.515744866642516,0.282738330866476,0.807123522396508,0.0280657944826853,0.000910094007849693,-0.0340954375269867,-0.984678470095947,-0.051562441732088,-0.0846855631986807,0.0428360395355455,-0.058615129993951,-0.00521845752917689,-0.990531621284263,-0.0164507110269607,-0.164006924753966,-0.00210886838776615,0.0654247502945912,-0.046138756494239,-1.01754700345834,0.00677546278549258,0.165200683618951,-0.00209305939695979,0.292464474933025,-0.0513492713159843
9.23,-0.523907099023782,0.284360192306651,0.800627755674548,0.0286639504860373,0.00182410577132817,-0.0333561310536371,-0.984921417109597,-0.0506184287759946,-0.0936724430545277,0.0318420383604215,-0.0590692862060897,-0.00344182152159887,-0.987670494879792,-0.0218759825794672,-0.156503276137062,0.0203956212229707,0.0688160481864452,-0.0374359753030915,-1.0221427922668,0.00362132448494656,0.172104229891952,-0.00129213289121304,0.262666047043055,-0.0511222613483233
9.235,-0.52472383721453,0.292764575079278,0.798687157399297,0.0309503603641334,0.00565520754566962,-0.0241773142140489,-0.983861873708176,-0.0533564024537174,-0.0865350938300159,0.0434402661131444,-0.0581528984182904,-0.00742243964758273,-0.983927127965048,-0.0257763945547555,-0.155560862568552,0.0420745554258149,0.0698981950628904,-0.0479177049310579,-1.02557603239168,0.00405019823116488,0.181177938761825,-0.00700260400852084,0.238193111731395,-0.0595469110953608
9.24,-0.519979090873545,0.289748964592913,0.799858551415242,0.0316703880984715,0.00181009609275016,-0.0278896375304164,-0.984037974065119,-0.0532210268227958,-0.0822839642404408,0.0529481767810807,-0.075863867110503,-0.00898027859042046,-0.983930635560851,-0.0242570787565253,-0.159038250132616,0.0517262807083433,0.076344784362195,-0.0520010208678548,-1.02044110428426,0.0064835574199136,0.183544281365025,-0.00782337354337941,0.226521360210658,-0.063915129547306
9.245,-0.523401445885033,0.291991343066916,0.80168304592203,0.0294670854082717,0.00961935324078566,-0.0281374473673712,-0.984224125663211,-0.0442706343002496,-0.0778467189993004,0.0512468250578326,-0.0644710212945938,-0.00667822212298728,-0.982706578942776,-0.0224095374174431,-0.154478124479847,0.0485943919043608,0.0836028093321798,-0.0503582354633358,-1.0208172239789,0.00871678327680935,0.189560392114326,-0.0036144208477707,0.220885683881908,-0.0636706145667485
9.25,-0.518931584616219,0.285232967889898,0.797747354700407,0.0355875612558669,0.00846763940894466,-0.0258309590408624,-0.983725016894601,-0.0431291256247652,-0.073251646532783,0.051414914884729,-0.0678186064740634,-0.004083487718988,-0.985949313224706,-0.0283234855857807,-0.14858376430686,0.0466486097998934,0.0862396350276284,-0.049951623266842,-1.01878944246053,0.00643164056075119,0.198713552525962,0.0121562047548372,0.231863784004971,-0.0625189393758774
9.255,-0.518869189140258,0.292536029199823,0.799700137084684,0.0355394584688105,0.000762887900080241,-0.0281504020742049,-0.984477735253857,-0.0477026670528126,-0.0781530339998164,0.0374727723989379,-0.0639026402105315,-0.00475766114285857,-0.983224415634834,-0.0234585199332643,-0.146188039752861,0.0607018818042017,0.0850071212939364,-0.0576724275743826,-1.01685704322134,0.00677175602287384,0.206083936753407,0.0139871033347579,0.234857782838183,-0.063868769177983
9.26,-0.521265710031111,0.2920024264417,0.798424313008623,0.0347979195031179,0.000585951816254149,-0.0233115226360222,-0.9835809035737,-0.0444003746729911,-0.0726327014784423,0.0367145382312246,-0.0602464909473481,-0.0046884167227536,-0.984045066281271,-0.0112026596002645,-0.150483638546548,0.0718524302361056,0.0824344912520691,-0.0642702535274625,-1.01694970645505,-0.000854993967966385,0.216182238872223,0.0171447985915918,0.225999628664192,-0.06205059856796
9.265,-0.522055980067412,0.28806869764727,0.80137801293721,0.0314304751577728,0.00506338105297793,0.242861339229489,-0.984597657247251,-0.050368481706241,-0.0688192627448069,0.0262787286192179,-0.0633824092782503,-0.00436884730038291,-0.982678674650882,-0.000921826613041268,-0.153389311569814,0.0821376766829633,0.0860916367045082,-0.0763039398129303,-1.01809488903837,-0.00615472652444715,0.212222456142478,0.0196410610323806,0.202861849797075,-0.0541531590403148
9.27,-0.520583736668843,0.28838494569251,0.794312021260809,0.0356954708695412,0.0136438782594992,-0.0205679915107949,-0.986918245875122,-0.0470195916686709,-0.0742206284158208,0.0241584028141271,-0.0606544334230269,-0.00455243708807338,-0.984253179145293,0.00647566610611728,-0.15718755935878,0.0855143793912111,0.0905781888456521,-0.0770359713420044,-1.01735561022122,-0.0157459321467458,0.200930364059272,0.0324020677171365,0.171570984634985,-0.0546813565680308
9.275,-0.520752211989168,0.294748185240234,0.800777995903645,0.0379906615092225,0.00671013650859712,-0.0283012063815891,-0.98622916690298,-0.0440132812411738,-0.0694978921106007,0.0313039767953909,-0.0564447582469105,-0.00842982106394552,-0.989209649883867,0.00779926584715925,-0.159341027891689,0.0905776768922806,0.096354025225342,-0.0776171705278648,-1.01886037367268,-0.0189313760141465,0.178281062286689,0.0353125904718223,0.121925397841452,-0.0482673446616348
9.28,-0.518616730825181,0.295568603463019,0.798544222444057,0.0340943899186336,0.00579687394201756,-0.0273879431188107,-0.986437686787093,-0.0401439090371099,-0.0631102241946284,0.0405553873827613,-0.0563028309295022,-0.00835885698565249,-0.99500647820297,0.0115514155098892,-0.158315252426043,0.0835051024868432,0.0988839177038657,-0.0776251091659176,-1.02476080484621,-0.0143757931862731,0.155743601902939,0.0389249124297082,0.0631065530783043,-0.0466369055211544
9.285,-0.522064886947848,0.295948622732792,0.798353668923648,0.0321832536464243,0.0112938860985304,-0.0254031500480599,-0.978216216002931,-0.0321490416134643,-0.06389551889653,0.0305131595454635,-0.0553972780805261,-0.0106104090809822,-0.996696548051302,0.0172885095493329,-0.154761276041404,0.0835890471909211,0.0957097931857983,-0.0820956456196071,-1.02105406928579,-0.0117143607267568,0.131310395961492,0.0338551375414205,-0.00865259235924601,-0.0442794502854973
9.29,-0.523432017897412,0.293405343552371,0.799275287731958,0.0301126952832227,0.00791553545547297,-0.0286096390336752,-0.986739589581514,-0.0334175751065232,-0.0618855335975245,0.0212468427406103,-0.0510323792695999,-0.0101870544612709,-0.998365885662791,0.0162447214820461,-0.153991482704079,0.0952713175603526,0.0972575353899218,-0.0794241939621403,-1.01909356870075,-0.00628496448696694,0.121219957403148,0.0128030433502073,-0.104967840758701,-0.0451386043480817
9.295,-0.523450236382609,0.289715698972266,0.797543609236886,0.0247002206742764,0.0064065465027082,-0.0309011965218009,-0.987142011819803,-0.0348937510578003,-0.0652030945024833,0.0088788905032597,-0.0525132049119145,-0.00938871409744024,-1.00010749583475,0.012177928035433,-0.157077199554945,0.0963251988076809,0.0938262990537482,-0.0846276849157945,-1.01753124164343,-0.0046125232346438,0.106285286727078,-0.00447878503500572,-0.173344569630638,-0.0431298079096216
9.3,-0.517609712382947,0.293125437561277,0.797870458514339,0.0319778026286131,0.000416559993974797,-0.0301954132438396,-0.983221464854823,-0.0409134616629355,-0.0694596125159845,0.0197151418025887,-0.0565197482469336,-0.00330076240708397,-1.00125588244847,0.0109754300741872,-0.156669277802231,0.0900849193253337,0.092705340675336,-0.0901132881519524,-1.00976790203093,-0.00545417588931328,0.0981341380278862,-0.0243723283410989,-0.242067571142449,-0.0432360120987673
9.305,-0.519980673104713,0.297267670169012,0.799207163019828,0.0267623210619733,0.00386187001619074,-0.031053027138114,-0.974498528340097,-0.0394941248715582,-0.0598590984991878,0.0227145549499851,-0.0452374092946793,-0.0155980966481789,-0.99740586293168,0.0133640186849428,-0.155765562993249,0.0902604100097473,0.0931452204285273,-0.0860714039210063,-1.00147797512748,-0.00784861908674331,0.0872311945179813,-0.0355321257247637,-0.308170940193813,-0.041717197957863
9.31,-0.522594995419228,0.294630817916036,0.793583702641325,0.0243639000007241,0.00646951596405998,-0.0319384005167811,-0.981865532115865,-0.0324398199236132,-0.0566299001932635,0.0209725752625268,-0.0331055165442369,-0.0179457798893454,-0.995772625077753,0.0192151853116278,-0.157108371368985,0.0803003666722892,0.0893976492750527,-0.0891458228746027,-0.995830344148204,-0.00543306552505995,0.0901031394196049,-0.047189266984006,-0.339213768602108,-0.0398764309175329
9.315,-0.519952258846925,0.297835261689308,0.797827055897464,0.0212350165515219,0.00491578438446427,-0.032715267495919,-0.981158192045485,-0.0319302436974846,-0.0554108295984775,0.0130412476380732,-0.0297892856276942,-0.0181417351612613,-0.996115955036541,0.0153846942919059,-0.157455270106908,0.0720482987986148,0.08627586544638,-0.095842243618697,-0.995395770049584,-0.00586427672568624,0.091044236213525,-0.0354398591655788,-0.35461365517365,-0.0380850471556187
9.32,-0.517754730319707,0.297616133579338,0.797512395604092,0.0175499745766033,0.00267155043189302,-0.029149399542854,-0.978382794352222,-0.0327262624754298,-0.0533948211859071,0.00958114009481736,-0.0333194582786377,-0.0218120146497456,-0.993644491403148,0.00679291512036946,-0.158660792802135,0.0541038367747904,0.0893070118083207,-0.0904430762719717,-0.989761609988399,-0.00588697293347348,0.103052672190224,-0.0256139302752364,-0.340693055118519,-0.0390613694659498
9.325,-0.516516425320723,0.29630445942008,0.795930401596508,0.0153836661428965,0.00518511831291696,-0.0356339276282632,-0.978637129713522,-0.0280690739078626,-0.0538982970978334,-0.00124678001580961,-0.0213227700392388,-0.0218649511873062,-0.993129002499847,0.00658145304468894,-0.159057277056416,0.045284156590478,0.0881373428652285,-0.0896307304501534,-0.982052031817674,-0.00772358990385385,0.103892372260541,-0.014499000930177,-0.306574408636302,-0.0439972304204302
9.33,-0.518022543382016,0.291232410366871,0.798592446716301,0.0100398873910308,0.00135511600348188,-0.0343864597394666,-0.976716566060713,-0.0314966098975935,-0.0515516354414033,-0.00923246965660824,-0.0138375530353651,-0.0253117709361119,-0.99243317828764,0.00986139741788682,-0.164744691415839,0.0634829350472309,0.085101795020611,-0.0880984573057761,-0.978749532491198,-0.00677769141466328,0.116110978569065,-0.0144414528550454,-0.251967631269063,-0.0415441826098917
9.335,-0.519844104791655,0.290798737770167,0.792453081618285,0.00927162868296788,-0.000172987372793408,-0.0359398052096367,-0.972321669263862,-0.0300627713816657,-0.0513921724063372,-0.0199985907803364,-0.00284897866561058,-0.0299496570027318,-0.99310893308723,0.013763761967507,-0.170231431450464,0.075299724148198,0.0834245383739471,-0.074071069673423,-0.973133561273232,-0.00314729909262605,0.122656360149957,-0.00687614406920959,-0.184601166594793,-0.0448852798552439
9.34,-0.516931586478588,0.296582088974197,0.79620798761398,0.00986664003849278,-0.00363018749595185,-0.0338429118102739,-0.976089362409769,-0.036668307090592,-0.0513422672391694,-0.0207362014791597,-0.00196775482918526,-0.0283046720126288,-0.997386409294426,0.0124042012178637,-0.174371079517706,0.0568192989675078,0.0834245383739471,-0.058585285228542,-0.964133966233629,-0.00515643630181181,0.120977958163519,-0.00869600687911582,-0.145135475040239,-0.0492548481366728
9.345,-0.51593841738076,0.29832324918456,0.797279189642145,-0.00516620636743506,0.00183287493037918,-0.037336991410575,-0.977111115809329,-0.0295272638775673,-0.0526331073910177,-0.0236839953666275,0.00651401618069959,-0.0329811674042509,-1.00044216773712,0.0103042549553098,-0.174360936007404,0.0356311566197963,0.0819474229172059,-0.041673808633382,-0.965211070372364,-0.00489703354947107,0.129011108451374,0.00190729153775428,-0.11122427523088,-0.0491160650873434
9.35,-0.519245917289828,0.294256202574666,0.79457487578839,-0.0194008327176333,-0.000762232086841412,-0.0338870221551922,-0.979202212529838,-0.0296306836162884,-0.0552605685214335,-0.0268548290137875,0.00931526761072587,-0.0375457254454653,-1.0011642699175,0.00525563024076305,-0.171313074596598,0.0189219143152816,0.0769427917720046,-0.0196208633304801,-0.967585464482836,-0.00532459082486257,0.1166257832109,0.0145737010541926,-0.086319737136364,-0.0510596468429661
9.355,-0.515602689610307,0.293853405109122,0.797046968871536,-0.00551711235073845,-0.0069468266713247,-0.0423733066957227,-0.98063402455588,-0.0313453192202971,-0.056785700779047,-0.0348059944808483,0.0184939871094764,-0.0414306396949529,-1.00109102587457,0.00468203401642878,-0.167006504780943,0.0123468784742206,0.0673135277941449,-0.00928744210614288,-0.972755956220936,-0.00618689581684691,0.114665490884992,0.0103157538567582,-0.085636726529331,-0.052745383232832
9.36,-0.51779802079669,0.296815789628758,0.806435116183556,-0.00874404886091929,-0.00493065246187307,-0.0443008733646506,-0.982489187693003,-0.0303177864187619,-0.0565901125267879,-0.0398492416094095,0.0313471274249442,-0.0413658174191063,-1.00208464253074,0.00478747080201889,-0.167851100540827,0.0274269118549159,0.0597026656882211,0.00671579895120652,-0.971118034761224,-0.00829882138705783,0.109640704738295,-0.00105936387181129,-0.0957090455588011,-0.0508161124798894
9.365,-0.523769607579431,0.297697154984918,0.801632165203538,-0.0104300017046778,-0.003677764254975,-0.0458888454075215,-0.98294495351777,-0.035124095818004,-0.0562870034034714,-0.0350587000411079,0.0369296222925186,-0.0443124441396135,-1.0005922439841,-0.000561290727367313,-0.168647359883837,0.0292791914668847,0.0578758379207468,0.0172979825615887,-0.970741709589087,-0.0201518547250001,0.103185679431017,-0.0267599741007122,-0.118348648485256,-0.0443658907454063
9.37,-0.519484595995029,0.298884842687224,0.801085143202527,-0.012702659366693,-0.00153329409658909,-0.0414751852122595,-0.981716865399034,-0.0339551206011403,-0.0620221777780937,-0.0347508361155732,0.0369296222925186,-0.0415967784305839,-0.99971709457544,-0.00528008838270178,-0.168561906614872,0.025885242364854,0.0570501088892437,0.0259274020994686,-0.983263890820555,-0.0225084243504986,0.104356209628595,-0.0279247663143877,-0.142413660923993,-0.0333302068100996
9.375,-0.520851244539766,0.296807834600713,0.798388911186261,-0.0150931564343709,-0.00385157290983803,-0.0484805783390244,-0.984261511849204,-0.0343219398233792,-0.062970782668777,-0.0336642881891385,0.0369296222925186,-0.0463158798587012,-1.0007006057377,-0.00437393315327389,-0.169547272513329,0.0353668688247606,0.0493579502295119,0.0251614102271127,-0.987255885098599,-0.0205268047770804,0.106776532626068,-0.0200077550435986,-0.176274399729086,-0.0379678321970971
9.38,-0.518785617493804,0.297728910246721,0.800700771405842,-0.0151153840798727,-0.00519837625324726,-0.0525432157753029,-0.986467261846003,-0.0366819677073403,-0.069879902249118,-0.0473755177463318,0.0462142100261168,-0.050356105449868,-0.996612495579227,-0.00137718112174758,-0.174105315859381,0.0522174902972443,0.0407255565907171,0.0215434730052948,-0.995701943031725,-0.0128216902682784,0.108135834081601,-0.0136242703070381,-0.209792293663541,-0.0398117031201513
9.385,-0.520830076806488,0.289926998453006,0.798986835945653,-0.0197663888094331,-0.000900469634578209,-0.0550013104312688,-0.985041707376113,-0.0433003586473703,-0.0735931430536029,-0.0343297588208324,0.0470759109781042,-0.0473854847625181,-0.998021416271759,-0.000901256062400211,-0.180361403240282,0.0570253560304133,0.0423725608377021,0.0230889234886896,-0.997654218844403,-0.00212116388296037,0.110886511773149,-0.0180933522305665,-0.233885124717994,-0.0431522047882609
9.39,-0.524030186105248,0.289225272364863,0.799882641430333,-0.0166135215760551,-0.00697399120791916,-0.0581541767032488,-0.986846341687449,-0.047253582421518,-0.0800405179655103,-0.0392369242760808,0.0520458122339575,-0.0497410980918174,-0.994760740017499,-0.000810227457624995,-0.186078276301402,0.0419527054239831,0.0492170974612236,0.0261598674259524,-0.995292001533356,0.000805024001888186,0.126404954470164,-0.0185538722463292,-0.249315477851948,-0.0452348117307507
9.395,-0.521975708089008,0.289025656634022,0.794364600496472,-0.0190083699613269,-0.00261462816378634,-0.0520240660615078,-0.982293978482416,-0.0479259927251965,-0.0809539795036716,-0.0316823663961454,0.050185494493796,-0.0506995800340044,-0.99455563241467,-0.0055757597800721,-0.182084726426352,0.0101813692737638,0.0485368149394272,0.0227651670575142,-0.990406762609335,-0.00476188727130015,0.137072888460297,-0.0187928083517129,-0.237512383925405,-0.0397688540114789
9.4,-0.524271419574655,0.282478674189111,0.797628597430436,-0.0180590860545635,-0.00923489782809502,-0.0537001457480539,-0.984897282534347,-0.0452976323633014,-0.0822094803098153,-0.0297051590442237,0.0517413562832161,-0.052727538126581,-0.991199466138943,-0.0127621618258089,-0.177882503356124,0.005589976903504,0.0538912094984215,0.0207998983610417,-0.986631471709582,-0.00835875150049654,0.145051979046368,-0.0175904251987043,-0.224524136036033,-0.0351988583688839
9.405,-0.5303743657536,0.288411209625271,0.799949792461193,-0.0190114930899427,-0.00533572263861701,-0.051823634359283,-0.980054469019397,-0.0378964691235674,-0.0839797063918803,-0.023563849401086,0.0507878620381614,-0.0568249991061558,-0.99137888357446,-0.0132690379677985,-0.176491808509504,0.0149906078608011,0.0553255677223206,0.0142133012413979,-0.992577497114264,-0.0104565682941961,0.15283766956362,-0.00428996497490552,-0.205192865103831,-0.0316110305682583
9.41,-0.516611546497261,0.302137860115931,0.80112445670316,-0.0137586256428182,0.00156820674469354,-0.0451725145190632,-0.982437276491542,-0.0437023830163534,-0.0709590937759749,-0.0138128549022467,0.054414449889589,-0.0554320004988425,-0.99091822156657,-0.0196434715584446,-0.177971535786778,0.018239524205495,0.0556467384918037,0.0116439350855327,-0.993033561472493,-0.0147033958889167,0.144181665820523,0.00420919053367728,-0.184449900721145,-0.024945883279169
9.415,-0.519952082062988,0.289750609013065,0.803098431047006,-0.0253892540931702,-0.00539892453313306,-0.0490538900552237,-0.983361665124585,-0.0406065923576081,-0.0685109810012994,-0.0227842641006457,0.0535610450761005,-0.0562854053123311,-0.991542470797183,-0.0227376703003861,-0.178543001476986,0.0153073866534273,0.0565472617745399,0.00162289604752576,-0.991378220382958,-0.0214932959470504,0.14292461743831,0.0111399367969909,-0.163770680543146,-0.0224451070084369
9.42,-0.52130490230448,0.284516217540257,0.79945302505573,-0.017934088244239,-0.00657674485420856,-0.0502867996399468,-0.987123552981206,-0.0381370176821228,-0.0787402800027873,-0.0286499318446428,0.0540333464741707,-0.0537323690747729,-0.994105795861862,-0.0294216124469219,-0.175029431441292,-0.00674002252620398,0.0585369899834231,0.00253756492808994,-0.991362706512438,-0.0282970035418822,0.142250410763074,0.0129844907566125,-0.144778908147298,-0.0197596289217472
9.425,-0.51733011155118,0.29766994134308,0.803567162136234,-0.0134784928316804,-0.00305812812193067,-0.0542621785679907,-0.987742834234999,-0.0429983394028329,-0.0786538649965945,-0.0324164611694513,0.059255548434415,-0.0593484298785229,-0.997731006066536,-0.0334030532495375,-0.178978445374258,-0.0328984475009778,0.055238455878196,0.0062712257847342,-0.99394286729144,-0.032795970942208,0.146868842795347,0.0150170354848196,-0.137114859576949,-0.0195016038695614
9.43,-0.52125323285768,0.291582156650169,0.799591545691765,-0.0170936953830207,0.00187548654203768,-0.048669356218474,-0.988625398338216,-0.0486756109610303,-0.0736327201117358,-0.0260820719008996,0.069564350354246,-0.0582564957439899,-0.996945586761079,-0.0402721898825712,-0.177481668346778,-0.0539066639763976,0.0531065048148709,0.0148782138115514,-0.992415159624521,-0.0358059267067558,0.164563362936499,0.0155454426970692,-0.126285410614566,-0.0145584633830698
9.435,-0.516863220490632,0.286267625958386,0.800856921865608,-0.0153272921828398,-0.00325835464560872,-0.054911897312721,-0.986373096140882,-0.0467085212594134,-0.0719194464652598,-0.0315040194214646,0.060383892227813,-0.0577061648893169,-0.991774237641649,-0.0473292750737923,-0.178100141441888,-0.0640489250328106,0.0520245857670194,0.0140136989232093,-0.990181433562605,-0.0411145426421075,0.1760000125051,0.0152401260206583,-0.122755083824806,-0.0151604538941571
9.44,-0.519069880075901,0.288936286897903,0.803892062758743,-0.0199171450056712,-0.00207540141041799,-0.0511422486006789,-0.985754637900915,-0.0416693226060293,-0.0848186051036399,-0.0305229257458864,0.0576984286308289,-0.0570347979664803,-0.988965089665246,-0.0552588475747131,-0.183544441954025,-0.0691899043096021,0.0453527612137989,0.0261057477282357,-0.991745906812275,-0.0429320081282609,0.183428394973962,0.0183427172841407,-0.122298675191049,-0.0220502406069521
9.445,-0.520440586110666,0.290548693516775,0.80022588208755,-0.0131723079830408,-0.00216984414816417,-0.0562183472177409,-0.979376650231386,-0.0435303357376351,-0.0812141672586831,-0.0316408187625718,0.0634425035995686,-0.0589923191019033,-0.983784294308646,-0.0673269672418662,-0.194941552864195,-0.0956435957518974,0.0371497788191024,0.0346080342530747,-0.992837643833721,-0.0394510005795335,0.18591469062126,0.0246005481418577,-0.101434455111588,-0.0259229075281093
9.45,-0.521186078207194,0.286842662783215,0.801178747208523,-0.0122793456926781,-0.00010061648391613,-0.0593629820309177,-0.980545644110161,-0.0496144683073555,-0.0904150573872431,-0.0178398678778155,0.0592967827820626,-0.0545914098620415,-0.981023014619496,-0.0661668428213237,-0.193924201235892,-0.100752838766606,0.0398084008052906,0.0303330901682219,-0.986678199533791,-0.034778321328868,0.174787589025857,0.0555103025866318,-0.0840654997962733,-0.0274339835654542
9.455,-0.518313173116656,0.291921847440499,0.796154568831954,-0.00920095002817809,-0.00092074482978409,-0.0585428548669713,-0.982592618495838,-0.0446480336862245,-0.0900006413334121,-0.0235505872490702,0.0591802879634458,-0.0516277002339956,-0.980512756239764,-0.054632458168802,-0.193708685289119,-0.0792964581602844,0.0385792702669171,0.0268072089335214,-0.986754344777308,-0.0200166314964244,0.164737409146934,0.0835625429272669,-0.0726859744071943,-0.0316757187443652
9.46,-0.518523074469217,0.283240821590075,0.801879289898443,-0.0146624596825027,-0.000152727080507453,-0.059310872616248,-0.985554419075645,-0.0490108411877126,-0.089688420073069,-0.0225890539586544,0.0601418241858482,-0.0528207194794068,-0.980088484095201,-0.0412650800074776,-0.196392627111553,-0.0453937345553072,0.0330264347407353,0.0294909025007224,-0.982381831565306,-0.000251510296204517,0.166680138018345,0.102380384080588,-0.0597095320259634,-0.0373406643850057
9.465,-0.521523303011721,0.287830946688512,0.802533050527583,-0.00915247069894306,-0.00442596632428307,-0.0555972617472602,-0.980231102183475,-0.0486223662010628,-0.0892786560280382,-0.0240223042431431,0.0587364682536091,-0.0556294425942764,-0.981810235288717,-0.0387222445024256,-0.200049365004102,-0.0118950534211085,0.0321133732795715,0.0424618754936769,-0.992947672722544,0.0101251376645973,0.174193887481393,0.106463971188003,-0.0551339120698994,-0.0532079653204973
9.47,-0.524287317118309,0.282961632123247,0.801561565886999,-0.0390326476648884,0.00282112543516795,-0.0563093427953081,-0.982368683382953,-0.0531495348433421,-0.0940169524852301,-0.0116994185861337,0.0557374069967871,-0.0530528611318982,-0.984420870802392,-0.0446534550991005,-0.204878068603642,-0.00982352794157394,0.0320022435132967,0.0447556599974632,-0.989871329847776,0.0219973487814668,0.183397785336095,0.104126357160244,-0.0667726323008537,-0.0625214072035913
9.475,-0.518626091999448,0.288194974713248,0.799751485746706,-0.00910060041115335,-0.00207606697656067,-0.0568429395510899,-0.988963331466267,-0.0498724252074765,-0.0938878950279228,-0.0133333093379712,0.0468892531683493,-0.0517758797426128,-0.982371105234803,-0.0457541069957559,-0.205533227745269,-0.0262243618654147,0.0306088866154964,0.0485112852476733,-0.985516772157032,0.0251343873362037,0.194082176551844,0.0934659350725388,-0.0672175145947693,-0.0637406259775162
9.48,-0.517740432699931,0.286897779752074,0.798128422983543,0.0032794904580642,-0.00181468614730909,-0.0634759974943161,-0.988588970216585,-0.0523222499066195,-0.0954625949021441,-0.0112864353529603,0.0491491597338701,-0.0509237382368064,-0.983622312344086,-0.0512216899947174,-0.198912271867225,-0.0537450646120853,0.0329848386074955,0.0501718953620718,-0.97682090773954,0.0183350924423729,0.194133373876426,0.0791370858868667,-0.0730707266337937,-0.0595102973809767
9.485,-0.519793328431116,0.276913624016704,0.795977090075195,-0.00864891505299385,-0.00221854455119072,-0.0596226728969477,-0.98579751294058,-0.0609251733386501,-0.099632916363105,-0.0121806566771564,0.0392891812213358,-0.0497046336531639,-0.983525900665211,-0.0527072228223389,-0.191436059273882,-0.0608023848981153,0.032150058726383,0.0448657165616263,-0.976728058852195,0.0151159206798036,0.187208850956348,0.06910223562231,-0.0823159567879353,-0.0541364301062269
9.49,-0.519184263053464,0.283766932032215,0.799975866193661,0.00157123265446391,0.00161361585393115,-0.0548666033902789,-0.982962113640052,-0.0660118975721805,-0.105679025049482,-0.0135932437632134,0.036103691338988,-0.0497046336531639,-0.982261814561169,-0.0638194587341226,-0.191656758434566,-0.0610023084446115,0.0321133732795715,0.0385573216505146,-0.976113260652229,0.0161549454328015,0.172854189663935,0.049803492817908,-0.098484219285801,-0.0475170453818535
9.495,-0.52022257763064,0.285175076944595,0.801916682025354,0.00622592021187786,0.00229088100540932,-0.0534901806199856,-0.98506575874103,-0.064188473945663,-0.103068803448619,0.00605645687490766,0.0327822910239706,-0.0489651864580579,-0.980516074130278,-0.0728077492464434,-0.193817526483328,-0.0811748686294635,0.0299902772426918,0.0268771386754698,-0.969783582603764,0.0127094411987184,0.151829999204105,0.0336593912573919,-0.112892924197751,-0.0438876520397328
9.5,-0.522447510006186,0.283531695751219,0.797309834316317,0.00863869689952947,0.00249078252761061,-0.0535472382337154,-0.981461918381685,-0.063256625005061,-0.104307534835777,0.0195545209371911,0.0261417932054096,-0.0433952594967608,-0.97760968408971,-0.0764385459940054,-0.192140804929185,-0.0904770797627578,0.0304037458222321,0.0110323993712384,-0.959909267640514,0.00943691738502248,0.137152922020104,0.0357993834808191,-0.13147068873028,-0.0417501293122768
9.505,-0.520283735161196,0.281134577300497,0.796064306275979,0.00894514816143207,0.0022587447453349,-0.0518218353390694,-0.983827644396164,-0.0597103538805795,-0.10531760708291,0.0304926029126854,0.024928260273426,-0.0415512803427623,-0.974000710851665,-0.0765738782577532,-0.195507844107751,-0.0729951770006635,0.0323370540066929,-0.00677918582403374,-0.965078566896256,0.0126135217920593,0.141221625675309,0.0470352738013881,-0.158644877965685,-0.0343219060613995
9.51,-0.520561045966512,0.283934326311115,0.79601460177557,0.00915738961509245,0.00247098586262228,-0.0531455814984174,-0.985426402950415,-0.0620414474086848,-0.109604711196397,0.0393520123363408,0.0112489148020224,-0.0347040673413343,-0.972566625346384,-0.077634691278478,-0.200632626546697,-0.0713068803423078,0.0396959091345587,-0.0145065573503721,-0.961089117066333,0.00744576176102054,0.153644642469797,0.0612082330455149,-0.174787801879872,-0.027795209446063
9.515,-0.522515246289933,0.284611447948196,0.792838437817424,0.0106664751360083,0.00167758908064906,-0.0539519296904345,-0.986094521159518,-0.0597114869521031,-0.110963366290291,0.0419127945851514,0.00515651075820857,-0.0404179433858012,-0.967656760878127,-0.0740006762499951,-0.199158130641132,-0.0762613882681592,0.0424200010960026,-0.0173952083120194,-0.957068663497177,0.00440353066500112,0.174227376897309,0.0530344075203983,-0.182604171251239,-0.0214201006404915
9.52,-0.524625206182076,0.290162448149364,0.799517240074284,0.0146012739905641,1.37915516459978e-05,-0.0519845310130509,-0.982721715013434,-0.0591334704709492,-0.11106775989008,0.0430044070348384,-0.00140851332012761,-0.0388984054095923,-0.965986525827195,-0.0661627177537633,-0.191524050960181,-0.0728443269400313,0.0497871986714808,-0.0222542637509173,-0.956050799015839,0.00356298324742226,0.184659134271284,0.0385153092140685,-0.165874756348345,-0.0197596289217472
9.525,-0.526029154438235,0.282403230353812,0.798909170781232,0.016309734967363,-0.00268568553881124,-0.0466123095955803,-0.980307163559792,-0.06036704996355,-0.109028803000215,0.0486835355788194,-0.000252387425858156,-0.03626599162817,-0.964114392042654,-0.0646066770147822,-0.185484651387742,-0.0627643898025519,0.0523419613429255,-0.0255111773442919,-0.953428694874387,0.00661721750357016,0.177041219154419,0.0372252212895495,-0.121723096640275,-0.0196185330831238
9.53,-0.5268369167382,0.285956604867149,0.798831157438406,0.0196742727395271,0.00303181149046606,-0.043109135372066,-0.982326086948576,-0.0608330514669175,-0.104034701583831,0.0549975583275471,-0.000960921112758742,-0.0358283853475827,-0.967366637850182,-0.0621092332805062,-0.183334578936489,-0.0687163988747143,0.0487033643815547,-0.0326449431650127,-0.952831178040206,0.00451694658985623,0.157554933300137,0.0444377860168821,-0.0717461750713175,-0.0169436722179225
9.535,-0.522911041770911,0.285643419284427,0.79830893895724,0.0195976355282018,1.90618675957945e-05,-0.0447074760625483,-0.986474438753532,-0.055747694059928,-0.102672828424765,0.0612403178395803,-0.01269230201631,-0.0350442975759506,-0.971233033470663,-0.0640688424648876,-0.181476784237428,-0.0752644183776206,0.0560380273315868,-0.0366890726385011,-0.953082866858269,0.00530636875273437,0.142047594082604,0.0593410938112589,-0.0248581773416675,-0.016094546765089
9.54,-0.518816045780001,0.287846481978206,0.794863784555097,0.0216269288297497,-0.00228256052381322,-0.043742401353427,-0.979168539671238,-0.0549863110835564,-0.0976050124380022,0.0596235433961986,-0.0194128335279111,-0.0319178089121042,-0.978204657032189,-0.0608938953282725,-0.175947528951433,-0.0938991769368615,0.0565472617745399,-0.0377639771768715,-0.954980919563735,-0.000537268436073692,0.121895269427325,0.069203212311752,0.011949196096977,-0.016094546765089
9.545,-0.525691488115691,0.290636909206767,0.799636958337608,0.0217038201622906,-0.00210964032289518,-0.0432699732482433,-0.986238597256132,-0.0528272648167773,-0.0954114419436753,0.0623725775575608,-0.0209077589143974,-0.0319046769634666,-0.980414231933266,-0.0618644359601582,-0.169956384790353,-0.102303086077851,0.058697365938698,-0.0380754810106389,-0.959925782651988,0.000950651293965164,0.108641185522457,0.0747015045678671,0.0303319817748415,-0.0185379348695278
9.55,-0.520780136990732,0.288686574004536,0.799561328087021,0.0146220347580428,0.00213178992271423,-0.0423535427269217,-0.980518911799329,-0.0501517125242508,-0.0940086099863325,0.0567400678284954,-0.0263262943058893,-0.0290978725348917,-0.981636105653587,-0.063956199091092,-0.167248465978863,-0.0780191501839252,0.0545483975744748,-0.0489262267518294,-0.955438841634376,0.00434607482466702,0.0968094702269624,0.0941125625108582,0.0406114396321228,-0.0189034830983298
9.555,-0.523427305821726,0.286321070047543,0.798210300999356,0.0207094865017097,0.00600015627260768,-0.0400529083844503,-0.982007184943451,-0.0499603145500223,-0.0931024796665677,0.0506250014992223,-0.0302635729312897,-0.0278182854820676,-0.983271800558983,-0.0648984800649078,-0.170549155978039,-0.0497971879858655,0.0521754973340523,-0.0487998000573624,-0.947064283929721,0.00615272406523648,0.0956302931708177,0.102675694620233,0.049347134573583,-0.0197596289217472
9.56,-0.516580934183977,0.28855665243824,0.80304834836095,0.0240706644159116,0.00398304047326022,-0.0374762773910384,-0.984051569029124,-0.050739688337786,-0.0929177897771317,0.0430581832521451,-0.0292213577963202,-0.0323867207906064,-0.986974197098584,-0.0572923502003474,-0.175316653282088,-0.0325776553537014,0.0516604855656624,-0.0413073193572702,-0.936995915924107,0.00912396964116756,0.109189205857662,0.101448540086546,0.0639485679690716,-0.0158502538452534
9.565,-0.524884405201918,0.28850489447462,0.805269268659953,0.031550769614171,0.00447259512401197,-0.0392851414629861,-0.990250224102412,-0.0532448827390415,-0.0908191938321812,0.0444855554914386,-0.0286668044138843,-0.0326009094715118,-0.986253692987677,-0.044302582205462,-0.176032145545084,-0.0297895846036119,0.054297370554108,-0.0338197757593466,-0.916282718545452,0.0166356447233158,0.136604328535986,0.0859387332560023,0.0667566592879487,-0.00429720309091755
9.57,-0.523228631110656,0.292295616341036,0.806212923552043,0.0302009833232447,0.012364265548254,-0.0376204187443504,-0.992228881470022,-0.0534013704469435,-0.0887549646947131,0.0522831590140398,-0.0383775383921342,-0.0321644854378967,-0.988857451992906,-0.0422445805138288,-0.1731844952816,-0.0198984760068172,0.05693994084213,-0.0328220510920591,-0.889909093226313,0.0253020205469333,0.178849276832267,0.0647372720513397,0.0688916256749319,0.0112264789104312
9.575,-0.518021108972209,0.291327823596146,0.801702417535636,0.0247505090917033,0.013899910237679,-0.0383831933140755,-0.996637345812529,-0.047541026157822,-0.0887889016210188,0.052964160831438,-0.0311015761873803,-0.0291276735646859,-0.994558906567274,-0.0452024576621566,-0.173949139328442,-0.00689307128859945,0.0570608138683087,-0.0190914078481931,-0.862935164898798,0.0308773621975633,0.230580960770831,0.0471791477149435,0.0521943011527963,0.024179874833993
9.58,-0.518985410309007,0.287219662613354,0.802553072344084,0.0368750588884779,0.0154150854780914,-0.0426485985456472,-0.999885719117149,-0.0525397575038348,-0.0954345506027979,0.0481144884129943,-0.0360163990510105,-0.0287580015188753,-0.996581887336726,-0.0413936533973199,-0.175738759986644,-0.00327344544783009,0.0545425726363108,-0.0215601359562087,-0.833261139914354,0.0298611828376874,0.2920519881304,0.00439619726167009,0.034857562345673,0.0447673575829571
9.585,-0.524878386435953,0.288775950716618,0.799556125969134,0.0438359698680949,0.0167921241372824,-0.0426217083814486,-0.992056421207721,-0.0542638026339058,-0.0992562117212844,0.0592644810676575,-0.0376934932298039,-0.033121388644331,-0.998345410857726,-0.0314399209243616,-0.180623536449591,-0.0116194345546323,0.0582667505674411,-0.0297676995396614,-0.806771291001792,0.023989381027066,0.382623613513363,-0.0393270419342686,0.0210440874023215,0.0565170333165989
9.59,-0.527348762452674,0.285715319709023,0.795560176917189,0.0472946421954521,0.0167921241372824,-0.0388430606382799,-0.989070848789366,-0.0591318221233917,-0.100886047666395,0.0662540287933366,-0.0342840355529205,-0.0277141332626343,-0.997554685644096,-0.0238687424175409,-0.178093378469713,-0.0205965153872967,0.0626944186447539,-0.0313450427971312,-0.788089557941168,0.0160959724114329,0.444361981513747,-0.0727674224382268,-0.00293695693827391,0.065656469221233
9.595,-0.51986968542486,0.280188001945348,0.795308166106215,0.0488997316391235,0.024546120358935,-0.0341770904840204,-0.980023699756511,-0.0594071425444459,-0.0920467502840326,0.084083749759429,-0.0444553755638682,-0.0277141332626343,-0.991578089060923,-0.0213737435682344,-0.17421778367732,-0.00994788827784759,0.0616321605904965,-0.0339445674188898,-0.786547915807328,0.00370090853432214,0.505632924207178,-0.0909568834848909,-0.0153938874265299,0.0702677494568802
9.6,-0.520011232982137,0.285297089745426,0.79484027226766,0.0537203043041742,0.0182950485917586,-0.0417670485646251,-0.970810244083124,-0.0578541219055878,-0.0934951693087037,0.0915590742449644,-0.0449239015579224,-0.0266652244328046,-0.984360619454792,-0.0240359844837884,-0.169352358077181,0.0128030299842957,0.0636606736845909,-0.0344377233452735,-0.788537994044096,0.003202180473768,0.535038610235324,-0.0847218093281627,-0.0230439321633205,0.072846806085011
9.605,-0.523940952837065,0.289998322903942,0.795293358158984,0.0539465251865325,0.0111853138850997,-0.0396048873662949,-0.970734079032489,-0.0528345508312765,-0.0899559821458007,0.110464636515763,-0.0473667172937378,-0.0240490473806858,-0.970753434527047,-0.0252620144491472,-0.168493651150067,0.0436726777752944,0.0663208141922951,-0.0418580130064563,-0.798379281944275,0.000776154666423376,0.540366272965545,-0.0762920835898621,-0.0170548879926358,0.0729191606528344
9.61,-0.522869671813646,0.287526165941397,0.798360099200215,0.041496223749398,0.00533835504111359,-0.0405219251681028,-0.9672032879042,-0.0398362415550643,-0.0872159756091492,0.105871327100759,-0.0561016126260808,-0.0249197041681554,-0.96731702045378,-0.0302307446347446,-0.16572703284429,0.0760404287547298,0.0675014838149458,-0.0407219229052323,-0.830697727244577,-0.00325012420462309,0.511213229080392,-0.063211166257098,0.0206327284107876,0.0671446001856323
9.615,-0.520439798257648,0.287635679898841,0.793004753043207,0.0353683960204218,0.00689833460577759,-0.0343044243274952,-0.964040969435364,-0.0376845519393634,-0.0833461252730212,0.0913048271426783,-0.049058357837909,-0.024235461934152,-0.963955495847777,-0.0344304164179786,-0.167014050433283,0.0600558356244794,0.0728296851302358,-0.0453391760052646,-0.85681387549919,-0.0189120438233202,0.45135971047752,-0.0640155123642039,0.0822602682008311,0.0666037123897073
9.62,-0.52469066003612,0.291877967264578,0.791513556701167,0.031272984437024,0.0029056064526067,-0.0319651962994465,-0.973408337588922,-0.035039521711836,-0.0819131222257828,0.0662886580856297,-0.0496338844921007,-0.0238722530277947,-0.959998210339815,-0.0367021720731497,-0.166174127184727,0.0469037487003856,0.0738693805633558,-0.0518879209465915,-0.894801300478323,-0.0373453699568991,0.334342183915083,-0.0644475297247478,0.147114697616472,0.0672230035288157
9.625,-0.525226451322599,0.289044114456323,0.798041109795631,0.0243708349628203,-0.000805678611553738,-0.0348828040131453,-0.965025105669749,-0.0354704450423595,-0.0741335317059791,0.0418121430056839,-0.0460824934897669,-0.0303002765940949,-0.961235455822592,-0.0390350080420402,-0.169328815432857,0.0360107223704556,0.0749742301350809,-0.0512473570743128,-0.92275227676302,-0.0483481579702657,0.254298223537192,-0.102972714021849,0.197890168531587,0.0692687154695239
9.63,-0.518680870334718,0.292215637353111,0.794477182465828,0.0189992780906048,-0.00490741306582902,-0.0340783456085772,-0.968122416726469,-0.036400093410348,-0.0722688507083507,0.0277332515153518,-0.0390247223730214,-0.0300528795542653,-0.969072824325945,-0.0435959649955047,-0.171822973425018,0.0214579646170698,0.0740973738829223,-0.0558931664665805,-0.963717237865168,-0.0551657050893865,0.120552592458688,-0.126306437794261,0.207081591043216,0.0636075791981511
9.635,-0.520557575628253,0.290993739464632,0.79490942209555,0.0113738986527433,-0.011082216498611,-0.0357151707906505,-0.975109461169252,-0.0403181131319276,-0.0694282982112521,0.0200594212445098,-0.0452125814587798,-0.0330004160213712,-0.974884597138705,-0.0454338301631894,-0.173252733944716,0.0142282700667612,0.0699859037995338,-0.0535972385237447,-0.995183763560059,-0.0541647919529806,0.0206566763110796,-0.105940805900558,0.189569282708325,0.0511511973539521
9.64,-0.521058962446184,0.289261057124351,0.797450011192272,0.0111061145850394,-0.0105515592004666,-0.0330520614080642,-0.979952090171221,-0.0389381018062469,-0.0762055214054033,0.00728314260174029,-0.0388349932867105,-0.0341772477982152,-0.98288858037277,-0.0461864988609537,-0.179225236659075,-0.00677052122258403,0.0639742668230522,-0.0466255889771474,-1.01723759319567,-0.0398303172258866,-0.0504197163327407,-0.0650363711688391,0.155458898266946,0.036631235415074
9.645,-0.523547393210807,0.286338852704876,0.792248485778888,0.00351885439844239,-0.0122778109842272,-0.0322747230529785,-0.978119458397619,-0.0435387426128884,-0.0723868469179013,0.0088952585497659,-0.042965680343323,-0.0326009094715118,-0.993356313136615,-0.0419780346189459,-0.188335154437069,-0.0238137687139269,0.058506988771722,-0.0310503003967562,-1.03371442483914,-0.0319920467376609,-0.0717681115076713,-0.0284886202948857,0.0817745733235501,0.0157343694704161
9.65,-0.520832559222028,0.286686215650229,0.793873179417803,0.00835761616715128,-0.0177158632327065,-0.0327352998735314,-0.978048894560294,-0.053220589617637,-0.0784227679427779,0.0115493457881172,-0.0278201848268509,-0.0347907869214424,-0.997508901794938,-0.0343793818085829,-0.191181224651537,-0.0336028475569735,0.0520927954209795,-0.0139985226808267,-1.05216255809585,-0.0180918772346385,-0.0695005148777487,-0.0226930010236405,-0.00995350641326071,-0.00956095484526777
9.655,-0.52257145162215,0.293371725757923,0.790336640876287,0.00837015250231968,-0.0146463193339557,-0.0342700706624761,-0.977162338381116,-0.0497706043657049,-0.0727943171089199,0.0254299005305265,-0.0240632924663335,-0.0402121385691761,-1.00007904869084,-0.0274742835717388,-0.191823617271902,-0.0309984433899483,0.050438791513443,-0.000167888656706827,-1.05417408574168,-0.0151796182989194,-0.0411093584442493,-0.0271180379259465,-0.116181776249074,-0.0372651682844476
9.66,-0.518383323979948,0.294613106599044,0.793956646776068,0.00029578555150046,-0.0148155388860587,-0.0347181111574173,-0.978579287288797,-0.0385559501526868,-0.0680679426854648,0.0349665598292699,-0.0206709732090525,-0.0411527715623379,-1.00336806983341,-0.0209631216298769,-0.191749213437054,-0.0488327500078592,0.0484477384862637,0.0153905465444119,-1.05762612941092,-0.000345472101906211,-0.00428289476124131,-0.02463992104774,-0.19164507607334,-0.0539193540100647
9.665,-0.522127452140099,0.296500122084155,0.796713487433718,0.000521995946518071,-0.0214024162466511,-0.0373225041938417,-0.971709500066191,-0.0352675847291598,-0.0754855768665367,0.0313025265939461,-0.0234699965392094,-0.040068097413324,-1.00010422366014,-0.013959868657432,-0.186004866234462,-0.0633491344675432,0.0500649451994454,0.0330994880912948,-1.05131417226662,0.0148255850294518,0.0316962959705568,-0.0289320340261749,-0.246783672516951,-0.0612269134352741
9.67,-0.516353635491538,0.296575759085812,0.800193961147071,-0.00629510702805544,-0.0244297263102899,-0.0374772628721232,-0.973450248379484,-0.0353735921505888,-0.0707063116597638,0.0293774420207512,-0.0163267710313112,-0.0411527715623379,-0.996439034644617,-0.00829405692933254,-0.178187768251292,-0.0788372623821542,0.0451414576222278,0.04027943652411,-1.05858709212537,0.0209492575408314,0.0462251015437357,-0.0480598790891085,-0.254044871989463,-0.0576046018161418
9.675,-0.515173190563995,0.294621754935638,0.80081271464159,-0.0123872344213065,-0.0305300985418065,-0.0405027185940625,-0.976545392937704,-0.0336014663737573,-0.0692389578885928,0.0216185235270593,-0.0072483401870916,-0.0411527715623379,-0.995563654014938,-0.00201495071835868,-0.168923820292931,-0.0890906534596154,0.0421725401358518,0.0425291010686614,-1.05461450625881,0.021296944766774,0.0682882511854139,-0.0526017190776776,-0.23948917443294,-0.0431103837163552
9.68,-0.52225832503378,0.291062097258679,0.800869750739802,-0.0177095825861999,-0.0270156969883725,-0.0422230309302058,-0.982973995336219,-0.0340451462535348,-0.0661155634329035,0.003792126425348,-0.00952809780197235,-0.0432000370407675,-0.995023352546838,0.00414610511481623,-0.161916341738112,-0.0793437501690719,0.0396792234353991,0.0425479591728811,-1.05060640602216,0.0223851187788219,0.0924661385289372,-0.0498453810271628,-0.206746114902744,-0.0165408984189327
9.685,-0.515906927141495,0.290649947513898,0.80839195018232,-0.0216237305475722,-0.0240259924248604,-0.0396048873662949,-0.986711140622604,-0.0376312851629345,-0.0686077393024717,-0.00837859595969958,-0.0079731465237632,-0.0459645681296114,-0.99547932559807,0.0022290498780594,-0.157420885041415,-0.071936802760202,0.0357784554362297,0.0435630915939032,-1.06166932183097,0.0214620344258131,0.118509613718732,-0.0116551875667047,-0.177825095644553,-0.000108168032838519
9.69,-0.513359478329839,0.296642407037201,0.80290054720218,-0.0205024760216475,-0.0265129639429519,-0.0427241932556541,-0.990990157423914,-0.037422220415399,-0.0757909183092896,-0.016097621266499,-0.00170881818839941,-0.0469146933638946,-0.999992229283914,-0.0162916150851251,-0.155016890425815,-0.0712733885577102,0.0342936578277769,0.0436420653282816,-1.08218161732068,0.0146632469555595,0.13294221305912,0.0421147026342247,-0.156274193645859,0.0172594553243085
9.695,-0.517865973654056,0.296756819486848,0.806310326114009,-0.0223401977619724,-0.0216929799848033,-0.0463190305081312,-0.995559308139151,-0.0398904417388592,-0.0787181736931651,-0.0177022740244865,-0.00483208942663631,-0.0491992605199451,-1.00337214981069,-0.0274649682244012,-0.153249530650909,-0.0604319325165583,0.0308916736394167,0.0416396630933805,-1.1041693763865,0.00872658901019793,0.13910668988782,0.104631691876233,-0.137344871432135,0.0292988494311513
9.7,-0.51787696271713,0.292598934291551,0.805223029798849,-0.0211997399894661,-0.0213128275871665,-0.0479541237758138,-0.995643827461237,-0.0416448551182976,-0.0810031575626765,-0.0213837203218452,-0.0100974322503492,-0.0486417850619573,-1.00739079600615,-0.035892053601283,-0.155747422993748,-0.0444525440012874,0.0308916736394167,0.0409942697447435,-1.11832837483671,-0.00147285327524637,0.141029949202685,0.155926223731687,-0.119970913838816,0.0408814861448535
9.705,-0.517288188698571,0.287492611889608,0.802975203356666,-0.0180345605282304,-0.0165664992265082,-0.0518463613217155,-0.998012503357175,-0.0446545983634419,-0.0872146618726889,-0.0266418750961095,-0.00871928863138553,-0.0512043127291908,-1.00906252647254,-0.0440054534941126,-0.159518174605757,-0.0281841780970387,0.0313774293452947,0.0403473397505649,-1.15071341597504,-0.0273343190551853,0.121166789628393,0.215682125149494,-0.0820553196629912,0.0663583235779374
9.71,-0.515610433796208,0.285084077596564,0.80389325715791,-0.0183397494915937,-0.00811228367689038,-0.0491720789700913,-1.00035553519446,-0.0560908086290735,-0.0974695270114735,-0.0238107480108738,-0.0128182918700517,-0.051210071389191,-1.00919463310276,-0.0454182781998077,-0.161819403705732,-0.0216627795492329,0.0327630769061738,0.0469130667001569,-1.17101374109488,-0.0318783669411701,0.106734196449233,0.220255295459233,-0.0741027966141701,0.075105944972316
9.715,-0.52046262639016,0.287926755012141,0.805933663143558,-0.010820717443806,-0.011215052243759,-0.0531353273871643,-0.996067775557296,-0.0604174960150195,-0.103352850199504,-0.0174839065170028,-0.00953844033418715,-0.0472175683485726,-1.00682825232659,-0.0466331985543449,-0.164934168858455,-0.0350284237561504,0.0350077061158195,0.0453893536590073,-1.17441537934337,-0.0330858760608344,0.103824898593989,0.194038996036564,-0.0826219985129826,0.0757041425340425
9.72,-0.5201654487505,0.282148447052345,0.803379233819652,-0.0109956108638993,-0.000535121150082355,-0.053310220376586,-0.995107594085297,-0.0612286538284327,-0.104857996476421,0.00420783885670703,-0.0135049861876987,-0.0534756139671044,-1.00189667061407,-0.0490148775403791,-0.166472904294142,-0.0607552190910183,0.0464944098507667,0.0403488735706985,-1.17189327001656,-0.0263054893197148,0.105390780387829,0.156541240035181,-0.101043995520886,0.0722275745072548
9.725,-0.523506103489964,0.288643197399843,0.796811372067181,0.000266331480816007,-0.00397668220102787,-0.0542652234435081,-1.00257591764981,-0.0663880782786893,-0.110747618217781,0.0215666212610488,-0.0194429898838742,-0.0472437747574257,-0.99453429561599,-0.0500961839620492,-0.168070421802374,-0.0706347790188409,0.058785775533047,0.0350589356156124,-1.15134819252491,-0.0199286418778089,0.113249211922011,0.0987634348868654,-0.137578019916997,0.056577196140089
9.73,-0.521464994623656,0.285296907682937,0.803071767608645,0.00193095848729,-0.00231205538490072,-0.0559298497520437,-0.998057549849104,-0.0567028043793042,-0.106453739224067,0.0373048407968959,-0.0321012652778482,-0.0457315523493362,-0.988538123887582,-0.0529659652031746,-0.163832906148336,-0.082216717884305,0.0585721553643985,0.00969562505350859,-1.13508224559237,-0.00989808766981139,0.1404297398919,0.0575818863205578,-0.152323735850199,0.0453432660953744
9.735,-0.521908316475817,0.287299799238789,0.801231567750714,0.00589782598414014,0.00690157093015244,-0.0579888039281063,-0.995882756004619,-0.0568768472017726,-0.105819076355984,0.0500877956573211,-0.0302915227454285,-0.0457271372809398,-0.984096534733606,-0.0513696298875876,-0.165078713572015,-0.0867532850774817,0.0627483607069995,-0.0225551949012403,-1.10485794917408,-0.0065194958729122,0.161051486635571,0.0210085767560032,-0.156707405489236,0.0322550519043075
9.74,-0.523227530051538,0.291483626827645,0.798214137995057,0.00694282407025286,0.0114851907873005,-0.0560549373756514,-0.993876211351699,-0.0572977646070966,-0.106248522076613,0.0561171265999985,-0.0320514152738931,-0.0466032154866628,-0.983142214728004,-0.0509061820094995,-0.167555727532657,-0.0923607924179429,0.0644951290516961,-0.0401041092611552,-1.07940828171852,-0.00201455905552681,0.178698568881573,-0.0126939289946776,-0.149523811353318,0.0260948842658006
9.745,-0.52454422917226,0.291466146992773,0.799676167886506,0.0104834053771313,0.00470487434169829,-0.0606330859382156,-0.991020736124075,-0.0604351237514414,-0.106263980589831,0.0653149524009604,-0.0535921375961683,-0.044817853718996,-0.985563915049771,-0.0550908288376847,-0.17236272622641,-0.0942787536527936,0.0634968719337161,-0.053914493805835,-1.05695886775479,-0.000440858360283023,0.189772932612188,-0.0502310541208017,-0.134462908220629,0.0227827915581351
9.75,-0.523529542846058,0.285707071566413,0.798853780279479,0.00689706844885178,0.00530259784656261,-0.0618285311253191,-0.987641351995318,-0.062018821217485,-0.098436133958748,0.0712738279358948,-0.0541880287837207,-0.044817853718996,-0.987423322014759,-0.0548271029988058,-0.171878394213806,-0.0888568724070545,0.0689187531794552,-0.0599388058928824,-1.03279241614188,0.00299249646124427,0.200033313843861,-0.0706675790474911,-0.12063819781007,0.0125645290947904
9.755,-0.522077821318326,0.282621138595485,0.799240349876861,0.00596186527332751,0.00647369039571752,-0.061463448901644,-0.98502535222626,-0.0615831382480714,-0.0907276919242379,0.0765112328261004,-0.054840502159604,-0.0449608878740645,-0.989102470259671,-0.0539088101961882,-0.171617306797044,-0.082883391375473,0.074271609326632,-0.0650727172810969,-1.00805505588485,0.00713602312231174,0.209840636534164,-0.0903772490915784,-0.103640767395186,0.0029219432891078
9.76,-0.518533745760227,0.292333168742402,0.805414934879722,0.0176938912466233,0.010384364477988,-0.053642100737103,-0.986913026832794,-0.0492338866992225,-0.0837236911257631,0.0774971464559921,-0.0558264037642523,-0.0459467954913344,-0.9895436551317,-0.0484951458194753,-0.172889396985953,-0.0731249406041933,0.0791508287610245,-0.0640968733942184,-0.978608464714911,0.0171375153522527,0.215910833660952,-0.104100223066249,-0.0605114214716354,-0.00197911670974347
9.765,-0.520204538157706,0.283215049273796,0.807614619048736,0.0236912741808082,0.00484271753491971,-0.0570793153651614,-0.982844156373112,-0.0574763835250266,-0.0779930379164906,0.0764274612428673,-0.062027633190155,-0.0432165991398595,-0.98853792308301,-0.0445083805850464,-0.176264441959357,-0.0444450527505836,0.0806464589549115,-0.0447462036069954,-0.971757269962402,0.0218481721192588,0.218940174717435,-0.111327498927475,-0.0203009355749575,-0.00283813520535785
9.77,-0.51979402455356,0.282542755149301,0.803207008484326,0.0241928627706307,0.0119053460657597,-0.0540582451985801,-0.983542986225833,-0.0586105750738399,-0.0847172766119936,0.0558561463557264,-0.062027633190155,-0.0416352441304864,-0.982438907349274,-0.0382791425557378,-0.180884209600086,0.0147000322780626,0.0803241965174485,-0.0218727922025141,-0.958804416566221,0.0262097349016882,0.222466306861206,-0.113698180000734,0.0133203131553747,0.00594762397978624
9.775,-0.519351389373144,0.280008798353831,0.797276964886964,0.028454054785028,0.0119053460657597,-0.0529991546785573,-0.97974043523522,-0.0549732795951338,-0.0894852800562763,0.0527631899625132,-0.0781727448999189,-0.0310728824946219,-0.974968145718886,-0.0363784857110377,-0.188200683021661,0.05281754542073,0.0779109239186715,-0.0179847864112098,-0.946770008135164,0.0242571487428478,0.21807931149779,-0.109032431568119,0.0329865106688351,0.0129462502303625
9.78,-0.528228883972619,0.283172399441651,0.796245142137993,0.0296945176816345,0.0130195230447887,-0.0484793044019821,-0.970574856992229,-0.0634979378575177,-0.0845758138867871,0.0508437249665046,-0.0613779821449567,-0.0372672167719362,-0.971034219788708,-0.0323629707645642,-0.194415249017967,0.0479531556612671,0.081298527411615,-0.0304024529047021,-0.934564826978148,0.0276409947970881,0.219206682501725,-0.102141144882939,0.046207809394286,0.0278513871847784
9.785,-0.515664185033481,0.284851754860939,0.799890234712371,0.0293784827208697,0.0122929695214246,-0.0505707292852805,-0.970539191973032,-0.0580928962589293,-0.0809297156207397,0.0712958375522256,-0.0635430943156455,-0.0390031510970718,-0.968026564922804,-0.0269137264692382,-0.193993073059503,0.034778537454569,0.0826447985297586,-0.0352868987212865,-0.930609263831123,0.0237158032495057,0.213132992693573,-0.100799426886989,0.0434349973245539,0.0389356153841672
9.79,-0.519544983007836,0.284933816857357,0.793713968210427,0.0237851801598973,0.00773135949291248,-0.0470361816199696,-0.966183775056915,-0.057793421349231,-0.0707177557949159,0.0668707737125757,-0.0593308173895153,-0.0333384666204317,-0.967513866321178,-0.0205665454735639,-0.195151712084803,0.0516994177928317,0.0881873596297862,-0.0314532787320447,-0.925809321203734,0.0234212897323625,0.211992925273058,-0.085451471031726,0.0496162891004113,0.0538699820253876
9.795,-0.523339718558489,0.277533660712496,0.797740776321704,0.0123975734450691,0.00453232715172878,-0.0447989130755113,-0.96259069505639,-0.0519277707328948,-0.0730949070556896,0.0552617296626901,-0.0583886352067303,-0.03662974758627,-0.967185718017628,-0.0198936741003012,-0.197174099296961,0.066979821872577,0.0942912372002774,-0.0314394766406955,-0.925816721842356,0.0191227924476706,0.220311059211331,-0.0642655092245286,0.0596264873956571,0.060872208327055
9.8,-0.521479680879973,0.289028211260641,0.798637925599265,0.025663594530379,-0.00111043235059444,-0.0431642578520392,-0.966384449908247,-0.0457881485461679,-0.0724952208138594,0.0442965309608973,-0.0505941761805256,-0.0354360463846296,-0.967948328964421,-0.0187718125715253,-0.1996939552556,0.0688938337443387,0.0924363788780742,-0.037399611786935,-0.926392095783784,0.0151646290695295,0.227254445613486,-0.0366956614250653,0.0782720014160163,0.0598242895964944
9.805,-0.524200734257462,0.289171242580997,0.797536034478531,0.0171613972713872,0.00269726203042146,-0.0477696880379026,-0.969634305460928,-0.0450212542739905,-0.0750686864147691,0.0359396299609435,-0.0501442672895255,-0.0359324041398494,-0.973304419536491,-0.0138277256841328,-0.201712845032466,0.0621915535324139,0.096432451336581,-0.0496019645339923,-0.930732278542123,0.0107239315993439,0.220002414921885,-0.0295041682666824,0.0868095211231991,0.0625695966553322
9.81,-0.525242818692984,0.278837810587086,0.798359235751714,0.0151458697098086,-0.00742256400282507,-0.0488143638944275,-0.973391217671815,-0.0520898168492629,-0.0697694946356186,0.0251243977186336,-0.0513036652849499,-0.0347730132150459,-0.980492292834876,-0.0138413606425059,-0.198271669987696,0.0613451591607051,0.0923248726677639,-0.0487019090880189,-0.933048071077865,0.00828434727719564,0.214952465078629,-0.0225043070404824,0.0911654632481933,0.05556973040989
9.815,-0.521326945538247,0.281341647668221,0.798146701034635,0.0145311603649916,-0.00473251333511673,-0.0387083399880659,-0.979262854142736,-0.0497884588459547,-0.067446699159573,0.0221941691921772,-0.0514151248405291,-0.03626599162817,-0.985003367229136,-0.0145525021942531,-0.19904317528084,0.0644664596267518,0.0869244226902809,-0.041674224729078,-0.933066388081912,-0.00162206629254709,0.206007559147046,-0.0209521908115461,0.0757640433121654,0.0547637343406677
9.82,-0.52144357129039,0.286068201360797,0.796247140788791,0.0171536752576376,-0.0105495228560264,-0.0403938231021099,-0.975437421870352,-0.0516772282897575,-0.0664182216484566,0.0138965595109693,-0.0413577152740528,-0.0373556268489625,-0.991454458120452,-0.0203011976926362,-0.194728929636896,0.0723895443982633,0.0910469048297145,-0.0311619476354171,-0.940210644842125,-0.00497317756454775,0.203687760083705,-0.0121077463553944,0.0669188284366199,0.0495331922320639
9.825,-0.52466253446644,0.282776880765108,0.798880626686658,0.0104101013453171,-0.00785463825915259,-0.0378001097903848,-0.971258642421997,-0.0505018894096043,-0.0710863510802433,0.0249766716325262,-0.0379741813780565,-0.0364562136948953,-0.996215469347068,-0.0322339653239572,-0.190664611940079,0.0660334545805359,0.0892256250389334,-0.0122541206290876,-0.947512808822751,-0.00672076197790174,0.210015690982333,-0.0130645772240591,0.0551512063807344,0.0478365470165216
9.83,-0.51864901789558,0.288203196050502,0.800353610293559,0.00790881526483047,-0.00886346213519573,-0.0382698971318846,-0.974579235435342,-0.047113315630564,-0.068515254160887,0.0282420890646107,-0.0371137092086352,-0.0384621592129129,-0.996387593861695,-0.0473719585735992,-0.183761808625316,0.0437047330910331,0.0817497835664737,-0.00274390488175882,-0.955304319151797,-0.00848038125360082,0.222108854832648,-0.0097367791714659,0.0561076891723482,0.032499961659304
9.835,-0.518076200011478,0.2885657034076,0.80001292063889,0.00426912191616096,-0.00309269618898604,-0.0363669007095308,-0.976842109229783,-0.0486531118654357,-0.0700609270440373,0.0190241500339052,-0.0335088304918971,-0.039129212944173,-0.993500033431798,-0.0523396167345268,-0.178933859003417,0.0245243768433991,0.071777543824992,0.00643522692171698,-0.968105637957202,-0.00747418318534642,0.236245572906503,0.00172366687682726,0.0722426280004335,0.0209190982233269
9.84,-0.520305185761527,0.287659331138215,0.802761186385567,0.00148802599869668,-0.00801249426634304,-0.0349612447283205,-0.980485967095347,-0.052087806287748,-0.0730011446386883,0.0122000174278851,-0.027470919299899,-0.0387093834578991,-0.992878120289138,-0.0464665735334473,-0.177671172389745,0.0072024060819861,0.0668154316980823,0.0153377120116937,-0.97755441461457,-0.0111037733782322,0.242329029221696,0.0261067376356298,0.099167722632997,0.00774128030494811
9.845,-0.525625698277731,0.286516952549805,0.805957891213186,0.00109031917928213,-0.00724406145441068,-0.0428579789082739,-0.984751744692153,-0.0576913134376744,-0.0809065451124536,0.00845260581490768,-0.017810257510915,-0.0397471597429303,-0.991121673726853,-0.0307355729018881,-0.182252870404335,-0.00179248334646876,0.0583961890255364,0.0268433234152588,-0.98011232844311,-0.012875905749303,0.229488202483528,0.0305717328990357,0.111200537876018,0.0031897465194123
9.85,-0.526895242207957,0.289021130518105,0.799191743950647,0.00515310931950808,-0.0108067528779634,-0.0428269723901367,-0.985318947332599,-0.0565133129201932,-0.0771702429150537,0.02981515115951,-0.0307393873883963,-0.0406126296792547,-0.985575344309501,-0.0334714443612927,-0.179986010666429,-0.00645015843003506,0.0537500130181876,0.0425396665160388,-0.987383498232352,-0.0136721334354209,0.21342838901505,0.0260718593305481,0.0996464519666892,1.51897884323247e-05
9.855,-0.526012356076719,0.289426780036756,0.800066273394829,-0.00551171623229403,-0.0150073838462358,-0.0424318754129542,-0.980971399374046,-0.0544478284880334,-0.0781029386096614,0.0332952084637668,-0.02750649979425,-0.0443919136241531,-0.975183374895214,-0.044166116923263,-0.180899316607896,0.000526614921923573,0.05213345081474,0.0535832968182243,-0.998914377600068,-0.0129634938942358,0.202636725938823,0.0106805679802053,0.0569562967600429,-0.00406494275819966
9.86,-0.524306991826389,0.287871977952397,0.802018449755306,0.00153960509223135,-0.00849276107463281,-0.0385959414808984,-0.97903574102765,-0.0530424726494861,-0.0742361399955171,0.0388043811519358,-0.0242855227624457,-0.0415440518045905,-0.976976739408313,-0.0504261265558985,-0.18461526669188,0.00677411398033413,0.0545972264383248,0.0427822518857932,-1.00873989748758,-0.0133996741800992,0.190174056536392,-0.00271366034027552,0.0114624789210062,-0.010817241820524
9.865,-0.517423225230585,0.290896611880018,0.797742475922297,0.00897052451447478,-0.0136886973357201,-0.0403988363983234,-0.976190273330741,-0.045968502160136,-0.0740321128721643,0.0460340726821414,-0.0291112893384714,-0.0356204399579661,-0.975564567286961,-0.0440922782425425,-0.185521124814723,0.00615428083792302,0.0539540765623641,0.031616619638524,-1.01659468472165,-0.0167259991120379,0.175798047785787,-0.0160406344985664,-0.0407969436705528,-0.0167378125256518
9.87,-0.519820815146952,0.289413916113248,0.797478300838347,0.00239367899864216,-0.00969208219609028,-0.0394083503706324,-0.97776859414256,-0.0448830877383497,-0.076154805656924,0.0226058822634453,-0.0239123162518268,-0.0387093834578991,-0.976599942229989,-0.0271377287524903,-0.19060054944881,0.000144617234317964,0.0533368559652338,0.0296683264013204,-1.02268137004709,-0.0133148047146206,0.175500408528295,-0.0358902913534321,-0.084834814474353,-0.0230707275138122
9.875,-0.523160558547614,0.287967131076369,0.799543375162209,0.00306762837300038,-0.0125285442918539,-0.0408265814185143,-0.978394136592912,-0.0530155513299544,-0.0770930815415011,0.0146022310978112,-0.0219705652503086,-0.0400718743848926,-0.979195540904598,-0.0093707225188984,-0.186658841294384,0.0141190170724957,0.0547570614094973,0.0240715425363066,-1.02359725436858,-0.0108325998949102,0.179735968392297,-0.0607461058080428,-0.129717092089017,-0.0259171827961746
9.88,-0.520214760542241,0.290464268234335,0.799084377698011,0.00705343308158566,-0.0125285442918539,-0.0408265814185143,-0.982848766054545,-0.0614462356490583,-0.0822991110821063,0.00573395074158775,-0.0220442676358095,-0.0374515114314793,-0.981892924534755,-0.00183800625964959,-0.185702330668002,0.0297182418368921,0.0562032819618821,0.0164314074135402,-1.0235021984306,-0.00748771271199712,0.191042390732303,-0.0895917385405667,-0.157761561576872,-0.033916716673258
9.885,-0.52497168977734,0.276908142950742,0.802405750634611,-0.00387137366379351,-0.0102100016624874,-0.0297332484996706,-0.981431851431485,-0.0599284869764784,-0.0784017212526669,0.00673104017622249,-0.00114585316882318,-0.0398293175820043,-0.987245128415163,0.00215584709706888,-0.18643986632523,0.0209979033808063,0.0570017254075612,0.00043381859577162,-1.01709772025271,-0.00663780624864578,0.204187300097038,-0.110913674749808,-0.181611925363541,-0.0380956007268284
9.89,-0.52138614523884,0.281702375049833,0.797272263772869,0.0032083063193077,-0.0118054357573033,-0.0376105452956196,-0.980717339910322,-0.0663933817992216,-0.0780851643003768,0.0201702564954758,-0.0163513739913267,-0.0372887026048686,-0.991862570105494,0.00271629174031879,-0.181688571687781,0.019064017079017,0.0676488619169968,-0.00876891347187692,-1.01700317521365,0.0017654347591061,0.221018208275031,-0.129319456333652,-0.178254493264518,-0.0454898999982031
9.895,-0.518964142099085,0.282839476744002,0.797811869721033,0.00558557065821227,-0.0125285442918539,-0.0380264206782682,-0.971771015675712,-0.0590767217988011,-0.069391848667504,0.0265864997114675,-0.015603244304657,-0.0358463276722475,-0.994371654805789,0.00195653256111235,-0.174052071503306,0.00379801399608789,0.0737601002038388,-0.00964461823456539,-1.01092769649218,0.00259511389955384,0.228413602450749,-0.136537596583366,-0.162282304103881,-0.0554475634169767
9.9,-0.51843154774931,0.277099017063018,0.797861481878923,-0.00371120544524283,-0.0192525513602543,-0.0340015509903204,-0.963473977955496,-0.0516622432069734,-0.0656750359850275,0.0277517304409449,-0.0210834389366544,-0.0340739111016619,-0.994938414669255,-0.00808991514875512,-0.164641486395699,-0.0151445700006608,0.0739487964188459,-0.00777719914913177,-1.00285089365584,-0.00292794850069693,0.235294553745012,-0.123907254687076,-0.125432988827995,-0.0662215561428886
9.905,-0.516285827271754,0.281405022175517,0.792586327729093,-0.00624574158750866,-0.0214840061631093,-0.0359506996128956,-0.96320078512942,-0.0496595459698461,-0.0630967884416357,0.00859669027492095,-0.0112181511055133,-0.0345426076645097,-0.989664281079129,-0.0136316898673574,-0.157334594730319,-0.0361295706364928,0.0712354932035669,-0.0170201747262352,-0.996378448292319,0.001971974557083,0.226209782153393,-0.111823900761945,-0.0902945020835373,-0.0703232618671069
9.91,-0.519297106644954,0.288434417787879,0.792848522954317,-0.00878407986224186,-0.0250194447193446,-0.0293327835152254,-0.967307585455372,-0.0367570034406931,-0.0605537724947925,-0.00560620331284358,-0.00657813114086611,-0.0406023613041488,-0.98170982600976,-0.0204369578921724,-0.149734767470258,-0.0727687186737952,0.0602574279086635,-0.0103107552085012,-0.992707310543921,-0.00649490572360916,0.212306919298674,-0.0826917333030378,-0.0546185051222375,-0.0794057134891814
9.915,-0.516474291961419,0.286082380723603,0.797420964559917,-0.0242599709075922,-0.0263692837501904,-0.0286096390336752,-0.970532684392917,-0.0363854238760137,-0.0655714468308798,-0.0251353185019639,-0.00184688372420131,-0.0420030404190127,-0.9784405705831,-0.0260889985523805,-0.148807661642313,-0.108784822123042,0.0523995184938836,0.00310388087066354,-0.992322894637639,-0.00464385372999708,0.20120003540366,-0.0567173473233305,-0.0286238251627654,-0.0882435935589338
9.92,-0.516976205494948,0.281919465027216,0.795432185903322,-0.0314977280795574,-0.0270726752740658,-0.0275041483909831,-0.978396413942065,-0.0333090468929048,-0.0692074917463913,-0.0431799789709806,-0.00080294417793634,-0.0487249310591294,-0.977546776725041,-0.0274401233111575,-0.143007841587433,-0.125623392283539,0.0440090120786624,0.0091464467863408,-0.992271828531683,-0.00242096492822942,0.192536875125277,-0.0366983311400839,-0.0221952509172854,-0.091640819267321
9.925,-0.520956187769652,0.298625460829109,0.800066189059365,-0.0255998163188176,-0.0314856495236996,-0.0312219112826775,-0.976481196850304,-0.0294109735662124,-0.0639501679182893,-0.0486209675311641,0.0133410968244477,-0.0558131039142609,-0.977167032403434,-0.0323701171684015,-0.143438703597351,-0.10518019951323,0.034628449519683,0.0137204418849208,-0.995843714038505,0.00417757103171157,0.191221338449235,-0.028883322476932,-0.0261059476459709,-0.102048628844163
9.93,-0.520722896557163,0.301542667316563,0.798934576633413,-0.0347182804992375,-0.0340123384660502,-0.0312333314014722,-0.985324596719792,-0.0235501185833535,-0.064106050350047,-0.0603307470761145,0.0141668542798287,-0.0577416484074276,-0.98302871934167,-0.0376012514266693,-0.150499818295051,-0.0720518180139472,0.0276667109577903,0.00746738275951733,-1.0016995719539,0.00747077091623579,0.19670919597282,-0.0248650395335647,-0.0363474257509305,-0.106959248777727
9.935,-0.517139902566515,0.294847518571093,0.803192074452164,-0.044511822768457,-0.0374129466503679,-0.0416756711500442,-0.985806646070242,-0.0209805261334584,-0.0609190401699475,-0.0775203691517284,0.0154062710635689,-0.0606998838484287,-0.991853889728267,-0.0285913151536839,-0.155794846750687,-0.0688567841875257,0.0299770669305176,0.0027607514169738,-1.00690778464287,0.0105860535511326,0.199870320861761,-0.0147853713295329,-0.0495198349407688,-0.110165029764175
9.94,-0.516509454913368,0.300864160350157,0.792569346220199,-0.0448228960072435,-0.0371893753935025,-0.0443781969284452,-0.985158191420253,-0.0257733316102823,-0.0649017776510192,-0.0907161280544315,0.0256465569170032,-0.0617843495260241,-1.00018449397722,-0.0107666280833152,-0.157705240558505,-0.0696242956921287,0.0340767648106601,-0.00102873345690122,-1.00795778546601,0.010890097442202,0.209268881351672,-0.00359047533748653,-0.0637518356684008,-0.111206807950039
9.945,-0.511816774635218,0.295430446496563,0.794556264958154,-0.0800237017061368,-0.0240428429066658,-0.0416969533178992,-0.980772633379923,-0.0358133295622184,-0.0733938508107661,-0.10503275324996,0.0259343758225441,-0.0680300518870354,-1.00744676128596,0.00298340156590333,-0.152213570750254,-0.0571318240762281,0.0299258716827079,0.00829054101499763,-1.01516065487906,0.0136856774880555,0.20364811354018,0.00639178712497674,-0.0826369089308375,-0.109250970727339
9.95,-0.521138291707797,0.27998892892542,0.801628803760679,-0.0626995649811373,-0.0370490069330202,-0.0474972721687796,-0.97404092230125,-0.0477096079767569,-0.0707630648874545,-0.0911984812082301,0.0272183255774962,-0.0680300518870354,-1.01351853282428,0.0146304209196405,-0.143455351681827,-0.0325969058934415,0.0322463705175703,0.0201887817150766,-1.01498120328896,0.00417768747931826,0.202132963732962,-0.00070770874592556,-0.10475424206179,-0.107388947660121
9.955,-0.519793781460471,0.276886978928653,0.802676767210079,-0.0581109535103834,-0.0421299972464352,-0.0500553070528856,-0.976863057254744,-0.0507135582578675,-0.0685265027712685,-0.0840756262250441,0.0359587315815233,-0.0706406435456934,-1.013760464399,0.0174545239612285,-0.135081362151538,-0.0171300455178636,0.0301815250960267,0.0304528304107053,-1.01485907518203,0.00635366211504539,0.203181003765947,0.000296327946089514,-0.124780370489516,-0.101012662279296
9.96,-0.517997799908455,0.291038809484859,0.800239855155372,-0.0548257352584438,-0.0394058227539062,-0.043964850018213,-0.977762840989333,-0.0519153712898673,-0.0713884777067758,-0.0693394632615586,0.0415350027998244,-0.0783217979272095,-1.01359666305734,0.0193861467633594,-0.127845411293383,-0.00491295628584433,0.0191701682145892,0.0501540641550153,-1.01316131214344,0.00409449290085597,0.201641132292293,-0.00290436448032524,-0.140409310162088,-0.0930109336016374
9.965,-0.518996343650246,0.28382744963134,0.805546394897251,-0.0710984059851445,-0.0338256062679397,-0.0437982275603054,-0.986346461055302,-0.0469869515320453,-0.0747445716704473,-0.0584170866362707,0.0672418027971863,-0.0892342073224762,-1.00860102834022,0.0183729507183625,-0.12537521815231,0.0146299667205614,0.0184983264845319,0.0573122885612586,-1.0086168741888,0.00231950485481308,0.204729033297125,-0.00543239139395828,-0.15590444599788,-0.0877206142171646
9.97,-0.512113358967042,0.282228959673467,0.80137865778494,-0.059596698731184,-0.0374796788755956,-0.0466764362285159,-0.988277557483175,-0.0429614183372847,-0.0713450270464825,-0.0475981078624683,0.0479855886894393,-0.0843764746468096,-1.00271700363539,0.012738130662855,-0.122590704488881,0.0324626274318783,0.0129171124290287,0.0707558097321173,-0.998239797359514,0.00710173216478883,0.207198036881323,-0.0143681429326534,-0.166023573917004,-0.080403819024762
9.975,-0.514848967909938,0.292589529969968,0.804468370080254,-0.0629422208452809,-0.0414131388787665,-0.0477206754372551,-0.981374474312025,-0.0363526888095122,-0.0698990330542092,-0.0662705794932821,0.0443289873478685,-0.0857100264490707,-0.994392643221861,0.00197106540341514,-0.122645410084595,0.0216112396189929,0.0168344539036964,0.0643079285568254,-0.991483732166979,0.0157621164066877,0.201963282660725,-0.0115899505735196,-0.168728918082919,-0.0755123569922036
9.98,-0.523614165556035,0.288197686248294,0.802156185886022,-0.0800171887770152,-0.036465359773497,-0.0471765986101007,-0.984992609458304,-0.0308713581049289,-0.0804246378141919,-0.0778983246999927,0.0562173048188202,-0.088354521081743,-0.985567140469356,-0.00622412667581359,-0.126405383722902,0.00442173493589413,0.0197016361680777,0.0456236567742075,-0.983995594921879,0.0257331555936293,0.200662839765597,-0.00323157041828821,-0.163361239440938,-0.0684860886356174
9.985,-0.513264560040006,0.294811524853716,0.798755069332381,-0.0713659977128385,-0.0419144984897912,-0.057501314189138,-0.977912948858026,-0.0329853394766823,-0.0810146837562481,-0.0910039395093918,0.0546789709002638,-0.0914342695384932,-0.981810869928596,-0.0195830358370605,-0.133931143597325,-0.00491072573084254,0.0237033023628544,0.0254921412354611,-0.973277648412902,0.0332389956733335,0.200369424707067,0.024972785904562,-0.153390586008885,-0.0674057155847549
9.99,-0.516679914670713,0.290235272999676,0.80027601093379,-0.0869853105866007,-0.0464236939778651,-0.0559982490264467,-0.981586800871817,-0.034247390478904,-0.0826496197099905,-0.0983063109551234,0.0491558375234169,-0.0910034678742148,-0.9762605783846,-0.0302725968848695,-0.138178950738389,-0.0236378715518615,0.0287472702365717,0.0206047141915404,-0.965121806831612,0.0367216646152586,0.200466130541028,0.0486763518353843,-0.142620541570307,-0.0665647854336553
9.995,-0.520765352941675,0.285739555043622,0.802481044097005,-0.109252182236947,-0.0476089916552949,-0.0542213226164991,-0.981461166510577,-0.0415016049166414,-0.0821689408148825,-0.126259573585454,0.0519310865941084,-0.095248461627481,-0.966873160754825,-0.0395621512887072,-0.145456101652772,-0.0417068559310736,0.0377817615810767,9.16023284821686e-05,-0.957828732088989,0.0424323857601439,0.207809342440263,0.076512335219409,-0.10988264475726,-0.0656127688296044
10,-0.522141002002602,0.287245869279402,0.796134409538401,-0.101335575508937,-0.052377760958526,-0.0573080338396675,-0.976509909746377,-0.0446788748001736,-0.0871736039385151,-0.136029166819572,0.0562992585225814,-0.101705072082255,-0.965575189319153,-0.0417135430293223,-0.148740269069354,-0.0579130940250957,0.0483623197778383,-0.0144833061115116,-0.956610361059911,0.0496434060704285,0.217401624481967,0.0853055918604537,-0.0701806043137894,-0.0671531078917707
10.005,-0.517519260565852,0.286715371260857,0.80605406804241,-0.100760256499079,-0.055873815753232,-0.0601617833104963,-0.977129433698937,-0.0389567614661974,-0.0946195050177412,-0.134051358613936,0.0472693539833904,-0.103459194302559,-0.971939808561337,-0.0467965453016348,-0.150632297108076,-0.0559113586060471,0.0612811393451563,-0.0183716476444086,-0.949133285964674,0.056387389231286,0.218127462827348,0.0665257577858971,-0.0316055567911748,-0.0711656446405711
10.01,-0.523576253420501,0.272414715554094,0.809169342030524,-0.103265009408015,-0.0538673879539379,-0.0576176148898291,-0.983394948120824,-0.0531177131851725,-0.0942041397475823,-0.147674615428532,0.0435470884978487,-0.102484741038519,-0.981205737828861,-0.0470151996258044,-0.147464675318766,-0.033999606362092,0.070868367766653,-0.0106950436268522,-0.949359095073905,0.0631905269249237,0.214284304526882,0.0322595728507045,0.00224320603433877,-0.0722924917936325
10.015,-0.52276481559263,0.274621150636005,0.806984541552569,-0.110288603088704,-0.0527912282476352,-0.05049366822432,-0.987822344171238,-0.0642429019423422,-0.0951553146339298,-0.146865937116502,0.045384298907783,-0.107479674915124,-0.98784571536517,-0.0430505756943926,-0.142838789509177,-0.00305568376744871,0.0785265488163387,0.00320683862017653,-0.955775839337152,0.0607241070331152,0.212050707596458,-0.00820430876089964,0.0359928739300109,-0.0708150056862561
10.02,-0.522993393865846,0.276706689681923,0.816944714383698,-0.0943208582880594,-0.043746960065292,-0.0515321006087207,-0.986015206153326,-0.0713141065018689,-0.0897216824597866,-0.120302057903235,0.0526906107785766,-0.117393279781343,-0.994394144440453,-0.0375987740352202,-0.137597656669966,0.0207070465224267,0.0895833307608717,0.00688313692808151,-0.955414313106598,0.0602475205698727,0.207600548453164,-0.0396574647044728,0.0656511868494287,-0.0698491036891937
10.025,-0.514674477780726,0.278053669428891,0.812999250910909,-0.089005364657686,-0.0359590225221789,-0.0489418833847689,-0.989842515812176,-0.067112490053142,-0.0925172102919334,-0.114560358925112,0.0470938719776713,-0.115480797366925,-1.00458241889742,-0.029963258458024,-0.130252293043587,0.0394240058271336,0.09731926612308,0.0123725629084515,-0.957693286419979,0.0643503171629323,0.204855079507956,-0.0747081210794797,0.073722243309021,-0.0720000005479841
10.03,-0.521978693506719,0.27219972871132,0.811795303779919,-0.0919306479764266,-0.036446569741969,-0.0484826538526871,-0.991389520636001,-0.0722009805112237,-0.0951392901994238,-0.0926767555933594,0.053582231893003,-0.117411553971132,-1.00303241487597,-0.0284839203898497,-0.123029359458842,0.0386777587150159,0.102325971851598,0.0265568371339523,-0.964960550489172,0.0678054849008623,0.203217488079318,-0.104954339223531,0.0728836709973013,-0.0796226561069489
10.035,-0.520969056185263,0.272522988182574,0.813135378090508,-0.0818686950476426,-0.0274164896699979,-0.0422758890904508,-0.991060085984377,-0.066246708206199,-0.0942562428852808,-0.0893570645045288,0.0552819674401394,-0.120164661934423,-0.999798818736908,-0.0305060105411892,-0.120390002803491,0.0571745469370547,0.106183130404457,0.0334821637373533,-0.971287728324901,0.0669540115731197,0.207302355530932,-0.126571656625858,0.0705418342705833,-0.0796226561069489
10.04,-0.523437793665565,0.259907657323591,0.813131956388553,-0.0802664662831394,-0.0257691158927328,-0.0372605343229206,-0.987941833224417,-0.0696088093971752,-0.0939217721330054,-0.0821992545931409,0.0484093099638258,-0.122642981275586,-0.997217905533167,-0.0314301953293659,-0.11970574922568,0.0792481360273228,0.115103145411116,0.0319706000564734,-0.970789717512128,0.0717822737871484,0.2121805614983,-0.132872506976128,0.0710920177643446,-0.0816923842320735
10.045,-0.52031256749558,0.266738379171725,0.812373081273968,-0.0689295340779116,-0.0290716559517339,-0.0397247794277197,-0.981682599076542,-0.0726879515281091,-0.095571693955429,-0.0904092576442621,0.0550568128350454,-0.128091304247196,-0.991158500165574,-0.0329847579720969,-0.122649327573137,0.105996817640772,0.124654531974367,0.0300953313708305,-0.975757034036538,0.075303461943441,0.210348065995081,-0.114588427432045,0.0719346052278232,-0.077572722806737
10.05,-0.525576087839575,0.267726898472645,0.806463900762056,-0.0679604180394542,-0.0300085551133653,-0.0336845598877537,-0.982857123421173,-0.0681325218013227,-0.0952434113358411,-0.0853644074089057,0.0525525034283643,-0.129608394208688,-0.989146747967943,-0.0347740551437934,-0.121876607442889,0.124484138978285,0.132446353637231,0.0323882291332933,-0.97716435230015,0.0857096057033947,0.204419046659864,-0.0983083061824744,0.0773873254656792,-0.0795513094784843
10.055,-0.523377388409971,0.267865669859297,0.813423090339939,-0.0677172222711231,-0.0238828126425728,-0.0331012393545317,-0.980737412638919,-0.0653349104615035,-0.0925611092175063,-0.0936982218979594,0.0543847404973421,-0.131943068824479,-0.98873567037408,-0.0351351382524898,-0.119870409944761,0.139805469143571,0.142425873663193,0.0362038090825081,-0.976877195666761,0.0971409589564411,0.204489563090934,-0.0759536377587639,0.0788865362885861,-0.078678478825417
10.06,-0.519948427720168,0.254027182810642,0.806907798668548,-0.0646998388145985,-0.0211885898527116,-0.0312693942431183,-0.978680799063826,-0.0778439918270587,-0.0944251758015178,-0.102827476306265,0.0586578507827203,-0.13168930502952,-0.98927986045982,-0.0324114858425162,-0.115119293891026,0.154808779218192,0.155333884149631,0.0330608424255448,-0.97573021455534,0.100040923707905,0.205089731969315,-0.0415767229240149,0.0757169796571184,-0.0796226561069489
10.065,-0.526155017907756,0.249444434710721,0.810778212448271,-0.0629264582597021,-0.0181180132565108,-0.0249552380525945,-0.977136845269426,-0.0794198132628166,-0.101786561802016,-0.100737083809795,0.0578528258533646,-0.136458424808944,-0.98565245833496,-0.0251554004409749,-0.109981922418998,0.169112542050125,0.166672964283348,0.0270642952530841,-0.964565211353073,0.106665246511456,0.207845511556151,-0.0060811318290618,0.0652804233722753,-0.0767390844850274
10.07,-0.531074443245576,0.258340049626702,0.806103441292125,-0.0524432713747882,-0.0147629411046876,-0.0174053956841601,-0.976859988548121,-0.0768398567100393,-0.107249378643385,-0.074422583022264,0.0604936431679698,-0.146570321079762,-0.982949040529552,-0.010184592655665,-0.107514850709902,0.194440297636723,0.17983295309485,0.0312984438207388,-0.96185955159591,0.106084329928112,0.216312160015724,0.0437006024412555,0.0674229020835514,-0.0711585785785574
10.075,-0.526780516002369,0.268760685161862,0.812225957056912,-0.0467819794982052,-0.0119569133875896,-0.0110127162313099,-0.976147949495017,-0.0652140027694988,-0.102882236280851,-0.0559201318692828,0.0630441733247909,-0.155419457425465,-0.986199840141073,0.00354612890795298,-0.110553726548421,0.205941066001499,0.194428864073871,0.0171771739516996,-0.967487570081196,0.116137345482861,0.218575650742265,0.0938520114255109,0.0730779951688787,-0.0563397529109568
10.08,-0.521433577142117,0.267818204199882,0.814541486394383,-0.0491025058283999,-0.00812219258946879,-0.00834188962160817,-0.986440099032589,-0.0583491000715825,-0.0991381094085142,-0.0263021697862004,0.0619503476199952,-0.157639780055968,-0.991626251216312,0.0172239033032355,-0.109358496709039,0.206638664007187,0.209700842345425,0.00759542903621888,-0.974101633318622,0.119844529107913,0.211876162121634,0.129009371034248,0.0678091105663321,-0.0404312901926756
10.085,-0.520814411211506,0.266096171302768,0.810530260614613,-0.0331118500083096,-0.0059326344294306,-0.00175765922977321,-0.98844696219427,-0.0501929029250077,-0.0892571359739429,-0.0192546857565376,0.0738774508843908,-0.169248474761994,-0.998927264132034,0.0320499330802205,-0.105028972142246,0.208238062296274,0.227873638316149,0.00857110319328603,-0.981204044068088,0.129840127859392,0.203879917273678,0.149920857882937,0.0578890140476066,-0.030590430522333
10.09,-0.522398134680287,0.268954851320211,0.815662032924948,-0.0184934360400702,0.00357065841924738,0.00660232893753458,-0.988531011512696,-0.0452113337452638,-0.0861736133661977,-0.000386229158494047,0.0812823843611344,-0.179629158827694,-1.00910911104722,0.0423220155061872,-0.100246406778813,0.211084822846964,0.24234496999738,-0.000206715377829277,-0.99559527129213,0.133886046393889,0.190490480418606,0.137353840208674,0.0410059292228706,-0.0139957569833186
10.095,-0.524213051290275,0.275764986256144,0.810638900964741,-0.0114812238856914,0.00543936892211747,0.00307982830460419,-0.985747999137243,-0.0387963154041461,-0.0723470726089606,0.0261855142776263,0.0918748104666168,-0.192132087128136,-1.01695193297111,0.0515772636457719,-0.0904226133220397,0.200891777999763,0.245472538147722,-0.00254345687355669,-0.997058149948711,0.13628426214275,0.181191693297044,0.113129177579797,0.0115414693254715,0.0022469100099796
10.1,-0.515039986636555,0.281427569854507,0.80942088686312,-0.00393618021055196,0.00701856799423695,0.00405365820221857,-0.980068558541788,-0.0365165461089971,-0.0622617881370265,0.0386683457648301,0.0963992705213681,-0.2039419423002,-1.00933888058368,0.0611428844677124,-0.0925909748311595,0.208497514788056,0.256621666456309,-0.00809578123874702,-0.997269693986677,0.138812183159897,0.181515146473802,0.0832706420117752,-0.0144741999777781,0.0127163633269532
10.105,-0.514599565012478,0.287842432658353,0.813349987509797,-0.0115215165103938,0.0120952955016479,-0.00273130570982523,-0.978975306493678,-0.0224949164721785,-0.0509197396821827,0.0625464257064698,0.107710898082453,-0.214785509549859,-1.01963725321299,0.0755578701934587,-0.0751845570129562,0.205492267241618,0.256202252223195,-0.0128480750735652,-1.00389891093249,0.133092448924348,0.175765514580335,0.0607257195295727,-0.0470457416899698,0.0303050766242764
10.11,-0.510778374790507,0.287916871001466,0.810733425361603,-0.0109661479161929,0.00871471830248196,-0.00748499045813478,-0.973047586316394,-0.0189918454082228,-0.0437788696989986,0.0678163468837738,0.13291641602069,-0.225718739856212,-1.02461234420455,0.0898720752185275,-0.0697961434932998,0.222194273554619,0.253565936428956,-0.00753308428260677,-1.00553506872562,0.128359612078718,0.174675469037492,0.0240549212992401,-0.0745054993846629,0.04249977846037
10.115,-0.519524268711855,0.284016389729022,0.808052448608506,-0.0125708459212413,0.00732868375303923,-0.0127463783600475,-0.967648974956086,-0.0182298776976973,-0.0367271838724441,0.0679771287665393,0.157065555091213,-0.24436392995941,-1.02850663635311,0.0989473271471339,-0.0702607137636489,0.235699746411409,0.258626956216862,0.00902883547682243,-1.01274276203348,0.121635722398304,0.179348217438736,-0.0184651323558555,-0.10172049315091,0.0560718101121086
10.12,-0.523967072124206,0.276029588396922,0.804842743699091,-0.0199015646912391,0.00824026204645634,-0.0170811377603047,-0.963842445945181,-0.0122131073050793,-0.0275313974238692,0.0651234510326316,0.180341075130579,-0.259689838887748,-1.02955146003723,0.106337652608639,-0.0738697633020992,0.240852981200767,0.258140592557097,0.0338223000551973,-1.0020051818021,0.106246695232488,0.191523255153041,-0.0687900780936618,-0.119077245973531,0.0662557088250836
10.125,-0.517986786537175,0.280554180779441,0.804624223118149,-0.0154639012761233,0.014768006120077,-0.00999868680059917,-0.96135511664409,-0.0163550209270676,-0.0194197034544395,0.0594595807946609,0.215498827525798,-0.283879776101758,-1.03102247234796,0.11617122151594,-0.0754983976197233,0.232714185079162,0.259530944709689,0.0655414672400193,-0.990611287277196,0.088267492527009,0.194313755141066,-0.127771290865458,-0.129892916577096,0.0777702717237253
10.13,-0.513006450568967,0.286572500314869,0.809792216805625,-0.0138423154726896,0.0173438109552331,-0.0145009913816777,-0.95699187254928,-0.00657973714546678,-0.00225873876810403,0.0519155340176129,0.243461729779915,-0.299266253225378,-1.0299232789746,0.128511462278201,-0.0733569645793242,0.215784238856131,0.263851277527444,0.103989689456757,-0.981261881968334,0.0729968124252716,0.205190549357885,-0.173180288915964,-0.123873335663535,0.0836330166384026
10.135,-0.516353522183493,0.283959572596555,0.81082268311603,-0.0171956708049832,0.013990455696659,-0.0150975693909761,-0.959288111179261,-0.0072240076456316,0.0096566150374837,0.0407736702268567,0.286671770205752,-0.3180421224892,-1.02302693854368,0.143914508158209,-0.0651141705001088,0.203946925803786,0.270353807981607,0.15233485294272,-0.964019361231524,0.0479431821563453,0.217104682627494,-0.200790186430475,-0.113088845693017,0.0936634336716705
10.14,-0.518805480285999,0.28031004490796,0.805360017756025,-0.0213117077091555,0.0228849034287288,-0.0174768995907344,-0.960860603075116,-0.0098152075036436,0.0216109677473524,0.0395557648947696,0.315172104480063,-0.332743426190498,-1.01889894885841,0.166383454538765,-0.0604701249430795,0.201932826427115,0.272787183523178,0.210998195898119,-0.955011927224288,0.0333029781174849,0.229019463918484,-0.223740366692661,-0.0982951041801868,0.098744735121727
10.145,-0.510539593067761,0.279006824329334,0.809681741002864,-0.01778979772058,0.021730630678296,-0.0208032696750104,-0.956173776198473,-0.00286161529005444,0.0259194829377615,0.0400744375232981,0.370033724243482,-0.358625933508042,-1.01784598423796,0.183528155764047,-0.0600972688339502,0.212035420041063,0.27451885202325,0.250861632224086,-0.940652830563449,0.019779302622479,0.233915184515584,-0.228782911452927,-0.067751672590138,0.107598332388561
10.15,-0.507833045856178,0.281493558191031,0.813116622962038,-0.0222937087650481,0.0282937831493471,-0.0172852905717168,-0.94923297881564,-0.0057757041826282,0.0450314083527705,0.0267970241126654,0.41639533388329,-0.375341757285991,-1.01538903539069,0.204006531867663,-0.0629450909837337,0.212022878663956,0.277673959732056,0.313439711273523,-0.941009885166961,0.0230824103388573,0.234233872073001,-0.219302356385735,-0.0166179662834184,0.109306882920993
10.155,-0.503202075595826,0.274954344066263,0.814450469641591,-7.34199554018999e-05,0.0347777913358474,-0.0163059325305866,-0.943991377452238,-0.0102766704393814,0.0473028673523775,0.000612227975684031,0.476124673214895,-0.402025473849637,-1.01793471325014,0.219254433891181,-0.0598349674786486,0.203550166452771,0.276129725081357,0.365045153826564,-0.93745774315261,0.0198678504267596,0.227233164369908,-0.197058802759985,0.0387622261718072,0.109270084016923
10.16,-0.506287449400644,0.268648859643341,0.823588939649783,0.00828175614868604,0.0453617789524795,-0.00715557390928523,-0.943205777708837,-0.0162273375742455,0.0466215166184578,-0.0105024753718038,0.537626731879181,-0.431100428845443,-1.02168347448378,0.246249021782132,-0.0637647193923598,0.183866858557397,0.269970270832475,0.440010543839123,-0.930720647048566,0.0126349393571753,0.208659923412897,-0.161177630180094,0.105172689030017,0.106640781175414
10.165,-0.501297258571726,0.270553173448857,0.815208957736304,0.0204321108500448,0.0543147621964872,-0.00984049785156876,-0.944122126023109,-0.013974172543152,0.0549727923540775,-0.00609369528252411,0.585606066441211,-0.45641318538551,-1.03003192453468,0.272744781897283,-0.0606878192736672,0.189317861674396,0.277628763101607,0.532609603883617,-0.919222198832342,-0.0020530697636629,0.191736364417769,-0.127179736666298,0.154839912400555,0.108838450448546
10.17,-0.485032762027688,0.260074479215497,0.807910369326504,0.025498861060954,0.0756449900760064,0.00235578006844149,-0.949446911051226,-0.0203695326174297,0.0512891683353897,0.00765579696040638,0.659949534328049,-0.48917916175081,-1.03143017611264,0.292397693065296,-0.0514783905487431,0.160449019477801,0.262612293885429,0.636906409044753,-0.91956475845933,0.000657807144545703,0.190462349168505,-0.0977826136985767,0.178298658403918,0.112183377146721
10.175,-0.45685992128845,0.251472794163747,0.821219461826898,0.0489121515027941,0.0865398716286477,0.00113308238626397,-0.952634957571573,-0.0348901335155122,0.0783890485171955,0.00167209932166981,0.723989915229403,-0.5084368004333,-1.03406360157176,0.305267838510351,-0.0433418431077764,0.124103134182667,0.249663436112449,0.739935725374813,-0.919637395460303,-0.00138069212008207,0.189550086203808,-0.0659313322730013,0.198086396646752,0.109985325249039
10.18,-0.443509977167909,0.27888805525293,0.836757465399176,0.084388265530274,0.101399998991919,0.00304057502847335,-0.983860904872205,-0.0367619184954362,0.124983514000219,0.00115941094891401,0.799468677248757,-0.543233000554265,-1.02971734782698,0.334925602574022,-0.0429698426341239,0.0832635715832685,0.232108527169482,0.848203674538824,-0.921396133686929,0.00335019246900077,0.184668383144966,-0.0328103287850166,0.210693192520191,0.110601512132815
10.185,-0.433659725951967,0.305918211563756,0.844707346133728,0.101725693338279,0.115712116858144,-0.00972418485630415,-1.01607878319692,-0.0328613411845245,0.124123088363072,0.0140617825090885,0.840135949056821,-0.56490994724813,-1.03736353332128,0.347755642647959,-0.0269268839074237,0.0764692997006856,0.217007237680946,0.940846696362486,-0.918525016156865,-0.00320231648441599,0.179173924099044,0.0130727301677425,0.205629772343591,0.108289710427771
10.19,-0.45283629512953,0.308759626904608,0.834122467659429,0.106979723528142,0.137627463012248,-0.0434992067703553,-1.00265519018173,-0.0432553393699439,0.0721362101895125,0.0352793910111419,0.894799204956457,-0.581938261253491,-1.0462838897117,0.350122083581486,-0.0360604160133998,0.0556617586072188,0.201902821408126,1.02883096113528,-0.915033882310636,0.0144204978312554,0.178489099068627,0.0629392596151802,0.184897815514365,0.103680766180586
10.195,-0.492978777742847,0.303589691430409,0.823852428749281,0.104804696660952,0.153314452368645,-0.0670624776798139,-0.996237048446268,-0.0436964101355143,0.00638976983419928,0.114200165365309,0.956742236448435,-0.603644257381223,-1.04400689821177,0.351133952499807,-0.0445732297282865,0.00798732463329405,0.178418254967912,1.12561037866955,-0.908223722042578,0.0224840529160356,0.177004149855523,0.0878944237581994,0.15498818823745,0.0950227068121752
10.2,-0.492448641981344,0.288430774005505,0.817798818029743,0.101582904416307,0.165164520086917,-0.0859023002903662,-0.99924786543303,-0.0369332795259468,0.00677772572980391,0.180698873475189,1.01479936371246,-0.628016137033698,-1.03950633714967,0.344855218159952,-0.0562373886690952,-0.0556671374009057,0.166152286024559,1.19690898132226,-0.902220630493233,0.0213312085238209,0.181238330662668,0.0853582940755428,0.130945770874474,0.0858188892325767
10.205,-0.474335266502677,0.289664318772293,0.835598945978344,0.0920877254679278,0.174224176860326,-0.100439807389488,-1.02157406952964,-0.0284955410989918,0.0336393173003531,0.184210528504108,1.07092726621647,-0.65466547207842,-1.0350222827662,0.338851655739558,-0.0624136146061574,-0.144168947854918,0.149359785572831,1.27270367520593,-0.902593456570664,0.0332122118379136,0.182576170595665,0.0765464218560942,0.115183807665988,0.0839571110069091
10.21,-0.465988401813551,0.312929313122372,0.842355443866132,0.0897894667950866,0.196802009785497,-0.120515141226155,-1.03523939119154,-0.0329526872207435,0.014121690251204,0.167026531054665,1.11274699960952,-0.66870738901761,-1.02743565738981,0.329099404462647,-0.0617536393226296,-0.234746780268736,0.128955997310761,1.34076315811329,-0.895835754037664,0.0298380527003254,0.189167581806256,0.0694684219131721,0.110703582731077,0.0892013618464344
10.215,-0.463475324462664,0.329215324304304,0.830775523601345,0.0800413702518531,0.186179258648189,-0.156528453890459,-1.04137498824424,-0.0505529370385979,0.00239862233404962,0.18143393099308,1.1397389626503,-0.68760366063617,-1.02166794825351,0.313182699675474,-0.0701711255871348,-0.303563930730684,0.111609005057141,1.40521494331857,-0.889128907043807,0.0329219037235614,0.187766122426522,0.0770324355893584,0.107899960230091,0.0917005277137719
10.22,-0.482359512072359,0.324526591497226,0.855551887967736,0.0855291348734863,0.210529924444775,-0.192146044787695,-1.06782713873247,-0.0835280386805583,-0.0675129624112239,0.170588902373019,1.1756470314297,-0.693400458792302,-1.01333140401765,0.300557123425117,-0.0766048835509916,-0.328907761562286,0.09275387616116,1.44674599667515,-0.885356694709262,0.0293046775059145,0.181865312493314,0.0856261945277008,0.0993615328122167,0.104266799147905
10.225,-0.493849116159435,0.309630756043428,0.884937107698042,0.115471728236673,0.255236451118275,-0.235565498290067,-1.08718022029994,-0.115075405393009,-0.0845917751183458,0.205593966918867,1.2028545694869,-0.701825097643482,-1.01575158109216,0.290987482468894,-0.0953075138506598,-0.345511951007206,0.0850268947858576,1.51959256768352,-0.887725255574539,0.0155263684557117,0.177449854838403,0.0913086252215684,0.0896043950022062,0.110045245699288
10.23,-0.493053050182789,0.268633320496339,0.829648681830973,0.117066346539567,0.291021984253335,-0.27277979533066,-1.1230156268282,-0.150254703746264,-0.104355778770352,0.280873777471704,1.22172776185142,-0.71088436356449,-1.01942222136161,0.281339915838269,-0.11808511115495,-0.368965461196923,0.071490829049346,1.56171981305118,-0.88215128011751,0.00540724611168626,0.174476212598761,0.0802801753014172,0.0743041347497003,0.123884432946046
10.235,-0.528766348801151,0.306907500490528,0.874267130049189,0.181973274050373,0.354213615247452,-0.275201729325131,-1.14540794647994,-0.188215445000779,-0.148801737140917,0.303243810832927,1.23168963016384,-0.711920263158153,-1.03840251541353,0.2608489710117,-0.13868759189152,-0.401871304203958,0.0747010492996524,1.57327393666634,-0.889375543305881,-0.00564913484199438,0.180244326222408,0.0665006694450023,0.0481602497342675,0.13618713091167
10.24,-0.517584812619344,0.266649397489213,0.851067739549401,0.177990095743314,0.442616341024338,-0.297162783226116,-1.16184754689898,-0.218750867707183,-0.182852272010466,0.463566735423718,1.23528017011228,-0.709419667720795,-1.06117473516658,0.243146639249436,-0.155468044263212,-0.473450258264764,0.0805267341475693,1.55856680368935,-0.892528861179954,-0.0124110926098861,0.196703200670448,0.052436823428715,0.0263415238239174,0.146362316233095
10.245,-0.489535366395033,0.258097348962979,0.885620959756785,0.240699695436811,0.534510526847444,-0.309398506434994,-1.19551910955968,-0.230414686307923,-0.189956985450858,0.51154139699594,1.23127149953313,-0.716862543155698,-1.08623077757042,0.211988441688376,-0.168825184891773,-0.568274092307167,0.0858679339289665,1.54221371784766,-0.906574665760023,-0.0212908098593849,0.204797370058187,0.0396372205941998,0.0193729924581463,0.157292991641111
10.25,-0.532092579743319,0.248574861572663,0.902807935629978,0.283900727065817,0.635515863096277,-0.29885921894699,-1.2187032455379,-0.273949728274357,-0.200176804080732,0.551115121247023,1.22521527639411,-0.709133019447646,-1.1166838252558,0.19129537068044,-0.183427428404037,-0.658364858483555,0.0879873178558967,1.53033626079559,-0.919747709000612,-0.0309930348847414,0.217048639354511,0.0432885621105096,0.0236388278860359,0.167645883944778
10.255,-0.545746475933181,0.246595771385834,0.931612538125655,0.339345400554682,0.755905456683039,-0.281446574904543,-1.24485378394405,-0.291802163415101,-0.189444062949673,0.674015926376844,1.22274808808239,-0.720434960230185,-1.14862039809852,0.16653482971387,-0.201780768292725,-0.685584834339363,0.0927309253173655,1.52524272130592,-0.938734081594733,-0.0373922227964401,0.229762332906666,0.0464064447982346,0.0249414189877752,0.166849494616512
10.26,-0.500096763642486,0.261634809363897,0.950895926417692,0.385931609380049,0.873356054453424,-0.277625416263198,-1.26973391593903,-0.299096579448717,-0.151879975842871,0.78859456796772,1.22904570863334,-0.72993072468697,-1.1798459923915,0.143928609509954,-0.228409447420213,-0.671421440516363,0.0950366021163982,1.53570044797446,-0.953294425139224,-0.0432940027824533,0.239025706956746,0.0400890500938286,0.00777447358116256,0.164716243743896
10.265,-0.506316103023108,0.298607353773412,0.957463852045175,0.413260101723105,1.03054376255343,-0.258550542540632,-1.31000511639554,-0.288112659683695,-0.136907799318371,0.893287785114556,1.22252609489025,-0.744586693266077,-1.20077892871701,0.125095088622024,-0.241067543040739,-0.630505164351637,0.0984177532844118,1.54205386715171,-0.973162717485696,-0.0377955354651952,0.24967505324483,0.0121456933241255,-0.015717047944741,0.161534214068461
10.27,-0.522188663826965,0.308449796935494,0.958198208382228,0.386405939740266,1.16373314455819,-0.264088473933002,-1.32449882271897,-0.269065087046013,-0.129199541588224,0.982057048231503,1.21511917533976,-0.773392417918234,-1.22013485990387,0.126695241692047,-0.256130576814078,-0.563017331078343,0.100977584667821,1.5375401277325,-0.994072520906855,-0.0346081413012788,0.260089020023098,-0.0151211475084712,-0.0341758759964587,0.151447111048485
10.275,-0.513993107871221,0.333148768137716,0.972639211811096,0.400178216683834,1.32808178475959,-0.285112739558608,-1.33941487243101,-0.222071762896326,-0.11189652349119,1.04954722708207,1.21872545987909,-0.811353914121582,-1.24227309377289,0.144566134742119,-0.267786447575459,-0.468983772712438,0.103287451600807,1.53599172891331,-1.00794017941603,-0.0389307900029226,0.27773030565437,-0.0420478414480878,-0.0634378049346341,0.141226677730231
10.28,-0.50294189218094,0.337128318780869,0.956014771428872,0.376362653307798,1.44149176884268,-0.309555779879457,-1.35375028903396,-0.201714115892954,-0.0825334613371603,1.07410676133523,1.20737771927485,-0.84708438980968,-1.26363483238495,0.165690038860307,-0.271597219178923,-0.383643188732843,0.0999946354541342,1.53119633373124,-1.04032328262123,-0.0316644744720423,0.294697753091809,-0.0695596854059819,-0.106872404879585,0.134102113510112
10.285,-0.539112930132353,0.354111437500498,0.968402079338489,0.392971656491162,1.63795038966106,-0.396005913441948,-1.35481803880287,-0.172979168645526,-0.0986983725673253,0.983279272622092,1.21480470726599,-0.885951031008698,-1.29039162176208,0.194453550059917,-0.273755767702439,-0.326656907538808,0.0993065685033798,1.51858387232332,-1.05147639626691,-0.0323454282117835,0.304610846258735,-0.0930114171316561,-0.127935282399978,0.124530316265723
10.29,-0.550091861912364,0.412383008868316,0.905344935074178,0.402197966969126,1.83462654544919,-0.443056290955198,-1.34427611405744,-0.125159544216573,-0.0944940131580821,0.982436076585389,1.2183720198861,-0.929794807695116,-1.31959090266482,0.231958681535265,-0.259657283571663,-0.260304808404794,0.0901242689452504,1.52377454007699,-1.07207485279283,-0.0238847030068278,0.304546049961474,-0.122940284629756,-0.156318089314325,0.112522912873743
10.295,-0.582393474639016,0.377060060357816,0.928380008620644,0.411730348892535,2.01967219340979,-0.554692865788738,-1.34497215783597,-0.0616191165623178,-0.0833700505632426,0.964214688304577,1.23150812715246,-0.971695560531235,-1.33506389294426,0.260339956250664,-0.229015570918931,-0.241406393330858,0.0660308284384883,1.53255674905449,-1.08339001722204,-0.0274253054886901,0.305017917540225,-0.144185103057993,-0.176027062215698,0.100775593322277
10.3,-0.57854696801854,0.401766963781151,0.914724929481067,0.579592597806454,2.13289023162552,-0.634376239518324,-1.34469578661304,-0.0432542072832089,-0.0952487203092355,0.801430620553424,1.22213541954218,-0.993786603246116,-1.33489930446099,0.282558093968061,-0.198968585116311,-0.18105740082092,0.0315316238623201,1.56583048885845,-1.09759717868313,-0.0301617587690984,0.300085820891407,-0.155963825472925,-0.183671707683596,0.0977148439616994
10.305,-0.579145773394705,0.457300277509327,0.870933639826734,0.415052445616929,2.28236840093052,-0.758591724470306,-1.33362382824849,-0.0315725778318167,-0.110971831834248,0.720367178464965,1.22249041761181,-1.02333484309829,-1.32923795330848,0.289218211311818,-0.157233782382064,-0.0387388252699627,-0.00742945756172112,1.61737604971659,-1.09282118798249,-0.028282259143221,0.301696900504729,-0.150689396706457,-0.174309637987516,0.094571131136784
10.31,-0.62305603076638,0.497827352125147,0.854751850907738,0.368610193252411,2.39978805736741,-0.810343399247791,-1.31478049780934,0.00278568247694716,-0.114740399540717,0.606237545030797,1.21887537889181,-1.05802957583569,-1.31508138936341,0.304094334477192,-0.117993130836277,0.132501662415192,-0.0697847114214156,1.68133359067333,-1.09125947541449,-0.0325513367764438,0.300923884430258,-0.137452634448395,-0.145459754306209,0.0881795791104103
10.315,-0.637475130557162,0.500498499709543,0.85640200286008,0.192138662293827,2.4930815906164,-0.927795855867712,-1.29611484143635,0.00443783945270863,-0.0795581793633062,0.480832868161234,1.21093587928528,-1.07415872372859,-1.29810343331515,0.312439915763725,-0.0834197518066545,0.285802253689748,-0.118807704590205,1.74047742816984,-1.093508313941,-0.0359075205937786,0.297314872733745,-0.105751526174734,-0.107795401132881,0.0833242719273703
10.32,-0.631165031933077,0.517690548055025,0.849797537104458,0.0619575762675562,2.55466583082626,-1.01981196737998,-1.26064028277897,0.00645122168685806,-0.126505401782099,0.255271381755239,1.20783986878987,-1.08055136836306,-1.27725758103673,0.314112964343426,-0.0524810532648251,0.403951720270599,-0.160950953313531,1.78570694468618,-1.09152209170872,-0.0489299992307101,0.296826398024281,-0.0758184180675367,-0.0567704921279447,0.0756543891044299
10.325,-0.618938793046512,0.495812127178429,0.832647950356052,-0.145696002041817,2.6646911755151,-1.08851599676436,-1.22522555763101,-0.0023854984406178,-0.145848759529783,0.200292187748015,1.18393332766902,-1.08748270865423,-1.24666527616962,0.321930258430111,-0.0362926824233142,0.488723209622369,-0.201238838540339,1.81866043165329,-1.09314357552925,-0.0491927125259651,0.287922029049514,-0.0314499695878308,-0.00223650700382252,0.0703992359821826
10.33,-0.686091233923099,0.5655465067472,0.797943109432919,-0.295903065102169,2.71981777267962,-1.13403296796722,-1.20144088534486,5.71888425619977e-05,-0.179591956664607,0.121107083515483,1.1694403886795,-1.08769905425044,-1.21034339860595,0.31084839337057,-0.0272126998984151,0.580308838848274,-0.244190476009179,1.83157350326152,-1.08788488505915,-0.0576164266589623,0.280626959099873,-0.000864875677196664,0.0405826263884447,0.0660482536040168
10.335,-0.727653236709424,0.596656720622259,0.771799120296813,-0.493454804688448,2.73296201961851,-1.17450037589061,-1.17235964754831,-0.00756550888249986,-0.229647638299992,0.0726637638295414,1.14601121170201,-1.09537671900772,-1.18338271297989,0.277664579146984,-0.0171698072700983,0.634444760617204,-0.269749799730973,1.81765855120249,-1.08657758008521,-0.0637713435480188,0.274207281696813,0.0297119998753123,0.0733538092671437,0.0615035236971513
10.34,-0.789913269425994,0.600715070724244,0.752404101504146,-0.775171728344155,2.74114381766459,-1.28352553433707,-1.15434116719748,0.0120638844982273,-0.237746740706137,0.157295017585211,1.10917569235677,-1.11400138817373,-1.16240607834408,0.231873314925273,-0.0181818531710542,0.661202116275329,-0.300327127373961,1.77349710803907,-1.08582938003522,-0.0675284030160505,0.266469833848515,0.0723164962931748,0.103650389483293,0.0585055940599008
10.345,-0.777814519124022,0.582356663727745,0.761278738249782,-1.00240405250271,2.76712012235169,-1.34567676525526,-1.12416954191913,0.0295487615157761,-0.227647371801251,0.159202057340756,1.08724606823493,-1.10171145245208,-1.14070515153073,0.196682572778374,-0.0290736725885251,0.705915753052055,-0.326510042515917,1.71984079224842,-1.08312468232738,-0.0653305321339187,0.253649164550576,0.105560003275143,0.122707018706961,0.0559747921798746
10.35,-0.735448577136041,0.534276953792673,0.753398107282213,-1.1005413936534,2.81855681313084,-1.42767330476235,-1.09656928372119,0.0204031690843255,-0.211882118975423,0.0949937888536259,1.06765534369552,-1.07960892042072,-1.11365482269511,0.155376054069416,-0.0473581861027231,0.747643460446551,-0.354519740194634,1.66773045406344,-1.07570818847732,-0.0610659447360084,0.265335532774738,0.131441924241935,0.137259436450885,0.0543534754643598
10.355,-0.740351951115838,0.605829113019444,0.704682789797383,-1.1073073891577,2.82072378296146,-1.57614111595101,-1.10125152171387,0.0576352227070389,-0.153835433592558,0.195677560518142,1.01369116088653,-1.02356729861271,-1.09557566372623,0.119886471859889,-0.0663934598540178,0.77283722637366,-0.370932084626735,1.61841616260035,-1.06659698460029,-0.0607762645703514,0.272587161152429,0.152286029751434,0.144242959802412,0.0520256357802846
10.36,-0.658499074104654,0.665605554966283,0.7304436324727,-1.35841312707368,2.90455406058771,-1.72063851158971,-1.03444577834876,0.0835997115160093,-0.418617768532061,0.442882913841347,0.885161485523474,-0.957464363103728,-1.07139571074373,0.093972351096143,-0.0994862462112494,0.786460465924785,-0.377154290676117,1.5635213230045,-1.05738623091348,-0.0556801726258126,0.274478118471368,0.176004896846669,0.15424843527828,0.0500665789354942
10.365,-0.712272196616266,0.501854045279396,0.66808791551891,-1.58756971035863,2.98612230569165,-1.66206659213162,-0.986646954369725,0.0372717967726613,-0.212105417287734,0.373936581355853,0.916961398846951,-0.931181700834741,-1.0576697144628,0.0797123560854179,-0.123182862257873,0.803880331028474,-0.376233949933379,1.51252807177838,-1.05536970736314,-0.0484996098774976,0.273061208188509,0.205622599458705,0.176998287904268,0.0485245213577403
10.37,-0.677741183695331,0.439380423657454,0.69894794410153,-1.33263063849563,3.04176839259525,-1.61960859591808,-0.91253533824562,0.0345224343308476,-0.336308427675542,0.338066494055772,0.852070357221539,-0.868141877396751,-1.03061553804987,0.0680428955907857,-0.146003692828517,0.81496654619008,-0.37658145590339,1.46800935999761,-1.04472404868632,-0.0486512073024039,0.272488532318015,0.217796918905842,0.182874650535797,0.0453255849657213
10.375,-0.641690879319622,0.454171557787256,0.715868811393962,-1.10533709271319,3.03099521731927,-1.50075953243018,-0.853196799541918,-0.0432039679979319,-0.39004072899769,0.190175211888462,0.835207385246846,-0.848681712163365,-1.00330998351405,0.0624534511073221,-0.175754002511441,0.855739594060685,-0.368108775093018,1.41407220888141,-1.0440955971753,-0.0537020558578767,0.270962993347181,0.217964809137555,0.180698216711446,0.0390926940403614
10.38,-0.630599543055419,0.409640213716586,0.799403997635137,-0.885248021861624,2.971449095425,-1.44749650195478,-0.818791507006561,-0.0453563272022784,-0.411626118007841,0.16812688767563,0.796448481221279,-0.855365024869397,-0.970449748407603,0.0612759362273621,-0.197068563124512,0.913507542870912,-0.363869338837704,1.3895417874543,-1.04907486474804,-0.0543129268095452,0.27819396671338,0.210465435946265,0.170699060450526,0.0356377848710943
10.385,-0.666839866309659,0.362936266483735,0.803014445625863,-0.745819610653635,2.79111796228907,-1.45417296433522,-0.767197125976074,-0.0599847467375025,-0.362590712562136,0.0602193298951139,0.739972954598777,-0.816482778172659,-0.9434873623503,0.0504552982240547,-0.211659172761098,1.01217792581735,-0.364881654017516,1.36052122295571,-1.04262006350981,-0.0546217362307575,0.291073810861833,0.197654528220677,0.157910456203078,0.0291472679175083
10.39,-0.774012350869457,0.375041495659986,0.758167706126973,-0.752637781073278,2.55471469628664,-1.389529990225,-0.702576911306018,-0.120849999179493,-0.439448397103697,-0.152029864093223,0.740028667510592,-0.761573571695532,-0.902103192892116,0.0472623819627564,-0.231394394112305,1.1138487433547,-0.375052164371618,1.32975019474332,-1.04124307588445,-0.0578225392042548,0.296647165550463,0.179536383244531,0.147322363200714,0.0199407973877031
10.395,-0.895439325775156,0.329070382113201,0.840855965686921,-0.799897150136656,2.12749525798221,-1.30404351572264,-0.660722842016268,-0.176270373490924,-0.526004382659739,-0.333120205994268,0.717581465256111,-0.720636597568149,-0.852188790612479,0.0448424457265403,-0.255015649265164,1.19053326705778,-0.376300841229063,1.28867949774735,-1.03910348703737,-0.0591600521193696,0.30126987240941,0.160187177329089,0.140768431096103,0.0167266882874451
10.4,-0.881227075373891,0.343723221369921,1.2972973023819,-0.729667013558195,1.60912533559039,-1.12566215799787,-0.658167240537447,-0.228893191136166,-0.447485280859046,-0.452202052201684,0.653510586720734,-0.685967496866829,-0.809359498466835,0.0488423381620304,-0.280451494112044,1.2271205212683,-0.368481560394714,1.21467279586492,-1.03443540256869,-0.0588359496730407,0.311867715047759,0.129966471589786,0.122904223923396,0.00993106073832621
10.405,-0.975693639517762,1.00602081073661,1.46302546493741,0.0209456173374921,0.877286727745348,-0.450860680171726,-0.680932523098375,-0.268130855012457,-0.328833318625154,-0.61681559005677,0.553659585717898,-0.647386921008454,-0.778400505033018,0.0682132487119417,-0.303580204199266,1.19364430131398,-0.35850603811201,1.13580481098718,-1.02700549988164,-0.0526485057976264,0.318547481419684,0.115002320104611,0.101724353353509,0.000750882365742118
10.41,-0.585080198083597,1.1385232236969,1.13490777720832,0.21711321987936,0.218424257428467,0.237910411970414,-0.782264771005571,-0.239921349060173,-0.241295987816813,-0.593854501518804,0.415489938641235,-0.559885719935352,-0.759665040544095,0.0861396322527929,-0.310049160246643,1.15286304152534,-0.349782556614802,1.06511083121206,-1.0272722461836,-0.0489389070211729,0.334262907767628,0.109019699721274,0.0936644841305284,-0.0075393845856027
10.415,-0.189858739099081,1.0806884349299,0.771772807634994,-0.105150118743703,0.0496526628844468,0.536094898183164,-0.825411781129432,-0.0903226713193004,-0.148801679602422,-0.256626717076212,0.292533623207274,-0.478212597771964,-0.753829678454062,0.0982185192365595,-0.321292025697863,1.13301716593206,-0.345834054811297,1.00065996487092,-1.02643417484205,-0.0442235543110141,0.339011705771113,0.100514881522474,0.0847174897789955,-0.00434120583271991
10.42,-0.0135205943342245,1.09764884739049,0.546898915082357,-0.445650872706997,0.051096963971759,0.779984220671169,-0.847911087437599,0.0343645046459073,-0.0205453420133743,-0.020497680123926,0.140469102208547,-0.362976951377821,-0.767535511094133,0.102143272662529,-0.34310564851786,1.14457048523149,-0.34112395700909,0.958641155369365,-1.01979137982286,-0.036915308419243,0.340904411022284,0.0831963712206256,0.0794830006475633,-0.00911209164903704
10.425,-0.00282155586679975,0.768762445693355,0.5085611959652,-0.747318260552128,0.115571095141707,0.825212009684594,-0.841057698632053,0.120261221548976,0.0617783508821427,-0.0227932069378115,0.0459556339809416,-0.250553993158498,-0.788343026445208,0.108047660306486,-0.376106651515134,1.1255561591482,-0.322378012759396,0.902981842321213,-1.01929188862272,-0.0246010153234367,0.344348648635389,0.0649526523130166,0.0673787495142223,-0.0122274640589171
10.43,-0.073459945386107,0.474052808187408,0.564873655019843,-0.739254759564163,0.18455500374158,0.882509748635243,-0.782542696853689,0.122040470746588,0.0511676900986249,-0.386178000089363,-0.0547219664823186,-0.121934280014702,-0.825201489181665,0.132364646570904,-0.414194748496126,1.02028259740733,-0.286760360242374,0.86671082398586,-1.01807307540965,-0.010989009564179,0.337254803048707,0.0481793142738906,0.0482001697916347,-0.0250764797764838
10.435,-0.193081225832779,0.468707193538639,0.630718349813851,-0.472886643402014,0.166265499370709,0.999404471785803,-0.707376186930208,0.0906228763004487,-0.0137400361198229,-0.619125385790984,-0.148780557931144,-0.0382791442508664,-0.852030063797132,0.156312215658845,-0.445560320210957,0.871030019054975,-0.247607910264458,0.843720507437451,-1.01473302715442,-0.00440379917790184,0.326952964972914,0.0326818117873112,0.0258075207957517,-0.0382193639222054
10.44,-0.298407992926659,0.559018383093458,0.687043707529883,-0.326109240718804,0.0905649181793641,1.09465135401424,-0.674267328381367,0.0940732083053767,-0.0458758013202858,-0.745309340763313,-0.205863768184515,0.00320241886746926,-0.871843999592202,0.176208230768244,-0.460576154393064,0.68998831499235,-0.217662886651352,0.828215953147537,-1.01306223966545,-0.00486283785473956,0.313866303836607,0.014124958360609,-0.012229810368187,-0.0384397368636844
10.445,-0.291538687947001,0.596491988204082,0.714048342648334,-0.354364511820093,-0.0429924723633442,1.15938475947927,-0.677474605267827,0.0768209184128412,-0.05213803328857,-0.908855541406311,-0.279380217272415,0.0711340853376058,-0.86714898763534,0.179269653722781,-0.463091035846336,0.598943758388304,-0.213870617954582,0.810189311548753,-1.00730862437974,-0.00588017917420717,0.301870523578215,0.00480528078967034,-0.0500904671896199,-0.045166085759757
10.45,-0.239056702541152,0.552344135065606,0.716817825795819,-0.37911760116716,-0.136169109613856,1.18462862909482,-0.688853625101383,0.053720390623823,-0.0369582953161927,-0.983314127297308,-0.342355779259499,0.126200040959338,-0.852414511487843,0.176258561257404,-0.459170858818562,0.602187226312706,-0.219755852718303,0.76503534307684,-0.999525437347566,-0.00421183311769014,0.297291748972596,0.000639817572322285,-0.0814429808239233,-0.0425347888854281
10.455,-0.180472440009886,0.478406696104007,0.714811889319936,-0.388883425022713,-0.242827852743712,1.20611297495999,-0.714026274779527,0.0215104634624399,0.000777430169672608,-1.034744797007,-0.428277526766544,0.189229705861362,-0.827389521549788,0.186315528405136,-0.455043431786479,0.611019551753998,-0.233539400091348,0.693896594547495,-0.978035819566409,-0.0113052523574951,0.301760158684324,-0.00395246461635856,-0.108372787821173,-0.0393692915021175
10.46,-0.165017556701468,0.430699451627654,0.717315632632904,-0.368417828159576,-0.304145056278182,1.22198949377694,-0.737676661801069,-0.011539724964344,0.0203697340051035,-1.07614129858658,-0.523477381431158,0.247840493517198,-0.804615169337635,0.198548885061618,-0.447728696867926,0.589075595973573,-0.241429860563797,0.635764901749144,-0.95332026405882,0.031154231375939,0.352724925741868,-0.118842892462067,-0.076436565519575,0.105886391659092
10.465,-0.176081773922184,0.395129071253536,0.736465342725677,-0.312203935229193,-0.361845292309151,1.23259947422281,-0.751594341345387,-0.0571989752033043,0.0123049363178891,-1.09596956010544,-0.61244589521748,0.312489735177734,-0.78846395267003,0.216799076003996,-0.425936865793433,0.522201461612124,-0.247234467860435,0.569664123134407,-0.984227050016434,-0.0081727651068131,0.228096865613318,-0.282692320817771,0.0644997478273981,0.0733428429757828
10.47,-0.202012236128837,0.372395671114506,0.749102615420696,-0.25647234162899,-0.418054107924375,1.25641100610675,-0.763068107154625,-0.10073970035059,0.0172783064281534,-1.08019692997218,-0.70006870317312,0.380606313048915,-0.77847961988273,0.235415772724834,-0.403568688946344,0.442988227627687,-0.224768260620688,0.554350032035944,-0.910401359455385,-0.0685050557641286,0.341769951861671,0.220257017978253,0.168614679954369,-0.0339361434427882
10.475,-0.215123605680776,0.346372078629615,0.765456240884162,-0.211519412048188,-0.465739915939943,1.27188346804707,-0.770056186449157,-0.137723546667443,0.0223688676371976,-1.02567371239188,-0.768060722256559,0.443917518434447,-0.759702602905202,0.258355971267755,-0.373925260857766,0.335784246747548,-0.199892190136934,0.524998041949248,-0.895725580773318,-0.0315932196900321,0.313339071416682,0.299330526213903,0.251747895720813,-0.0591289702748477
10.48,-0.234949405509606,0.322864967215714,0.786335577919382,-0.164285271774483,-0.522619423741421,1.27971915174767,-0.782277352142537,-0.15526580949818,0.0338360144846429,-0.929835273593566,-0.829160654858224,0.488928834077407,-0.745087988892935,0.268517189809726,-0.367082035268345,0.141994711781432,-0.213249818706614,0.480311244838933,-0.893115616553796,-0.0274688746265292,0.294699890541892,0.285025273181891,0.219380709168157,-0.0812776649719792
10.485,-0.244282473006019,0.309127317483481,0.80654961861262,-0.110014775500382,-0.571005162257897,1.28214314346699,-0.778280216597608,-0.150582341742288,0.0387040351981552,-0.820263470412556,-0.912610664164797,0.541951824823363,-0.748654470604985,0.271021054562233,-0.326123115835126,0.112306354202236,-0.147056864540665,0.425243698938666,-0.881118613999631,-0.0430390946717122,0.271624021507079,0.193854445495045,0.222052718488909,-0.0347472170953722
10.49,-0.255254558273195,0.297149158382048,0.817030934179175,-0.0690634080954477,-0.628163016580351,1.26292440169316,-0.792733431286025,-0.145920681483628,0.0319386471391884,-0.776076011006214,-0.965079235315689,0.577121120772031,-0.747144382907764,0.261985741673876,-0.320898806527313,0.0497459382940346,-0.159246320206596,0.373979990148417,-0.883858531317958,-0.0357079371171309,0.264276901683755,0.17132942378521,0.205568528474549,-0.017304344309208
10.495,-0.266837300413736,0.27788034040405,0.838566816013399,-0.0581122063719444,-0.683672146977284,1.2413432710934,-0.808755150101238,-0.145840111429421,0.0288707407925772,-0.722148694593358,-1.04375525663069,0.627555134539278,-0.754300289208433,0.248611383249445,-0.322667977273318,-0.0242228836087804,-0.157703123113689,0.306899486453172,-0.879209849044026,-0.0367411117974962,0.24587651056884,0.189298873751698,0.216501748498999,0.00869365737764134
10.5,-0.276544480761395,0.261355569468269,0.852918941763383,-0.0587218914467821,-0.744122628287396,1.19823799961439,-0.827255145972722,-0.151458098550687,0.0297228467923147,-0.701470288840436,-1.09207799787187,0.648404014114719,-0.766980499089266,0.243480960538958,-0.320086470989517,-0.116915958354763,-0.16571556350781,0.260925517155257,-0.8644053213779,-0.0381613449839454,0.237508772466812,0.243222437890425,0.260699601018602,0.0182345271472792
10.505,-0.288803978993489,0.23719057333693,0.871727317987514,-0.0250379172905478,-0.813650624539308,1.13716098252591,-0.842900775309041,-0.166834851872049,0.017236652979676,-0.680707207626194,-1.15864697863306,0.690543969202903,-0.772289764854895,0.242107766163073,-0.306906005096552,-0.159030802287692,-0.156932174897304,0.251743830738541,-0.861544896423437,-0.0428737579656086,0.230674321646436,0.295648513446234,0.303275109400113,0.0328996404283712
10.51,-0.307280371663844,0.221754353427958,0.881054530912679,0.00923448812085847,-0.87872356289329,1.07000090950534,-0.857587264420757,-0.185387534621497,0.0150367182567669,-0.610070297078629,-1.22024371652071,0.713783392734743,-0.790646950894733,0.242815797903028,-0.284848244786226,-0.108789169040055,-0.134317263005371,0.273746196282286,-0.857832687079017,-0.0439638885540778,0.218698447353306,0.375251097906963,0.35921396820077,0.0371537755036462
10.515,-0.323482318122698,0.20102278321663,0.889578476788143,0.0461977666741473,-0.938708997972329,1.00837322387964,-0.865594753768885,-0.191105071842966,0.0143687046896583,-0.532261922984571,-1.29204778370336,0.750565870433031,-0.800060905039827,0.250105329001722,-0.26605370349118,-0.0450079926192952,-0.11885752445948,0.302598388854745,-0.852777288741267,-0.0479696185501664,0.207550671718306,0.477947446750249,0.440533420112582,0.0393989775653032
10.52,-0.341606926571205,0.190509117420588,0.890489886318683,0.091032807739467,-1.01480970130123,0.929818735407181,-0.867500575342735,-0.202704528089316,0.0147281129871846,-0.473029645690531,-1.34039316684784,0.779052588534737,-0.810877465989236,0.261573764048646,-0.248841741303041,-0.0254832990467548,-0.103688325791038,0.330759019348999,-0.854210926367824,-0.0479205700531066,0.20288803625333,0.552169148553842,0.486410647070553,0.041560034952336
10.525,-0.345908148899657,0.18945016622627,0.891675587697557,0.123735426682482,-1.06559211620253,0.862187620786195,-0.874352370807875,-0.209066734731733,0.0135809336379758,-0.400387807500468,-1.38921632393195,0.801746839574958,-0.816058338199814,0.279021931627446,-0.232236228613025,-0.0630177815281744,-0.103201107331886,0.338255964965023,-0.850417049773323,-0.0421302363908646,0.219000157492518,0.553022050565121,0.510839101372474,0.0331845389117139
10.53,-0.354225822774892,0.189797527544848,0.892644621719419,0.177601489988451,-1.13657335369222,0.803882531331845,-0.89054485655146,-0.210528211860265,0.0193954047834003,-0.310579978365133,-1.44583346181246,0.829459128802225,-0.823165284095818,0.293795812693112,-0.214810975369647,-0.135498949848193,-0.111821182664758,0.332962885355382,-0.866375671823498,-0.0533372747830571,0.230424212242902,0.532284981426494,0.528886670804844,0.0360912684610049
10.535,-0.34952694040883,0.197292108664001,0.886422081297239,0.216680803147602,-1.19009090542924,0.734169818186837,-0.900769387779955,-0.209580878354075,0.0210399073467908,-0.227667089952948,-1.49548935198929,0.858186053275483,-0.827051971365317,0.304165412285029,-0.196438511426601,-0.153322282478981,-0.125543625322329,0.340998217228029,-0.879288272875643,-0.0617988344160538,0.242462810430023,0.501525835137629,0.526825772805792,0.0390268091693065
10.54,-0.347078423897264,0.211385354832523,0.878951658906617,0.244854200882155,-1.22214538506146,0.659240264488432,-0.916411260017199,-0.194826394469424,0.0284989365136039,-0.0979823347285033,-1.54673289807716,0.885064891181384,-0.817434625097887,0.308303125927465,-0.195311842642177,-0.0971280490327988,-0.142126060145661,0.330179677443792,-0.879257892111339,-0.0547023082196667,0.247377737431865,0.460988792454672,0.502495916232915,0.0192934821464251
10.545,-0.374112847007509,0.227620131561958,0.898183901699101,0.285991862519846,-1.26033308934876,0.580745122819874,-0.930894143665411,-0.186326176086919,0.0198658134228242,0.0048501108173529,-1.59916763915641,0.907344745125203,-0.816413161768329,0.314890177769597,-0.19536579373188,-0.0484770260825864,-0.148697420954704,0.323372802080837,-0.900947425299163,-0.0445605796576232,0.248893106787159,0.421365661069729,0.462557003550256,0.0187529873121523
10.55,-0.405260101251235,0.236875144354809,0.919962554907419,0.316992587541329,-1.29745944029442,0.529891421717906,-0.935867765547295,-0.186749885615568,0.0124952955475893,0.0501144614751422,-1.65060216253402,0.933199050026222,-0.802256188060368,0.319347348861341,-0.205875098674689,0.0154520436319971,-0.150443397989921,0.302618546023926,-0.910700266028458,-0.0422220816956542,0.236516528604115,0.367151423731015,0.423722942328643,0.00425998300792844
10.555,-0.43614872118473,0.2418010050112,0.927389872091463,0.349757811558771,-1.34469635732211,0.492339567849231,-0.945882649930476,-0.189250192026446,0.00740902624357381,0.108518142477043,-1.70323314587137,0.964911307701799,-0.795658938738623,0.310979684341757,-0.217092874678946,0.0772273985074321,-0.150477457710828,0.290874604055013,-0.915986839023716,-0.0434361336786388,0.24761961321118,0.352373581589324,0.376006174355909,-0.000328569767351625
10.56,-0.448877269229998,0.261619754166763,0.925276002227792,0.397711600767152,-1.38676187241274,0.458801503339195,-0.951517070495375,-0.194167324758576,0.0118292430671675,0.135294624524471,-1.73822746718808,0.984954297096557,-0.792456663462643,0.302217598762173,-0.224424325545659,0.150208004676678,-0.138235965536377,0.273402377791412,-0.917885127502417,-0.053120595917014,0.242985361465866,0.340061738273086,0.326083666216784,0.00864533696289288
10.565,-0.445045121427657,0.28369671034946,0.926260175128932,0.432521156779153,-1.42968424618855,0.449581301202595,-0.964083218461017,-0.198168555097485,0.0152823724376955,0.163565468750258,-1.78033037400026,0.996760965740148,-0.796187215203674,0.295590627182827,-0.233941700708688,0.186759582609848,-0.123675431497532,0.25321299779168,-0.932463070193333,-0.0523202146675893,0.268468120943258,0.317817415336588,0.294537976335045,0.00248739154666044
10.57,-0.459437723492698,0.300256924777058,0.924024011000956,0.457717538017467,-1.45689719339058,0.447085575847648,-0.973491761838418,-0.20870658140071,0.0314344582260552,0.238405619064972,-1.82406950553258,1.01090541124344,-0.797373028543139,0.300284120440484,-0.240943164178578,0.169046593182561,-0.103915323269126,0.245854610586351,-0.928649972457919,-0.0549351423925252,0.262780089189539,0.263272589310028,0.256233784655669,0.00114807805066465
10.575,-0.472734206806521,0.312471068929316,0.935251094067278,0.482171702557842,-1.47535792049894,0.460529168489874,-0.972074803169,-0.212583679584698,0.0295783722603813,0.312041431888653,-1.83592808246613,1.02244699977296,-0.801034285691168,0.315444236883923,-0.250556535012417,0.0657371890781343,-0.0729461433435775,0.242133638976505,-0.940728030135296,-0.0717432438870795,0.266150437794216,0.225488218861205,0.221098143067641,-0.00737649642375007
10.58,-0.487092006438968,0.332660462831515,0.943414952033041,0.518947701234294,-1.49964404210524,0.501543074074803,-0.981305079931915,-0.205352807054394,0.0303172093143512,0.33908622817818,-1.89052399170122,1.03193808951605,-0.807514568081681,0.332398898429874,-0.249306745393611,-0.0402352677560051,-0.0469444892309043,0.257832172235917,-0.937500246370079,-0.0793492767096788,0.262062641414243,0.167969891870706,0.181299294142063,-0.00981639009045223
10.585,-0.504612943727008,0.348212941104456,0.943616379325366,0.548866944045256,-1.51896755861582,0.537035358768296,-0.995801780654705,-0.205150165398077,0.0280631711391704,0.372752428928398,-1.91790771720124,1.04181920169421,-0.803527132996501,0.343922835139272,-0.24815069146136,-0.131378956828155,-0.0271430836389095,0.277400004869916,-0.932032998104759,-0.0557830748536048,0.250667423453189,0.145534852430445,0.129992403482642,-0.0163191011005523
10.59,-0.503703036864418,0.379007111513456,0.949330293117993,0.56257189711361,-1.54236252088245,0.597145699176649,-1.01044544243978,-0.178409299659007,0.0318012071922609,0.356281281973941,-1.94520915623481,1.04837096205083,-0.794603501761096,0.349712545741441,-0.25041967130353,-0.130861969542697,-0.0106863496048174,0.292395966246465,-0.937718451428553,-0.048282393712441,0.249037571021139,0.117785696921365,0.081467853909149,-0.0185379348695278
10.595,-0.504256625895647,0.394152275384153,0.947626224966461,0.561356843068298,-1.55608507069185,0.65587748988012,-1.02309713648639,-0.173068223436606,0.0314096452904728,0.317488113322863,-1.99338667752961,1.05834898195019,-0.790765540550684,0.354828868424076,-0.252089736401116,-0.148381831041565,-0.00429444119599346,0.311623679401291,-0.937371894539582,-0.0470851548394709,0.241125933198927,0.106608794251573,0.0342537872204009,-0.0162582029102339
10.6,-0.509280687646312,0.408262315681668,0.949483869329453,0.560917696790151,-1.56811596962439,0.702648546421333,-1.02620684629969,-0.167099349158959,0.0359853332999262,0.28934261134659,-2.01692672567431,1.06190812721115,-0.792261782377688,0.351895930661003,-0.246620135055079,-0.177526018107397,-0.00102059660831381,0.296981624481593,-0.947342661904803,-0.0419970246868123,0.232887819577166,0.0765456093170167,0.00570189869360631,-0.00959906723480246
10.605,-0.52379464836109,0.415751467022789,0.941484371712119,0.55093555168422,-1.56542143642505,0.795119766857863,-1.04034946491105,-0.17053583443411,0.0429157977620871,0.253030670270187,-2.04580096784852,1.06842636135355,-0.794733036326953,0.345815452605621,-0.242847237713797,-0.196126661078966,-0.00913273152181104,0.275584733101746,-0.942108489002787,-0.0408029977730997,0.232432966955019,0.0601657524601508,-0.0154456668364706,-0.00266116925442307
10.61,-0.532108866711606,0.421157156919243,0.944419368207672,0.549275519962376,-1.55781608482801,0.86650557313383,-1.04765760830016,-0.167133739867397,0.03131984976014,0.201299999995099,-2.08249164889563,1.07073964118767,-0.786228289758538,0.329465664044755,-0.235883455582212,-0.21059201081596,-0.0315248048877562,0.22590770131715,-0.943689753193613,-0.0308031629362206,0.237411720979148,0.0577457761415589,-0.0142106740987662,0.0120238220224948
10.615,-0.54744206571371,0.442181984598424,0.94224282556446,0.549913386355216,-1.55609456026464,0.956409050565534,-1.05173482548605,-0.173429925059427,0.0285657333312925,0.174261292364841,-2.1102503860353,1.07209031162865,-0.792392996303375,0.337097053436576,-0.22507885766492,-0.261409898165662,-0.0394150886279589,0.173682877232914,-0.946549293511021,-0.0268839855335096,0.24030991571201,0.0677538387358311,-0.00641288635178723,0.016394490644776
10.62,-0.56417271508505,0.457354920091025,0.935134670374798,0.518471606495474,-1.54727032978442,1.04707810929009,-1.05453685253161,-0.1543030186509,0.0207940330155572,0.138007929988431,-2.14137959491232,1.07039484154497,-0.792088165620952,0.344611764435621,-0.222066683623459,-0.332268657733063,-0.0456437034988043,0.122515955712028,-0.948591181645239,-0.0178791257592272,0.249764526184868,0.0728825217835733,0.00218875890644246,0.0176386766911422
10.625,-0.575301676419309,0.472622816201937,0.928925532424602,0.483874538652952,-1.54325524120248,1.11513586779433,-1.07428641013542,-0.145217597284415,0.0179969000737106,0.0549425762858028,-2.17283358898108,1.07190516230409,-0.795466059163003,0.344192958145704,-0.214371819298347,-0.376703264217981,-0.0505919099168878,0.092345834355539,-0.94447782585729,-0.013108372822889,0.252259574692485,0.0797023326158524,0.00979194603794645,0.0261634952344772
10.63,-0.582920850634633,0.465190234848172,0.918304979706745,0.416554576970229,-1.52956653381631,1.19308984300916,-1.07789450136246,-0.136612670198431,0.0178607935276542,0.00885224883799119,-2.18818890875142,1.06861286805071,-0.801469755497739,0.346773043368037,-0.199317148948379,-0.414470272902315,-0.0606535966318427,0.078597023107148,-0.949281429730084,-0.0095670945913238,0.253098201812179,0.0779929398132654,0.0263828000219281,0.0340552785520783
10.635,-0.593680235314095,0.448768767468148,0.909352742601885,0.361088210649119,-1.51222573225127,1.25912701073389,-1.08818162026147,-0.141606282999889,0.0133153569250401,-0.0734903638872084,-2.22384891024399,1.0794937102601,-0.808818383985293,0.364642567443647,-0.174932752528417,-0.43396027733426,-0.0691987875651051,0.0629983135850695,-0.9497450441585,-0.00875878040937948,0.254117749993449,0.071116309995849,0.0290697084384738,0.0364383161067963
10.64,-0.60867384626393,0.436557191616767,0.901288848084843,0.309962717433558,-1.48691933568796,1.32218664832187,-1.0831999218226,-0.125567584506317,0.00538174644115878,-0.142837773384977,-2.24614032492767,1.05784068986568,-0.818864794480395,0.38647739467386,-0.152225056611609,-0.462625659340345,-0.0746885893027625,0.0550595952755582,-0.948276121346922,-0.0104165874514718,0.258430390387925,0.0768593305490694,0.0405395444386951,0.0374573506958326
10.645,-0.621430700411872,0.410438631676493,0.887625567069131,0.248505766119037,-1.46686389056838,1.35201566209797,-1.10333142450492,-0.147709345005664,-0.000638687174397382,-0.22077473492937,-2.27799471354833,1.06308995263968,-0.818252715070901,0.403995811580797,-0.136290985545924,-0.448013059585305,-0.0724519130495696,0.0524685915992563,-0.956325417748985,-0.0185375199387147,0.265142354619151,0.0868003824143038,0.0484665601311312,0.0451375968265109
10.65,-0.618363991549639,0.386157560687592,0.874649179471129,0.204919884444044,-1.44100872163631,1.37378933865277,-1.10642262432318,-0.145668012212803,0.00369537974012762,-0.253238020073278,-2.28518176721542,1.0456968508627,-0.82682602970407,0.423642481663102,-0.128805134927821,-0.39783140419911,-0.0672531956545723,0.0212747523274997,-0.957803754023578,-0.019661522769975,0.273171439111882,0.109724666108495,0.0644994024016634,0.0465361682166642
10.655,-0.607883619111417,0.346845324555859,0.865913505042037,0.16193002986505,-1.40313015526405,1.38009098412734,-1.11174924915657,-0.15678011691504,0.00524392397583612,-0.303492535900945,-2.30535848104686,1.03045948117566,-0.831177019801612,0.435105477373027,-0.128161721735492,-0.390014256560609,-0.0581785732731716,0.00665623349492915,-0.962888045160136,-0.0219076402086243,0.271802523176958,0.132060531986589,0.0786089270800195,0.0477826122654313
10.66,-0.614734720174687,0.319704068868211,0.856442856033966,0.114609357008573,-1.35378099112802,1.3856938659819,-1.11985229184361,-0.166870963865513,0.00438994088635254,-0.32533329943361,-2.32192648925192,1.00922806779611,-0.850273505091554,0.45189683751269,-0.10942445314822,-0.413955757347742,-0.0497401654720306,-0.0300625305684931,-0.961283109927857,-0.030049950348287,0.274534515958231,0.141544192248524,0.08698890228826,0.0478981265764826
10.665,-0.633998800388229,0.298514934850603,0.860750904742162,0.0818575974573521,-1.28787581875125,1.34906072325657,-1.12537360457613,-0.166718320701699,-0.000709663367040946,-0.338799907207117,-2.3318526705427,0.980927071829689,-0.858960802737824,0.46287262245735,-0.100278173029462,-0.452944860724618,-0.0545161885186218,-0.0519589185165326,-0.965270101869133,-0.0353508912433294,0.264295858357414,0.131815682965831,0.0883825719356537,0.0483602121195119
10.67,-0.639418977148243,0.27412450342436,0.848173784667213,0.0331897206462648,-1.24324696277228,1.32982115666621,-1.13083792866486,-0.157241446769896,-0.00523626429974547,-0.32554511284982,-2.32806859858636,0.952966770992328,-0.873305310804965,0.46541461270168,-0.0787112630205782,-0.429878158261222,-0.0716496018503683,-0.0793874995573545,-0.970595500012738,-0.0387694964419798,0.263501972468649,0.125938794991156,0.0918597347461775,0.0413720776685127
10.675,-0.662698953680821,0.252411138993075,0.855182403267934,-0.0150510817067837,-1.18522293050802,1.25915634339539,-1.14051860995613,-0.161349389953089,-0.0128995548086079,-0.295863107740133,-2.33988541056712,0.936754674055868,-0.875542360870077,0.454122432790293,-0.0705389747848985,-0.378844943654949,-0.0974155455509048,-0.0787583181641309,-0.974055327996889,-0.040609438648063,0.247653019349139,0.118739279047526,0.0884112110059077,0.044213902194021
10.68,-0.700901874788928,0.241344537497504,0.866792507127287,-0.0319195077760849,-1.13879997409043,1.19106810155514,-1.10899321265935,-0.154400490026802,0.00774688789152676,-0.248353293721806,-2.33643015525664,0.894073170776296,-0.883563006098333,0.44202441520063,-0.0651517776304605,-0.267130871309852,-0.135842254470172,-0.114729239773902,-0.982812831826638,-0.0216570091834141,0.237862437541701,0.075449471014063,0.106740573291309,0.0746210326465092
10.685,-0.735599744855108,0.238476679396262,0.878389811628949,-0.0458067282809423,-1.11952012555572,1.13995441901531,-1.10672747608294,-0.143997072124499,-0.0268858916016255,-0.239543989726158,-2.31864557454068,0.888318440273956,-0.884648229605932,0.436598655339474,-0.0749224924303345,-0.207017592739927,-0.18489129467602,-0.173407223882203,-0.958244600472806,-0.046255187935939,0.242211871108404,0.0309671309840046,0.124462471082322,0.108744248579104
10.69,-0.766095704673112,0.246248718621142,0.885575487147618,-0.0362473490708803,-1.12420198283959,1.08227516547053,-1.06543923015756,-0.150586064725167,-0.0384257081116846,-0.267005902040114,-2.30016071753172,0.854334468516423,-0.897577684007914,0.430890203030282,-0.0766569432415315,-0.239843761483598,-0.223949160593203,-0.219817622144954,-0.957776446402588,-0.0497505265535059,0.25134808996748,0.226385175516428,0.165163541148727,0.0344091503837512
10.695,-0.779495666454468,0.260973286442767,0.886555702061364,-0.0310178551849865,-1.13190451847732,1.03387503550895,-1.1269400991015,-0.158469430204282,-0.0532301540448135,-0.277990528629193,-2.29377068579608,0.834413453856548,-0.914698887581371,0.422525130658049,-0.0729322523334284,-0.32258027406605,-0.25144486845497,-0.22433262297595,-0.971463127930958,-0.0283481358985095,0.255999523003896,0.248389039309905,0.140503671135636,0.0275411206310024
10.7,-0.806073217731564,0.285602069327693,0.890802470648216,-0.0374500822913773,-1.15824384855799,0.975350953531031,-1.09834472416548,-0.13132541677288,-0.045353524041889,-0.252619348429359,-2.26829732279023,0.807406648919417,-0.907507481382732,0.422503676643958,-0.0716026432640259,-0.370867288068417,-0.284256783579009,-0.218780489713368,-0.965128477187222,-0.0191014079804435,0.256532751533967,0.177245948201397,0.0886275143658105,0.0215720341605111
10.705,-0.855966670519984,0.305736984974442,0.906204754883213,-0.0435370082668185,-1.19292955411197,0.930887161832446,-1.05276121900567,-0.174495789801861,-0.0865392852622857,-0.254036666939004,-2.28609526763197,0.810331849162696,-0.895768411178211,0.445500747837362,-0.0795088315146548,-0.382221287030377,-0.261179564364708,-0.19110802967159,-0.96064864516505,-0.0230636449441416,0.261348996994614,0.101477788163705,0.0653141844810767,0.0314556685359283
10.71,-0.90640314221021,0.304846533421095,0.914797592269399,-0.0397818259724458,-1.25896681030143,0.910873413085938,-1.04638634021688,-0.1822438397282,-0.0742797669001892,-0.198670933201742,-2.23494283474587,0.800700008934781,-0.87990562013687,0.463328473691764,-0.0813521085871422,-0.27188662486536,-0.218678086637064,-0.1979485750254,-0.962164068912744,-0.0246474040301812,0.281466419101033,0.0474565143029908,0.0686358430901798,0.0445995817586709
10.715,-0.922878298702745,0.301872461927635,0.897256057722842,-0.0172720465443916,-1.34693211766924,0.90425293684248,-1.05070913377368,-0.173173339960431,-0.116745756996726,-0.157648946811604,-2.18814695051456,0.781938194084692,-0.848009920434173,0.467844998113051,-0.119294164484246,-0.162902972812431,-0.209782153367996,-0.189307730169921,-0.956662517707254,-0.0190886908360521,0.274765962584684,0.0369424357343053,0.103040545540294,0.0475859109594326
10.72,-0.90938486087378,0.303903632057106,0.871688048780241,0.0209573518037685,-1.4289083988758,0.903333137331312,-1.02827753390509,-0.168322786654606,-0.114284518040105,-0.0903130344021635,-2.15552124504155,0.773146659546116,-0.823403917437459,0.475913923085251,-0.144019766106387,-0.0950415553699322,-0.188794051740217,-0.197515757073003,-0.972509819804193,-0.0228660822465703,0.275660254650865,0.0560638044691329,0.136250067789686,0.0498769581317902
10.725,-0.880754434685746,0.295242785377247,0.818011861873991,0.0431413518069293,-1.49647911295578,0.892490139080657,-1.05620800425709,-0.158867500966506,-0.10170096752344,-0.0600445527137496,-2.13662611325843,0.773145378741041,-0.810607936325256,0.489162582987516,-0.154739072399133,-0.0630542965275661,-0.146602220347323,-0.252022809677498,-0.95583481365653,-0.0169947843960285,0.265950038518435,0.0613557806486925,0.138007032627495,0.0434133885956891
10.73,-0.854824637240725,0.278371927576255,0.77027427080262,0.072019781173129,-1.52057399689981,0.880968728183227,-1.05125372781237,-0.156070699823652,-0.0751776079268947,-0.0407545868140021,-2.07700544042265,0.771790991931637,-0.814530672201804,0.512401105238468,-0.163783142378783,-0.0418478766782725,-0.114166949078686,-0.3037559762455,-0.963463812934857,-0.0178502863480573,0.280863988883284,0.0469747698285876,0.118489953002763,0.0393045310461736
10.735,-0.829462243038024,0.267127342087915,0.72069241601523,0.119835023295349,-1.52475885392686,0.859338069401812,-1.05414620143226,-0.157052533715093,-0.0770634933140324,-0.0248505659606198,-2.03453293291159,0.775461913345313,-0.834981025960992,0.5230060170106,-0.161096080892364,0.0321689762951083,-0.0866608826444512,-0.298784528094531,-0.957940416427458,-0.0198959969177258,0.267911980217604,0.00814643325343713,0.0855576168712935,0.0321296323770347
10.74,-0.830114712824507,0.270357472208527,0.689819507772819,0.145927111326151,-1.51126866996358,0.833251352815193,-1.02317731239976,-0.153066831415656,-0.0768996126302623,0.0152588624856988,-1.98785583198521,0.774531120093852,-0.857495532635226,0.53197410602359,-0.155668998576192,0.124833100609004,-0.0686982497524222,-0.266390310094885,-0.968819879277947,-0.0126282017087704,0.28653533185533,-0.0402055907403102,0.072500541806221,0.0262835620197731
10.745,-0.840831882313349,0.253450949596932,0.64880387209072,0.153192589367091,-1.48284766866714,0.786452230283954,-1.04571910333139,-0.145477198313384,-0.0963507993636104,0.0555486141912062,-1.93110387483242,0.774855541261518,-0.861036002479081,0.532951121233046,-0.166164783974459,0.177203939900636,-0.0512711376116976,-0.260496873030076,-0.965862950094499,0.00541486530400493,0.280486105217399,-0.0498022822577842,0.0907510063655094,0.019344589469649
10.75,-0.842743359661253,0.24109450346946,0.624748356353597,0.159434909233309,-1.45085816701183,0.749001575617315,-1.01685375674241,-0.14155087211385,-0.0930587770409678,0.0776808054185874,-1.88809733295995,0.771809972827848,-0.869869192925895,0.520921607625865,-0.177806754077577,0.17268459317269,-0.0278184212294059,-0.257440889019725,-0.979799781079117,0.00605522908400784,0.28766824726171,-0.0244121431537234,0.0919845264620863,0.0214128401760905
10.755,-0.851438853811509,0.223948435111589,0.609279023040819,0.157688809883533,-1.41629101742066,0.714662407557352,-1.01055631858941,-0.127608094262144,-0.0867978657467423,0.092234970728243,-1.81770184616743,0.763959187697904,-0.883246007232973,0.522205830890305,-0.181092925773102,0.143404843226975,-0.0223679608249321,-0.260602200902162,-0.963194961990173,-0.0110992947134704,0.254697566158925,0.00356714341530813,0.0568273016642197,0.0386820675410688
10.76,-0.857539198725869,0.207769253096387,0.591343505335364,0.16536525578521,-1.3709629549301,0.679042054948365,-0.98684641683831,-0.129888500700346,-0.0914165884956541,0.0728334753401481,-1.7590933648487,0.757128482593889,-0.885357212904296,0.521189308167063,-0.183990484676134,0.127525066607791,-0.0348187567560644,-0.247935220111609,-0.979865503049619,-0.0383482273603265,0.259329832179207,0.0213270046745262,0.0156030949689206,0.0723994758454855
10.765,-0.867885693270899,0.201252432394076,0.574483775276367,0.181206235187096,-1.31875514154338,0.644779077815047,-1.00210324125906,-0.140643826425182,-0.141235314719669,0.0273829547623719,-1.67362066484024,0.729236380948628,-0.899157040497367,0.523649506988043,-0.178435460453337,0.156927850024724,-0.0441651438151475,-0.224757179012016,-0.974336222814715,-0.0217813092291376,0.255198689039772,-0.00489687647855887,-0.0166831538081169,0.0935498834519331
10.77,-0.879920527141259,0.193453363084218,0.551318527842003,0.191771095570841,-1.27979353929935,0.61394000267277,-0.974649847343249,-0.150678454823653,-0.13209290963948,0.0288528166980084,-1.61804280823024,0.712245066240265,-0.906960230856176,0.52876654417255,-0.194843340103712,0.121266416042116,-0.0413234185846083,-0.197867986228115,-0.975659240338931,-0.0269926414489316,0.278104431809626,-0.0402898043495929,-0.00993093735942583,0.120446260293106
10.775,-0.882675000345573,0.184600288869662,0.516760798663319,0.192106115520839,-1.21711040022927,0.569287178326985,-0.9778586557367,-0.154034491399459,-0.131598765879636,0.050981858324483,-1.53209672192289,0.690792795227294,-0.907709947413865,0.53203972190584,-0.187326510483589,0.0789459318441221,-0.0397818259635071,-0.173239837967847,-0.978854346910579,-0.0235953907370991,0.294226032146399,-0.0504501339747233,0.0183883560269564,0.131077639810902
10.78,-0.887376804864851,0.176479439284068,0.499849268116518,0.193294063210487,-1.18127235714147,0.533271670239636,-0.963125895412098,-0.152354919352929,-0.124939674707534,0.0752423550469023,-1.44823299380368,0.670477628350198,-0.898275031430394,0.546858856112386,-0.18402507667301,0.0624244730284234,-0.0144003249618633,-0.176227493789426,-0.983157293989681,-0.0184750377953129,0.306868359463718,-0.0146231807272538,0.0532664352859157,0.131105375595426
10.785,-0.887391503686829,0.16761384111164,0.472805091390983,0.165573281388471,-1.11805970538154,0.484829038428699,-0.955282579485386,-0.147789953992598,-0.131512108391359,0.0745754887390177,-1.36083478548062,0.642013430433298,-0.891950741749885,0.557147849354567,-0.170574818123917,0.121347282920563,-0.0321355474417009,-0.215115869641618,-0.978837071263385,-0.0243699768330262,0.310953106916827,0.121586527229189,0.115305575873216,0.139532257432061
10.79,-0.889927353076812,0.160581773138111,0.449682339684056,0.135239912140291,-1.05693750504123,0.431334684227754,-0.939404400457059,-0.128823748090977,-0.153413211145106,0.0700267142661764,-1.27828730983233,0.617145285944991,-0.893748864595281,0.58124987044534,-0.159252264356468,0.170112111089794,-0.0467032046334905,-0.255199135257547,-0.987646008833529,0.00192030667675713,0.286237938175817,0.0880630657518021,0.180009663105011,0.127532710260758
10.795,-0.887664047248019,0.154087013389581,0.435741212439637,0.0909080723030877,-1.00561054330275,0.373728017565129,-0.924969764883916,-0.120292339805846,-0.160321285935239,0.0629762766878363,-1.2018506916605,0.58820675120458,-0.911876262184651,0.595716992350278,-0.153392119534461,0.190640499097865,-0.0694004715950821,-0.291990957964642,-1.01284632494976,-0.00349310188255373,0.267742363163044,0.00710790738253362,0.133045699498841,0.117827640961092
10.8,-0.89456062203088,0.136981645972849,0.417798661982891,0.0334449064738358,-0.93509730039584,0.295430369637521,-0.915077770062231,-0.110191221656311,-0.168375834039839,0.0298157813996664,-1.10442381634448,0.556338912600376,-0.92932500044645,0.58121356560446,-0.15386449063023,0.15423247371352,-0.0718765029445585,-0.293015358501791,-1.01849008509978,-0.00211346936556474,0.26239566851738,-0.0420843274160007,0.0703350843407805,0.119234335394715
10.805,-0.900869202238049,0.117869074001638,0.400697777101371,1.90512769581851e-05,-0.870996713472967,0.238054198187826,-0.913456107335936,-0.108153330064594,-0.167626774776194,0.0041321552797167,-1.04431342520317,0.54286577296437,-0.937922029458606,0.560395812339398,-0.14017468539849,0.0611069827973034,-0.0629009332392304,-0.271292729660364,-1.02095009686195,-0.0163514743041596,0.265515131404367,-0.0747450380503124,-0.0166983365085904,0.105975949343104
10.81,-0.921647938212557,0.108177208927491,0.392920748223735,-0.0331043922264218,-0.806689674343593,0.179915150847626,-0.902900476988055,-0.113100438667203,-0.174187243516089,0.00971898246847241,-0.932209166340544,0.502703815160666,-0.920797022647386,0.547565743788142,-0.13862190648288,0.0276728807816281,-0.0586036804531701,-0.26495636765454,-1.01644428209098,-0.0254170515985654,0.282600586999192,-0.019925866443793,-0.0312662658389799,0.106665716440437
10.815,-0.95276595530764,0.0982301240474186,0.393326995296035,-0.0567208325491322,-0.77026012400589,0.132313205195038,-0.8773410825372,-0.119714531405584,-0.198703082198444,0.00891149579057845,-0.849678320094672,0.468988508877595,-0.897135585987584,0.534199145428934,-0.131497316098312,0.0261750657999607,-0.0492258956234644,-0.275225195543735,-1.00686705827296,-0.0342707774005431,0.292054537738731,-0.0110064629531775,0.0398084990865719,0.112183377146721
10.82,-0.948969936685498,0.0860526445636552,0.378023036250703,-0.0314870317150415,-0.742980578806266,0.0805474366335266,-0.854979728122302,-0.118657428618443,-0.226321938436859,-0.0187058663461651,-0.751004184326757,0.43334896253824,-0.878409869714208,0.523132983994763,-0.123730096191694,0.0484413675795105,-0.0395054347152202,-0.289076007875359,-1.00748988928738,-0.0452633595250681,0.290979990292826,-0.0134891183646548,0.129413649368719,0.106931574190491
10.825,-0.934719134005961,0.0811397123135822,0.345242113142018,-0.0103205498073742,-0.690351163831346,0.0224939327811659,-0.854874159131368,-0.117736218361177,-0.226697734059344,-0.00871684964007598,-0.661923653049922,0.391187052346923,-0.872622635324248,0.504572145170401,-0.117052546020606,0.0744164004752002,-0.0406497628028197,-0.301397758954062,-1.01487858645443,-0.0529763974807156,0.293861705001525,-0.0430536915772333,0.186243088952873,0.104292108132775
10.83,-0.929001583153185,0.077173420322623,0.333780079718886,-0.0042831472638978,-0.64840358423367,0.00386451489595033,-0.853547030766814,-0.1287362721857,-0.228904703574129,-0.0393821409802394,-0.567871337766939,0.352481370236686,-0.866717935803668,0.480478143967782,-0.109817517583632,0.0833379820201364,-0.0358641372102903,-0.300124048020355,-1.03184479173421,-0.0550392844399204,0.287287538136293,-0.0770447277234924,0.199153245481751,0.0963235856035667
10.835,-0.905831115194361,0.0717153259757534,0.304848198583116,0.0214031021083844,-0.584767353112408,-0.0284937110155007,-0.83896637136415,-0.144783450874741,-0.232227560173848,-0.0491509256691053,-0.473408375242529,0.326286913839035,-0.853726824390967,0.464678730935761,-0.108450975349654,0.0888307317526555,-0.0366497449294436,-0.323664991191899,-1.04756384238955,-0.0520164830676084,0.283385632734673,-0.0897277421983205,0.184080917078894,0.0869132572237593
10.84,-0.88405623366831,0.0777370891917482,0.272649992705908,0.046279706149714,-0.509597454513517,-0.0480956013951803,-0.835629205394672,-0.147938704939651,-0.22722013715691,-0.0456613329068857,-0.378989163262237,0.280442986754072,-0.846936091105447,0.463171774271795,-0.106538673116874,0.108636322665211,-0.049208225874096,-0.34321125802198,-1.05292908882154,-0.0536702686181967,0.287282347817034,-0.0977718818499907,0.154261729983095,0.0778260632378741
10.845,-0.867600945795642,0.0810243902290097,0.246278113236394,0.0450505919548419,-0.413192223452629,-0.058206746646995,-0.83894057085516,-0.155642707817519,-0.22646752464786,-0.0397865406700295,-0.272626983836069,0.239178316383598,-0.841820341109246,0.459188010037449,-0.11039803457671,0.136633948312194,-0.0471689950301119,-0.341805856353991,-1.06749043475401,-0.0519149610984066,0.288245772936104,-0.102903812663928,0.114851917846078,0.0720183110577366
10.85,-0.864989525496128,0.0945357589828481,0.231599309960049,0.0409912156843032,-0.295075307777165,-0.0784894320103818,-0.839661560494201,-0.150708988408435,-0.230808489593306,-0.0301922207888807,-0.197779040717642,0.208134334946138,-0.837977721776303,0.450448016164706,-0.113237176422252,0.217764248494707,-0.0396413155450871,-0.342275674224522,-1.06632388621852,-0.0425091832572526,0.296939687631925,-0.135861063086737,0.070979395111905,0.0718068854168835
10.855,-0.8682250832416,0.101618288765286,0.228532904939179,0.0340031509692522,-0.187145108374713,-0.0942626646977727,-0.844992350927155,-0.140115084250115,-0.240879815647577,-0.0145787032073874,-0.0971957038416515,0.170541245470959,-0.831222976460227,0.434260355337365,-0.123399017133968,0.283762250340176,-0.0425152746633334,-0.33033634587053,-1.06485947273113,-0.042881009683691,0.304996638249466,-0.174779214227907,0.0276484938790158,0.0687769296969054
10.86,-0.884100089636364,0.109300897907383,0.226240873576139,0.0184749599747949,-0.0652866099187272,-0.115793591462706,-0.846416935091075,-0.1325421181633,-0.248710271844682,-0.0050656523427302,-0.0144513592970365,0.140422697313998,-0.817435830044681,0.408731839214442,-0.136573854039815,0.364678194234956,-0.0483182257556227,-0.329819920599966,-1.05275710437409,-0.0383510974649826,0.320128513467376,-0.186627561790477,0.00744617037228869,0.066370080506417
10.865,-0.914117323400316,0.111853340940875,0.224098800354058,0.0125600174125747,0.0378038719447039,-0.121688641059051,-0.848335769642215,-0.122905896652808,-0.264175434626419,-0.00312308992073172,0.0867717420176033,0.100320347643594,-0.805253043704904,0.397267482518359,-0.146726786530493,0.407300027110662,-0.054370875807877,-0.330169177607009,-1.04080943147036,-0.0363359945404483,0.329874314423209,-0.168464560493688,0.0287536741347926,0.0639111655662618
10.87,-0.934777013102945,0.114427971543496,0.217061336297148,0.0205388740920995,0.127491364555313,-0.149615073096842,-0.852325724083351,-0.112633898879732,-0.289351773889083,-0.00606619521369742,0.198102891888892,0.0638529947278938,-0.790624067806523,0.385899470695215,-0.160061659859429,0.462116441275,-0.0641130254218009,-0.344437799014892,-1.04016431284422,-0.0297841372555231,0.334539012465775,-0.151781649049771,0.0516926869084735,0.0732953032534649
10.875,-0.947637726286668,0.11852040742904,0.205931692880848,0.0263286093187743,0.2321464381823,-0.170325391554227,-0.852963366489613,-0.0933550238330537,-0.300905909717401,0.0104774278110283,0.28187399228757,0.028872660609181,-0.782944755420894,0.380811004443765,-0.160332277975809,0.484164768634937,-0.0660380518450205,-0.361412463024267,-1.0347383767643,-0.0206221022903595,0.337529640729438,-0.172743869715423,0.067255929587425,0.084621160509972
10.88,-0.961270191209997,0.139111484200906,0.198516769177036,0.038299414102697,0.331807448459559,-0.202795187134735,-0.861471590964125,-0.0712793758756902,-0.313633812946155,0.0130753543991703,0.374121372578387,-0.000366319615448777,-0.784866587880444,0.382977248789163,-0.161471160157646,0.479028965822048,-0.0576478786895152,-0.39699630821129,-1.03469191752286,-0.0244927305912795,0.342857953526976,-0.202762765303639,0.0592498965254698,0.092485875592086
10.885,-0.982026219001275,0.151996276347127,0.188146019227917,0.0524692140003143,0.408024074360229,-0.240653832062857,-0.863483830088502,-0.0565613032583596,-0.338976926730228,0.00703763558611338,0.4764145602072,-0.0252659780723195,-0.797347491468236,0.390575501475829,-0.156887924533561,0.436439093673487,-0.0450557678463926,-0.433897450020725,-1.02926652193721,-0.0265163818478469,0.344090617460897,-0.231080057740296,0.0406879304694916,0.098545167258191
10.89,-0.991510374988292,0.163343713568834,0.173476987488089,0.0572629101331251,0.487501283392383,-0.274075222136242,-0.86305150297516,-0.0474471052131084,-0.367024836136572,-0.00304194167256355,0.582253595083625,-0.0567797779199614,-0.820694471514467,0.403955614532922,-0.149760174378506,0.381000502543481,-0.0232282626193116,-0.440214057116052,-1.02820221587032,-0.0326490571959453,0.346849253494151,-0.248464283636108,0.022919382328694,0.104657708238726
10.895,-0.999039510327499,0.179364603163474,0.143617430216087,0.0640137985592744,0.568121345684462,-0.303898367916693,-0.856525536756441,-0.0394466214230584,-0.375916230369466,-0.00534806566304561,0.682182094811325,-0.0818173708242821,-0.85356697787611,0.421564127748153,-0.145691193594758,0.267675909930816,-0.00562786708097991,-0.473258626377978,-1.01160227642666,-0.0397855123570473,0.351668783583243,-0.252785674782038,0.0105699084796805,0.105512011199346
10.9,-1.00318301463842,0.194553238721276,0.122380162798376,0.0734705917184822,0.64836347898784,-0.331065257203915,-0.843281990584068,-0.0344994537931594,-0.387048553011539,-0.0152284221853961,0.805524802515975,-0.108093113383112,-0.8889275631064,0.452901708892662,-0.142183554018258,0.148932584638098,0.00750341095390396,-0.525269521146766,-1.00525620957125,-0.0402700378896894,0.350397916317563,-0.260307493790236,0.0138165061317074,0.098744735121727
10.905,-1.0138062206731,0.214638434065298,0.0966731231270832,0.0888471953984933,0.742510700618297,-0.347734830320417,-0.837948628839089,-0.0186074529540974,-0.401302090356871,-0.0259939263244231,0.89554812978371,-0.135604026393161,-0.929618726884396,0.48524859184077,-0.137727097443141,0.0326691453604517,0.0183295027291299,-0.577098102230358,-1.00156239671487,-0.0398290053737001,0.35441596106469,-0.262599915452802,0.0138338998408918,0.0938073412481556
10.91,-1.02174639087959,0.243161190536296,0.0793624109606779,0.097749943329182,0.839768908903474,-0.352850868925471,-0.82731661277457,-0.0100881764793128,-0.414788350057048,-0.0560242478445471,0.993138384734837,-0.160697624800013,-0.967358076108732,0.508212633045023,-0.136067513701819,-0.152997368115918,0.0059887621551182,-0.615089138793307,-0.995113880855696,-0.0410176929296663,0.353481746362788,-0.270308542102135,0.0130198687501803,0.0891204460334452
10.915,-1.01215494467604,0.268527326338677,0.0726138783997155,0.0832827142937887,0.940952255795318,-0.351475546522848,-0.8272107588952,0.00201241010726829,-0.420123421876398,-0.121432522105971,1.10908235178551,-0.183136789300134,-1.00415489809266,0.541007260804813,-0.133180129899651,-0.398952818768078,-0.0157530626541461,-0.655586912696513,-0.987769531420543,-0.0475749632456482,0.357694327014895,-0.259343834436251,0.0124425487926308,0.0840844064950943
10.92,-0.947832001139106,0.340140356844864,0.0879588528253301,0.0753429130823655,1.03915691376293,-0.349804651777024,-0.842617888626196,0.0120344717712875,-0.402818301780344,-0.160406565969652,1.19546505392179,-0.200810034840763,-1.00862029296433,0.56713113870482,-0.125354641147525,-0.591609109255995,-0.0386937069272778,-0.708545466465719,-0.986261243422663,-0.0527192157682486,0.359884736016476,-0.244343866640713,0.00942918604355333,0.0811044531927742
10.925,-0.876160609910564,0.415088188643317,0.258433080646554,-0.0998651314924677,1.18627878735198,-0.281619845848427,-0.874032685448243,0.00234003195105206,-0.296706150613139,-0.12644188593686,1.2732323067495,-0.232187567027925,-0.979607710045494,0.58850711901303,-0.118388920365573,-0.696256905340539,-0.0594296338296297,-0.767060657494997,-0.983251172431551,-0.0503713552242276,0.366771390073758,-0.228897325320308,0.00804416476343468,0.0761673820286116
10.93,-0.707262623311404,0.430147609839727,0.538478619071968,-0.29119257837544,1.29416309662101,-0.176410967832247,-0.960748924202796,-0.0136965874028415,-0.0194190421890336,-0.0499792783866446,1.31849125671919,-0.274244732002165,-0.947418295629161,0.596068569010363,-0.11548766394617,-0.692842581001653,-0.0928747350462804,-0.809954910281126,-0.982857519602258,-0.0486519586966768,0.374876301565233,-0.219183508977959,0.00936861803735754,0.069424070417881
10.935,-0.0484368154545064,0.635507831102922,1.0936670422978,-0.434574286326645,1.44213887036561,0.00943102390646824,-1.12217725237452,0.0191126682541871,0.590109095121718,0.178486984894413,1.26790288943396,-0.306162613709253,-0.90021040591174,0.577379355085041,-0.120765597088011,-0.533135465845785,-0.146073245782881,-0.861628075422881,-0.986395381428822,-0.0469471764180834,0.387659271717331,-0.208125987352368,-0.00203009469166487,0.0672228393780928
10.94,0.983499480899431,0.706890205320684,1.55232819456054,-0.569660735120633,1.73228694649337,0.0529550339410745,-1.44679349333792,0.0445615458749986,1.48494801556959,0.492401197178802,1.13732736919155,-0.317775885222976,-0.857596958784957,0.521213132118891,-0.149795241752483,-0.208651108325855,-0.208546042365509,-0.921347854327688,-0.992391356397027,-0.037822140523958,0.402714876150979,-0.199972420417754,-0.0203467469603915,0.0605908521978535
10.945,2.06266614483396,0.640871296320077,1.85229027432028,-0.475186155733341,2.29880628301756,-0.135067851217509,-2.05111241687236,0.199697167225016,2.66455634506392,0.74109374373752,0.76913183540581,-0.205688599187991,-0.850237282015739,0.422794823431396,-0.191384945722587,0.0795201686894658,-0.252642961344,-0.99864045945394,-1.00442751214018,-0.0280796130835241,0.413712544999142,-0.190596673071671,-0.047550091684251,0.0564157583595878
10.95,1.86653587313984,0.847170579476119,1.94766059896,0.314195653082801,3.05863942553605,-0.486255509162764,-2.1777067240704,0.170085349264705,2.36436014611989,0.143581159232122,0.482306402230107,0.0982142792791246,-0.920786423022285,0.245977781182071,-0.338072087635812,0.678807542172361,-0.322339510931817,-1.23958300712857,-1.02968803214573,-0.0168200924319506,0.413991775869467,-0.17019467980512,-0.0787476154824876,0.0366666419066674
10.955,0.0376979842832859,0.988983466595382,1.71372315912103,0.778453740090534,3.26776092851961,-0.653529023507966,-1.62669012387138,0.0532090322890934,0.834027055165848,-0.863051862197573,0.487099759784137,0.331366433703906,-1.116584013154,0.114746273727647,-0.532651540132159,1.14320675143145,-0.365822222113665,-1.5543077353764,-1.06931884833562,-0.0046909666122916,0.406696588632703,-0.170817354961393,-0.103166186665257,0.0230560033663562
10.96,-1.52784441660118,0.646844172397036,1.41936204598053,0.522020974801544,2.90267822940178,-0.675772360925606,-1.0533723681164,0.111517225841276,-0.293837726065136,-1.31484122154058,0.637077893575206,0.229037654891397,-1.57469899539911,0.0671368337970258,-0.722171550639235,1.06221138550354,-0.365437302267492,-1.89444360157846,-1.14285201432967,0.00467511794568018,0.381940304139205,-0.231706978332794,-0.136877985019702,0.00644146522687684
10.965,-1.64493789807813,-0.0716508476435138,0.886328612716163,-0.124360531772887,2.26997201693452,-0.638487744829953,-0.762972598144225,0.131233188660672,-0.390860987895682,-1.20971048798114,0.774130530235287,-0.0403552263397334,-1.86013277921785,0.185605772902447,-0.75241918402748,0.531264926566678,-0.319774204067477,-1.89702424021906,-1.19522566692313,0.0058769386011532,0.349836427248149,-0.316542796926069,-0.175750919467379,-0.010830459760387
10.97,-1.5697180634982,-0.476695145993334,0.621794400835953,-0.130444548227156,1.90290321177358,-0.747999954431427,-0.749172039142507,-0.0317892848993966,-0.342263432059577,-1.11593713732249,0.932103716531781,-0.0968576259158688,-1.93085840422132,0.410099590005951,-0.572073574754285,-0.242321422687136,-0.149348824038262,-1.5115535298234,-1.22992597959863,0.00194127652117319,0.313687033203393,-0.434817734246016,-0.24641065446044,-0.0179554097025244
10.975,-1.77414342589916,-0.407577305227967,0.72757754240709,-0.169183242337423,1.4950827687426,-0.992771465607359,-0.717607709066319,-0.172416761497145,-0.415344493381609,-0.837695250835814,1.15892709326413,-0.106705194153334,-1.73957563559973,0.582106439526817,-0.204846681744912,-0.506779460430292,0.0328565527358488,-0.784336361705176,-1.24896430036777,0.00778258863218516,0.258819091802463,-0.598777851853705,-0.339828320807008,0.00104943525729783
10.98,-1.90725291269296,-0.0221280239947033,1.03482088788795,-0.245224464290157,0.941183237901373,-1.32055482600751,-0.822800813002194,-0.142166835968676,-0.425926760533976,-0.407138987002089,1.39821350141329,-0.153179149421844,-1.46315987318808,0.66697878224463,0.160893941772367,-0.0398087149782611,0.110148092483682,-0.0310022178469758,-1.24773531676959,0.00874951348500098,0.196362243340661,-0.713422713855215,-0.436484515834264,0.0275987536323624
10.985,-1.7926685595856,0.489749943215912,1.27698790045043,-0.181300340748321,0.345750093698841,-1.49643929927106,-1.11357984851606,0.0381427219994622,-0.305584218163329,-0.100593049283627,1.57277505849705,-0.235651058184498,-1.35882244408868,0.741751984559697,0.305905032119652,0.891301748059333,0.00699885164033067,0.36353960503092,-1.20946644865975,-0.0735737898215673,0.190081868728632,-0.499018566996341,-0.524058033690688,-0.0217242633007987
10.99,-1.388741698175,0.895561320484551,1.24284992630027,0.0801092368501615,-0.105653878362206,-1.33940746728688,-1.37653753020906,0.145483308478735,-0.253196579332717,-0.429340421295393,1.61092970406674,-0.267738122029839,-1.31586385901753,1.03057263355604,0.341760177315526,1.56540163112317,-0.244665139297148,0.474391607564557,-1.18123521330992,-0.104955588868774,0.162553489836453,-0.442725679487304,-0.574191527543178,-0.0251600225670039
10.995,-0.836193165377665,0.75924674015914,0.967882801783218,-0.0488544789830811,-0.223620677371079,-1.07548168298851,-1.44119845476204,0.0225092195783141,-0.0541060620593353,-0.69242510590859,1.66171827005809,-0.195618392517107,-1.25784597973335,1.28390781386037,0.367245260985408,1.81219451964974,-0.567305291683395,0.588324322211943,-1.15037086349825,-0.151992997608966,0.157525449271734,-0.495437366168613,-0.589121034727282,-0.0798302773985348
11,-0.673712617202713,0.645313427365485,0.686479105798783,-0.105047676491073,-0.127760022235585,-0.795079087168824,-1.33340439848495,-0.0659258772938845,-0.0544941048940118,-0.919822937291529,1.65506768646254,-0.139600260020858,-1.25108901265701,1.2667627915263,0.347014915933178,1.82609905357345,-0.854604255153526,0.710334757149818,-1.1307061036261,-0.188139696424492,0.16390172920638,-0.472666617848686,-0.547408694025785,-0.132190273558309
11.005,-0.655694290731752,0.606927809872625,0.589619440244034,-0.252493327302051,0.00589779260913532,-0.610652740264674,-1.08881434386299,-0.0656747869528307,-0.139673332996979,-0.881607905673838,1.60083261802983,-0.148680164881666,-1.27295220365258,1.00651124389321,0.24374976761587,1.65918041537626,-1.02915773243556,0.750765716220902,-1.1201400390517,-0.202897198288336,0.167437157764314,-0.308524723994435,-0.435808118848714,-0.163217938648263
11.01,-0.649074186835731,0.60013961272175,0.65440045223343,-0.532356986556534,0.0867397287370814,-0.507481859268678,-0.843827777290378,0.0324223960590859,-0.203489724075308,-0.691572515668893,1.5434264582542,-0.193695992596539,-1.25149092845492,0.505295677452049,-0.00106181218740543,1.19593330572914,-1.00190390723653,0.579277637107241,-1.10864326893113,-0.178581122417841,0.151987275777433,-0.0794248973168291,-0.283157362556437,-0.174420757515917
11.015,-0.57862321469672,0.507537805871127,0.777066282856167,-0.757715339888613,-0.0115177473701224,-0.503820918580096,-0.754000669657948,0.191943874361604,-0.117831688341675,-0.631285070239312,1.52305082082852,-0.193064035793004,-1.1003963905781,0.019901632920109,-0.248885161164653,0.515941399075161,-0.752964717507624,0.227076918161901,-1.10385791281282,-0.133488879773634,0.126677993708577,0.0434602522753608,-0.176652976205253,-0.175008005228004
11.02,-0.543848887883058,0.399810792166149,0.843694323987746,-0.742270464756325,-0.103187384324263,-0.579196922159678,-0.803378540181443,0.235955751370264,-0.0609035540045625,-0.650004088500389,1.51990173966431,-0.147364154049733,-0.881486319353299,-0.229814918721323,-0.345459123151951,-0.0137156081184479,-0.481483840894392,-0.0910397420424641,-1.104501828105,-0.0850698765318824,0.0876926958094344,0.0817165400410409,-0.112859072038918,-0.179554895476805
11.025,-0.514783996771347,0.355730277208562,0.840171803363904,-0.641149777610606,-0.187395494515459,-0.652025480450869,-0.902012611887689,0.225579771842103,0.00217208266680547,-0.660810593413486,1.47379149141538,-0.0892958379260442,-0.607883556998573,-0.398317491211516,-0.396122916136641,-0.415619183029416,-0.224390366102962,-0.455535173599739,-1.10734727582869,-0.0273393967077054,0.068499976087037,0.0636320559316347,-0.111318373090678,-0.193428502016612
11.03,-0.445334563047397,0.414158964731843,0.75903904424346,-0.432143374654004,-0.258478885649653,-0.764485779013934,-0.983724847946146,0.160047684986092,0.0172796644314917,-0.628800608822455,1.40123547775556,-0.0572858533350127,-0.330546438315658,-0.526934917034635,-0.406735188181041,-0.349329955887585,-0.00627737517689027,-0.935597561447576,-1.10690417369133,0.0265730441556783,0.058653206556119,0.0582211233814774,-0.127551180640833,-0.198839444466452
11.035,-0.446150954368761,0.508854696972681,0.730915239946942,-0.501792348941415,-0.269182506435921,-0.843422201448469,-1.01379310444133,0.1054015009153,-0.0237767856841507,-0.7097700544014,1.36513183177185,-0.0188198049849261,-0.159271458972387,-0.619650707079513,-0.382864798850709,-0.00505223094063727,0.101078010044865,-1.31098745400582,-1.10142722836471,0.0601420439267817,0.0791583308544624,0.068579924621361,-0.15970730827131,-0.1983607184688
11.04,-0.520170312267787,0.556733971775061,0.690296596186272,-0.606207481566951,-0.258814573221979,-0.846181753761997,-0.98369823845456,0.0872931355186722,-0.108151363384407,-0.754602356678054,1.3410082659262,0.0146066252570131,-0.0642629411953876,-0.670375916034339,-0.31109966404251,0.295360060419371,0.0988591171227501,-1.67138345588811,-1.08640511507828,0.0890458362833502,0.114274938536673,0.0638362134718241,-0.175078527742743,-0.183498519714196
11.045,-0.590286319559223,0.526721590644312,0.688515241173884,-0.732667254965701,-0.25301275870428,-0.828661378810436,-0.949475521256431,0.0875854868610136,-0.157974488791324,-0.701772501425886,1.31764590494808,0.0273883897698162,-0.0940757189970042,-0.614112383188392,-0.193887177794711,0.327032050411862,0.0132932280675436,-1.8700592918748,-1.06595262927984,0.115871128229256,0.137241668898834,0.0520167074532641,-0.180420608883648,-0.166745942894735
11.05,-0.631264830506861,0.462542046929308,0.711739575807511,-0.843970850606394,-0.257768324329118,-0.788359859433836,-0.944888718003024,0.0818512088463968,-0.164813857726941,-0.639757696930888,1.2888611283872,0.0255406590319794,-0.257708208871508,-0.438582770525112,-0.0596532971194705,0.169091437883266,-0.153475021498961,-1.87044032439741,-1.03480572232678,0.141660009677299,0.149035020659692,0.0311668159631906,-0.171126816599193,-0.149947291243548
11.055,-0.655622369041757,0.388293213601695,0.756920139234927,-0.924265750434698,-0.270197530353204,-0.729613899803461,-0.972447405942416,0.0585160257949401,-0.146376053531893,-0.659893278322117,1.25283369795409,0.0142648097988124,-0.495030007423189,-0.202194028779338,0.04587675094603,0.0663137800512647,-0.359153537192651,-1.70525233477004,-0.999963117866496,0.166130657448767,0.155295857606478,0.00585613382299721,-0.149263427681396,-0.128503401758409
11.06,-0.679152792438604,0.297359377664318,0.825000038088431,-0.955042137519171,-0.289809777495826,-0.67873798100926,-1.00502389156109,0.0254207446969734,-0.120439453901696,-0.782865071139545,1.21345348958882,-0.00539998302609143,-0.698234331697622,-0.0126219290468066,0.0751738334532041,0.267366604882379,-0.510024208010889,-1.43881356627941,-0.990611028566008,0.18631594282442,0.14722798916622,-0.00957356930749192,-0.136324249205445,-0.0947627833073118
11.065,-0.653572317738207,0.249170822022994,0.821997478375377,-0.82977292168143,-0.327973359788928,-0.673940389911623,-1.02823808668079,-0.013118900868498,-0.0881051515463154,-0.977680518055734,1.17985769148974,-0.00312598809233663,-0.871079383252042,0.126648696619787,0.0275269680122118,0.62597423453459,-0.610471986086946,-1.25705816113259,-0.973054861068852,0.200284233868215,0.122478639354178,-0.105883909754627,-0.121765714532399,-0.0320490647512879
11.07,-0.623425805261288,0.297210915653547,0.809864538032635,-0.779156350216038,-0.292761814307046,-0.580409746551361,-1.04828957998667,-0.0177638795001178,-0.0738152697127224,-1.15469404635684,1.14137648735293,0.000172401516163866,-1.0359207891672,0.245527520826835,-0.0572544243072399,0.703945784041674,-0.67197070018897,-1.23070164591613,-0.952639521693939,0.211667348225761,0.0959940197788369,-0.163416640184243,-0.13941701361512,0.00777670966754165
11.075,-0.619202351876176,0.2489909344592,0.823442551449867,-0.797747388980465,-0.26375400364538,-0.508677419241355,-1.04535765182975,-0.0936542232816964,-0.0694104373252687,-1.19399792468093,1.14199833794384,-0.00374891502211279,-1.2305345105997,0.373765415123829,-0.106272470488444,0.402193108140086,-0.692740101632484,-1.24831528003614,-0.931441695575325,0.194809860458128,0.0486643447971682,-0.223542476703154,-0.158974990533343,0.0414694050334007
11.08,-0.632344435726455,0.22805471482336,0.828842058016965,-0.762047197336463,-0.249997016110468,-0.43533771684623,-1.03602018803758,-0.134090485097331,-0.0626597275274815,-1.18628593082726,1.14804665611952,-0.000846241070668778,-1.35178125842472,0.423214802298241,-0.0808157076965631,-0.0148861316148536,-0.660682955802027,-1.26063395281523,-0.916289454567611,0.188992168010306,0.00816814685659405,-0.278910666458567,-0.197730676630262,0.0434886360287317
11.085,-0.615960059332003,0.187843661630463,0.835659801576137,-0.75314390216224,-0.237224397850414,-0.392035475142455,-1.02179742934497,-0.149273813454376,-0.0596965689455713,-1.1674853952297,1.15713916264134,0.00521541993186835,-1.43262867590175,0.351620753623539,0.0341095181950853,-0.413273941472609,-0.578343081906916,-1.26909081625678,-0.91383494170631,0.178073534870897,-0.0201465909203085,-0.319266316710378,-0.225010101202214,0.0239319233933347
11.09,-0.606164818750102,0.188461083092339,0.835221052453507,-0.72759352903515,-0.230345312940544,-0.353310317512739,-1.00342475325416,-0.14083697671125,-0.0545157533725872,-1.16943138122719,1.16493632835072,0.0171598039989424,-1.45998707655197,0.219561514432013,0.165842924136705,-0.600553742608571,-0.475907627630938,-1.2754867572226,-0.898484711596417,0.172406046723307,-0.0415738942216304,-0.320155955299333,-0.250978264819034,-0.0123001741896163
11.095,-0.594750809845626,0.212573381945929,0.833617600095392,-0.690748863471934,-0.212986226671447,-0.308010873051911,-0.99237270682148,-0.122743200218143,-0.0547015641948908,-1.18193600988839,1.16929557665461,0.023741908261386,-1.42381463145601,0.0932470715180587,0.27286958617507,-0.529380609065644,-0.353736155465868,-1.2397521929946,-0.874755253751613,0.172845980514067,-0.0556420994847841,-0.316750598893911,-0.277045067586887,-0.0566637466430434
11.1,-0.572821172309624,0.221537628349871,0.837076963533474,-0.660463297736988,-0.183789568480112,-0.261822663182254,-0.9913426566421,-0.103814358127372,-0.0537863542449335,-1.18890262902745,1.17066216468811,0.0219668149601149,-1.34216046890332,0.0203475069060546,0.338050344970828,-0.285049318837597,-0.22271785576481,-1.13140658788216,-0.855914660537644,0.171595321890299,-0.0602685732331779,-0.336542259751053,-0.275235188143331,-0.0981036303911964
11.105,-0.555945943635225,0.219818097866511,0.836236815244268,-0.626791945993504,-0.157318186564596,-0.223197433133686,-0.989756345786941,-0.0843476324541027,-0.0438447959757137,-1.18998320105808,1.17339105033332,0.0230638713983955,-1.23767781029821,0.015759739422692,0.345152774036413,0.0266927865100213,-0.114496246618566,-0.954457814467076,-0.835392674433063,0.170174623447169,-0.058605996655934,-0.35982008254338,-0.21432397003169,-0.130119841185649
11.11,-0.550047076077393,0.233371858245496,0.818724029565224,-0.578882054930847,-0.134647429700176,-0.196097583304288,-0.98192635951894,-0.0683863409435582,-0.0510461028088105,-1.1850005795873,1.18484225091702,0.0288641560958597,-1.10741727769425,0.0102794715668406,0.318584384892353,0.345906727313357,-0.0194818965070512,-0.724909224824305,-0.817053645412157,0.172716419724724,-0.0473639853243975,-0.405504026766662,-0.0885619222980738,-0.153691368658121
11.115,-0.541130597272122,0.239358374839066,0.814530725568445,-0.537174522843755,-0.125814541716702,-0.163444001701155,-0.970743969014002,-0.0412576914024975,-0.052747341839465,-1.16008100960248,1.20016392971504,0.0221337890939733,-0.986123387774894,-0.0304476532053588,0.273967451147792,0.537106688490162,0.0413042097661444,-0.559128985845761,-0.812222567228856,0.162830499580621,-0.0343508437592284,-0.437370690216658,0.0762656035961877,-0.148197113103994
11.12,-0.528065583953685,0.272410781287762,0.792962371899434,-0.497547976186262,-0.115907891626483,-0.14032849377454,-0.974193310300531,0.0309430881376761,-0.0713470962970418,-1.09851104007067,1.21005911488433,0.00894022898368968,-0.917003582882298,-0.0847437888853014,0.232453281101529,0.60853813118683,0.0462368375111214,-0.510778220674222,-0.808308873831294,0.151943203847416,-0.0268429429072995,-0.442560232607497,0.260144394058214,-0.14270744262573
11.125,-0.530281834091645,0.321171118649919,0.787698447158794,-0.467707516153896,-0.121338365384724,-0.134437155121707,-0.967866681376569,0.07643007399937,-0.0788214127956466,-1.07565733810691,1.20392203392002,0.0127550226585296,-0.853041248872705,-0.144798465392849,0.158068417570094,0.74357039797215,0.0270170902382204,-0.536617466862608,-0.812639592832763,0.142926118680668,-0.0245799572513937,-0.441284518415048,0.433422031045963,-0.115351682052277
11.13,-0.525449410576148,0.32909288141092,0.780218332548677,-0.476391009496854,-0.134298153536486,-0.140947428108211,-0.97011776470435,0.113335482027508,-0.0897025234724231,-1.07025578448811,1.19358237109361,0.0129390987241553,-0.815820670362003,-0.165987939582301,0.0919923260393177,0.891503745066127,0.00865879415118628,-0.608230874973648,-0.825988134435078,0.136216682563222,-0.0277384359662051,-0.46196998379779,0.530369008814575,-0.07179315110103
11.135,-0.515065597174699,0.338020816090426,0.776989632873686,-0.481815143406496,-0.139096923659473,-0.141247400690674,-0.974741257971918,0.133595176503196,-0.104140951686232,-1.10256294057341,1.18178837542645,0.00488264744803289,-0.797505840472316,-0.148784095411455,0.0196328124029752,0.99885514816818,0.0154794210574546,-0.669781998004231,-0.84491217155519,0.133812696708484,-0.032378792376656,-0.491739585819911,0.553666062530875,-0.0142126830228862
11.14,-0.513883596191288,0.346227839674096,0.774749608047939,-0.474894015931904,-0.148133607537925,-0.144913135469769,-0.965676481140405,0.145907593506987,-0.11811103003794,-1.14695640216343,1.16368343021057,-0.00676959188644938,-0.799743249344394,-0.124531413444595,-0.04892629337953,1.04242112190998,0.0340544326464594,-0.728220345225391,-0.871595215989511,0.130611118564771,-0.0274658077202673,-0.499529874556671,0.513128569041143,0.0391021859097667
11.145,-0.525388568617386,0.349102936034434,0.775297708105385,-0.469899325656576,-0.163997305833743,-0.162953304395377,-0.958664337312204,0.156757095994762,-0.133544140876089,-1.16553378897309,1.13574897016495,-0.0209452462223348,-0.819546201384694,-0.117257570112428,-0.100815396227908,1.00004302008402,0.0390064943028906,-0.792127887839865,-0.901964102423423,0.128230236243544,-0.0108363164444009,-0.473254305579264,0.419205736601887,0.0722087357120875
11.15,-0.533400313575381,0.348779945542045,0.780911900950576,-0.471850361684433,-0.178778861442058,-0.195991762562228,-0.977284542318427,0.159111180110926,-0.155764132543223,-1.14859857300985,1.10376546264606,-0.0311173662270877,-0.84233182766106,-0.122216887657421,-0.142783525482384,0.881475165464374,0.016037674292362,-0.859900369743452,-0.926190926662408,0.135926994725958,0.00371282096387105,-0.439449982838964,0.296308416609214,0.0896023796424575
11.155,-0.523965982316828,0.341917852738341,0.78502118030836,-0.460715306153794,-0.192081857654272,-0.233071213469849,-0.991800176619272,0.13542996261067,-0.183616922730713,-1.12941409890759,1.07629293182096,-0.0219838816861945,-0.873855473202538,-0.117309045346297,-0.186665601343514,0.722303612667235,-0.0215769092843847,-0.957295230851738,-0.958095098457523,0.146014746208745,0.0165082308468504,-0.408381533473504,0.122990273003888,0.0983817843510654
11.16,-0.541763829357828,0.31247337614098,0.787344608206331,-0.486598177518027,-0.202866376427688,-0.248169539752631,-0.990583675772532,0.0808385080700184,-0.217439543920388,-1.0730093571633,1.04483643309107,-0.0263227100096499,-0.902932554007665,-0.0921418368577795,-0.208381977876136,0.604363947032801,-0.0548144608097498,-1.04628617075801,-0.973728815926482,0.14961533995343,0.0419932513515108,-0.388770470792773,-0.0654940368809008,0.0863972312808135
11.165,-0.559038918991179,0.266920237227574,0.798275181962568,-0.457785335779195,-0.212914368850843,-0.256138029779705,-0.992117037374109,0.00604107873164961,-0.234161521147418,-0.943389867544767,1.00399006288174,-0.0275631364543864,-0.949910658955545,-0.061420388445037,-0.22920042182285,0.479169179847822,-0.0767748499745899,-1.08654968090348,-0.985852411802288,0.147884116180418,0.0646606850767577,-0.361643126255503,-0.231664668431741,0.0711146686637958
11.17,-0.558234745585043,0.228270295329789,0.816425731339288,-0.432860622697036,-0.204406588358122,-0.250275426508892,-1.00113612763342,-0.0500338227342525,-0.22091916289846,-0.810285326659991,0.987936327325605,-0.0286656700682639,-0.998929291877416,-0.0279905733062083,-0.268933179137644,0.379243202373794,-0.0729276863622125,-1.06689999469605,-0.994714094486356,0.141425463735321,0.0983022337751375,-0.318491069730492,-0.342664863823551,0.0483230006184417
11.175,-0.539147746211629,0.205416818000038,0.833061488656578,-0.381333730444721,-0.198484309344957,-0.241700873433489,-1.00521294932979,-0.11006421211759,-0.208564798045483,-0.657251586385574,0.967535348134649,-0.0256159722925605,-1.02242209281988,-0.0141361905212972,-0.265229792458912,0.2894088930904,-0.0648528701099079,-1.01964978338308,-1.00313679354116,0.134081425521904,0.117240204553194,-0.271784649753491,-0.416729479596618,0.0211619190933929
11.18,-0.532631511546327,0.19700567385534,0.837131759127977,-0.322670391416698,-0.186055878374471,-0.230712166255374,-1.01615880687876,-0.128689012808312,-0.199502182063206,-0.467668664834728,0.950078162135501,-0.0226289205975606,-1.02741773239694,-0.00832739335242805,-0.268881091441596,0.183461277115917,-0.0646960573160288,-0.981305214867298,-1.01516110963391,0.120689708769572,0.130912407757887,-0.213775082514063,-0.464769397308229,-0.0154439244662903
11.185,-0.523444860523577,0.190849624921418,0.839462201497294,-0.272885375599989,-0.166514864234301,-0.217395767871985,-1.02363660731437,-0.116843552437881,-0.189541982012856,-0.318308411175256,0.935167659678863,-0.0186559182806462,-1.02430277015618,-0.00138723064127608,-0.279121708038384,0.09484558741445,-0.0674003401138566,-0.956791263921449,-1.0341970694132,0.101604405719017,0.134575794680707,-0.15607498639932,-0.482284080777613,-0.0542454776710148
11.19,-0.514458637162414,0.183321933774871,0.843080537688321,-0.227082414662912,-0.147438949581747,-0.199211186538774,-1.02362006103753,-0.102710932214999,-0.184521262316975,-0.242170190811213,0.9230595577659,-0.0117673264692838,-1.02056067922164,0.00713430509600411,-0.276954240307469,0.000275070670694398,-0.0667529817548415,-0.94394182652685,-1.05963800108057,0.0870919270685338,0.127827430157953,-0.122643872680485,-0.467262838811647,-0.0825826549246998
11.195,-0.516282246564361,0.182721700428006,0.842299318834619,-0.1758923091638,-0.127372358515049,-0.177252156386233,-1.02103359371408,-0.0901702836264681,-0.180508132972134,-0.203139576725628,0.913365280496676,-0.00335113526198947,-1.01471771370362,0.0166351216412383,-0.266917222167999,-0.132891103146151,-0.0602782707879589,-0.949983772595177,-1.08461992648818,0.0794624950004391,0.123183652400755,-0.121503139243883,-0.419175993992496,-0.0960687835071796
11.2,-0.513928817442597,0.192273140850898,0.839222510998187,-0.125666328008547,-0.101822712739347,-0.156875209887722,-1.01647879914175,-0.0716750714540696,-0.166162232210279,-0.186006933201758,0.899603184167078,0.00469871733184109,-0.99594382291841,0.0256151320227471,-0.252425597652924,-0.232151492618168,-0.0444954923532186,-0.977466272350336,-1.10003468959762,0.0652689111379255,0.121001966712918,-0.14520712692903,-0.333891124440791,-0.0963718095990562
11.205,-0.50536184562784,0.196805476237092,0.840011549251119,-0.0919338485371617,-0.0900834959666523,-0.1342635613601,-1.02352767564994,-0.0534769798209471,-0.180067257503687,-0.215414525150917,0.887686165136488,0.0136323383415307,-0.978813034246746,0.0232620457247034,-0.229510116610418,-0.309884207403598,-0.018621720805746,-1.01385397018516,-1.11555962039741,0.0626063317464943,0.12469630364177,-0.203960808053373,-0.239969390070216,-0.0856821941884418
11.21,-0.508669364456826,0.210512685504785,0.836980561208057,-0.0537752281914111,-0.0671883230943083,-0.111368388487756,-1.01439377531657,-0.041063084936767,-0.192262103216998,-0.232933770097285,0.874546714732622,0.0103474807487912,-0.968548341393821,0.0122342785861164,-0.199173159286137,-0.389874846379224,0.0235355173756377,-1.05709219902662,-1.13243151228931,0.0531440648546009,0.118779452290418,-0.308101358732279,-0.111455535263917,-0.0635246287047836
11.215,-0.510118055925743,0.221276729771227,0.827635237575523,-0.0279953539414056,-0.0525646125117773,-0.0904130681253047,-1.02672806884272,-0.0277888965706857,-0.200563225638158,-0.217416574972401,0.846936258392651,0.0122241026513862,-0.964318279272016,-0.00685580156777974,-0.170322231736902,-0.470712844380748,0.0441885502100736,-1.09081073223827,-1.13543294067165,0.0536212569900587,0.108156028873357,-0.415456476250829,0.00813622311088888,-0.0329163740989933
11.22,-0.505018808388818,0.246015994845468,0.824094488804705,-0.00309731884870605,-0.0449044943839651,-0.0808382928288032,-1.0252015810653,-0.0112452983967014,-0.191588392747876,-0.186675968373284,0.836661351567517,0.00634262995244856,-0.965197398452526,-0.0434944416498651,-0.142561122111149,-0.533639218750572,0.0608718960602091,-1.14216718297686,-1.14051057157986,0.0541961624048852,0.10288962865792,-0.489204967155706,0.0977896206578249,-0.00649854049462139
11.225,-0.505012850485346,0.263870216387732,0.816836007516948,0.00712499387451976,-0.038280541407136,-0.077900717590985,-1.01749646788007,0.0147744293695429,-0.19141627885138,-0.168782894801644,0.823086640467574,0.0017280229649093,-0.971530015482055,-0.0746302139848336,-0.118756993392333,-0.588685571726018,0.0744402514737781,-1.17212873327178,-1.13241687841138,0.0583580245107404,0.101316303989378,-0.531101668762644,0.167429907271044,0.0246241920435095
11.23,-0.507490897519336,0.275612489840979,0.809506783917112,0.0122317534527644,-0.024134634544383,-0.0726984351839698,-1.00283800857886,0.034764067872783,-0.210102496551036,-0.140648406830876,0.806513537058267,0.00301342132358234,-0.978559841881046,-0.0964023378063052,-0.0911500077163167,-0.625792885007366,0.0961822967957349,-1.20022661218485,-1.11307572668191,0.0598390449282099,0.108666223789115,-0.540371315679901,0.205519702991516,0.0521384199671827
11.235,-0.512197952224796,0.274579105782646,0.804670097903681,0.0138727771600561,-0.0186605416558836,-0.0784105538414976,-0.989837127619845,0.0366939800671899,-0.22347299204489,-0.0926726671386727,0.779443095184018,0.0047688576845153,-0.97934072540116,-0.118556784391436,-0.0606665338698496,-0.6320546114997,0.11824281434729,-1.22497762082715,-1.08912128231472,0.0556070454203616,0.120467026171697,-0.523885043030826,0.212739545873234,0.0708355740441791
11.24,-0.517852034171811,0.261426910643081,0.805550587921418,0.0156831239628101,-0.0249459495498697,-0.0951825240153666,-0.983719308787821,0.0268866068059689,-0.22070423542009,-0.0388523152267446,0.747197419855189,0.00604235807237157,-0.975541004531232,-0.146276502677369,-0.0307123506941431,-0.602353699921598,0.133679230334173,-1.23373113725003,-1.05949461650295,0.0510357992034412,0.130565852126338,-0.498603665232633,0.204499263322789,0.0849727465079586
11.245,-0.518169848402961,0.248232244461756,0.812740945224592,0.0252597504607349,-0.0266293505826086,-0.106021701778401,-0.98189832104271,0.0152474722077508,-0.216965636058407,0.0153016009522821,0.726773737753408,0.0115839405750291,-0.974159676812729,-0.175178927116826,1.01502646775251e-06,-0.528560110134294,0.15316351785952,-1.23386771542619,-1.02082389359493,0.0521875698059381,0.142923019305267,-0.483364640039188,0.192226618528366,0.0968381431359745
11.25,-0.508806955756171,0.246067181770025,0.810261063982773,0.033718424410049,-0.0183572131775127,-0.108019784092903,-0.987856366653246,-0.00560081362128003,-0.217598979598879,0.100464678566409,0.699113316304317,0.0128129245493327,-0.969188567469352,-0.190892346469977,0.0180638445022857,-0.439591885117643,0.177732266238485,-1.22235590710851,-0.988763696644479,0.0520945941070817,0.153721025976171,-0.482279453677477,0.192226618528366,0.101178809167318
11.255,-0.517256364850974,0.253653261777734,0.820054407735451,0.0392035018827538,-0.0150661653558465,-0.108019784092903,-0.99884914431214,-0.00664759458038034,-0.205383633461493,0.190381434397795,0.680472079411526,0.0161025613257617,-0.962849575721799,-0.211767685867936,0.031155435851114,-0.284035510053483,0.223741891901225,-1.19058726506985,-0.958417543449288,0.0583498029945792,0.171598728267592,-0.484504804371884,0.197795775900977,0.0978466315197118
11.26,-0.513980291447054,0.245088575289425,0.819697641309992,0.0500573615285575,0.00107327476930903,-0.10481074363831,-1.00303022497378,0.0131168042823011,-0.190136111044646,0.230603384540113,0.663777372074523,0.0120632454633921,-0.970281160762358,-0.217976562591246,0.0434895162694708,-0.187637213806664,0.251996210848842,-1.15233363199141,-0.926901995000497,0.0581023132842413,0.182882483881004,-0.487662700550031,0.203238686096668,0.0955616042245749
11.265,-0.514587471989788,0.245928835816789,0.819925813234484,0.062011054187281,0.0232720817037259,-0.0958181573668091,-1.00088034053369,0.0273932656517818,-0.202664140381674,0.234557923498595,0.651954244062592,0.00952783004477043,-0.980359678980596,-0.215133039161082,0.036901765227945,-0.0745233460540663,0.2792064504229,-1.08362323701879,-0.898891339474277,0.0626546128932459,0.194899510482806,-0.490995654753363,0.212273718880792,0.0863794733441355
11.27,-0.519396217420448,0.2468074614328,0.818050860729812,0.0650161430239677,0.0346957909837026,-0.0868603407206803,-0.999152991787388,0.0434608884604059,-0.217056191564309,0.216605602755576,0.63479398316961,-0.000533037160781234,-0.99115345736881,-0.209232882273754,0.0442831041117889,0.0666082635954787,0.307799762417924,-1.00811279185739,-0.882818575610431,0.0682892598101944,0.20362740726082,-0.495009183632457,0.221355825160192,0.0791645768847816
11.275,-0.525088217798054,0.247785701264896,0.818479723034382,0.0650161430239677,0.0458773692294419,-0.0759624928249624,-0.994579486122087,0.0585742248040348,-0.229266995836823,0.179658823733624,0.615634372665737,-0.00973787782635563,-0.99463182402918,-0.199917592416232,0.0623317070723151,0.179613817428448,0.316683384660335,-0.936610473025846,-0.87615506460811,0.0670849933331186,0.205467026146816,-0.50427022435897,0.227045558041914,0.0798095533325646
11.28,-0.524691603539541,0.253630092033949,0.814631771261747,0.063873943457709,0.0550767653472522,-0.0638651524756285,-0.992089112580957,0.0588175836681967,-0.236715442620717,0.138915098043994,0.601307021319028,-0.0157939408339044,-0.992461349881499,-0.184488670667245,0.0759607718565307,0.273925081694631,0.31310310959816,-0.89153815267834,-0.879359365838963,0.065341866931114,0.203194219891595,-0.526285899970921,0.234752687725478,0.0892275434349845
11.285,-0.520208258237389,0.261173928105596,0.810705499575707,0.0608184247244491,0.0613998141775559,-0.0589015226200954,-0.99358978708087,0.0416121121305037,-0.237506703872443,0.11958833794243,0.590265391553352,-0.0204069332597376,-0.99617633036448,-0.163290305645469,0.0744845286033358,0.35503348711341,0.315030611405658,-0.885078577726115,-0.890613552910783,0.0667166834086505,0.19892485827881,-0.558269954243983,0.245685200015139,0.105544903037435
11.29,-0.518669309809129,0.262311531547897,0.814980125414937,0.0576859749853611,0.0709596634249611,-0.0646992673235813,-0.995609079204411,0.0200320591850813,-0.234967013044569,0.142546154609385,0.577121652279045,-0.024558370348258,-1.00896090154105,-0.143324724645488,0.0604769916505622,0.382792817988276,0.321617745367167,-0.894077648012831,-0.902417852145622,0.0643394916102064,0.190530616422679,-0.589636675450186,0.254009432321567,0.129137495843649
11.295,-0.520245643530577,0.257645449785007,0.818191134980457,0.0590495073361876,0.0843219491793518,-0.071121204827838,-0.998963245052463,0.00894007661413052,-0.234550367592871,0.20655138009483,0.563519218148561,-0.0314397180967571,-1.01717858219738,-0.133694747043531,0.0494414687484918,0.394117203303969,0.330970091066771,-0.887270020536051,-0.913900048833383,0.0695637252278461,0.182538853340499,-0.624170282224614,0.269452512109392,0.162987644915123
11.3,-0.522883705855057,0.260195422313361,0.816306806929954,0.0668124424351829,0.0923935283590309,-0.0761120726037971,-0.994246237146523,0.0170443579686574,-0.23100123420548,0.25849104924826,0.547937347811224,-0.0397500622471395,-1.03194122503716,-0.12404604678419,0.0307922923565609,0.408652062287682,0.337199323581562,-0.886231848885188,-0.921088017615059,0.0729535678692413,0.174259725527808,-0.648062544225915,0.282956835211891,0.18064712583874
11.305,-0.514582661380665,0.267806633071247,0.819070650674999,0.0749370026956062,0.0903623898423039,-0.0740809340870701,-0.989289711842052,0.0310373649697039,-0.23098170955695,0.280836811330246,0.539112178219824,-0.0409917983247005,-1.0274649352875,-0.100912509099773,0.0182304876497726,0.391942446444762,0.350917439872009,-0.885146290164267,-0.923056589114068,0.0770122418074063,0.16939981037936,-0.638525514930761,0.287898728219529,0.186876239794427
11.31,-0.514254616184398,0.264925892511662,0.81540270635744,0.0731485741826295,0.107270733875896,-0.0690409644597768,-0.988408860324679,0.0293327533027048,-0.222201666991978,0.273770822238375,0.535954276623883,-0.0327374020493259,-1.01559631648505,-0.0868856453914827,-0.00126597745461899,0.392283581897584,0.365159499021291,-0.90572548275162,-0.931676577582107,0.0789945110106218,0.15790079668484,-0.614897844140851,0.309165292361628,0.179048079077218
11.315,-0.523778769569287,0.257910539191044,0.812769447835878,0.0648273966278905,0.116261469480062,-0.067703865468502,-0.989126577265882,0.0325326174727713,-0.217814757216514,0.258428930325225,0.526442615096522,-0.0277197791338469,-1.01586808762754,-0.086719149313321,-0.0135949051167694,0.393557906150818,0.368510854152421,-0.90752142185006,-0.935804328213365,0.0821836061049869,0.147383320834124,-0.572788681701277,0.316839456558228,0.163586573002348
11.32,-0.525416413819859,0.257415318825767,0.818180972292423,0.0613510571420193,0.125320035300519,-0.0691293177418764,-0.987112161120816,0.0416136511685235,-0.215185678802539,0.20479799862096,0.520565708535277,-0.0313106893738678,-1.01468662483653,-0.0935080987637024,-0.0278860164398856,0.410762976695285,0.36609416074801,-0.890604568726347,-0.939095709606659,0.0883820353740808,0.144508245338904,-0.517675312242482,0.317473497187905,0.144117528628686
11.325,-0.521492752634281,0.263756785458861,0.819442313056523,0.0596079828522513,0.135057915665862,-0.0672421297566608,-0.986368775521981,0.0512928891458774,-0.212334516921001,0.146720885467246,0.513340590198541,-0.0350442975759506,-1.00720579848527,-0.0946814940893866,-0.0417106851538382,0.411095366732656,0.367575747000143,-0.882533760878422,-0.944427809834009,0.0913844603788769,0.145560926927536,-0.467075033238333,0.310412286471823,0.122753705827772
11.33,-0.516846049096953,0.267562784321,0.818666298723465,0.0572274553151707,0.143851427339093,-0.0608291428241991,-0.9898555589737,0.047805847082634,-0.206948724886707,0.0957134519421439,0.503869034781137,-0.030661679496218,-0.995578292881914,-0.0932146090980781,-0.0534060827681363,0.371755008540551,0.368863082558377,-0.899745958284908,-0.948464372704456,0.092847542561076,0.142378614713945,-0.43384613579809,0.291693450615942,0.105071603887831
11.335,-0.520827432242012,0.257746417382962,0.816312865670232,0.04777023199567,0.153086680797528,-0.0575734883499646,-0.987729609453966,0.0283262197488082,-0.208354100547411,0.0322674697159018,0.500276816114704,-0.0221774118842318,-0.984744281956319,-0.104458248848916,-0.0651414180397164,0.326082816021019,0.3555915818615,-0.928000584631736,-0.947797839604568,0.0996368980100903,0.134040025175079,-0.417944034421094,0.266298703238913,0.0975230485200882
11.34,-0.534860003889323,0.245138649409397,0.801673038628949,0.0270127720223597,0.165315499379285,-0.0597626868621372,-0.97173605650523,0.0170396855555345,-0.228502597780346,-0.0126980327144442,0.499203667291167,-0.0197929990765547,-0.98689088886184,-0.125903696955033,-0.0684764254638041,0.313256678174711,0.325307285117244,-0.939440559911408,-0.944198747467348,0.0989330603915496,0.127635637843168,-0.41388523029104,0.229960348259362,0.0966240144678355
11.345,-0.507528943855028,0.27163163033118,0.812725756213762,0.0324090810751321,0.185764664334993,-0.046944110880451,-0.975028100156877,0.0174107074757298,-0.219660723756666,-0.000395588345388617,0.488956600427628,-0.0164278147763523,-0.997245067415278,-0.143122954626499,-0.0780665960770548,0.331438976770314,0.276436624297312,-0.936377534741398,-0.938218773083734,0.0951354050621491,0.115870539644925,-0.405333682878402,0.166510114310171,0.0900995971167336
11.35,-0.51798013873167,0.251084103897762,0.814625577841889,0.0368141188195972,0.19016969872141,-0.0612604759943531,-0.97954186703067,0.030560288309239,-0.221429900958294,-0.0157669658362791,0.488956600427628,-0.012035992875239,-0.988451399293009,-0.132461979264741,-0.0984267577454299,0.33692333972947,0.240239764549053,-0.939668109705007,-0.923696298768668,0.0939315041631767,0.118066929039188,-0.406430529918086,0.10618461744602,0.0857122825377713
11.355,-0.521871586654377,0.264388846248713,0.814598935353114,0.046456004619146,0.201931315355814,-0.0478170705668399,-0.979425720411913,0.032308459951649,-0.234483070773833,-0.0206253519707871,0.486884203369618,-0.0139044883425509,-0.979492920934036,-0.106808331076225,-0.118636297740948,0.321099280721949,0.249553571542996,-0.960255961316222,-0.916232883890219,0.0914373649408731,0.121633510965104,-0.402623249578985,0.0634656256865806,0.0804200623032771
11.36,-0.518702732147917,0.267571116214795,0.810265340678013,0.0460463388550662,0.199979221309836,-0.0559767884796126,-0.973810811591066,0.0354141609059759,-0.228892124770365,-0.0231953749462292,0.479201137262851,-0.00970545247917721,-0.967110057005826,-0.0805921338519711,-0.135484018981939,0.280586281531307,0.263540895721256,-0.97588649584943,-0.909703865759329,0.0855886548720683,0.126340030596843,-0.389773288753494,0.0287351090776317,0.0715656227515804
11.365,-0.520170128395474,0.264280067962965,0.808470593454478,0.0438337202523786,0.205365836399118,-0.06569323167973,-0.970305181423929,0.0340342732604334,-0.228392868365659,-0.0516616155951172,0.475943911129935,-0.00657554135618954,-0.963356965249365,-0.0843200050055738,-0.144025623364088,0.2734617622653,0.280273868761223,-0.95627244003788,-0.904875960700616,0.0808739312355637,0.137965707770353,-0.375021202174798,0.00946858800074913,0.0608790077212357
11.37,-0.519764517078709,0.265536900452936,0.805635813032816,0.0451218433373706,0.211393105943142,-0.0752141728083897,-0.966765221794231,0.0232415701379377,-0.232452388486083,-0.0631974015207687,0.477541555448745,-0.00302550560546069,-0.959201086912566,-0.101696978867082,-0.150732282671172,0.292622631038337,0.28876279783117,-0.925274880530805,-0.895854322667214,0.0744265915392801,0.154017135871219,-0.369273564648775,0.00531367749289804,0.0492312892257137
11.375,-0.519341795647176,0.26323247936201,0.805761411524028,0.046690721064806,0.218091708270369,-0.0758898863030464,-0.964599279046969,0.0189566493688903,-0.236740306023639,-0.058243691118597,0.476410675392246,0.00304445646955794,-0.952554287567374,-0.109265376119006,-0.156988942845228,0.306125422307802,0.293597474604349,-0.915375006084415,-0.890101177200684,0.0707810892014538,0.165699897219382,-0.370369176990913,0.0138481054049739,0.0410829777342588
11.38,-0.52083165455935,0.25853332644538,0.807992589040524,0.0498643182980766,0.223258495330811,-0.073182430968483,-0.969694730073472,0.0268174125738509,-0.240426679199126,-0.0403670019969911,0.470902015925862,0.00554246620375232,-0.946139187189117,-0.104217751119047,-0.160991949208521,0.29749177669866,0.30006466650565,-0.940661860325856,-0.888412639940707,0.0716267751881411,0.168318498637126,-0.365634870493212,0.0310515916771106,0.0337781864077043
11.385,-0.525476236738583,0.257588964431217,0.805664725442916,0.0559048894731633,0.225907716561824,-0.0775803344495443,-0.979806810425635,0.0339645506417233,-0.242892787836464,-0.0100293756683003,0.467585234407559,0.00129696742289652,-0.941176999085629,-0.0996488698866929,-0.15903065724601,0.256581699989869,0.30562949879891,-0.994548974100999,-0.87846521907846,0.0687199037445857,0.1629942374956,-0.345778639117955,0.0521222206073976,0.0185285060545814
11.39,-0.534078131850287,0.25445583271875,0.801424354870764,0.0581069064761306,0.233663446268259,-0.0805111028067611,-0.981214401836944,0.0348974007767387,-0.24331744292424,-0.00257016590758113,0.47053437073626,0.000947281046871995,-0.943710409799449,-0.106426478333849,-0.144652458004191,0.173972645501955,0.31310310959816,-1.04855439908395,-0.876317400214045,0.0661648609171106,0.15036246173094,-0.31429706046244,0.081142400470686,0.00356521760604746
11.395,-0.527608691592047,0.261861542399883,0.808771512611322,0.0594773463636585,0.237628589415969,-0.0774774178862572,-0.974983565098295,0.0330190562598098,-0.245143299528628,-0.00632965323787039,0.476060378814379,0.00352160732907334,-0.957013827315609,-0.116707708686559,-0.133555655298894,0.0925870079766056,0.31314580876687,-1.07517048915813,-0.886702566296187,0.0716414239196256,0.146994659183064,-0.278122793281216,0.112964245702172,-0.0162259048782411
11.4,-0.533972226039663,0.26599946025557,0.807391926390367,0.0521654763834306,0.248074113408958,-0.0774774178862572,-0.977193044290313,0.0319225588608074,-0.239553410463972,-0.00113358021219423,0.466707459409818,-0.00375289363933049,-0.971439368923225,-0.128405294230193,-0.105813798394658,-0.0070159668097953,0.314183333064271,-1.0959210763453,-0.891343559255644,0.0697655704054229,0.157065620986093,-0.261535737361492,0.131624683611861,-0.0328129671202927
11.405,-0.527199777261285,0.271400641558015,0.811742129169442,0.0585178572942652,0.256845922282045,-0.0854092562437041,-0.982324108352128,0.04333552939871,-0.231697014958775,-0.0141593586999211,0.471556166863176,-0.00353330687458318,-0.975058212156813,-0.136617113320679,-0.0839914097373058,-0.0476780464667209,0.308721711770421,-1.09781653582856,-0.901552911947885,0.0682036099413268,0.16592170284474,-0.250482770563721,0.152169314957499,-0.0694525622912045
11.41,-0.526311976157081,0.276851504080508,0.813526451583043,0.0601293630897999,0.268904063257139,-0.0855482414112222,-0.991034120533628,0.0524684306967564,-0.233198527326574,-0.0318332671351956,0.473905805046616,-0.0024490067496325,-0.995850872914001,-0.165567113093716,-0.0645789273554896,-0.0504377222706465,0.309389451367451,-1.08395801982375,-0.909716338473849,0.0651928886286281,0.175036810759975,-0.254640288155461,0.159558829291947,-0.100860007297407
11.415,-0.532322686338226,0.272096976461845,0.81147323815483,0.0543152244326815,0.281342415862159,-0.0928020316887656,-0.996864561678438,0.0589954129593703,-0.235424344216561,-0.0589129131808134,0.475001157938192,-0.00346832839954291,-1.01770808276753,-0.200132989654285,-0.048805746942103,-0.0594316781206109,0.30999538416302,-1.07476695093098,-0.917263516231207,0.0620770724108292,0.177100850179512,-0.260624293141213,0.160462558269501,-0.127307282734021
11.42,-0.535676740176409,0.271467102250526,0.811549377123312,0.0521572513957878,0.289789034249823,-0.0988467131581591,-0.997016649080501,0.0582605333071717,-0.240627532083814,-0.0837111557480046,0.477249302413396,-0.00334770859184023,-1.03326227815176,-0.228527039909856,-0.0404591416456328,-0.0917568393668705,0.304544540383678,-1.06548278016646,-0.928796327734624,0.0597671875965911,0.174641811891374,-0.262372136116028,0.159432519222008,-0.148947656928133
11.425,-0.533105345331944,0.275671500012425,0.81278397217017,0.061069467261629,0.296654347088967,-0.107456310676735,-0.994379608879056,0.0542791392063113,-0.246638327271845,-0.0865978459019617,0.479183048009872,-0.00161014805560598,-1.04350900077998,-0.243280048363831,-0.0374530383713608,-0.128511493853809,0.29375064107353,-1.04831311433319,-0.940940761927622,0.0580706084010417,0.17362850531387,-0.261595890498611,0.152973591888382,-0.16568819444114
11.43,-0.528999461553968,0.275214332712537,0.81258749170112,0.073400233368407,0.306533031150254,-0.124452404245383,-0.993992116765302,0.0503502064741016,-0.249237393899487,-0.0667125237397876,0.477525820688907,0.00015748066090229,-1.04447138226664,-0.240075280519604,-0.0389223416277234,-0.134580783809324,0.285004138946533,-1.02792717313718,-0.946333695177474,0.0570718979865436,0.172851593458298,-0.259100705862995,0.14103310595006,-0.179842303363771
11.435,-0.529926035432781,0.271058588939716,0.813882238491805,0.07747737960488,0.320260918951743,-0.135874377995431,-0.997150868841827,0.0412538462004895,-0.255935696241978,-0.0427045953135394,0.47196574750059,0.00327175494996925,-1.03152755850604,-0.222858628316398,-0.0531138746054763,-0.0903043794317137,0.28378956918978,-1.00572063317377,-0.950150989558951,0.0577183115362321,0.169810848696546,-0.254962791769507,0.135299081267891,-0.188678692337793
11.44,-0.540561585376897,0.262141632648583,0.812214185149378,0.0847956524748577,0.33857253471029,-0.139420320993272,-0.997784388244459,0.0440102388631918,-0.270020939595263,-0.00396664265731816,0.467372074821879,0.00456115093444188,-1.02137482167855,-0.200095047946654,-0.0627372076116753,-0.0279158874963619,0.277263127800405,-0.985943641661981,-0.955011270348926,0.0589695668651506,0.167950933974577,-0.246353113568094,0.121859395273721,-0.190979523199665
11.445,-0.52931484692106,0.263792571709922,0.807756355185537,0.098079678905944,0.35416131646371,-0.136287281560521,-1.00099277747716,0.040264072928626,-0.275884557762919,0.0259693694245413,0.471807037821707,-0.00320003727351221,-1.01958298406249,-0.182208373902168,-0.0742806073903426,-0.00799905662829576,0.270624172931046,-0.979304740776642,-0.953883295446286,0.0526228690070795,0.166493664394308,-0.243027028493015,0.104120304172849,-0.195414294284525
11.45,-0.539889386391931,0.274433305564687,0.817877150586655,0.104649671533518,0.369491312617224,-0.150522272264851,-1.02364688371568,0.0365724960775791,-0.272408846472141,0.0772162035658786,0.462098894321139,-0.00978289845550413,-1.01194595733307,-0.178288208615137,-0.102190495746405,-0.0124007451821819,0.26300378958493,-0.962247184661403,-0.961041984801508,0.0620434287684548,0.171797206714855,-0.244891275350017,0.0916784773736241,-0.200849296949115
11.455,-0.533863978888072,0.273524949237527,0.816143896600626,0.113336839742363,0.391095487585222,-0.170011534059899,-1.02359224146619,0.0288659613891668,-0.264863576879594,0.128539112347695,0.467681224300289,-0.00963560996938514,-1.01293555757273,-0.181358960810747,-0.119408419244648,-0.0226443565471407,0.267418732917672,-0.963228422832282,-0.962074901390926,0.0606866890066029,0.179842853495975,-0.243421640952394,0.0702132432768527,-0.206409024130733
11.46,-0.53539127270185,0.26861147582093,0.8165574727896,0.120251925605843,0.410956361379237,-0.173991292715073,-1.01763938707089,0.0297204239139318,-0.26146971814772,0.16990211445559,0.465242010068751,-0.0127226915874302,-1.01523164938053,-0.180475246257471,-0.136006161645544,-0.0342682140148733,0.278705637517523,-0.983531079417371,-0.964790355506387,0.0602280823609122,0.192540783641521,-0.223557624348206,0.0531589418351809,-0.210983365717011
11.465,-0.533239981331781,0.270966835042808,0.81894856730244,0.138364754698451,0.436333095130355,-0.176887468070127,-1.0143414484256,0.0244228934246449,-0.263241058014445,0.220285145233236,0.462600857075035,-0.0100745895228148,-1.01647346767533,-0.167756391389611,-0.154840115433757,-0.0369461327529087,0.285099631154445,-1.01014966875251,-0.96915098501881,0.057986746599645,0.192975981698938,-0.197709861192682,0.0468449592590332,-0.217222561554624
11.47,-0.533122266420379,0.267275438794174,0.815634903283785,0.176001166884355,0.471808626360826,-0.194297863573517,-1.01195872758634,0.0136587355531436,-0.268394495377612,0.259936128624672,0.452966093059659,-0.00409744168931014,-1.01502717221968,-0.150293210207237,-0.177998343104332,-0.048462618941199,0.288338747055863,-1.03637636367273,-0.967268312768346,0.0570815035441467,0.185099081570588,-0.159952875836162,0.0382632149312954,-0.223863264234299
11.475,-0.54108528076029,0.255972892233578,0.8081884931306,0.22169604574559,0.503941691077843,-0.217513206855627,-1.00787624536785,-1.6871209647603e-05,-0.270127897145765,0.29988787635638,0.45511779112068,-0.00127083823166737,-1.00986569115076,-0.134643665349026,-0.20091875325248,-0.0945308589918785,0.29550215844721,-1.05511942859108,-0.958850285804789,0.0646827658743305,0.185338307335542,-0.100424553490363,0.0194273265075857,-0.232619000765278
11.48,-0.550704257484095,0.246680875906445,0.803712690102197,0.258051872102577,0.523357307502025,-0.230301758692623,-1.00111822092667,-0.0130989571400625,-0.265102510025847,0.360252109283926,0.478578643079053,-0.00205854699015617,-0.99984343777739,-0.116342675832741,-0.215425195245578,-0.166590493275004,0.305097166636609,-1.0606049377936,-0.951835349700675,0.0782191314193345,0.195954782388056,-0.026968009419881,0.00615220030133095,-0.245843010501078
11.485,-0.55308423066069,0.238673264434105,0.801797817011947,0.279631037997171,0.541175784937377,-0.231814272930173,-0.989942292886581,-0.0102098700072164,-0.258943886538249,0.412852006685992,0.484040447715695,-0.0044823517228948,-0.983934143029951,-0.0906027205849395,-0.220427937808882,-0.212847836835464,0.305827741708821,-1.06132312645867,-0.945251733246603,0.0803332075998102,0.194808464831594,0.032050785226202,0.0193322563204366,-0.252940319696501
11.49,-0.559246650475004,0.230097517821085,0.797006256085478,0.289816166174259,0.554905021949867,-0.221852757417844,-0.97642283232465,0.0131176314811398,-0.247041858307544,0.471149276881881,0.504045969942838,-0.0180220635689894,-0.974941275177185,-0.0653545290808344,-0.208046192678927,-0.22469544915405,0.297694149499463,-1.0718232759262,-0.952429681001171,0.0728014540822621,0.149497254696237,0.0397421754035646,0.0593555978737014,-0.269598673196733
11.495,-0.557173866338159,0.244774233705513,0.79870698158652,0.301807858370666,0.572347473656101,-0.212041371684717,-0.961573769691504,0.0321112794559443,-0.234428229206566,0.473332662411728,0.524788012637452,-0.0343973601703539,-0.965354082007496,-0.0532553595237397,-0.203546085955342,-0.253132615642838,0.281288092935966,-1.07072946589418,-0.959341547360617,0.0640631450123016,0.19593060461244,0.0139818460152162,0.104436167757438,-0.287845583544446
11.5,-0.552810515182033,0.250782393376492,0.799662486122939,0.302024871110916,0.57855542842615,-0.204007431688486,-0.96867705227588,0.0377230214113034,-0.225076789110237,0.448501736646418,0.535190983045713,-0.044627828535413,-0.964179822682556,-0.0296516148606569,-0.180891562146105,-0.306940971037638,0.26162480818536,-1.07250069904324,-0.970369707542176,0.0489670724380215,0.195613447054107,-0.0430043106489079,0.148060468675958,-0.296993019955542
11.505,-0.551645908744839,0.249656700475903,0.805647777803991,0.291419223142826,0.597941345599233,-0.198826985537955,-0.983188570056231,0.0290127455125071,-0.222907066708174,0.413174542649713,0.559184621412073,-0.0607102791555533,-0.959926647481731,-0.0282865193369505,-0.181997397025448,-0.378797494552829,0.247246950041478,-1.07539571236057,-0.975521941101384,0.0274323372395936,0.179968323773573,-0.092855174893218,0.174901796054539,-0.304667834702111
11.51,-0.562070573475291,0.246358887268184,0.802843474404964,0.284104569544871,0.621818002685306,-0.189729781635405,-0.995431733701,0.0244115845014498,-0.221362675833474,0.393722549295736,0.595835072721244,-0.0779083159728228,-0.975887259201742,-0.0319686227067708,-0.172590547311376,-0.457170521162677,0.241611039759304,-1.09450562109506,-0.974147791349899,0.0101153310930484,0.16583922020651,-0.12724326802563,0.181859375692126,-0.306264163709399
11.515,-0.567251279393064,0.247308297898782,0.799499530913328,0.282477766275406,0.651421583188293,-0.175480291374961,-1.00048726797981,0.0190726930049176,-0.220437722679996,0.394616854683297,0.623110124678177,-0.0922310667343559,-1.00250860211787,-0.032328560973426,-0.156657376709755,-0.522094410613538,0.237006475330851,-1.10795490561578,-0.965175198401005,-0.000488207565345083,0.160831685636676,-0.135603148404327,0.173218228735589,-0.299563436715873
11.52,-0.564324548491288,0.25059020680453,0.799991821105491,0.28291242950841,0.679362086873304,-0.166743427201321,-0.999422413112651,0.0160234151934515,-0.21642717991075,0.412149360886314,0.641875457031604,-0.1076772179512,-1.02145399148876,-0.0320886759718076,-0.139972790886706,-0.567444908374538,0.230868163818972,-1.08723659533459,-0.952827842187508,-0.00607363632164613,0.16466397525214,-0.111201113675906,0.153133860790295,-0.284597021176555
11.525,-0.566826015668343,0.254093499535295,0.799148287337327,0.282096308595966,0.701107034197572,-0.165898220122525,-0.997595137030548,0.0278908887341195,-0.205703193529059,0.440052004332534,0.671468597177051,-0.12751191459019,-1.03188186940025,-0.0287254089697751,-0.105821604619701,-0.606936943518844,0.231359872836287,-1.04204678995225,-0.945284221112934,-0.00335608511775324,0.178195513160832,-0.0641382560964076,0.126387663712812,-0.262252433772847
11.53,-0.570240434902049,0.26520691398182,0.800301776279273,0.277024951185561,0.734323050083509,-0.157453599963807,-1.00010312127975,0.0368026388300812,-0.200010070943557,0.455741114001758,0.699161602221503,-0.144560518291731,-1.02774088922621,-0.0191778680709901,-0.0817689605990135,-0.647613628973853,0.23737141684903,-1.00586155778611,-0.938120179750052,0.000738493991078332,0.196295883445754,-0.0210281874066251,0.111082384837299,-0.243915161558261
11.535,-0.576737958709344,0.277652003840237,0.793296547067612,0.273115154768796,0.764801421229472,-0.161093147817074,-0.994495880969108,0.0444181523000472,-0.195076389799085,0.468114982272958,0.724043426435886,-0.165214363985441,-1.02735587385529,-0.00465111784829208,-0.0538264369519515,-0.659768946539463,0.247260847602643,-0.976527059040493,-0.934784494783402,0.00456941468725592,0.201972271978335,0.0173148123101039,0.0957451782695454,-0.227482447871168
11.54,-0.578259623083484,0.296509700476472,0.795046005197744,0.260298890022457,0.789365961226966,-0.169637324314634,-1.00580962019775,0.0706017300368026,-0.183654283424119,0.487405305190928,0.765839134805811,-0.181289650512396,-1.03838806170845,0.00457803789092273,-0.0465157537972085,-0.682290346706893,0.26013024902583,-0.971164825888547,-0.926651922430211,0.012431863636982,0.209824804520326,0.0120870136994547,0.119071896665908,-0.20727388587947
11.545,-0.581883351492968,0.296731113173101,0.788614195960664,0.225645093348049,0.822989282311272,-0.179225744368107,-1.00511277550891,0.0892276564964332,-0.18781178847604,0.46133346475371,0.797913808453001,-0.201192870630328,-1.04749245385236,0.0115257334386067,-0.0182899430654659,-0.716797366108905,0.267368231708707,-0.951884815893901,-0.93378253514234,0.0150897799564756,0.215103563441643,0.0204073802727174,0.146301862673123,-0.183259652754558
11.55,-0.580631986227978,0.298135434683375,0.783818666977523,0.201045373664193,0.855861760560979,-0.186882318859003,-0.992399499545772,0.10963702787474,-0.175354141947334,0.43079303449917,0.8384550729715,-0.226083142238271,-1.0497832688175,0.0219882736102361,0.0153790566128626,-0.748799187984837,0.278682840153927,-0.92838798430296,-0.9400840602456,0.0264707335131934,0.209341594490399,0.0141408492012019,0.159395979084766,-0.155248641684549
11.555,-0.580624183947117,0.295868157854482,0.777154030239463,0.173449623539122,0.884433094202872,-0.196701653611045,-0.978063758092184,0.113571818252263,-0.16959011922389,0.368735719151372,0.881851664943268,-0.249817255069471,-1.04804382743084,0.0238057287348238,0.0503112640016902,-0.76901791281159,0.285567248881942,-0.889688445184336,-0.947739498433282,0.032799729334516,0.203530869859004,-0.00601767270977995,0.160723527444525,-0.127612957695956
11.56,-0.583805007599652,0.288186137774642,0.775690202905347,0.141645910455923,0.915583117218656,-0.207739829149327,-0.964555226766995,0.100965515355167,-0.175805983470395,0.29180074752808,0.936546910789184,-0.277873731419225,-1.03861380954904,0.0102432653254676,0.0795895986742132,-0.763802642134114,0.293219050321753,-0.824858744081542,-0.958648945406009,0.0306829776496091,0.205698861246919,-0.043901909563084,0.147528204273693,-0.100056489501125
11.565,-0.585648551618397,0.274091912479462,0.779916272427232,0.11251704929928,0.946443324359976,-0.215063468251715,-0.954681540289396,0.0862365445239531,-0.184754949270995,0.239470481547235,0.991616060666265,-0.309752882374088,-1.02522112316752,-0.0106964572591501,0.0860684252519193,-0.72834655849324,0.313557337389987,-0.747712892729516,-0.973947080726742,0.0288562800739604,0.211199782816068,-0.0963690433611203,0.1200582088599,-0.0706732731747007
11.57,-0.585536565601123,0.267311258878051,0.778564175292608,0.0946250881816622,0.966986833357603,-0.213730657882357,-0.95698148210802,0.0734218544642147,-0.190253353471855,0.214419677853584,1.02061069732671,-0.333534779223078,-1.02676173489618,-0.0300819445656621,0.0692354561200267,-0.683658225417136,0.335293814829958,-0.688445573457313,-0.996375617458773,0.0276693483326028,0.211981495097417,-0.135939880379122,0.0941865889763127,-0.0435281968665591
11.575,-0.59621670027671,0.299252259394573,0.77963688209485,0.0943123734326154,0.998820456135914,-0.20442660978015,-0.970438260686297,0.0605835991659566,-0.184521926323249,0.213929505932659,1.06744203354359,-0.365158126446964,-1.03471984802698,-0.0647396136933473,0.0906717533212726,-0.64959462421538,0.333188353417468,-0.628549707557931,-1.00890722024117,0.0337092976988562,0.227760254255084,-0.15379185420664,0.0690207336824102,-0.0169572550423659
11.58,-0.596845485937456,0.265527602972318,0.783317741874194,0.0488904259423646,1.0337292427078,-0.221556139252554,-0.980820295088508,0.0743620918130175,-0.204199153441537,0.209577041607507,1.10552610302462,-0.399977841048175,-1.04705451056463,-0.105388754129446,0.0959273688559953,-0.55829366332957,0.295146290800799,-0.570943119232791,-1.0113871812234,0.037932547200532,0.240563728745098,-0.155964948460245,0.0364243099387664,0.00586024124686583
11.585,-0.603090767337595,0.272102435676506,0.782906258517982,0.0291068792128132,1.07329639984392,-0.214961626468889,-0.999004257517929,0.0716676780158024,-0.220298985634345,0.16164712860579,1.15706305888254,-0.435156994400709,-1.05032912470814,-0.111463949562463,0.0804646137358649,-0.336383406341428,0.300931129281059,-0.475818851163998,-1.01127422335237,0.0503971232916904,0.25080994265737,-0.177528400345019,0.0325857597502249,0.0101810336833527
11.59,-0.602700165418603,0.279889663242376,0.78752488263415,0.00953260137604525,1.1173369114652,-0.210393647766071,-1.0148460944002,0.0575872967118121,-0.234079318909363,0.1471937580601,1.19576258011808,-0.45850205482108,-1.06177342111174,-0.11225614275329,0.0691925578643571,-0.231012106717642,0.325938075808556,-0.3932013470746,-1.01767080638968,0.0503967347999485,0.25636160552464,-0.19140159469818,0.0462374184083333,-0.00590495802195782
11.595,-0.607156908622775,0.279236680465967,0.786677209862621,-0.00586309719854591,1.1756142460547,-0.218741834536965,-1.01605368917834,0.0523158487461022,-0.243909011149473,0.131616487437071,1.23367146676746,-0.491838111293701,-1.07373481460716,-0.12480210271044,0.0566996974516655,-0.22639526925153,0.359044552097637,-0.328141633438151,-1.0305716971747,0.0489297426147536,0.257758017931614,-0.211962709347488,0.0662268142763173,-0.0299761362824347
11.6,-0.608875591730084,0.285561390638593,0.783731634803978,-0.0164315331682789,1.22973899296103,-0.22642320599977,-1.02672712243967,0.0384498888255315,-0.261817287843352,0.131431961120483,1.27310118166432,-0.510215777291158,-1.08398878881546,-0.147223470251567,0.0465435907080814,-0.289759312800952,0.368392557963066,-0.272633903716489,-1.04783723280151,0.0448733857636444,0.263722005140839,-0.218864676195515,0.0921782414829535,-0.0666990544459471
11.605,-0.612052539851722,0.294251072117663,0.784350099143081,-0.0233206211169161,1.28696463140611,-0.23629472586745,-1.04868997091398,0.028858007409703,-0.2815229240388,0.151948067396776,1.29933506868237,-0.524787765238322,-1.08816657991079,-0.161566778851629,0.0341795393056833,-0.352045630544315,0.358319806807286,-0.235644226664201,-1.06651145555098,0.0396295510804887,0.275014566252075,-0.203135336682489,0.113350319915959,-0.104908677950535
11.61,-0.61839868963066,0.297156311307588,0.788479924685298,-0.0274456588439097,1.35190727424494,-0.25361404242585,-1.06853645748053,0.0221431826325101,-0.30025314652555,0.192292336709253,1.31463374304154,-0.54115984167671,-1.089769609973,-0.158156953777868,0.00949985597288749,-0.390341601358802,0.345706558354488,-0.217276262600506,-1.08407973409923,0.0371378259501695,0.288392281212053,-0.176937477341328,0.114812235426756,-0.130187747503478
11.615,-0.625290246796832,0.291397604842899,0.777338226428966,-0.0281751433431848,1.41914198471881,-0.272849667361937,-1.07704418748315,0.00317333063672287,-0.320016335828711,0.249738708519499,1.33837422971121,-0.550167695648128,-1.09310760342097,-0.144489673967595,-0.0331069376226907,-0.432258184525521,0.333538225926399,-0.199168318508424,-1.0993790914882,0.036710071889477,0.305236166320905,-0.153941488477413,0.088565962166419,-0.140290424788795
11.62,-0.629795703484112,0.28087566146967,0.739444273066368,-0.0231835256300855,1.49164808236924,-0.28435079926192,-1.07760985028244,-0.0117495129664612,-0.32999772944988,0.30881824935967,1.37254371938614,-0.56275062962081,-1.08095549632159,-0.133491896622409,-0.086655284564303,-0.460859140526775,0.321351126769996,-0.171568144671048,-1.11383320822275,0.034497711888315,0.329484098320072,-0.138099589682019,0.0403255831088851,-0.13108056122182
11.625,-0.611229200532097,0.287413698209902,0.787005460406477,-0.00929378469722698,1.58716093727124,-0.310132969404684,-1.0717480153867,-0.0342004697652095,-0.340837298549884,0.368848872620323,1.39344271219703,-0.571397030871313,-1.06983841727988,-0.13661160203111,-0.155983607747938,-0.507088445810538,0.308368501247583,-0.108896917184824,-1.1131422979536,0.0675938035794681,0.347231079570345,-0.225550118954013,0.0181862070287348,-0.0336673138951684
11.63,-0.62409796629132,0.270664798684278,0.771743429977823,-0.00491397513004394,1.6473833826749,-0.321082475793848,-1.08236490687223,-0.041240388760614,-0.321694196694051,0.48111938106215,1.4099531087258,-0.572497688172512,-1.04159969420034,-0.146322114261907,-0.228959670788479,-0.53098438866284,0.322488816662202,-0.0828286170957916,-1.14989178455223,-0.0115049590638087,0.310425150507772,-0.0562335920218074,-0.0469498672021155,-0.181194593654769
11.635,-0.644101572716544,0.249599664089406,0.768740101480372,0.0391096848669407,1.74408561970072,-0.313486749364458,-1.08038701379436,-0.0670233776697656,-0.340932937068584,0.562179894477058,1.43078576392868,-0.575660903545734,-1.01434431116281,-0.123068860102049,-0.283987168935901,-0.540647470056815,0.336985588846177,-0.0798571705818176,-1.10423493427258,0.00047360097977224,0.42023622954423,-0.0966407891647985,-0.0984088578035998,-0.0768043529556497
11.64,-0.656301940080686,0.231567855584736,0.762035479178913,0.0707006221119479,1.82386868966582,-0.315736571731872,-1.07781699987851,-0.085415772372938,-0.338647600404179,0.681278383075076,1.45613518562796,-0.581651747330482,-1.00324715994175,-0.0815307086941771,-0.325662832292655,-0.536112842807206,0.339102202719438,-0.107080607367246,-1.11284537506947,-0.0291790870062327,0.431355285474691,-0.00343496296217736,-0.0776553180164024,-0.206932029949428
11.645,-0.69357357494095,0.344996657151406,0.838030165398787,0.129032059338726,1.94158757012477,-0.299267627080407,-1.08120484129588,-0.0883562305410705,-0.34401497803529,0.782335474666357,1.48185875263964,-0.593753372853691,-0.987644554206582,-0.0251195637260411,-0.352412408020549,-0.498961034702052,0.394656297903998,-0.110175975159228,-1.11598121572149,-0.0511221222670618,0.470967428350684,0.226282090259739,0.0020573519192983,-0.189247350082185
11.65,-0.564929696087118,0.316851159722159,0.810606911869399,0.0920076855862492,2.02692101947833,-0.3253548128251,-1.11873114077639,-0.0571814278499383,-0.232262088244599,0.912836510379912,1.51031506157417,-0.614651104375351,-0.988580475336419,0.031888228693435,-0.359397392775389,-0.632908808426412,0.395564387780071,-0.114512678362463,-1.11537584940931,-0.0478559420533133,0.486244110186067,0.322337417321398,-0.00147061186984394,-0.105673020710287
11.655,-0.592501686265476,0.249827186407753,0.752946440424144,0.0627120383148974,2.11012911701095,-0.332252010541202,-1.14502386116134,-0.0524272424502237,-0.265689332519335,0.919140307326318,1.51484800060565,-0.630235771124822,-1.00059965702412,0.066007192720342,-0.333866564860698,-0.838695858798818,0.365673527675497,-0.130553187713557,-1.11978391119485,-0.0540877803038622,0.432371615786081,0.239864802117697,-0.112982602896736,-0.12023418198084
11.66,-0.757224689681538,0.269030593025877,0.781133326682296,0.102320798505314,2.23601668004809,-0.286989578972083,-1.16715687028435,-0.033575130669404,-0.388894043852739,0.917440835349483,1.52606734411217,-0.681221384850708,-1.01932035857828,0.0695192553990587,-0.269885485697233,-0.966512095607473,0.366744220950186,-0.157050797790113,-1.13779062021146,-0.0824193253502712,0.368145365893578,0.157552117656847,-0.26242576680211,-0.177145218890884
11.665,-0.656759726442054,0.306822741161354,0.827058411618462,0.113445394156072,2.38648826839037,-0.275298040243838,-1.24512735319812,0.088761991953396,-0.188951508732996,1.11956633210245,1.60061046269064,-0.78369636249541,-1.07761297403158,0.0671875861816329,-0.197733449859154,-1.13326057950562,0.346839009213385,-0.206527723367946,-1.20276293153775,-0.0872227339654164,0.366608686904031,0.238969064201168,-0.416871946689973,-0.147126553542175
11.67,-0.708722508761131,0.413266030762795,0.791264460488694,0.120432989275336,2.54565106370313,-0.336505170724443,-1.25529694622269,0.0588042401597883,-0.25926535276207,0.794210063361488,1.61742472564225,-0.740224885945827,-1.17134790232025,0.0586279516835472,-0.147264907363651,-1.29443862164898,0.349021827294812,-0.248763804272506,-1.26027223501774,-0.0771304349474983,0.376243744467094,0.441537101339376,-0.563345018159845,-0.155498524079993
11.675,-0.648179279826259,0.436336091906625,0.775486177566862,0.0665532202486926,2.68409054012917,-0.449562500616786,-1.2429014670815,-0.0325757153227167,-0.262149549247627,0.818814119891555,1.64385524434551,-0.730777543263081,-1.25949332301578,0.0470432115088551,-0.0828377617192511,-1.44476340731273,0.392810826645501,-0.225634968137647,-1.21045296180452,-0.0799294706941148,0.381515454312771,0.396255072716211,-0.266250737402837,-0.0770833050955853
11.68,-0.687226057484683,0.383828707373875,0.729056639435829,0.0995739596051323,2.79636102172042,-0.543121297927417,-1.20120089943723,-0.049840997639734,-0.21160223749482,0.804490322962129,1.66038268166542,-0.653649645787502,-1.28086020888764,0.0348011831094091,-0.0293998954565337,-1.54585515529744,0.426508084812656,-0.132152230547508,-1.2523026685038,-0.116141188580648,0.256290644096584,1.27768510915105,-0.0218059969052894,-0.0832242131006487
11.685,-0.695121144686558,0.315340719309649,0.781693674040805,0.100632009778079,2.93802348892488,-0.640128908502863,-1.19980173937976,-0.0558925876547005,-0.221554302197184,0.895893814255804,1.69740539716681,-0.637953288406133,-1.26820088598968,0.021834773856132,0.0117473575538647,-1.49829880050168,0.469845354068441,0.0344706342239466,-1.26842580982694,-0.0332389792910829,0.141753358788133,1.66854326209022,-0.234665234728039,-0.161571289039167
11.69,-0.6727027070431,0.33415488121984,0.803771477628334,0.111505753780313,3.0977883519317,-0.687898625872348,-1.2602728990728,-0.0150414456256211,-0.177916521245823,0.975532835526863,1.75574388250501,-0.690014047433921,-1.24807964163178,0.0276279788267492,0.0493502652536439,-1.40084525282349,0.477498988559644,0.159360624345009,-1.2653552533664,0.0423146828434649,0.0660841414847291,1.3426538002595,-0.584117944117664,-0.244155408327662
11.695,-0.648007003756398,0.376259512757419,0.834714801887467,0.119135599821845,3.2595621071232,-0.731144079131268,-1.32310943816392,0.0117858677374388,-0.16645382263081,1.04208224734531,1.78981299906285,-0.754757710326757,-1.23984218556607,0.0591316139524271,0.0585299453382286,-1.29471472619056,0.453104571562823,0.270272051342264,-1.23369476817867,0.11645531042191,0.0767615369922251,0.604662890891138,-0.827965122454685,-0.263295795383954
11.7,-0.629618489913783,0.414092221836857,0.827414917320963,0.119837391609102,3.42832511366027,-0.801879035750794,-1.36972726639846,0.0223983243403602,-0.137699894231048,1.07780037444646,1.80393203423627,-0.800223964400377,-1.27526064379869,0.0904525920235562,0.0537357214660172,-1.24317362928844,0.421681741315309,0.371574179890917,-1.22283748728608,0.143690007385451,0.13416665303793,-0.255559528040185,-0.86094319695715,-0.32569131518386
11.705,-0.661315613744731,0.420662305373704,0.79848015869702,0.055141857170056,3.62880532975173,-0.902129092532365,-1.39289414480499,0.00800520266371103,-0.150298349035055,1.04194346696634,1.8190452687019,-0.815330010934896,-1.32429629996007,0.104526975964612,0.0530855591395028,-1.23768474363664,0.387925833648564,0.505379381958623,-1.24281897311285,0.109475699191973,0.193007168769442,-0.533289193218082,-0.754908838496941,-0.33670799696
11.71,-0.703889554116337,0.41601773281317,0.785128084144308,-0.0180107864206039,3.85895889286563,-1.00722518575354,-1.39686636179818,-0.0165244069521203,-0.17459801945194,1.00452097598872,1.84382331576834,-0.821908753837861,-1.35125927978962,0.0839648470059949,0.0585020974020042,-1.24644770959909,0.352070815274573,0.668327484117388,-1.25024357989185,0.0763582631034309,0.232108154959254,-0.022610647489277,-0.610654776608515,-0.254174933068055
11.715,-0.689625466589732,0.435261325220929,0.785542735977056,-0.021210045688305,4.10272412799519,-1.09738040779365,-1.39216759955466,-0.0224092343516998,-0.116699744252036,1.04069746939823,1.86569761800002,-0.833223071845672,-1.35601466736548,0.0135716320371659,0.0575238635446246,-1.27518451893638,0.318357499556403,0.793688794610759,-1.23079273351066,0.102707955872078,0.200011787678859,0.55346014534277,-0.47929080157467,-0.255419432460112
11.72,-0.676630670957564,0.445692678354167,0.772691621370073,-0.0630484017358805,4.35522927822669,-1.18583379938743,-1.378617056972,-0.0387528731136487,-0.117309231325952,1.02247250737056,1.86003664247022,-0.807788357697956,-1.33363938731973,-0.0636367655940105,0.0336696173078988,-1.32047709983341,0.272278338619773,0.892875719349067,-1.2450867603238,0.121720133172397,0.0580217183545528,0.672547619548862,-0.499100388799974,-0.162904442760193
11.725,-0.695081766206068,0.414144118357522,0.751345908598531,-0.113878198841425,4.55793724410418,-1.27912138819393,-1.36882776429027,-0.09357572188395,-0.180449879162467,1.06905493224084,1.85332988291028,-0.80355501578077,-1.31247072734031,-0.0649330953801042,0.00669088517136224,-1.2490824115028,0.231638307109878,0.919236754245743,-1.1953144139551,0.0944091171109496,0.0239895853775505,0.200209053261891,-0.56736376439085,-0.123267638398362
11.73,-0.695044387420131,0.407492056116503,0.732063047305862,-0.127012022904821,4.80419594802151,-1.35792430587518,-1.3696756869172,-0.134945810006848,-0.147107480896097,0.97934545489337,1.84020176044562,-0.806837073084669,-1.29037394014268,-0.0183662913031478,-0.0488565179402526,-0.913838853883639,0.185775316237087,0.955218740596442,-1.15083114989041,0.0435070026899601,0.00271766157741608,0.143800307504514,-0.595548702735059,-0.0573325192624702
11.735,-0.734842478443857,0.398853391792116,0.675575420531143,-0.124964359733291,5.05859053831264,-1.45940150557904,-1.35295974595446,-0.158160700267047,-0.162640984818127,1.33228825057533,1.81111061025653,-0.775362768498785,-1.26182626242819,0.0420364537227085,-0.124864198457138,-0.451169142483122,0.15112421197491,1.0904292314156,-1.09138738493005,-0.000530805477469363,0.0796497188356066,0.281548892568754,-0.407806185205101,0.0191630336643905
11.74,-0.757631944570318,0.39428329580299,0.651984561110282,-0.132330133675102,5.28733349426312,-1.522227396757,-1.30973656219268,-0.16086320126805,-0.150751532542017,1.56314238750786,1.8125003943907,-0.755096374275481,-1.21667366881658,0.0988393533487146,-0.214657862712086,-0.141597018148822,0.130814060532279,1.2457010272672,-1.07272628371003,-0.00954415185450856,0.0971946502474259,0.569098411804744,-0.133326542987015,0.132003445068609
11.745,-0.713802326837208,0.386802733714984,0.65674501959588,-0.116224053785525,5.46189147530114,-1.58527123250547,-1.26083333173786,-0.132757698137782,-0.0895739407274078,1.67470683848823,1.80978134367678,-0.731187196459621,-1.1328368774334,0.149963583567965,-0.303063212071581,-0.00806661510121537,0.173196710849182,1.42530300429621,-1.07634010699568,0.0324881649079202,-0.0802951892713957,0.161512067189419,0.126315800329961,0.162860763406786
11.75,-0.707955245764106,0.406831662300975,0.63579689695587,-0.0687268932571693,5.65894418688353,-1.6403599932742,-1.21479893365591,-0.0941577675415196,-0.0477338424897724,1.73359132343371,1.78884312512375,-0.717361061703221,-1.08367594803257,0.159788991983344,-0.360943765343278,-0.0455340351506881,0.246803935070318,1.59430167816529,-1.05293510687604,-0.049908984464541,-0.106987711547456,-0.253809187198843,0.153762351746105,0.201423096546583
11.755,-0.715717421932642,0.401265994063128,0.600326122580723,-0.0534727872906724,5.8777093128583,-1.68052619483169,-1.17619833749004,-0.0707569101686699,-0.0478477621516487,1.78112373272211,1.75897954830395,-0.724032320656898,-1.04409526972043,0.136566783942967,-0.382671048822026,-0.156780421701265,0.294720848123595,1.69622057380593,-1.03407497033089,-0.195972460472128,-0.00289698574776697,0.0117487937750382,-0.00539524903718837,0.284551867052861
11.76,-0.709791610938469,0.351243786514089,0.570430157220332,-0.0620749664769466,6.09628055486591,-1.72171904279539,-1.1512084035783,-0.0530291584583274,-0.0595200704752833,1.82273544021456,1.73669031030194,-0.751250572485534,-0.966867969436709,0.100570157907152,-0.394201304699146,-0.265785776579849,0.292817377682979,1.70052962547064,-1.04565068033221,-0.213676805277232,-0.0597602078950251,0.591956500063752,-0.220899009222487,0.32321573238465
11.765,-0.733316843359558,0.347992945716104,0.536569819833328,6.95516736061268e-05,6.34728261503969,-1.78471665293584,-1.14533444365179,-0.0146385282184232,-0.0683581153557524,1.82400107358392,1.72451331133474,-0.793070242135453,-0.937759531004913,0.0367620678664598,-0.427654015697327,-0.434561024329615,0.262563603305552,1.64337505492359,-0.993016956065349,-0.194985373701975,-0.117055423330395,0.693476953773314,-0.594706149617532,0.296684720213062
11.77,-0.702658930733563,0.4095819543134,0.532347287070713,0.0568115348295566,6.61479281655231,-1.85988272512741,-1.15713815186601,0.00240062336575883,-0.0900765028296363,1.74653031180521,1.69175900734808,-0.825955120335746,-0.934076455604884,0.0113115936758108,-0.467201528518514,-0.625303419971645,0.272301160468858,1.64930001917813,-0.920048486544911,-0.224888319030611,-0.0719271724377482,0.41159811755579,-0.796167451371942,0.280640909725101
11.775,-0.856743996567812,0.301410648265587,0.517743276416553,-0.132878662202955,6.71614898751614,-1.90613933793522,-1.15489826179927,0.0349166946256015,-0.0153112620984266,1.83482776414567,1.67052291259608,-0.860603508417591,-0.929278226829034,-0.0179400148702958,-0.430455525770057,-0.571652015207655,0.35389602566388,1.78007536600652,-0.832926247589075,-0.270291835269487,-0.0156206632829136,0.315413896977811,-0.550114816921057,0.234785627181877
11.78,-0.993364680642019,0.357523132080854,0.413449874388089,-0.0333589640480333,6.87869797327355,-1.98686085282515,-1.10153519188989,0.0476067243261587,-0.118575646753418,1.46856564048372,1.63616600703291,-0.862012016088465,-0.916978916041713,-0.0701920120196454,-0.43654052258029,-0.717405955578981,0.191642106451475,1.8207936957759,-0.813949194618167,-0.262956566736553,-0.00206556306738509,0.162507662187574,-0.16015488182031,0.141687304430533
11.785,-1.32789602149977,-0.0302648125595585,0.12153294405256,-0.170877404548609,7.01228419282383,-2.06365159236492,-1.06281058000388,0.0473673499393032,-0.17528484031815,1.23516679983276,1.64327378705254,-0.885719357942908,-0.910596805430312,-0.0649352524474102,-0.441181224100366,-0.760845529512433,0.178574139656237,1.76916338510928,-0.795336795692243,-0.272637702695807,-0.0140243783114255,0.361440125326774,0.00884583102955134,0.0898152536460601
11.79,-1.47743018400914,-0.0544691038013521,0.218436960415769,0.0367641415956835,7.26738389964255,-2.18269489231832,-1.02753268285643,0.0537100765618328,-0.338127621217963,0.671492379212463,1.67199309112543,-0.901888875105938,-0.94448002804099,-0.0293168596655299,-0.406815983499236,-0.77209075788415,0.145887560531709,1.73543015702489,-0.749851242638415,-0.223305184149192,-0.00371796262507658,0.626299324694633,0.0546118685651807,0.0869582088570301
11.795,-1.79204816092664,-0.0467486540185886,0.345455408382644,0.241783065967777,7.05383632835158,-2.04340076944866,-1.01089740876124,0.0142872667061856,-0.492411623107252,0.169042005357539,1.72907300582796,-0.925621231026869,-0.976374594916637,-0.0100608887909842,-0.379443363435085,-0.766496905928911,0.101892708414131,1.76645444728389,-0.691219799560514,-0.181465310363967,0.0164700303812384,0.710393213943406,0.0890328520487583,0.109645803417881
11.8,-1.95912615297554,0.0555582610424725,0.507527836399015,0.478385253290498,6.60994439054367,-1.83499266178114,-1.03236010108768,-0.0152883878617255,-0.585789257255131,-0.151205929137603,1.81420615646762,-0.966125275574241,-1.00263721463909,-0.0203302215892442,-0.349549935051621,-0.807788302067596,0.0498575191075418,1.81262558610877,-0.660625840412866,-0.15755670936923,0.0350975486658028,0.723811473337307,0.171199055530364,0.116118472930729
11.805,-1.95191834203291,0.252275824869071,0.670027668430007,0.699433274410672,6.10164303281372,-1.69890330087276,-1.07573461862145,-0.0199757501387675,-0.634612185743362,-0.331209704370168,1.89435187529312,-1.00026672266829,-1.03845424202427,-0.0554367028042342,-0.310973061365707,-0.898534904395767,-0.00786928208227639,1.82723684219517,-0.667555242400891,-0.134205202399841,0.0507493206175441,0.746472602958456,0.290339888902245,0.0796446672236462
11.81,-1.92914888511528,0.414207838864542,0.73387765150532,0.735158057798724,5.5351237905073,-1.65612843922398,-1.11176775906115,-0.0205296612784939,-0.650491219615107,-0.375692937835247,1.93583984832876,-1.00609297329766,-1.08955659644139,-0.107576558754813,-0.277008462652942,-0.988026597632951,-0.0655819140635139,1.80800425360966,-0.700214289072341,-0.110784080650192,0.0615108573358633,0.750934081205144,0.410703280727376,-0.0051236738420947
11.815,-1.88191371995261,0.455061277363454,0.682992014963549,0.528674245462367,5.03064003708524,-1.72620405903974,-1.12871284110628,-0.00916340966412077,-0.617794321257086,-0.293220504016548,1.94379633744853,-0.997854426077532,-1.14416328690749,-0.155921615614809,-0.249720776425308,-1.03521454118016,-0.137217280927985,1.79769388437898,-0.754029994995837,-0.0866888695117905,0.0656806198410254,0.827684648663903,0.501484965863294,-0.0974898824250223
11.82,-1.75153470946097,0.51883826070315,0.541135690054109,0.326563712513687,4.58770672071871,-1.88766562379413,-1.14787402652569,0.0177807538025258,-0.528954542749522,-0.208141536251392,1.93359400754328,-0.972163613744237,-1.20354376462783,-0.211073518435155,-0.240249491385407,-1.01053100801641,-0.217020094547051,1.81445523010161,-0.809305546788521,-0.0675771232740987,0.0769631364578053,0.887277026231657,0.525712247228976,-0.127208687610008
11.825,-1.44456501579722,0.446046106749595,0.54153153793332,-0.00660942695484937,4.30819895322008,-2.09002925619067,-1.14647081269223,0.0282558251694946,-0.434165969106468,-0.161153481690465,1.90003106269372,-0.884900066300912,-1.23797680385208,-0.244272514351109,-0.238033504118001,-0.896377227384803,-0.276335250926719,1.86257878315275,-0.865026284729789,-0.0397637904140902,0.0772786402152327,0.904066563147338,0.50780344425825,-0.0981068827825782
11.83,-1.22731141865248,0.272152366080917,0.489537141373356,-0.181861999989724,4.1152905855267,-2.17278331243126,-1.11349524311451,-0.0109038739533388,-0.43887071054088,-0.235516577488765,1.8441302969557,-0.807724489332767,-1.28371481964609,-0.257623537812882,-0.239677562762973,-0.706673476639743,-0.321184543947569,1.93399415583574,-0.916337263285684,-0.00820833955576622,0.0640709099096555,0.828955853092486,0.36319314259855,-0.0137852839181527
11.835,-1.17944496624101,0.165137959948261,0.520515920261716,-0.144901638944878,3.97511112072668,-2.24009049204871,-1.0676317078574,-0.0302680640379324,-0.381073251189713,-0.200226376092449,1.80814413993432,-0.755358056320967,-1.29389938220746,-0.269748450513242,-0.235045903597114,-0.585414614752882,-0.35292088630554,2.04519713909684,-0.957519046082223,0.0045747534130879,0.0506069938593028,0.726756991695329,0.206244244952527,0.0680824156576249
11.84,-1.21345493516624,0.170342515101539,0.57741568514261,-0.152115959274507,3.86111605363268,-2.28530741329842,-1.02070681191067,-0.0583738156620987,-0.369013132115988,-0.21315929807382,1.74872840781382,-0.708219145809642,-1.29058374391673,-0.274090720940649,-0.223769729081021,-0.498788402912057,-0.375194418327041,2.11437376132346,-1.00305789027636,0.0114052662866323,0.0301294747632734,0.626116739882677,0.0431614943387277,0.153755338046126
11.845,-1.23891371192588,0.266562870687723,0.561540904418306,-0.0412282938403981,3.69598495133946,-2.27250231441549,-0.981471767931811,-0.0535838804330554,-0.39448045233325,-0.238028000006298,1.68854410241685,-0.682226858235811,-1.263408006273,-0.269663598295951,-0.210508638217533,-0.412878920937331,-0.390087962129718,2.19042279775935,-1.03792069032126,0.00449921831594419,0.00965814243544307,0.58339678185094,-0.0815397164459457,0.223841084447899
11.85,-1.22403608777622,0.519536443166462,0.563535805601083,0.172948054513689,3.54811541243645,-2.17516129785965,-0.959732548814192,-0.0249404045920676,-0.360335469101262,-0.164863151087893,1.62859401069326,-0.674274532284706,-1.22881107483891,-0.262841137074823,-0.19223837852706,-0.326188530933182,-0.395479708909988,2.27023175053154,-1.0695232504556,-0.00659497260651963,-0.00287267803670654,0.592621325089183,-0.156682922901287,0.272252115951922
11.855,-1.18492046147376,0.605716188694321,0.607492247590863,0.207551763698046,3.41827939679119,-2.12616543872339,-0.923798480359349,0.0465648638435612,-0.38482563487645,-0.199582124687465,1.53213226254302,-0.644212542653029,-1.19974719170185,-0.257940007774136,-0.193471245357921,-0.228522255271532,-0.385744199204664,2.35066117877274,-1.0934298080814,-0.0175611110457125,-0.0071816829611161,0.59643276630863,-0.19612834716765,0.293311173471251
11.86,-1.26966501147695,0.559999642232533,0.805126583469143,0.341463051846888,3.17405836374339,-2.0372960080121,-0.879639737506381,0.0930265496120776,-0.407012942580419,-0.190430096077269,1.48739992415242,-0.615709624613642,-1.15225168393623,-0.247588839452192,-0.203239296986774,-0.152485220188954,-0.407859584974427,2.41298526281362,-1.10702069250213,-0.0367061060091797,-0.0102937606589208,0.560007062415384,-0.220730411360474,0.297138210781564
11.865,-1.28717872948517,0.464380845843346,1.19799981412689,1.01321265379723,2.68512099882724,-1.96373122595265,-0.834828955414395,0.19321025534602,-0.401269390610874,-0.240185393765692,1.37806402016765,-0.549205996805945,-1.11481233730092,-0.24136191350854,-0.233104279570981,-0.125434174523257,-0.431051231655389,2.41271189369565,-1.11177550352903,-0.0509980270588225,-0.00767340912050127,0.508350318481498,-0.245370191553239,0.285092774748282
11.87,-1.19631786997018,0.55701354368742,1.21606036983687,1.20410366107217,1.74379851762527,-2.05618415284609,-0.772804051882683,0.188770274665148,-0.595765407147008,-0.568316216790879,1.30399149935532,-0.499896748002331,-1.09233848752558,-0.196456456526848,-0.260663615490751,-0.104165488293776,-0.459481710015642,2.36747746585856,-1.11266097858896,-0.0682740957851685,-0.00823527294036563,0.454095245235976,-0.269019543296281,0.254156048809138
11.875,-1.24238488157929,0.767704861598457,1.16862560904685,0.515516773038107,1.13403174914762,-1.96153401245688,-0.731626111174239,0.108379974485547,-0.771900894292668,-0.731279266806422,1.29244223838987,-0.480452648019586,-1.06112409938852,-0.149678594140751,-0.274586625018201,-0.157200424400284,-0.489841038266079,2.29754329507979,-1.10055714909917,-0.088328769986422,-0.0103447028645639,0.418003077146382,-0.29526571158928,0.216338053358415
11.88,-1.34848777189296,0.656188173733215,1.35101150479843,-0.206755968248595,0.31210513649521,-1.59624035561466,-0.727571411321679,0.0553768300213048,-0.708373840920003,-0.508369248386191,1.2406601964118,-0.502138971196813,-1.05613547688628,-0.114238838189931,-0.270021192279854,-0.16475647687912,-0.535230522886917,2.19778409952838,-1.08212088271646,-0.0935771223019967,-0.0128156210220271,0.389117463996827,-0.31879609295293,0.166199021075678
11.885,-1.36095704649077,0.573362980430137,1.37706349776272,-0.0326202726603615,-0.486358895069969,-1.30918071448872,-0.746736307201131,0.0255126874338754,-0.657496504750324,-0.27641782565766,1.10747277955116,-0.493647793870262,-1.0645911057595,-0.086483907195915,-0.265653457170257,-0.073053851592025,-0.597388762871442,2.11828004244324,-1.05251268527956,-0.0996434808339037,-0.0103383640412131,0.380905889892411,-0.319663375616074,0.125121144109687
11.89,-1.28628158788551,0.62799623634812,1.26743797262088,0.364641537997635,-1.2362746336727,-1.10409149653821,-0.763256864604886,-0.00625468532741261,-0.608469678351311,0.205292442984076,0.988502639229622,-0.478593354604438,-1.0822975225489,-0.0707071071024491,-0.260007673072767,0.0610058942108126,-0.652370947090236,2.08317955000006,-1.03722421986402,-0.0981389834833729,0.0128409767008187,0.394141416786618,-0.317337805344513,0.0790875055041799
11.895,-1.16051471100165,0.634194277242149,1.16719622250235,0.536464565232552,-1.87506299553907,-0.960830550744267,-0.758800963586149,0.0091620285925837,-0.495765602001349,0.752290240036919,0.908464389420954,-0.46320012585005,-1.09509753119886,-0.0688782958889115,-0.263749792528843,0.169459496243878,-0.679949111037346,2.08317943811827,-1.02653373287253,-0.0949611889803495,0.0412085320465858,0.414238209731891,-0.309441257409338,0.0397471503524255
11.9,-0.97838054962102,0.608010989595205,1.05548863641053,0.666505816029968,-2.5274490785122,-0.804686811918692,-0.733374502390596,0.051087899001983,-0.408621798672579,1.01624592479199,0.760872802756176,-0.376991726309532,-1.10818925433599,-0.063034782019469,-0.266652141551495,0.238649042873981,-0.693143317593163,2.10019883365605,-1.01397901743764,-0.0863814624354739,0.06652823081297,0.428489288949095,-0.296111911469363,0.00417218708304592
11.905,-0.854719999472338,0.635575772677857,0.948559258230691,0.698065017951265,-2.96990495936932,-0.661250094791248,-0.705787146863035,0.0853610402576435,-0.328682644244538,1.03465980079543,0.632614690371984,-0.284926069822868,-1.11604654220096,-0.0597313406064325,-0.270709896506559,0.268377691880539,-0.706102773727148,2.0931086839449,-1.00024001900668,-0.0713415313603658,0.0998144263945252,0.444893981672176,-0.280759223983986,-0.0342299087502305
11.91,-0.727290489768777,0.639553679838807,0.820369101721767,0.607421701580634,-3.37539767358687,-0.530550358177429,-0.687494212258286,0.115285053845851,-0.253851311679077,0.954787936729374,0.486358375095992,-0.173778262043539,-1.12650625472933,-0.0680146842963854,-0.284530638078973,0.292803229001769,-0.702115986334211,2.05684794494663,-0.989189393864392,-0.0544716702588205,0.130224485762223,0.455277196251777,-0.255851541988414,-0.0549963507856927
11.915,-0.59416113258991,0.583054069518542,0.714740332404778,0.498881056070859,-3.66648959538617,-0.461012712529132,-0.66445262274947,0.0659732123676455,-0.165200204514184,0.906870695187768,0.319248654172932,-0.0760282473598761,-1.14909907132981,-0.0846197294938722,-0.288812905607051,0.324801594175262,-0.688818615390804,2.01085869176398,-0.985079571713849,-0.0343349426129327,0.159211833098176,0.454763772606986,-0.220408769510451,-0.0640451600561341
11.92,-0.418157200535929,0.468395286978092,0.556239637222641,0.450267813055675,-3.92980563594586,-0.413472668293541,-0.644948630594215,0.0116078333110963,-0.0894695982667691,1.00958440108535,0.1443297657965,-0.0311598265435806,-1.17402273490092,-0.0864090018763707,-0.304034679724975,0.315407276553822,-0.683412581004964,1.97969211691214,-0.98832270500472,-0.0200421373670208,0.181548528860695,0.448796084610744,-0.181313198648319,-0.0685209181107799
11.925,-0.270157154146768,0.334828981266254,0.422596679579147,0.573326530424785,-4.04888656514443,-0.384928278794793,-0.614085952725751,0.00508221565040492,-0.0124589078566958,1.09195219297622,-0.049211573989618,0.039790356360816,-1.1890588241808,-0.046443703718808,-0.313683713950929,0.228864497877646,-0.649657925713355,1.95878751544362,-0.994344621534396,-0.0044240154017796,0.205244784698864,0.435227426622223,-0.245908543346171,-0.0571903629109618
11.93,-0.0402740961457502,0.275052789257143,0.345220627151793,0.935202664707034,-3.98578151377289,-0.3539076291921,-0.605424961592868,-0.0205106119000278,0.0268495210317703,1.10497991087055,-0.250985372876362,0.146894981105079,-1.19333118419627,-0.0138733214021806,-0.313783734047752,0.183369070507502,-0.619646036908654,1.94838299210926,-1.00123206466167,-0.00161358534683615,0.215949602272991,0.413966379704844,-0.0945140420446044,-0.039680091658465
11.935,0.00951653797521547,0.305145765448255,0.317469429193619,1.13810988181096,-3.81742754724426,-0.280989368014384,-0.605528585852039,-0.0100045717175871,0.0396275159735262,1.14635860633162,-0.395970393967668,0.209840132279236,-1.18112259784015,0.00540363784397528,-0.304050213919827,0.194183350266556,-0.574524312506437,1.93519384561694,-1.01107994864261,0.00284125604809716,0.208068179922275,0.37390329129311,-0.0766232402175753,-0.0206768254569341
11.94,-0.00103212324111384,0.343049042004328,0.327308698986089,1.34647856585807,-3.57341121435939,-0.184224103823101,-0.579878370107501,-0.00277022593130177,0.0103558709937102,1.11340762093476,-0.565228587970526,0.283146850159379,-1.16540557084518,0.0081857124850819,-0.292532077685108,0.211907485408601,-0.550082663160201,1.90573674914322,-1.02061545116024,0.00638028336650717,0.206834625226445,0.353107913379059,-0.0665223378373287,-0.0065564078692603
11.945,-0.0431717554592839,0.431390168963835,0.36851097308517,1.49932548002184,-3.34290914678191,-0.0941361313056534,-0.560951613430307,-0.0116498059654692,-0.0641443605227899,1.18380101038417,-0.73845380715674,0.356501695453843,-1.14923028991199,0.00937790662721019,-0.286180347856105,0.213226648092851,-0.536061320828601,1.88270709819887,-1.03266797409517,0.00818636802584937,0.205426309238093,0.334148856708181,-0.0504380344693886,0.0148168702596485
11.95,-0.107987386118477,0.51134574378944,0.421553318520426,0.0881569780310271,-3.21446173207423,-0.0041932020352768,-0.552018967011477,-0.0233258895123814,-0.121056682174041,1.3130860434475,-0.900949234004265,0.424125477904641,-1.12692526686588,0.015264639633076,-0.283355725153375,0.207965026087203,-0.507630364619685,1.83474598609169,-1.03385906644397,0.0165737960885313,0.204683379840972,0.318968503067879,-0.0425688968820956,0.0306309002471331
11.955,-0.218729828982251,0.596598318116984,0.49214699961631,1.5839241541437,-3.11708770322435,0.162222660034464,-0.551783986937916,-0.03083567439219,-0.149451585961064,1.43164688841517,-1.06467484475538,0.492601878730702,-1.09029366123706,0.0288708492872583,-0.277261392760342,0.191373862252827,-0.484928777931924,1.82256100203311,-1.03514341842996,0.0170968095710495,0.20417869901775,0.312297180151391,-0.0223284546780159,0.0510889568617569
11.96,-0.315015105032704,0.640464569972337,0.561276139408088,1.5605423598177,-3.13310074247734,0.312330955613028,-0.557476535628636,-0.0384807446008463,-0.174840703215121,1.57457004044068,-1.23631205856999,0.577755904517247,-1.04429302042453,0.0264200698601063,-0.282731571797957,0.193438963632841,-0.447141591245239,1.7970163559261,-1.02391528157947,0.0164299076198975,0.201783636690418,0.307676190249579,-0.00915380428498728,0.0703336937858064
11.965,-0.440981967412091,0.654047607069193,0.638406125755608,1.500554075423,-3.23187797364247,0.540306374485507,-0.567905313166444,-0.0439028473652892,-0.185684052444377,1.634537344923,-1.3626573102501,0.65547318925842,-1.00103850276858,0.014035022503827,-0.286824273625822,0.221933541890973,-0.420977924175574,1.7585045596992,-1.01487321155698,0.0104344756609238,0.203909408960658,0.306143429643495,0.00946094559742536,0.0847562668308408
11.97,-0.524536843753018,0.634444567698374,0.693068508604748,1.44192382834744,-3.40745045033296,0.778055414577844,-0.589670428259882,-0.0515075549969073,-0.226942354836652,1.50662798810099,-1.49837849002421,0.7568497158102,-0.962310538045107,0.0095196676016731,-0.290092571925593,0.255806372981838,-0.393651868116772,1.71400489387464,-1.00270251323352,-0.00538941849536342,0.207870346390853,0.303525686154932,0.0283484599641426,0.0997953484990149
11.975,-0.551881711574105,0.60805243282663,0.719462864140481,1.43271534493323,-3.62028027286701,1.0413998974774,-0.618025702498951,-0.0597382123215005,-0.253373789471708,1.3923590189782,-1.63588482192894,0.819578297013662,-0.927163996054023,0.00101331104981388,-0.303380375863223,0.296959890796187,-0.380648487905909,1.67418247470219,-0.992851105515243,-0.0148232543735971,0.203251194864956,0.277613354056505,0.0428054534848013,0.107110264375222
11.98,-0.525774617825445,0.572367408698716,0.708027092079453,1.42791456369341,-3.82787008110669,1.32883900565452,-0.643350945314107,-0.0475729962339541,-0.219349023721157,1.36298121161422,-1.81206747925127,0.901147218524422,-0.904001291464573,-0.00668951953159721,-0.309034507864241,0.307850353826681,-0.372486660499944,1.64219808562735,-0.974769055207521,-0.0291399037111796,0.206750091536828,0.246330316060771,0.0590743014402131,0.122453045049244
11.985,-0.487727999133941,0.543175309383015,0.677223746230292,1.45594559540704,-3.95929298661074,1.5410726146302,-0.655318420384058,-0.0397145549667189,-0.171658847354889,1.33348024507133,-1.93723787325563,0.967202217544769,-0.8836882194006,-0.0107416723964293,-0.317420407872465,0.277571919670747,-0.369423141377782,1.61264693943066,-0.958117086046144,-0.0403886717588291,0.200169018908812,0.236543747268907,0.0743935095321283,0.130844427206719
11.99,-0.433687047371931,0.519210669249811,0.628242802259757,1.46500847386617,-4.04898161934739,1.77900339262282,-0.68346629913377,-0.0278661507717801,-0.130054606677035,1.28176973680091,-2.07013949995822,1.05149884685893,-0.873968774132852,-0.0131807121280976,-0.314870306528215,0.235425571419649,-0.363033844874907,1.58492061078438,-0.940821416379156,-0.0435827495006447,0.191271392594062,0.241481050736597,0.0918560593145237,0.141783543349448
11.995,-0.408281522877646,0.4948334597637,0.589631484317167,1.44593074990941,-4.07157556495043,1.9476592790234,-0.706005357537124,-0.0245709678447622,-0.118319996207174,1.2894677199196,-2.20204765979604,1.12705077313338,-0.864328872269705,-0.00441229211985974,-0.310121230954662,0.153741439414893,-0.365717204134694,1.54500936781662,-0.933009386291778,-0.0463049879853605,0.186314458862475,0.250016058822098,0.0984052288371892,0.144066030693161
12,-0.397441054798729,0.453955234613297,0.569773824260136,1.41868100393468,-4.05025646913701,2.05033473130865,-0.71165314919234,-0.00876477134190198,-0.0850933943349536,1.28792003818195,-2.3522624256487,1.20887223629624,-0.853138818031843,0.00729282982275091,-0.308277167433972,0.0752925335255353,-0.370826483089473,1.50781395094858,-0.918436488882868,-0.0585431222000287,0.192063917279301,0.272016730005008,0.108669847460766,0.135877102402668
12.005,-0.400756900605988,0.414090144879045,0.574890076189384,1.37450229954198,-4.00016094492576,2.15771888123205,-0.724560677027716,0.0128719345499499,-0.0569564127987746,1.2119728493456,-2.48828444888966,1.29881986029091,-0.849772255778398,0.0149239110445944,-0.300247430245896,-0.0281918196423204,-0.378769519689298,1.4571064144127,-0.904276648303754,-0.0575539127765771,0.198589310603586,0.296907637391294,0.113199278835159,0.133754444606021
12.01,-0.439314822069756,0.377076745946037,0.592191534452806,1.3659089729229,-3.9647596329216,2.22517664201445,-0.743412464415895,0.00516574680840485,-0.0696872527577342,1.06020653223207,-2.6067021090088,1.37786303497907,-0.854751390019685,0.0179048239779208,-0.291291893497968,-0.109160064852134,-0.388759067032891,1.40186216553633,-0.893397807597159,-0.0680375576389041,0.210205541881457,0.322165001069272,0.118424605236603,0.130884045250571
12.015,-0.534861172288369,0.366142660396192,0.642697834056917,1.40992995907826,-3.93166724728295,2.32857675590604,-0.740702050581085,-0.0268002957789962,-0.106402186342602,0.855098014690678,-2.73062132276169,1.47627625899728,-0.856255321548366,0.00824687282137221,-0.290149882116363,-0.176827937298463,-0.401787774731876,1.3358573258984,-0.891146760202634,-0.0714632491001852,0.210215371219428,0.342032078857504,0.11925953017309,0.120005306415742
12.02,-0.630095724631687,0.400539792211754,0.712131103856037,1.42369155160043,-3.9521350815287,2.43115367090162,-0.751541183035416,-0.0498275381604814,-0.161053021201269,0.694702929661796,-2.81486470388261,1.53571137189664,-0.85568637615932,-0.0044331407583519,-0.289162306235475,-0.230662531022323,-0.403812132373343,1.26432448118972,-0.877883909350228,-0.0818216191205595,0.210085418468767,0.349218693839903,0.115512096501117,0.107535661524834
12.025,-0.686877764664562,0.419060695607228,0.764138548989018,1.3935222228927,-4.01100076927106,2.50487079601604,-0.762931460832834,-0.0610699353523785,-0.210410921288408,0.530056597007109,-2.92011320466762,1.58882751427609,-0.84251443570238,-0.0188639732187477,-0.290285545124722,-0.251095892143155,-0.407692850942496,1.18547452621883,-0.867876029014587,-0.0778066548493947,0.208995238607323,0.356157513650291,0.116899783003947,0.101254162317824
12.03,-0.715473158540478,0.40916471620984,0.798058178069311,1.30482375147287,-4.12145904701218,2.5707665941478,-0.777836021078352,-0.0929030243407409,-0.234384447837337,0.383683672714938,-3.01011307095371,1.64064720802429,-0.831388435373125,-0.036749638063338,-0.292882405780111,-0.276947304450265,-0.408918350934982,1.14050291153005,-0.860406754880747,-0.0796595945639712,0.207758003252798,0.362621350442602,0.115388389301418,0.0867199689767564
12.035,-0.708730132606909,0.355273783758373,0.808170951435996,1.20669614578763,-4.22663666498669,2.622709163487,-0.819501016904381,-0.123557272823304,-0.209584833029121,0.277409239778547,-3.1125741528161,1.69919266303935,-0.821082697716754,-0.0506027789751834,-0.285366703179575,-0.275917249014985,-0.403427440903559,1.07063005139154,-0.851678864105068,-0.0707298692862402,0.211717263623776,0.387087951144243,0.124846133730481,0.0823989332967438
12.04,-0.691164274116369,0.294323135867381,0.801263302038475,1.15766682689955,-4.28776435808776,2.65354012761862,-0.853160178665626,-0.143625983117013,-0.194476932254113,0.23747779046904,-3.19994784585437,1.74875369920038,-0.807415013166401,-0.0435043611432395,-0.274802579224129,-0.283560351679234,-0.400366485118866,1.03091794593669,-0.844639984366469,-0.0676754112361858,0.20916910355149,0.411472784751444,0.128668639568684,0.0735748448000873
12.045,-0.674947022282545,0.248896138043072,0.788165451865497,1.15948144444643,-4.31466643996297,2.67787611578621,-0.88734780309254,-0.171831542071018,-0.17485494823127,0.216755157223239,-3.31665850314446,1.8080619955512,-0.79022920358351,-0.0348123038557085,-0.260715931678019,-0.297069643744422,-0.39549560564602,0.979053259051804,-0.841257517140995,-0.0640882338507884,0.211128789520527,0.432035075120537,0.14707601853166,0.071154459138842
12.05,-0.675294062622118,0.194480603416717,0.783432000470289,1.15836061308697,-4.29701559985357,2.68929999006748,-0.91966263449829,-0.197449528031461,-0.170514026951418,0.195010844488911,-3.41405915019466,1.8525372156542,-0.774330548728758,-0.0293201061556423,-0.247321319243921,-0.340695354396306,-0.381892973917776,0.942190247341997,-0.836910349813851,-0.0537495227063432,0.20881721693151,0.448676155330825,0.164149688007522,0.069424070417881
12.055,-0.733132597360082,0.18327546306961,0.817313177599381,1.20607888698578,-4.28456249823574,2.66117852442949,-0.951752397067565,-0.223823328018152,-0.211903421647285,0.203235535978741,-3.53226459909167,1.90015020061938,-0.761326127969108,-0.0225352151498898,-0.230572323123981,-0.363851201174969,-0.377195793749576,0.902395935166879,-0.841702900051417,-0.0395778661822088,0.206595923918958,0.45034976795154,0.186665533549551,0.0667069853770274
12.06,-0.76541343818606,0.188006290001256,0.817793648979358,1.20554554968364,-4.28623930827033,2.6201301195574,-0.963945746782501,-0.241930115205552,-0.235799489735983,0.257374466780706,-3.60934356954629,1.94019331587819,-0.747440475986775,-0.0136644379166873,-0.208689397621844,-0.362036842861251,-0.369552516319613,0.865643455808576,-0.838794011744881,-0.0321288333724366,0.202942722382534,0.435477262316979,0.213955307425224,0.0584288202226162
12.065,-0.795934786500408,0.170641891867478,0.843800429505156,1.19045494402531,-4.28459813210063,2.55801938633085,-0.976114449437475,-0.242408143869701,-0.256152790451599,0.338943045763612,-3.69756622013112,1.98639339644189,-0.734458258424959,-0.0102585840472672,-0.195298694533886,-0.333382814649751,-0.368193648668791,0.856778398329685,-0.837598572441846,-0.0241106596462118,0.207508433841848,0.412908200371459,0.243752745717282,0.0536098969438271
12.07,-0.849199117022093,0.14553735226405,0.872276014814581,1.16911872009222,-4.29156326939988,2.49210998825353,-0.984952993558112,-0.244893949715834,-0.273564450853661,0.407494561687629,-3.77908806506295,2.02641656410794,-0.720729175111895,-0.00722721790131289,-0.196071652960166,-0.286944453428631,-0.376395901778303,0.849280715114601,-0.837930942191634,-0.0196850472186192,0.212339070300724,0.386384786125615,0.276250185564085,0.0477879279825213
12.075,-0.912568119778768,0.134325929119182,0.915834852004942,1.19308529129037,-4.29685720697197,2.3841802344364,-1.00428175050031,-0.256037401866232,-0.282252608926073,0.451669915666816,-3.84141515263418,2.05717180610125,-0.700914869514614,0.000730043356776712,-0.199034862722555,-0.269184112654215,-0.375130247667177,0.843962632839729,-0.835058364711616,-0.012488507312203,0.205464400161865,0.375695344471616,0.29385718667927,0.0397974810356536
12.08,-0.973961999372354,0.142601843522615,0.954668304084661,1.23142149586712,-4.32181984692339,2.31225463741528,-1.02720940503132,-0.270617547926368,-0.312951079018653,0.526837839787507,-3.91027386693595,2.09097928984223,-0.6919506516003,0.01152037518975,-0.19964629331381,-0.2848144440977,-0.365100869807673,0.830930503571129,-0.834077773056884,-0.00181712572603951,0.191958429592688,0.365813870418606,0.312657681669406,0.0296092804715837
12.085,-1.04068460912198,0.143992945270089,0.999377000299011,1.25699430371344,-4.38385754445743,2.21142346075083,-1.0441645015938,-0.285664283413394,-0.345613452789851,0.594379421003145,-3.95992798549106,2.12785150477689,-0.68306585186504,0.0223852356379495,-0.201489312063642,-0.31122454955533,-0.346689245722303,0.803149567240671,-0.826672746655979,0.0113950558685412,0.187269597472311,0.373600532621672,0.324861109695758,0.0242740757349839
12.09,-1.08486685074492,0.132571353337369,1.0242929977386,1.28973807891516,-4.45608805271559,2.11293749337602,-1.0787812555958,-0.296559058086345,-0.373149445820374,0.707877997926381,-4.0193567063306,2.16447821013197,-0.672336794127163,0.0346488581974012,-0.202886708513476,-0.35869752518807,-0.326210825150429,0.768280101012034,-0.821774967798599,0.026005432361543,0.179912477520191,0.390852001270581,0.344309178163084,0.0219013794145981
12.095,-1.10964605911405,0.105616609032279,1.02742570288311,1.33535838552469,-4.5292033174747,2.01410347964035,-1.10521254387752,-0.310296395444427,-0.391865137591258,0.787831284245323,-4.04303765743964,2.19283457766714,-0.653336163512229,0.0399025878331056,-0.208035648948219,-0.400386312231636,-0.304451976990054,0.715495373317936,-0.819285363138608,0.0273455057308711,0.175136528728856,0.385849251593917,0.359860139176099,0.0213449131189555
12.1,-1.12682944456736,0.0872709267586472,1.01125843564669,1.42281060886727,-4.60256162770818,1.88341202574948,-1.12992100389555,-0.323883545658487,-0.396309655877501,0.97931246026262,-4.08956815939824,2.24614456298981,-0.643057229895213,0.0473122075707101,-0.203573069008255,-0.421351424086519,-0.274911173251897,0.650252859313583,-0.822955838766391,0.0228438925079793,0.169686252174822,0.358557523366256,0.40349184021781,0.0100614406105134
12.105,-1.14632927573411,0.0794119331264373,0.985623243477692,1.50170142310806,-4.64913781610518,1.76143991754678,-1.14931302681284,-0.323104747142432,-0.386615994031698,1.13572338116368,-4.1046460529768,2.29094729173619,-0.635903340237732,0.0503368471537828,-0.201034353416371,-0.423372743771102,-0.259944393673585,0.599458658681724,-0.812867824112079,0.0130460778284711,0.163976064129446,0.324174877014243,0.453253433389311,0.00711764767765999
12.11,-1.16885821167982,0.0843768977640498,0.935832395480439,1.61438504255431,-4.68060244335952,1.58935377728546,-1.14972142009345,-0.306527838489766,-0.385099922315616,1.29942149773622,-4.11037886613892,2.34861919999014,-0.630939130891128,0.0486191127484833,-0.184256080633276,-0.411410817876648,-0.255203577825794,0.551265684757434,-0.807967537808914,0.00196929773714481,0.158793664715429,0.277888874443122,0.533370497705838,0.0060152597886288
12.115,-1.18860548410745,0.0896489133136028,0.897854085248091,1.70187106217708,-4.68252669009162,1.46135743306056,-1.13816913482905,-0.293353923463086,-0.395854126646883,1.42214510478324,-4.09568530369884,2.39093567366862,-0.630631587434681,0.0450064152914831,-0.1854516037166,-0.400543510913849,-0.251319766044617,0.504520402644394,-0.820563232635629,-0.0141648296716716,0.162767482015323,0.223819878693179,0.602657672028131,0.0134990821511568
12.12,-1.20346969312496,0.0931173212828784,0.865286887487167,1.75574354624656,-4.65807090890475,1.30581092640171,-1.13435405477492,-0.273494701389493,-0.396446692747541,1.51581573192908,-4.06932493666725,2.44292442173722,-0.63586592731339,0.0476015222597628,-0.16909487650946,-0.395589255713884,-0.251319766044617,0.45893848686411,-0.8283994408985,-0.0315743840778184,0.166022270684656,0.16215104511578,0.664715631648196,0.0217779837548733
12.125,-1.21132499705907,0.104553455390525,0.835136240797453,1.80745986493305,-4.62291453707512,1.18636184152215,-1.13707647425526,-0.258424906286265,-0.39974060387547,1.55024705451137,-4.04115649163296,2.47362221854926,-0.639568371892676,0.0404689056130891,-0.155240423098489,-0.391280405432628,-0.256636645178532,0.42151955920524,-0.843485669056774,-0.0507113024522044,0.166727205893821,0.111790068040913,0.683618696464903,0.0264175015254283
12.13,-1.21353900639063,0.154047069158207,0.792393009953201,1.85749664078899,-4.56563149612106,1.08628828981027,-1.14570219998619,-0.237275517538936,-0.403810161546827,1.58081724931313,-4.00687881496388,2.49277751366999,-0.642889862344129,0.03564238497061,-0.141879776134625,-0.391853982706386,-0.268767676426775,0.390245585380082,-0.864149505623761,-0.0776382441699395,0.161209438755909,0.0690770660519664,0.685677875905176,0.034051602170398
12.135,-1.21359679343404,0.240982659468459,0.757437049771363,1.88620520917602,-4.48489174825011,0.994007493292317,-1.15818157560992,-0.197003893516242,-0.388951013391997,1.57447473928852,-3.96494601434788,2.49972349124221,-0.650634573194026,0.0415998871372493,-0.137235532484892,-0.381015358115743,-0.27737626508027,0.363509593194369,-0.890019149136374,-0.100473772121551,0.153122541620016,0.059861564097788,0.647495197975271,0.0447906286210732
12.14,-1.20565682804273,0.330949591274667,0.712944178854536,1.85354732890541,-4.38758960041908,0.927780924889136,-1.17491839498863,-0.156881919691978,-0.373357753484727,1.48084672495149,-3.92269838129706,2.5001844502547,-0.649711802830702,0.0574753281395362,-0.137176249456954,-0.362782580393752,-0.279463374042624,0.339094771643309,-0.906152779024031,-0.115423903976515,0.150399727767602,0.104227385435395,0.559791447932061,0.0450158160673471
12.145,-1.19205328855225,0.408997279812191,0.678126599004014,1.68528012331114,-4.22771368913741,0.904301502623594,-1.19462481916192,-0.124600552005097,-0.353093614829605,1.25239760353047,-3.87961518124461,2.50572541050238,-0.65705727656934,0.0901371360269662,-0.135185504137893,-0.367537031857928,-0.28124092651483,0.330880615996603,-0.928816728614843,-0.119855885325143,0.15619140179971,0.153129994475411,0.469864971919792,0.0548540524366716
12.15,-1.17794297290881,0.444401487226189,0.660994691985155,1.52761340443852,-4.07460660789393,0.915577438640813,-1.22100333231846,-0.109334002563504,-0.337958694422861,0.953410888500515,-3.83759076086283,2.50239767011025,-0.658775579078099,0.106686933790534,-0.133848367656855,-0.358178471296018,-0.281704420744157,0.308858789791056,-0.942691603046204,-0.119684284628768,0.179326441012986,0.204170681378605,0.360036086030898,0.0548417849060876
12.155,-1.13778754846085,0.475839911554621,0.648273009289446,1.33842677515711,-3.84131317991424,0.981246433696852,-1.24590536834705,-0.116254748772445,-0.317879552491724,0.665216230275917,-3.7896929458925,2.49518576995261,-0.666124086488084,0.12391225140203,-0.130495751399844,-0.331230227273942,-0.285234848610919,0.256170710891657,-0.950049427561897,-0.115983755142943,0.203150802067633,0.240184171382106,0.26750729321089,0.0596505142748356
12.16,-1.10954914891467,0.508239429897064,0.65078205825083,1.19537418471124,-3.64073630122289,1.04557206286056,-1.27684610896348,-0.131892993254145,-0.306446389722853,0.292448293694493,-3.77854689443737,2.47521193403578,-0.6715223038702,0.128606518112564,-0.132752210907483,-0.314200586199426,-0.289766345766482,0.202560186469176,-0.951097106908031,-0.10813588810544,0.231879168045928,0.263370957672403,0.190165278452765,0.0513216952980906
12.165,-1.08338801122528,0.552962640304386,0.669686097077203,0.98495396171116,-3.34298899098716,1.19143522661148,-1.33428402157293,-0.14983162620903,-0.300199472846793,-0.0368943688690924,-3.76945330788145,2.45870226752858,-0.682992515108942,0.141186232018134,-0.124964567613751,-0.281149482979258,-0.294057277089548,0.10461614883749,-0.951718773629492,-0.104883135371649,0.258182185593017,0.272276094321829,0.116287733221116,0.0403036228036565
12.17,-1.05971622515786,0.594268057265001,0.691251047176764,0.811583855857864,-3.09483572521343,1.29848302794138,-1.39216705418227,-0.173031235697946,-0.300809584749039,-0.399639582426193,-3.77413341996629,2.42027560476126,-0.688126124087833,0.167927830038859,-0.113562413084747,-0.230437749014151,-0.307939993357491,0.0294279983183477,-0.954814594423222,-0.100567253621148,0.275839264092619,0.262964897129848,0.0717792523644649,0.0278906428658836
12.175,-1.04662052764966,0.632509648189476,0.716755412741469,0.604980551035438,-2.83443167664373,1.42686316987258,-1.44041409824935,-0.179906177504637,-0.298596428694436,-0.624958783305282,-3.79284607339154,2.40149832211115,-0.698791553015111,0.193499228169754,-0.0981905260705747,-0.141245648644624,-0.321159066744931,-0.026734723853031,-0.946296506774703,-0.0919622466055158,0.285613517806026,0.250119117507565,0.0550801872147612,0.0187141373262002
12.18,-1.08799129037934,0.697980343300413,0.73894433431971,0.343336813769119,-2.52677278622791,1.57880876093394,-1.49431568810769,-0.18016727615852,-0.289563505988533,-0.957524968688797,-3.79790926969928,2.35631284716057,-0.713277305653788,0.231289006653989,-0.073992950300349,-0.0121822565118875,-0.340298829626118,-0.0865880838956055,-0.947986690063158,-0.069668528671092,0.29901260120325,0.248296186327934,0.0517649722668913,0.0192681294523854
12.185,-1.174539646811,0.746638969950676,0.781777699453128,0.0285032941582243,-2.28113514783888,1.71897021296851,-1.51153045725683,-0.175835435235267,-0.312892924278023,-1.22791344400191,-3.7965825325448,2.31926069885577,-0.730140205667446,0.269016931061013,-0.0425864966150359,0.105223687332559,-0.357390427750418,-0.128291446292539,-0.96161414425108,-0.065179295867683,0.297277316765922,0.267610604691177,0.0576075089678438,0.0220688634320888
12.19,-1.28544806948518,0.777825030816046,0.823286214935946,-0.358476842247935,-2.05930959345739,1.88032635502645,-1.52434488092976,-0.173147173725355,-0.398101494163425,-1.55821603168331,-3.80646850421549,2.27920630761541,-0.747734586309103,0.313360549380805,-0.0232441237425611,0.224617919278441,-0.376812069224136,-0.174051039637411,-0.96954397241226,-0.0450862807386573,0.296886785007472,0.291429511568113,0.0784511276004713,0.0253799115804426
12.195,-1.38644971536894,0.748380611374791,0.835516633911308,-0.678428658933564,-1.91133824186305,2.00578124866503,-1.52083658144739,-0.174986602104911,-0.489995505452807,-1.87603096713143,-3.82614816459544,2.23013252203429,-0.77452758848338,0.366436395663472,-0.0072216811758053,0.355535772606073,-0.418575535142617,-0.243439565862059,-0.983599389736967,-0.0224844544450287,0.2819235357566,0.323837096210111,0.104185830360849,0.0296563058809971
12.2,-1.51629352422162,0.651531835520311,0.826836134145901,-1.00088285936907,-1.77543052512224,2.20179323808605,-1.50475049563153,-0.175301799860325,-0.533369148277441,-2.11881252485476,-3.85644574985754,2.18366097408561,-0.789816266370516,0.405793690431737,0.0063978495409504,0.473367797286196,-0.458352813789178,-0.331123498334433,-1.00672512312239,-0.000287948117640851,0.273170415442063,0.341774301873342,0.125366549412453,0.0429539837930831
12.205,-1.61039704330473,0.561028578241332,0.781465546868735,-1.19763400517733,-1.73552876782305,2.35607218093168,-1.4577804074737,-0.194629575714262,-0.561217865159006,-2.44526868331807,-3.83593361548781,2.11563776234714,-0.82201162079446,0.416353314402197,0.0214844812232435,0.580160299535484,-0.477733381701902,-0.388820075383672,-1.02681918686546,0.0208159997774556,0.260687918441154,0.347907058867684,0.125827523981212,0.0561259155142255
12.21,-1.69290852904543,0.469482300576833,0.692598444808569,-1.31719537746455,-1.69080984372667,2.55286150086812,-1.40055597219783,-0.205802437055342,-0.558709975720201,-2.65599080570377,-3.78050519630888,2.06253147431081,-0.848632812356566,0.396994042335987,0.0336987879030275,0.70593434054793,-0.517351344823326,-0.463525050558313,-1.05162694524586,0.0366742440023952,0.259398433383667,0.312331300053756,0.101537069014151,0.067411230760494
12.215,-1.75909196588677,0.369949665916693,0.616893256713439,-1.39643740824721,-1.64761715561727,2.75354867049707,-1.33200517204007,-0.221395592137176,-0.624649777985323,-2.8714882881092,-3.7005127011743,1.93633615187045,-0.867440782087878,0.382539515312968,0.0446689333819431,0.821429799684333,-0.545070861447025,-0.518955368384508,-1.07473968612461,0.0455200646997157,0.263596991955366,0.260374617909315,0.0528149261381684,0.0679112599681183
12.22,-1.8165738666902,0.26014546262768,0.560302724436493,-1.43669754311885,-1.59255126164305,2.94627032080616,-1.18797590635268,-0.272050032893165,-0.670085817039219,-3.14929393113581,-3.63915159196286,1.85543137852479,-0.889677069511584,0.38437106761429,0.0667844568487866,0.967519609562063,-0.570142899653223,-0.600163270894954,-1.10134539769699,0.0610138763575426,0.26975398715286,0.210001943159474,-0.00474245724028682,0.0717704893270043
12.225,-1.87346079123534,0.0662491074967047,0.521056469847876,-1.43825513052413,-1.53968647776745,3.20833722773521,-1.16026587500552,-0.376410964817933,-0.712056242002356,-3.35788429476936,-3.54167018915366,1.77981567559834,-0.918990863703174,0.373494349665575,0.0629346348911996,1.10438068479644,-0.581735107647246,-0.652366142475468,-1.11526565456797,0.0812643395686469,0.275941446554949,0.1631258189763,-0.08477224525154,0.0818376046182797
12.23,-1.91709507656566,-0.207759620990676,0.538680611938658,-1.43155956268311,-1.48266809571608,3.44852174417581,-1.13299326827295,-0.554732592895185,-0.780026212591186,-3.53273500603709,-3.41894397682279,1.67915524851533,-0.937722541198085,0.349602786691995,0.0459265799709241,1.21677006145368,-0.578083095960556,-0.667492210865021,-1.12192553147635,0.087616522394566,0.28008426175155,0.12172092454691,-0.152169685245106,0.0913271200833605
12.235,-1.94857702318016,-0.518475254601868,0.520564215546094,-1.20989425986528,-1.39146625875167,3.76240961114713,-1.17229665191522,-0.714815107153876,-0.832944538056592,-3.26896900283541,-3.26910074275783,1.52027919813798,-0.963606060151115,0.333465950625055,0.0274023716825757,1.29213112350593,-0.556636849264084,-0.683402321305457,-1.12479002076954,0.0867991879668833,0.28080080321857,0.0595747578439817,-0.236856012218921,0.102709649052121
12.24,-1.99417729882492,-0.336436855199953,0.46781244468769,-0.6436042599953,-1.39181230003861,3.89903223570116,-1.18078780751719,-0.702393744285827,-0.810062725560628,-2.72097496526747,-3.15293000388801,1.32425697992147,-0.976043825472844,0.345657358471781,0.0128154719690852,1.30970994155324,-0.518438768180905,-0.706446059414198,-1.13017198271178,0.0798626600746695,0.273985075919497,-0.026067540486008,-0.322827887396671,0.120624946113236
12.245,-2.10781377574829,-0.0827271828469874,0.355904930881015,-0.562214509261573,-1.44603092895857,3.8351755072136,-1.1370319964515,-0.480335353932977,-0.848394986031594,-2.36643358562766,-2.97266529044721,1.13761918555343,-0.979031537024773,0.396559003823716,0.0119792396808307,1.29843018170774,-0.462134451963076,-0.682835788823733,-1.1279240288133,0.0755516832626179,0.263565670037999,-0.0924801722298257,-0.382122463770131,0.142019435476489
12.25,-2.14814413077064,-0.16473308643842,0.170717140460841,-1.04330680881715,-1.44765264194861,3.67325510663554,-1.20449934010963,-0.340239395094342,-0.91934663973931,-2.19275766563926,-2.7899718995247,1.04296859045434,-0.974935013752666,0.439400313454288,0.0213234814942575,1.32936654458699,-0.42338504163649,-0.63783824672262,-1.12295479688222,0.0636391895681952,0.257403687639052,-0.151191076740903,-0.439128879711097,0.153213571309612
12.255,-2.07273893997917,-0.35189767084417,-0.0123750651344569,-1.35368569685034,-1.41226486548126,3.50957039245296,-1.17864560892431,-0.289080573283735,-0.907185259025927,-2.29042530105491,-2.58693286874803,0.961296056179325,-0.95373861326854,0.498016852055858,0.0404178875457352,1.46124908843874,-0.380145982342266,-0.553429522137861,-1.10474575809372,0.0654618079210748,0.256958264796206,-0.184736809561189,-0.489363453174799,0.176097469133816
12.26,-1.9958904115929,-0.489920223323711,-0.222498298716667,-1.48123554587327,-1.25043946777124,3.34268564066769,-1.10160078728315,-0.27650388514617,-0.858660261434787,-2.62640472686449,-2.33495009722494,0.835246780787725,-0.944047431838883,0.555498680409137,0.0355598290307509,1.65244390668856,-0.363913199461058,-0.478422433449558,-1.09392501408405,0.0641371787901019,0.261648842348252,-0.183295490356773,-0.526128589551421,0.195868865055689
12.265,-1.97534588724257,-0.579667487102968,-0.412261017183085,-1.64838788219125,-1.04175316408587,3.08135678860382,-1.04780238248985,-0.260405876980288,-0.929085711257423,-2.93517572732689,-2.09770370535784,0.739916547635911,-0.956675861959706,0.620041414975031,0.0152439786600414,1.90401797719068,-0.337140779649878,-0.442156388782222,-1.09023958767128,0.0552977805056091,0.271748363571949,-0.160896027658224,-0.523200559350601,0.198220850560473
12.27,-1.95055989892306,-0.651683025477709,-0.596790018310217,-1.74316026908732,-0.755683753514166,2.82210940734127,-0.968480028138384,-0.299801974699978,-1.01209603818972,-3.03388961653076,-1.80161858429169,0.624846536456213,-0.99178132339275,0.682023367807738,-0.0186157340156091,2.08538714697151,-0.334415406355981,-0.423146520901628,-1.08123844536603,0.0321003434445076,0.285558476559396,-0.15784360720661,-0.503113928264626,0.200145378708839
12.275,-1.91864491723422,-0.76586738816796,-0.739788072440468,-1.84059093937363,-0.40252737916115,2.44807661634077,-0.90051545045198,-0.345721083201653,-1.24370474317517,-3.07840636768289,-1.51579433531799,0.538999321276816,-1.05429835779005,0.771392483402784,-0.0625965969888095,2.19493226537633,-0.333577194143177,-0.453796994372114,-1.09582972220747,-0.00304263908940773,0.278449193379913,-0.129164238970845,-0.50544545692123,0.214974740364197
12.28,-2.03819016574246,-1.00357383956329,-0.809890950140415,-1.9806838337067,-0.0839684069098671,2.11920025292934,-0.855782953865233,-0.418056956172354,-1.39758590016046,-2.80664547617439,-1.21001308769499,0.499221218406546,-1.10040066420009,0.837348921690874,-0.0950045651701365,2.1964763248035,-0.340216278521646,-0.486697007529647,-0.977892361447064,0.264682754604136,0.307054229892951,-0.933573300888317,-0.366701778078394,0.0897885410113042
12.285,-2.33067469690274,-1.17433758407442,-0.903881528121352,-1.76992951620869,0.182578584587263,1.70831329937411,-0.745185916653142,-0.473043224651676,-1.36503476364912,-2.32585122024983,-0.929307080848239,0.461931744934556,-1.18659351142564,0.892893123848527,-0.112810846829611,2.07478109035984,-0.358994182627778,-0.476494656664988,-0.983331115812695,-0.212287434645539,0.379317794230832,-0.694456181007847,0.719592957662096,-0.00129691695347434
12.29,-2.5644344354905,-1.20228558932632,-0.982659257854618,-1.36115486600551,0.362703431305473,1.22111323657991,-0.58425508316161,-0.478724500331324,-1.37610765863078,-1.98321450364764,-0.462951479197966,0.41632359286172,-1.30435883728648,0.960830910897595,-0.130673632312093,1.85989432042194,-0.395313692633891,-0.378481695803381,-1.16602299730446,-0.233775556512771,0.26151833862976,1.4530302148425,0.68000899568159,0.238461369382148
12.295,-2.58785840458014,-1.25675413938665,-1.05442963806846,-1.15579150761038,0.490761011185852,0.764988383341533,-0.51857359633247,-0.399396253668414,-1.41200659108902,-1.7515920964322,-0.0218792613076866,0.330289986876177,-1.39075642943878,1.02341257897182,-0.182972275643614,1.6165021419517,-0.412273975384205,-0.244864656175432,-1.2050473190662,-0.0405780580145921,0.182535337404683,1.61036406995959,-0.0951708337009483,0.377383742994378
12.3,-2.40642153227068,-1.23490986781314,-1.08339856999754,-0.914384870959792,0.712632785491145,0.264651476092422,-0.570959774485156,-0.341941276290852,-1.45079883141705,-1.51874886282717,0.481303630819379,0.120219354993734,-1.4998377409795,1.11869798210224,-0.243835366221838,1.29534370502501,-0.397997949133714,-0.0586711743727399,-1.22216331457041,0.0436154460829599,0.0581891717120691,0.488939553431725,-1.28169376970609,0.488184828338575
12.305,-2.30746389532898,-1.14847885340224,-1.05095268466035,-0.804296273035252,0.963686889572932,-0.0797025394466126,-0.639882110606219,-0.359844399483251,-1.4281018287217,-1.39215624077584,0.818964786801498,-0.0227916285893034,-1.5460781856547,1.17730708145715,-0.267754974227746,1.09542201311363,-0.376448946809947,0.110065056244661,-1.07496294019214,0.0641570731361338,0.37325883015121,-0.648280663605435,-1.78363694287863,0.387706682230196
12.31,-2.26286660898245,-0.972477797903803,-0.97595947967137,-0.847307768723465,1.28631011477792,-0.456039167673315,-0.660572911638809,-0.377170184814017,-1.37905610835149,-1.21692490783389,1.233736405914,-0.175569707906685,-1.56109884454666,1.18405459939769,-0.272988500496702,0.837226370611491,-0.39254485634636,0.391297850151176,-1.0399327368852,0.0291935199770739,0.449534456706873,-1.5144783744016,-1.25038630666515,0.160890473563316
12.315,-2.2640432536212,-0.856448472117851,-0.882735472542142,-1.02019906313993,1.53453973260635,-0.753530169594967,-0.671659749427698,-0.381116424430901,-1.34462630939923,-1.0202725638991,1.67679570786251,-0.322252522756946,-1.51975576317185,1.14392421088392,-0.236362744062313,0.627353218318197,-0.416944391975032,0.570983427121816,-1.03665218780191,-0.0724089620706954,0.448058052992237,-1.75914172995517,-0.775501984394203,0.0059724652547872
12.32,-2.2432670741884,-0.782279060631203,-0.773435908304339,-1.1278892541738,1.73325343880779,-1.02029929987607,-0.677510783376332,-0.348694753439993,-1.33348796989395,-0.743602573371243,1.99299156903174,-0.443424324180106,-1.41050627996529,1.06809930180025,-0.202596670637071,0.446765141183775,-0.413827605581305,0.618845322896438,-1.01300847831556,-0.103050175484818,0.411568468529393,-1.02418319640435,-0.358221023018319,0.108982102066234
12.325,-2.19173535586285,-0.681688838046909,-0.577244963757682,-1.076849222358,1.92227056862649,-1.31038549520581,-0.706379273387381,-0.255471144664049,-1.24940258144095,-0.395355271414519,2.36738415974643,-0.58823989601695,-1.20158394554283,0.966431962284893,-0.244977928239574,0.0320593433298841,-0.422664571179761,0.492431222965461,-1.0131637084349,-0.07029624550659,0.367413123266485,-0.493999221811915,-0.21284048220845,0.209292224270496
12.33,-2.1330931989978,-0.55036213023927,-0.402017792829795,-0.887346014477821,2.03235266661957,-1.49038933612125,-0.778279826222604,-0.203159576695707,-1.18401921561883,-0.225455899861394,2.63233275558322,-0.64972368314535,-1.03253408397508,0.89964034722835,-0.341573094235452,-0.50318698986213,-0.348957286232862,0.281642940596041,-0.991730063203802,-0.0266665274046623,0.352467994585371,-0.39001477237754,-0.153505042758711,0.238178698966844
12.335,-1.9181363283036,-0.315179440961878,-0.0288752951555468,-0.6417926711363,2.08577443293334,-1.60942248934695,-0.888523466143764,-0.170145126437511,-1.00228667459428,-0.177944241064939,2.84873590905731,-0.652673917476539,-0.900025611346404,0.886311501192901,-0.492001448737982,-2.12922022416689,-0.145894322538605,0.0890179846159719,-0.992881234219423,-0.00198722401031687,0.351910630516777,-0.557903791093158,-0.0977458339317278,0.20218117902358
12.34,-1.48765610745573,-0.0750623106125375,0.536592191472709,-0.532436476346986,2.05453462467802,-1.59269416850259,-1.0121390860692,-0.196303100357924,-0.762314683841866,-0.0963048157827949,2.92701385886084,-0.642106974317389,-0.734148140821257,0.995556019827612,-0.4647765207784,-4.33871532512432,0.083222517726989,0.233802829585503,-0.995282730702956,0.00190423561174954,0.376110980397055,-0.725944621413031,-0.0160646190879753,0.116546007372032
12.345,-0.204898821542423,0.52396904024819,1.73328345563225,-0.614289135417182,1.98187157483058,-1.35266731163385,-1.29041681265954,-0.2373435600569,0.471891163624839,0.920676058307283,2.77505473901295,-0.703494159340789,-0.326739921180294,0.961326022475014,0.041566812776469,-4.21981781007433,0.150654656075881,0.268633534507428,-1.02303034070792,0.00312582102808711,0.393268793850955,-0.649012041474632,0.0174939678003023,0.0712755839353656
12.35,1.91011517939908,1.2257573447204,2.966901898152,-0.567172349410784,2.02575190236098,-1.29678931236266,-1.78886399806454,-0.0885178813317973,2.3093385262261,2.18582102051503,2.40671465749542,-0.811763863481006,0.183709825699005,0.677004459132774,0.405504334095336,-1.77185832980725,-0.0934215479358356,-0.163688883635333,-1.0964067134634,0.0437403682338889,0.392360587181607,-0.55059519160025,-0.116960221773126,0.0782443354175152
12.355,3.91910016275784,1.50152157363619,3.54814584675784,0.078931069007188,2.35508260896932,-1.675886705944,-2.62233289668786,0.577055451509352,4.11967510729658,3.27609702938483,1.69512726858994,-0.611966413565383,0.249051164620793,0.211506098996179,0.0670918242049694,0.801208137536366,-0.407519557782861,-0.777975485535457,-1.12332161153039,0.0672947224872486,0.413316655042187,-0.492567842685515,-0.47507479657954,0.108766435008159
12.36,3.37677169628868,1.74941607746678,3.349169452549,1.42356867884812,2.6733078063942,-2.05123982008975,-2.6742788773892,0.757284314935852,3.10184743119371,1.37404935949402,1.20608103917115,0.00924492111576207,-0.0150222599134881,-0.442692572575233,-0.577786150967677,2.31380896478022,-0.469256303323397,-1.52855280800798,-1.11723825084868,0.086016011321548,0.426469575099743,-0.281380910863512,-0.66792250401269,0.114639216778614
12.365,-0.289094464121525,1.62881227803312,2.16474796551505,1.27149028032491,2.48740063429579,-1.65421303814225,-1.89224415386774,0.389902606885753,1.09727584722656,-1.6773841626364,1.06728627062264,0.424463806499025,-0.483078530758024,-1.49277816489446,-1.49084386211425,1.79294537425279,-0.0329327011626933,-2.40844477300542,-1.15422780764022,0.123623845371397,0.401983450882635,-0.227341751128439,-0.650096577167511,0.0876791190743439
12.37,-1.61269298960003,1.18592125620918,1.36797398770013,0.659101707146508,2.03822160187301,-1.27650755581001,-1.14213082421381,0.358521145094834,-0.133117772240983,-3.20449291284721,0.898793627004722,0.408329916396552,-0.967855036382267,-1.95510229619356,-1.9297021214615,0.380397612220311,0.538559153216242,-2.7203111432746,-1.24217735664425,0.122961451217224,0.380623112683676,-0.348428327042916,-0.752942728237207,0.0734044897165851
12.375,-1.72686341436286,0.123157910337556,0.161409176776638,-0.204042506840803,1.60623040554625,-0.927079511969215,-0.69427779369436,0.114852045287554,-0.856923537681136,-3.83917571437421,0.756738144764166,0.118720710022875,-1.40989422390922,-1.96729788841966,-1.65383734137015,-1.06252192675448,1.05160222676443,-2.59284521086137,-1.20677450085473,0.0836919381230797,0.464504943971187,-0.457589040630306,-0.533771383562096,0.116707570374346
12.38,-1.42514111332844,-0.788683243163658,-0.694206795193362,0.259932827109754,1.5895132421192,-0.571659201461327,-0.552251626236211,-0.469634300284701,-1.1931312508984,-2.4462963032484,1.06139339284971,-0.179229197678965,-1.58762735853889,-1.76888172675739,-0.722438584844262,-1.78599452867961,1.05179895144387,-1.79509174963406,-1.257078410073,0.120986930498302,0.397768642691904,-0.952168217504027,0.0246550437280866,0.13662156644583
12.385,-2.45466107903077,-0.622532712081535,-0.396592766963428,0.757395126129695,1.59255697156463,-0.358754388712488,-0.481177541950271,-0.565934876059611,-1.5410145839192,-0.132871954008374,1.92362724047261,-0.346205113498614,-1.46050344610451,-0.546648502108871,0.35313838769579,-0.674872026748265,0.584765758900549,-0.945143430706263,-1.33456363551459,0.128959931355528,0.195540770158982,-1.8213709492245,-0.267110249256605,0.174136234086151
12.39,-4.10169799559989,0.104890331525814,1.30884893739633,-0.798564159270465,0.743363026352312,-0.698918508344897,-0.665148537088453,-0.19974080132534,-1.78478042846677,0.329538454019808,2.28083367609432,-0.457576206261726,-1.27455427931522,1.158883734938,1.13779550644419,1.56355695597987,-0.0670722768110681,-0.792114674258158,-1.29214147097593,0.0728121160006777,0.14190661584154,-2.1836655380073,-0.778857537217624,0.215415545588563
12.395,-3.67182573104469,0.0387433324750938,2.07512603113961,-1.90308216875859,-0.424736726138326,-1.35861660359633,-1.19344160579041,0.37088296371296,-1.39511522008968,0.654685335974819,2.28941075096125,-0.536586601297388,-1.39290269193284,1.96917478139985,1.2117467960367,2.54545651942309,-0.628058733813463,-0.970092674424501,-1.2439852380213,0.022975731163095,0.112194331816975,-2.33415284217686,-1.19004914334686,0.158384752588146
12.4,-0.992033946457284,-0.554354085827162,1.55192122490566,0.263197861787111,-0.982594995646996,-1.55850363714619,-1.71040081820587,0.483874642206569,-0.500292323711115,0.688771968775351,2.18678011816006,-0.481115272492631,-1.70311334043537,2.05638347105217,1.09396786092003,2.15957694047366,-0.957552172314443,-0.578295806460098,-1.21650288458457,-0.0193652832080476,0.119930447353148,-2.27886153182997,-1.4073701960837,0.0613530824855276
12.405,0.0239932003728292,0.110156898876353,0.903147212497367,1.53687676966283,-0.866970285555868,-1.5419563249586,-1.84136993096841,0.0365705394451435,0.0690477784595831,0.23894974828629,2.10023812442258,-0.312035031691249,-2.00370491838748,1.98099822963329,0.917842480119493,0.565988241078834,-1.37593431549041,1.01044995761104,-1.15362664763766,-0.0703536666262079,0.241006805573138,-1.78633257978686,-1.3831544954117,-0.050586198140381
12.41,-0.295751752877157,0.920708927526724,0.728536071659856,1.14942540111772,-0.495614350993657,-1.20408645420802,-1.55986972200698,-0.418691424604186,-0.165131961749943,-0.780052118267112,1.98852766754782,-0.0806534036928538,-2.00449578228015,1.13238759973481,0.730665309001409,0.0886369332031179,-1.58402497992365,1.67585479503517,-1.09843139231748,-0.105688069299501,0.282424768629391,-1.20030942138238,-1.02810981343625,-0.143971861642172
12.415,-0.947855137092361,1.0446909235914,0.684990783956532,0.412937191082667,-0.173707182718381,-0.786306913418063,-1.10242938582581,-0.561129270939623,-0.554453209860584,-0.785727918886859,1.89456910431694,-0.113539947223383,-2.00282995009178,-0.492169351979494,0.165539687398272,0.761716788697614,-1.19970598935393,1.3199562697957,-1.07536768032399,-0.113655294437003,0.240864044819839,-0.752620900889346,-0.678073391384487,-0.236935810248554
12.42,-1.05720960807814,0.714264943853611,0.622168373505985,0.33391156883129,0.00889386435119777,-0.319010870748205,-0.833179485905475,-0.448840182364984,-0.665623069273172,-0.0310916192104491,1.81026749655154,-0.291129716267493,-2.00099376307969,-1.2805422855621,-0.175540332120994,1.39859642237096,-0.858709972619238,0.753811359231347,-1.06464477196412,-0.105630943283331,0.133484924260954,-0.507089063995997,-0.474011223387268,-0.363730473196916
12.425,-0.851607964549786,0.145313058006665,0.76824374207334,0.143017721788557,0.0533151173305753,-0.105510020203435,-0.859555062719722,-0.0495815147580355,-0.479620741809929,0.984833678506403,1.84002684966509,-0.458924952661377,-1.41316117042923,-1.38696084835194,-0.355981617628654,1.55946137196775,-0.532797139448898,0.113808935093396,-1.05060498052149,-0.0907399322944943,0.0361490394377591,-0.388704144259731,-0.411933235137543,-0.450961670121172
12.43,-0.724909601774485,-0.0851347015191285,0.888840033390608,0.251071511363644,-0.0845073022184371,-0.161813576783646,-0.869634761831543,0.154913629814861,-0.264556412092855,0.956465710601996,1.83073608934352,-0.44561755522163,-0.597520976837863,-1.12911478531051,-0.544051810357514,1.60602760066515,-0.0961318957101008,-0.474087186936588,-1.01568695976935,-0.0450095881271666,-0.039336715432045,-0.310633333346881,-0.38176365136044,-0.45124440562223
12.435,-0.509418255596949,0.157316015891927,0.845818206133509,0.677007504088945,-0.185894319999751,-0.320376913966246,-0.926013437248943,0.0864868643675094,-0.12089646701889,0.657539587075374,1.73786662948503,-0.323660682080105,-0.101328108559904,-0.922981989550597,-0.618777067291621,1.8322573950913,0.266008197140553,-0.897323076956488,-0.990696924722285,0.00208305137567002,-0.079506667595562,-0.322273196135226,-0.299820163239917,-0.438732545114964
12.44,-0.377523737916259,0.517273120344505,0.781975477346108,0.848501510469781,-0.202112938083447,-0.414982480802136,-0.99379113597869,0.0122199139272384,-0.0834956835340029,0.758515718235692,1.63071382518701,-0.266535035554319,0.259747811795473,-0.840599789494657,-0.52100818759211,1.59755562851855,0.580178418160817,-1.35516712621166,-0.951250892051848,0.0345024967252136,-0.0508936680596577,-0.426407670212157,-0.188559360105571,-0.479389453483251
12.445,-0.443869612074779,0.662456036802738,0.7298236986063,0.616387482019221,-0.149511149960371,-0.4079554356677,-1.06047225215881,0.0882064488867873,-0.120556653501474,0.685741040536063,1.5186911159272,-0.234774950671781,0.361027115895569,-0.881129383899374,-0.259582001969107,0.655494667750391,0.731832342553754,-1.79712482053588,-0.907776100369403,0.0844985349641625,0.000609541404757386,-0.53678496614156,-0.0209359829144597,-0.539969631331539
12.45,-0.568250996317682,0.544933798087211,0.704501966480986,0.385393719634976,-0.112912851838726,-0.353265126313681,-1.03040921560294,0.126616704050679,-0.228121162879256,0.473941005115539,1.46225113784247,-0.180388668896146,0.127269298687227,-0.857523429331525,0.0210675280983433,-0.19040318384256,0.781076924758871,-2.26644450576142,-0.873082330135202,0.137172855178893,0.036074401423907,-0.651184998983322,0.23768455757768,-0.454769267922984
12.455,-0.696196134008428,0.333080472061456,0.736677930597229,0.215702950385354,-0.118360060317167,-0.285874021656643,-0.987228107982337,0.117049403625453,-0.3463606713886,0.373550742247157,1.43776566881767,-0.150641915512535,-0.304753844865431,-0.640094572809815,0.191933906344632,-0.297942629488388,0.344975434960224,-2.34978414040017,-0.838889847437633,0.181806389900799,0.0312784186149313,-0.738439333000783,0.450906857624824,-0.246896390749091
12.46,-0.708553138172934,0.221489785420794,0.76735661423923,0.220746082681363,-0.142679534623002,-0.277605415897917,-0.960179979622946,0.0465797605708752,-0.348975496543061,0.454576369451802,1.40471502117415,-0.16130156912916,-0.610270769969705,-0.341095876261731,0.13261730934078,0.594220869898747,-0.148570417424687,-1.93638530232424,-0.78863179367193,0.239925012963805,0.00903571454394089,-0.814698704225554,0.533957405674769,-0.0726067292479644
12.465,-0.625524573594508,0.19603385432824,0.810912310262085,0.256734569503191,-0.162052574111151,-0.261944552467403,-0.9646850517758,-0.064950019391583,-0.282182771891162,0.525595177847962,1.34207221282327,-0.210952080961016,-0.775625197495518,0.159213181349993,-0.17480158540964,2.22878085733274,-0.47981623461733,-1.31741100733962,-0.729939982706367,0.280178477255504,-0.0100881315603478,-0.879534839744823,0.470930507706101,0.0180341245904918
12.47,-0.572666306970507,0.216902217415567,0.835992390854697,0.334435268678701,-0.156269570071459,-0.224028098361375,-0.985026118750129,-0.0894595842675733,-0.22809323290057,0.481954810867041,1.27288212535635,-0.243258223090084,-0.846741835823304,0.448327384332325,-0.416573001868207,2.56745291556051,-0.533026362532813,-1.1774775790499,-0.692592997257581,0.301861727570986,-0.0214826586065159,-0.961467693067584,0.317306539148082,0.0636796188964212
12.475,-0.576596600415817,0.259797883061515,0.828573572383301,0.381819227794913,-0.137267929192381,-0.176924743017042,-1.0144481251715,-0.0976117328468658,-0.20271149967725,0.295175610074382,1.19022347549232,-0.239506397760099,-1.00935244089423,0.402821486895436,-0.572594594727015,1.62758215781785,-0.402359824296104,-1.31457765635817,-0.686040289358791,0.319554383689147,-0.0187452944866865,-1.06850187900269,0.139224766799168,0.0923541671774285
12.48,-0.569338659110196,0.243958871874459,0.835548820278309,0.323547677907978,-0.111484146431453,-0.136348463171694,-1.04273133049594,-0.0863729573179982,-0.211288289478318,0.117238282697632,1.13764015967845,-0.20768635627329,-1.28519092427624,0.0176291556664782,-0.58838394009233,-0.0136694971516438,-0.210745218291827,-1.49112722678797,-0.709062699302439,0.324076891726763,-0.00722909597049441,-1.10408880457511,0.0254450075494465,0.100874993642936
12.485,-0.574193266338421,0.213293319602536,0.848340656408284,0.284631052908414,-0.0836006705878527,-0.0890316354540779,-1.07226010851217,-0.0957227410718074,-0.219510882415388,-0.0697458854707315,1.0817485637739,-0.165393394840237,-1.5270214154474,-0.384640684199599,-0.428466211456779,-1.26428023851453,-0.0790242139110914,-1.61981673054744,-0.760627458129148,0.309467026735016,0.0313972296362302,-1.06789449601479,-0.0353685022033452,0.124668288115075
12.49,-0.573817617509003,0.189111655191798,0.85424118115503,0.272164606757612,-0.0618751213443649,-0.0647721720954155,-1.09103757265418,-0.15928039646045,-0.198238659022515,-0.191274308774838,1.04022394416382,-0.109572119543838,-1.61424377243837,-0.52249816171408,-0.152851723756628,-1.79212887626837,-0.0118219186231167,-1.63561388358883,-0.810130315484077,0.280885242367044,0.0672390153391897,-0.961323798413633,-0.0565566572338341,0.138394508685999
12.495,-0.557702114991382,0.189609368186895,0.855457301261984,0.287613704727414,-0.0297555157335289,-0.0418821727386395,-1.0748543458057,-0.209145265295396,-0.183356098785429,-0.196824002149354,1.02172194363003,-0.0725915415616744,-1.51693933758951,-0.325371272846519,0.102918475879244,-1.54482795427494,0.0513994622044018,-1.48337062780011,-0.872659306180167,0.2239009227201,0.0943339950885294,-0.852829727371009,-0.127116702645893,0.133812339074108
12.5,-0.538099936179757,0.214041399529888,0.847881592981937,0.298049674914605,-0.0095353612683254,-0.0185447089493914,-1.10228690425833,-0.245716124860665,-0.164178545348295,-0.129617314232821,1.00878451168027,-0.0553510500722819,-1.29819307990443,-0.0211684301871746,0.302634501949911,-0.90847909607268,0.180033930822737,-1.18539320621052,-0.935970405590568,0.177805922101713,0.110026287630758,-0.719777634000636,-0.270893657152061,0.113587668370739
12.505,-0.54107958465206,0.256160044216534,0.821478958691762,0.279614837743377,0.0086163304884065,-0.0101755358377096,-1.04922232798404,-0.179681763423177,-0.17862119136122,0.0352463641888968,0.98451168088877,-0.0526750724570767,-1.12553887460556,0.078051997464407,0.366554883075759,-0.378558063458375,0.327445783823973,-0.915685697930131,-0.999354056156615,0.119505538361173,0.137840017001739,-0.551893875887939,-0.399032035861562,0.0529898372164598
12.51,-0.519693763829078,0.286536819218137,0.799020744748466,0.24530861406729,0.0224370308099309,0.0126607856375527,-1.02420304860936,-0.115575373637378,-0.211252065690013,0.141802577122808,0.956000761118803,-0.0455441644539858,-1.02030031622483,-0.00111371606037766,0.422169340492293,-0.0963275393413679,0.381284717275241,-0.765018864725331,-1.03222767235718,0.0741398587497948,0.179798814830941,-0.307701466748513,-0.480537866105276,-0.0572365675151547
12.515,-0.556843074688208,0.317168702986217,0.783854244337084,0.203311158608524,0.0231196313191128,0.0286249689831624,-0.997119892520215,-0.0220405802686045,-0.227874178197462,0.275435363460382,0.936797686425221,-0.0553417074149622,-0.966459835621593,-0.140796924570884,0.275429892059458,0.0666845711005419,0.30052911658124,-0.835661573153899,-1.07131204060678,0.0378960978014644,0.229437509881614,0.000851289737157992,-0.478137221077258,-0.219290876116475
12.52,-0.552913522526484,0.359604966272432,0.760974360651704,0.160995729864919,0.0155704291537404,0.0326104322835922,-0.992574436784707,0.112889308780136,-0.23088088956628,0.389124599280572,0.904857047470667,-0.065454605144501,-0.898861196379993,-0.200930068835531,0.133798233214264,0.26427227079035,0.215317573444474,-0.962978309493415,-1.10187957688713,0.0232911302195105,0.253868062748519,0.178778526493544,-0.366854233815919,-0.33016848032512
12.525,-0.537659185670132,0.411109946029705,0.750419274884827,0.0936814600344292,0.0118119328914016,0.0322875263630406,-0.996168401873744,0.216386634016747,-0.200289317045294,0.284733505035398,0.874024021026389,-0.0977269300633675,-0.835737220457708,-0.156603130953876,-0.0115071811291301,0.192724177338651,0.137131589810749,-1.11401977831989,-1.14421178786768,0.0171091029263967,0.253385374355515,0.211343818634636,-0.198152510112679,-0.358170747473306
12.53,-0.513647494074416,0.44342086940624,0.746531354068659,0.00280085253993085,-8.64790877502109e-05,0.0160467254309461,-0.986116443159623,0.265357344562194,-0.183507923657803,0.076706981490637,0.837182756283357,-0.0967314968847067,-0.781271725327392,-0.0770815618938348,-0.131092109418398,0.111730242051993,0.0876084069638041,-1.31166575489463,-1.17953154726078,0.00655201789353122,0.242080494175708,0.195338473686917,-0.0472056986816379,-0.340186994133557
12.535,-0.505402170539029,0.445983600502191,0.75141467049223,-0.107741062907656,-0.0107449208297059,0.00204874716203361,-0.9742322048146,0.262689167903345,-0.190523224919991,-0.198205386421714,0.790108179773062,-0.0880718419836629,-0.757437428456421,-0.0235439177113961,-0.187863259639736,0.066109212304706,0.0822572448281388,-1.48908409480838,-1.21599266916101,-0.0144277935941538,0.220362004963405,0.19810681869108,0.0525205625696878,-0.295221033069473
12.54,-0.517033617118676,0.422812635718656,0.754736566222848,-0.178473396033177,-0.0128022669895088,-0.0204683607806672,-0.984730449056589,0.229975546020368,-0.185043001244567,-0.40963677011827,0.7532543518461,-0.0843980646593164,-0.765853861605056,-0.0174972370268403,-0.170739315699457,-0.00430125799415253,0.0882795349969715,-1.6342954763546,-1.23471004780374,-0.0319388063543779,0.192694663400421,0.237608775320729,0.0712179258100907,-0.251512790980134
12.545,-0.51576082317742,0.393939845402774,0.765416494214859,-0.259079558943268,-0.0181332440690424,-0.0324133842090955,-0.993337194367607,0.166504510779535,-0.174206762291928,-0.580866288858435,0.721283297706511,-0.0985724180936813,-0.843055535376159,-0.0431723397794419,-0.165456952744073,-0.199336064685095,0.106612640804309,-1.83121685026557,-1.23097275991082,-0.040578714424331,0.172840546142933,0.307451635976993,0.0335738136264119,-0.19897612780436
12.55,-0.510353659053494,0.361329279727919,0.776710229388564,-0.304676810537214,-0.021043446525269,-0.0438993002030585,-0.997494593425313,0.0839225451401167,-0.170693941913478,-0.681194102592908,0.69230241657948,-0.0963105293453824,-0.917430857085261,-0.0661517240593504,-0.115288138907445,-0.412506328787047,0.134521530210242,-1.91946293033148,-1.21313471706149,-0.0406532944841609,0.149728870656689,0.325481289069274,0.00862409235063219,-0.16560129976365
12.555,-0.508928619747983,0.329246866010823,0.787953528840005,-0.333062507295534,-0.0204523817677918,-0.0488191320697233,-1.00312211822117,0.0277793349412485,-0.161427152293677,-0.663223075730506,0.675431501545864,-0.0972841409314731,-0.992160224687227,-0.0714125530379056,-0.0580245525262533,-0.631091126516169,0.149208918523033,-1.94451519221686,-1.17778001798539,-0.0383998237371057,0.138245788551027,0.312434153138523,-0.0014887062821906,-0.133070299593992
12.56,-0.512030096233514,0.313856463306519,0.789048949631739,-0.338092109429536,-0.0186879598299991,-0.0470878837854656,-1.00364953793804,-0.0134452210538784,-0.154119776795093,-0.601459397144695,0.665330920454018,-0.0985724180936813,-1.02259168360859,-0.0725802807975604,-0.00932227835442439,-0.62076526778954,0.15836015840868,-1.89549630999877,-1.12622797912645,-0.037858476303721,0.138829429660433,0.279976771399068,-0.00659815803656462,-0.105170691554017
12.565,-0.504515347936669,0.306388325561046,0.794620250131026,-0.351744577737614,-0.0220191815184893,-0.0494984708873701,-1.01010670496289,-0.034004973633874,-0.142926485792549,-0.524791487109173,0.663502794049965,-0.0846888410407368,-1.03701828943629,-0.0638030273930376,0.0335654647395451,-0.494867410635487,0.166040391420458,-1.77377526097621,-1.0822502163615,-0.0334734615182768,0.141685026530233,0.27644400034492,-0.0284696695038571,-0.104560255658996
12.57,-0.504770758822929,0.298476708177086,0.804888798872582,-0.343721478388422,-0.0189682972577029,-0.0530621161773176,-0.991171622409407,-0.0201247571799765,-0.149430869746856,-0.467917930767117,0.655107021331787,-0.0725956375960958,-1.04547215377598,-0.0378221570104476,0.0140510707083323,-0.25481751116031,0.164642522724973,-1.60584721171439,-1.02153346600584,-0.0396792151190624,0.1617051403594,0.32424011253848,-0.0652851171327382,-0.14087973834556
12.575,-0.509530221757288,0.297205385536443,0.795616770081517,-0.331340143084532,-0.00874772269867061,-0.0493334357675732,-0.991924220612173,-0.0138141851194176,-0.152537986436529,-0.432753347204139,0.659694959658631,-0.063746264154812,-1.02747632795858,-0.0217879686758771,-0.00570546509830755,-0.128744753328191,0.1869950867145,-1.48211280492304,-0.954652311650973,-0.0384855735789903,0.190957524797952,0.383150692035491,-0.104163401880886,-0.194930056978995
12.58,-0.503810791106373,0.285115473000808,0.795371333771676,-0.318407531323905,0.00227310084202876,-0.0421660383373455,-0.989886818102547,-0.00978564801825067,-0.143665468845103,-0.408673890733133,0.67341411718021,-0.0460634056556097,-0.987015959417076,0.00363343428162677,-0.0585676981411702,-0.158028399773395,0.215560279992895,-1.3995517013797,-0.917328100331184,-0.0302380716442508,0.208128770180383,0.395902639455104,-0.0957459781614088,-0.224914439164528
12.585,-0.494350877900349,0.273138052622134,0.797924679895638,-0.304901390446553,0.012206656026118,-0.0434515529651893,-0.975834294482284,-0.00750440464318454,-0.139731817590078,-0.420749247398043,0.667691245750308,-0.0426295261488926,-0.951553155316707,0.0133082390254448,-0.106038353713282,-0.176411265577552,0.232568640402312,-1.38561616956489,-0.882431970210612,-0.0216538814465928,0.220617563615844,0.376399851885647,-0.0234320183471243,-0.241438990789271
12.59,-0.492138144853251,0.287545073733541,0.792151673958801,-0.282976170052433,0.0160667783571873,-0.0328474041575971,-0.975283366614907,0.0169552253440464,-0.131688528967174,-0.437473491029763,0.670417984499507,-0.0483505488521845,-0.899538074257344,0.00821204635783756,-0.118410801760069,-0.189430632492303,0.236727686079717,-1.38474389199778,-0.858162528601853,-0.0109802269393683,0.241158077205354,0.297640806744692,0.0890110985859315,-0.231306651569242
12.595,-0.478665336785368,0.311741390076292,0.790440576947001,-0.260639603828322,0.0134114377335174,-0.0275882380114918,-0.982211247964173,0.0416535784785925,-0.122190555122444,-0.458382963404408,0.67586513993665,-0.0387201131744973,-0.854304182747507,-0.0133098483589441,-0.118726403806187,-0.201407313346863,0.240704071374405,-1.37928880793613,-0.833789359859766,0.00529008164926671,0.266500653057914,0.150273770534822,0.234410490107924,-0.176002076273506
12.6,-0.476039441439299,0.329413050013298,0.788541084705953,-0.249449661913974,0.0273671179572306,-0.0188360828906298,-0.987563536090885,0.0648982437545781,-0.125699120275069,-0.495855678549422,0.671979521864786,-0.0449566269564784,-0.849640747289832,-0.0342130523658256,-0.132057392699412,-0.186194031213629,0.249266335676456,-1.38436965756337,-0.81467328278215,0.0233986186229859,0.3040400424292,-0.0586578398544045,0.388595709191248,-0.0784964384462152
12.605,-0.486719138690676,0.334088041688153,0.786281886084588,-0.257511228322983,0.0189677326303598,-0.0225597707126693,-0.990686443879378,0.0884390897940328,-0.140896042931616,-0.590819720247861,0.666450804693509,-0.0463917848705183,-0.866733403069639,-0.0357414891215127,-0.12991979987036,-0.209940164523826,0.289685405553023,-1.41779920423073,-0.798161261464629,0.0262711665123788,0.327788287860724,-0.217668684011085,0.480634331039498,-0.00197934665328034
12.61,-0.496518449604086,0.322376929218931,0.780875106331242,-0.259327610199907,0.0167813582515083,-0.0334748853336499,-0.974933123609898,0.0738121176031999,-0.172512667211914,-0.650160999974005,0.666744705348286,-0.0411527715623379,-0.890548356520229,-0.0498926727831051,-0.0980085399170296,-0.279120943770571,0.31505080446,-1.45447993017851,-0.777559941091932,0.0334162034240326,0.348314226954906,-0.469800782419424,0.56826112071928,0.111443235116575
12.615,-0.507107420434782,0.315130732704275,0.775145790753733,-0.257613426541736,0.0153416706418579,-0.0332676590200142,-0.968128944928439,0.0548942335387379,-0.190327832410588,-0.64920244114175,0.666969039743118,-0.0489537583859592,-0.902539167780511,-0.0745998836806173,-0.0917798394702623,-0.325223606913165,0.340427053636259,-1.47505379738904,-0.768067732540238,0.0370176419116498,0.357822906312431,-0.693235857293216,0.59857203619014,0.213521090107238
12.62,-0.504064995895871,0.311190248106442,0.777372506133243,-0.238930754738243,0.013127040117979,-0.0356337562189267,-0.973103402554644,0.0515591318348339,-0.186925260628239,-0.63790215325972,0.663527322739803,-0.0485881647956359,-0.927508348953966,-0.108187919355787,-0.0531411365558936,-0.33070062267534,0.364466902931938,-1.4705581862631,-0.750051972941401,0.0309108170969572,0.373220551127822,-0.844353098838585,0.586680042545185,0.270599589918703
12.625,-0.502297701477853,0.325684070103859,0.779824742671721,-0.230085712819895,0.0116312320496368,-0.0301054471020175,-0.972188876774724,0.0471655680954446,-0.173498729837432,-0.613517853893964,0.656849359139231,-0.0572256699029279,-0.92837256611733,-0.135062085004168,-0.0136656757703135,-0.275709389829904,0.372338550492619,-1.46192425181357,-0.74046579397651,0.0330173681433142,0.375520238542002,-0.944286454360137,0.558500776552082,0.287442742753565
12.63,-0.509325337576455,0.318613550579969,0.78162217818173,-0.219299025822848,0.00824026204645634,-0.0348313301837545,-0.982233846703174,0.0506423693585304,-0.190520396678912,-0.581181409763792,0.656391655351539,-0.0674506630932707,-0.927713465761067,-0.147146954965102,0.0174562321151921,-0.14665492102796,0.378786418730093,-1.45397688824197,-0.73329605085012,0.0295968711901798,0.376766177229382,-1.01428484498123,0.541977776890742,0.293200700845394
12.635,-0.527033102031359,0.311002001147266,0.786420294574808,-0.208971791713491,0.0052394878364619,-0.0449421293646539,-0.973358352470097,0.0301380013716472,-0.212914279786818,-0.510066236277909,0.646803705953467,-0.0621682155099252,-0.933732216949601,-0.144684410476591,0.0289986094460283,-0.00311818900344705,0.394426401550223,-1.43578730486923,-0.73623423120659,0.0297011326205814,0.370483284666304,-1.0774634059868,0.536105145940003,0.301602942736701
12.64,-0.537702922733657,0.294573771992291,0.786758048960204,-0.20537132940672,-0.00163331386329037,-0.0339465062078479,-0.989831528173405,0.0267991998673291,-0.22613617030085,-0.41776896885509,0.642939984532837,-0.0729667234558422,-0.94479071360244,-0.133631387654048,0.0306891343712252,0.0478889543478709,0.420715733996788,-1.42738145944763,-0.749985658000353,0.0433376598032064,0.344828430057784,-1.10995525955172,0.536729312821793,0.301561199370133
12.645,-0.557484776666959,0.279609944651574,0.789733434847197,-0.15162948431661,-0.00321631090738618,-0.0406898096729608,-0.968450674271748,0.00643077294525246,-0.21811440478403,-0.304437270952573,0.64640513977608,-0.0753602236509323,-0.960932057016548,-0.129119503205946,0.0364381026470462,0.0798698718879546,0.452792760934972,-1.41555798608752,-0.772083702109127,0.0603754179476085,0.301570613116417,-1.08850628626268,0.539437280752668,0.297970480180276
12.65,-0.552235863499118,0.27944897598705,0.789726805347021,-0.119226132358252,-0.00344755588817478,-0.035465159372288,-0.973003404895144,0.00747897145560462,-0.214283079921272,-0.215488353005459,0.652065169533156,-0.0778134917072713,-0.966344040248111,-0.137208510741188,0.0459370696020013,0.161633241066594,0.468793380572999,-1.36429448192788,-0.790451156907122,0.0784680147252317,0.27847689812409,-1.04538206614399,0.546061754285057,0.291047552143658
12.655,-0.540200430460817,0.278872512493098,0.795167485702388,-0.0675103266585117,-0.00322049554869862,-0.0324495496926503,-0.965913978336172,-0.00362602680153377,-0.20716024970029,-0.112652956980188,0.643561092174655,-0.0773605234383149,-0.972830501576451,-0.138981844084114,0.0551400298823926,0.304978761023076,0.473035976955918,-1.32486765212994,-0.802664348361537,0.10435835143984,0.259010512020113,-0.960963348586745,0.554101658634734,0.289202347051282
12.66,-0.539065510546255,0.280132582021664,0.79948427336632,-0.0566062145319726,0.0165202618695281,-0.0105017105642681,-0.969097760658826,-0.002150414092263,-0.201847685642036,-0.0414535912171983,0.642716980059931,-0.081584104111299,-0.976527276409462,-0.134653109418499,0.0497401340310968,0.543199386312272,0.493624911412024,-1.33793156128878,-0.81609753487358,0.108251084121609,0.24904755894343,-0.856292778379534,0.559842734325743,0.286923686755559
12.665,-0.53648023646086,0.282263751765362,0.795167676321128,0.0169438280134884,0.0122415386251999,-0.0116657506206224,-0.980064875832306,0.00462918561714126,-0.206223184827468,0.0556398931750074,0.630417476319246,-0.0834169251965005,-0.973762593135967,-0.117808849033917,0.0285995493507143,0.665941067920825,0.508218446175256,-1.36157691729596,-0.830930052358309,0.0942100719948961,0.232348359001471,-0.73102937801491,0.565479719793016,0.277425203990497
12.67,-0.534002636542265,0.287409746836421,0.795833481773501,0.0588392265562712,0.0169405576425071,-0.00760106963685911,-0.97848487647408,0.00965528572223471,-0.205008471344206,0.112916041322037,0.625734880026585,-0.0798904012511964,-0.969014200628545,-0.106910919205327,0.00147612538521377,0.701702438908141,0.516025624941053,-1.37631748275325,-0.826666733687725,0.0842000040205764,0.230009170814015,-0.648793768690312,0.542231401523113,0.271856722899507
12.675,-0.529520785184805,0.287406044510108,0.796359842532065,0.0959061295840817,0.0279611860258972,0.00463683019648147,-0.979297323121264,0.0181115775932335,-0.199626086469493,0.136892041097365,0.627038192116454,-0.0817190503469538,-0.945125793246767,-0.0970327415236731,-0.0210580994290249,0.622016961479772,0.524059460068919,-1.39524092650706,-0.816563263008616,0.0651643916357717,0.231928632824801,-0.586333742801008,0.510843769328979,0.268560290336609
12.68,-0.531786168779471,0.285708965894961,0.791571703896177,0.130847510069728,0.0302307642996311,0.0141216408768359,-0.96881746566182,0.0175632781762681,-0.185462904718135,0.143477574898997,0.603105170821284,-0.0802749441445702,-0.92204398623573,-0.100851725915838,-0.0424748924956648,0.575832618106592,0.530298563020649,-1.44318305387473,-0.811565176172304,0.0638230439599948,0.228354927829425,-0.525453451093063,0.46194328781799,0.243593756157909
12.685,-0.523459220538422,0.287833885356563,0.795014965043233,0.15934170709551,0.0185608928596953,0.0146967442280034,-0.967036094409713,0.0268196700506956,-0.194639186378199,0.131497818089316,0.618001311306107,-0.0781103323756904,-0.915524313759646,-0.100847570479872,-0.0535634031135744,0.569358496651953,0.52858979475061,-1.4744087695661,-0.803627929940713,0.06215721645738,0.22957432846836,-0.465337818125812,0.442765671920753,0.186374909082948
12.69,-0.520724582379109,0.29133925741723,0.793382585189391,0.198838535611492,0.0184665892587189,0.015975058292284,-0.971414592812065,0.0203337226475706,-0.181042625249136,0.134199334841618,0.60501754283905,-0.0775528221864931,-0.909298490702998,-0.0959260505121174,-0.0664061760251716,0.61433089885914,0.50236028323884,-1.51295755874147,-0.793080895666674,0.060233759929855,0.229375487636354,-0.406400299671362,0.435940987195913,0.113979969744821
12.695,-0.51956215836234,0.301684604408378,0.792628922785743,0.230545963368196,0.0286987581242155,0.021260977804049,-0.967050109562219,0.0181452697672022,-0.179841825789806,0.123976128427958,0.594238697570422,-0.0814686939120293,-0.909491096798994,-0.0837177048004177,-0.0813031536314738,0.675348004565938,0.480520563235508,-1.53745350842548,-0.782264387185412,0.0549003125869468,0.229167848306793,-0.355203894039856,0.452151164231095,0.0538278113856232
12.7,-0.522903070874676,0.294746648903807,0.788888548068575,0.246450447197658,0.0370066939657996,0.0262280561540497,-0.961113064061344,0.0203316819428151,-0.200399724908867,0.12891151544354,0.602266193486265,-0.078893291059454,-0.913825408940645,-0.0637194337130793,-0.0986781037338598,0.711122545620832,0.459759629670709,-1.56171561276149,-0.783147202318473,0.0611672922932688,0.222449730587176,-0.317330843937244,0.458505852796161,-0.00431404065113583
12.705,-0.519354854032284,0.31003970405478,0.78486621132752,0.259460909207465,0.0251486351016043,0.0235462638309668,-0.952264769693612,0.0279449415863266,-0.199902871738687,0.1668409303354,0.59508393180066,-0.074298625472251,-0.914974116234257,-0.0535619842399575,-0.102622259991143,0.708007336572127,0.47105453109176,-1.58040871450866,-0.777195772327015,0.0618746967661851,0.215979512159001,-0.291382935860044,0.457823679209336,-0.036018402141584
12.71,-0.500100264271906,0.313576277666464,0.789368106730897,0.257926335413943,0.0212667028467585,0.0199932770223122,-0.973923292433979,0.0267873306263365,-0.196999829187195,0.176381030352872,0.597035033159564,-0.0658237288489272,-0.912954112550887,-0.0461131104561089,-0.105684992043322,0.661852505215124,0.484111662438484,-1.57221078865958,-0.76408941992423,0.0743663594635722,0.208082396374601,-0.263474312549157,0.43469105907865,-0.0444004046158266
12.715,-0.495715378433175,0.307994256776312,0.793722744838897,0.25292946177007,0.015942066729545,0.0138384496886037,-0.981396316168871,0.0344350169577696,-0.189878839923652,0.148836736338682,0.589663065781526,-0.0568126472716014,-0.904938104657589,-0.0502002626479909,-0.103314431046626,0.620574217770487,0.48809990996973,-1.55835824338629,-0.75366369102205,0.0763141830652098,0.206300232898288,-0.240752070896035,0.397663076756744,-0.0162863175134789
12.72,-0.496600960030497,0.309239614568916,0.7950437942351,0.259882888644601,0.0142252706572195,0.0162844005542089,-0.980148911822371,0.0397948513209282,-0.194540358111144,0.124474873663198,0.595167284375456,-0.0470309490853494,-0.910233401040544,-0.0611849865479546,-0.094946719335525,0.582988331172667,0.480490874699529,-1.56420038992984,-0.742476220751362,0.0719245436770964,0.203715824768016,-0.2597779751331,0.370470266261001,0.0212841204093947
12.725,-0.500600599007611,0.313377055770474,0.794799193639155,0.269604213968201,0.0111540311824338,0.00823064146127142,-0.971462958763648,0.0220833044710932,-0.218657991479693,0.146750328096366,0.593151741430718,-0.0378243697069243,-0.907253704280164,-0.0640907901591074,-0.0974153947520281,0.541987607691772,0.458941717889125,-1.61363243925344,-0.740041463188904,0.0833115217425422,0.21928785412713,-0.302356132120955,0.335540963264171,0.0714471950614509
12.73,-0.491969090989915,0.308751486903126,0.794493372016889,0.268680241978821,0.00880071382502036,-0.000813037150189571,-0.994863959678792,0.010563432869304,-0.212546122056938,0.174975601664218,0.593391398205619,-0.0300772139788345,-0.908832288329921,-0.0674777319258748,-0.109548019339395,0.509618937969208,0.520162799192023,-1.71936970336002,-0.74684182967113,0.0854547726974305,0.218535597394456,-0.355057805286459,0.287903021476872,0.106559504531081
12.735,-0.480219095823271,0.308225447966031,0.795035631200364,0.27547226071518,-0.00173408831952421,-0.0141500990420422,-1.01610533525487,0.0131442969906243,-0.205889521306113,0.182655617594719,0.596690198963409,-0.0228521827667083,-0.92655138130372,-0.0921172099915764,-0.10271058225436,0.469816889282329,0.504272844961945,-1.85750432343723,-0.746963458978577,0.0926978658472759,0.198994657632227,-0.386760402718253,0.246883955785705,0.145759785887457
12.74,-0.468765169262304,0.332506918160156,0.803739798651421,0.276909475375714,-0.00261868537689582,-0.0260980976806349,-1.03717296096679,0.00625654339988722,-0.226150965196386,0.163730832799741,0.586401737241575,-0.0127218940877469,-0.945231487595837,-0.0942330235879208,-0.124196943092894,0.53958072168931,0.492632412229544,-1.83088691413992,-0.735358087493172,0.0926507564772886,0.173852708663443,-0.433716336573305,0.231482248421338,0.183617669004175
12.745,-0.480854212607021,0.315161920091468,0.806349700435663,0.2639745742741,0.00108785971508218,-0.0255443235262527,-1.00481103387733,0.016758188215362,-0.226575506084648,0.186468518957138,0.577394398622673,-0.00383964025757761,-0.950686533681611,-0.0853242985284542,-0.130382630964734,0.568295717214631,0.550580563570429,-1.70268020127753,-0.726063354862364,0.0869959623092115,0.15706058087579,-0.486562813419209,0.272141196001043,0.173054441496105
12.75,-0.496366289771602,0.308755597951666,0.805462592491435,0.25845318935322,0.00660924223078405,-0.0279106304904948,-1.00409847570931,0.0164327415271119,-0.245086921557342,0.207646612577029,0.574256923114468,-0.00619276213630915,-0.919327495321123,-0.0964704860497072,-0.141573349566943,0.474841196349084,0.570380254451421,-1.65199295243672,-0.726523186218924,0.0768662365864523,0.153572773549375,-0.489728315349711,0.287177334997185,0.15327004960421
12.755,-0.515228353320236,0.296981241474853,0.792077024377061,0.262822053383258,0.0274398296905491,-0.023809747122652,-1.02097899900453,-0.00826426168896193,-0.273128015904886,0.243497438470495,0.572090437708077,0.00235955961252697,-0.886988418367611,-0.15058308638181,-0.183894999442252,0.158614175207968,0.644256935691206,-1.62367294727334,-0.758291874308351,0.0484878221922881,0.164549076297331,-0.499273755070297,0.364186092351607,0.0176081241841273
12.76,-0.504202653197991,0.30081366766386,0.803468374106711,0.257731260440922,0.0442946269855965,-0.0243135809852706,-1.00958665136825,-0.0130984863006732,-0.238603843879551,0.265495839562273,0.585188547917506,0.00173576940581835,-0.880722586193429,-0.195139603312544,-0.20235754914674,-0.107266635417709,0.758007611579755,-1.56085790093648,-0.771040835453433,0.0280193335476187,0.164672033696541,-0.534184318757392,0.420991149923462,-0.0446126499266373
12.765,-0.499957257161552,0.29420375742737,0.8065385892413,0.255337557615672,0.0592575581940517,-0.0165936896492724,-1.00467432752862,0.00201556638364607,-0.207423977760659,0.240236288038662,0.598331507906422,0.00649331416934729,-0.879337061274328,-0.223128513955172,-0.207891551148781,-0.327256216980124,0.834651788662159,-1.51313815571109,-0.78472735846401,0.0146708104348158,0.198447439709766,-0.579554223203238,0.497420711207686,-0.0993218455569732
12.77,-0.505407994295943,0.285620922112367,0.810878599115725,0.244949997739788,0.082211995865376,-0.0117472535616008,-1.00387013232026,0.00378657094617113,-0.218219961620835,0.255159383744243,0.59795339847664,0.0145797222130281,-0.87805397821525,-0.228659037480091,-0.231391711603669,-0.480630689949302,0.868776465043337,-1.47105282294682,-0.813074908567658,-0.00414821697763549,0.23568904822007,-0.61211310740824,0.494537804339267,-0.164370496177243
12.775,-0.515965343380406,0.266845131264221,0.80965019003436,0.256452090910685,0.0998977475688229,-0.0208485987538474,-0.96761685768827,-0.0179394586293104,-0.182149919230203,0.267067795235491,0.633612148720646,0.00785331157747249,-0.885975879915171,-0.238111647077759,-0.232459270824114,-0.526058700828022,0.856485074770033,-1.47179897442748,-0.828555672483057,-0.0122110870296305,0.262770014856855,-0.602171478795274,0.424010604133421,-0.22007598186738
12.78,-0.512243811489929,0.281982813293133,0.805371082861527,0.267074478372994,0.116549904329484,-0.0066688281844115,-0.974815572631024,-0.0235067746132376,-0.171895439593352,0.305424093668276,0.674457952905509,0.0146187664778828,-0.899416988936653,-0.251613744590631,-0.241035669112073,-0.550981022237611,0.795470987066352,-1.50556899071585,-0.835410897477849,-0.0205766357137579,0.275597582150793,-0.578527165972801,0.330428007778891,-0.272699227045984
12.785,-0.506653378204356,0.306879752631999,0.810746572382607,0.273264167149646,0.132320709510169,0.00684707558907091,-0.975379816886704,-0.000421028931770455,-0.138028067851838,0.318272481753794,0.705212947749195,-0.00694642158776121,-0.924756746730255,-0.239444561722407,-0.25395065440025,-0.489643901389948,0.739594805561801,-1.53664460092087,-0.842438881397986,-0.0208632959422866,0.28652615412006,-0.55803704027849,0.248103311838231,-0.316601785395538
12.79,-0.509532597483636,0.30539357260145,0.804670924841289,0.23922401483484,0.170000984137602,0.0144008128107456,-0.980012652682707,0.0361650772106607,-0.135111591309623,0.338209891299625,0.747103941977957,-0.0141781170497272,-0.957692865256427,-0.241272594698463,-0.263607330840717,-0.340063184179552,0.663583978385173,-1.54097608235974,-0.846903723682222,-0.0255023920717298,0.300099198212427,-0.545144051172021,0.176818551537277,-0.355438276031854
12.795,-0.519382512861496,0.308607277673995,0.795970681887559,0.232086054506714,0.193673902314347,0.0147285957616711,-0.953849193663129,0.0735991946633515,-0.12445805932355,0.364754686992135,0.809981460996057,-0.0392565350092534,-0.992920568670958,-0.239675195767104,-0.270051180588387,-0.189240173747395,0.550715633950082,-1.52108738244094,-0.849385071160693,-0.0282226946083722,0.313560413211927,-0.52776165263528,0.111276363119693,-0.363822019505775
12.8,-0.50756699726217,0.316770675743791,0.804985266166542,0.212362452565642,0.213699389311062,0.0154910443427633,-0.937275752718035,0.106299028024407,-0.104473822865068,0.340089126967855,0.874455790073982,-0.0659752687254685,-1.02144896553988,-0.191844280640781,-0.241930764601157,-0.0641284473782,0.435039162822387,-1.5337363761063,-0.846116169343056,-0.0272196294831862,0.322375770030096,-0.49965676824456,0.0606686481837452,-0.355216353378761
12.805,-0.498536857415747,0.349094198198369,0.816789881735373,0.198802497455334,0.232480091814133,0.0120171123340005,-0.959727157500073,0.14367654250438,-0.0988790668639505,0.26338094916328,0.920603224042833,-0.0767500057249065,-1.06116138860016,-0.0721317716173891,-0.220484453916108,-0.0429626093737326,0.34231831753453,-1.59262029800792,-0.847015583389819,-0.0417507313846408,0.329812580181828,-0.460981174457573,0.0275694620776586,-0.332336063095571
12.81,-0.477231228002717,0.366435978495291,0.821128735027792,0.159009964507154,0.269446985796263,-0.0166511671620417,-1.02809654359429,0.157664678879066,-0.104288142511934,0.187509339706438,0.966832732769884,-0.104906351565853,-1.10120808914138,0.0730755502233125,-0.215378615728465,-0.152206885955456,0.276339742614096,-1.63209195063834,-0.848795864648942,-0.0491432352656877,0.340600389353061,-0.406583399529488,-0.00485633033671945,-0.284918666834862
12.815,-0.481337167812539,0.368541228532638,0.820953630447889,0.122391539652539,0.306124786266174,-0.0512254895914751,-1.10584637196064,0.13964027078526,-0.149643565189578,0.163616333319338,1.02510933775468,-0.126088117854189,-1.16177003699001,0.223199267572614,-0.195398438169941,-0.320865134998528,0.234243337215988,-1.65569732943327,-0.850307644908174,-0.0574368600529878,0.336428623228609,-0.351895146104914,-0.00521090571018431,-0.241519783955959
12.82,-0.513032611961954,0.370419975789767,0.811789002162911,0.0853786435373349,0.351452393667266,-0.0962876275238232,-1.13124741054213,0.113087022299056,-0.178687298271984,0.216463402887178,1.05323407779713,-0.129539409882642,-1.20386514436326,0.31126778541084,-0.162018380699899,-0.469281101517675,0.225278986879951,-1.63586856282906,-0.859032908270296,-0.0635851769278429,0.323854793710684,-0.271278665653872,0.0076957006726396,-0.199526064689958
12.825,-0.499999839566398,0.355813892075558,0.812540213742419,0.0781241922440712,0.383329415383922,-0.12450552092273,-1.09656238354618,0.130137094360776,-0.152855817835638,0.271497726761068,1.14110310284382,-0.167687904963594,-1.19526179006814,0.31915508904135,-0.0962734451507936,-0.691404034515571,0.24150836350613,-1.59108057473921,-0.879566336628315,-0.0672331607644097,0.298718943781613,-0.227053166285647,0.0138316664792715,-0.168590453419133
12.83,-0.49948601046068,0.357323038113795,0.81305159949213,0.0397856608809492,0.445368297379468,-0.145819624613052,-1.07715829694383,0.132584355838156,-0.131843165039662,0.31134567905284,1.20074701210873,-0.19315238968896,-1.15858736934958,0.232132155759851,-0.0126488311784551,-1.06804619023862,0.257831338515509,-1.58475409010216,-0.910971077563774,-0.0769702797249519,0.278330118758958,-0.200226231833761,0.0181588393519861,-0.156589418649673
12.835,-0.491740453680273,0.370925659865243,0.817098150173463,0.0274915290762093,0.500754465823954,-0.161773679879334,-1.04408316815993,0.145356340942478,-0.0862234195700842,0.366386401880732,1.2572159063156,-0.231480896952075,-1.12509258279406,0.10362649673595,0.0370018414529608,-1.33483160975524,0.26781645170099,-1.62632030747813,-0.955789028207411,-0.0788180995189124,0.251798478399219,-0.177296386204864,0.0305200558740524,-0.156589418649673
12.84,-0.484387846332806,0.391030137114354,0.822849424652957,-0.00322719218933833,0.545760870361345,-0.172085038836466,-1.03756084233119,0.192690534953933,-0.0639674116532905,0.354019999190253,1.32129600245241,-0.277161009732989,-1.11216737506431,0.00963498901428767,0.0410768024832204,-1.47443538702984,0.303374256548993,-1.64478827071493,-0.996905840518641,-0.0842399112623738,0.23989676301971,-0.168521352028467,0.0546059174467723,-0.160122690716427
12.845,-0.499760788423357,0.376517169912097,0.819253729459381,-0.0446926647533832,0.592036649996413,-0.205092735493788,-1.02427459236928,0.221037934115202,-0.0615704537426959,0.280281362462263,1.37660004669434,-0.322235181688939,-1.11868889832338,-0.010522932485076,0.00212733462940887,-1.48417485898302,0.337198833749675,-1.57251372355306,-1.03721917860664,-0.0801227355920712,0.231771666583806,-0.142344405931451,0.0799023607637018,-0.174555370532939
12.85,-0.501331311857176,0.381601018511183,0.829134319879402,-0.0594448188387214,0.630576802535285,-0.228176433542797,-1.03070571610772,0.221392813475204,-0.0627625203336931,0.161528830712281,1.44857038684387,-0.361867054933205,-1.13084703939518,-0.0180886536910065,-0.0171693351079181,-1.43879428341872,0.347906283376885,-1.40957101379585,-1.0885895812743,-0.0840436708741766,0.240966249559142,-0.112317412489647,0.112602763398498,-0.200383428150914
12.855,-0.48738458499212,0.399694958397747,0.827344213283698,-0.0826831599581682,0.681247591672347,-0.256098155644151,-1.04464329469234,0.200581912530876,-0.088973602364764,0.0699646200886037,1.51382697243871,-0.395271969222863,-1.13083035208962,-0.0245229199225048,-0.0262624854859915,-1.36323544767642,0.346374710244873,-1.27716539590369,-1.13327647242623,-0.0760996611915097,0.25956150863343,-0.0678982025611654,0.15793524313088,-0.243245813953439
12.86,-0.478837207866565,0.39788436531591,0.845668264463966,-0.108153132392214,0.75593483660733,-0.288965615748657,-1.09740265795899,0.169703002842208,-0.111567732095043,0.0266975576567474,1.56631031507787,-0.432698026419163,-1.14100619917421,-0.0266831059937391,-0.00828633031855066,-1.17798453580633,0.334970150858108,-1.12673763521889,-1.16012007082831,-0.0768107091241308,0.284319638867374,-0.0362673564142443,0.220499864190267,-0.278908262013112
12.865,-0.504083216652668,0.367026962858184,0.858608684119057,-0.128711614713851,0.832170674991292,-0.309736700241213,-1.11890418043784,0.136997417088513,-0.135713218147764,0.0128727028007212,1.61698192821838,-0.473702847335306,-1.14979185640042,0.00103573429949753,0.0300388448138853,-1.08246836658694,0.326823649017103,-1.05489465077334,-1.19682168069249,-0.0686855414268855,0.323591445243742,-0.00812806298309927,0.279079923300614,-0.329506382901286
12.87,-0.51103732591133,0.373005959189092,0.866472964917418,-0.114886320775888,0.941324221354181,-0.3251680213748,-1.14076732344459,0.119344162123997,-0.186644360235565,0.0215997452109757,1.66304865662678,-0.520293923697339,-1.16158795741899,0.0173323142246648,0.0652400103899112,-1.12984518414843,0.321654975414276,-1.02035957158297,-1.22746037674759,-0.0502359671444451,0.350393543329521,-0.00266430870617106,0.298514038324356,-0.35553830053403
12.875,-0.509026074558461,0.384221582199374,0.877359198852126,-0.125386150163374,1.03110450097228,-0.347761405783424,-1.17987881142218,0.105787389915939,-0.197041904098624,0.0592759311756598,1.70333236633023,-0.556168103359342,-1.18281367998252,-0.0060024433930417,0.080611303242697,-1.23253534754622,0.328549367556843,-0.983248554250553,-1.25985485017543,-0.0305512370946237,0.378098268287901,-0.000929504632949829,0.280723384201287,-0.36773753930303
12.88,-0.513593186628563,0.371163868422472,0.874970528395444,-0.14506177566406,1.16191074689838,-0.389166577199957,-1.2046201516522,0.0713535390315704,-0.205714164371568,0.058656028713139,1.75672789633766,-0.602992227160954,-1.21032431014244,-0.099448967968574,0.0911470187204979,-1.32566170237438,0.319120666595826,-0.95673836924656,-1.2686768420999,-0.0115493292301549,0.400945982803479,-0.0224213982415506,0.223960079025646,-0.370358273771428
12.885,-0.535454762115989,0.355082441057769,0.891076957974357,-0.162745970202575,1.28798538275719,-0.41936192342366,-1.22015131623337,0.0429183072287923,-0.245841212631851,0.0706341553977295,1.8002040457922,-0.62695725902461,-1.22545639847723,-0.16426264023513,0.0831474935177516,-1.33262436531597,0.314324796199799,-0.930292047824981,-1.26891639528209,0.00181511443252312,0.431038808839544,-0.0429734099895544,0.170087510788534,-0.350928466248084
12.89,-0.541045446720568,0.355371378858872,0.904948852954888,-0.1335806583568,1.43303149370835,-0.458862831803284,-1.2400678046144,0.0282971624508802,-0.242541647008815,0.149942648573967,1.84870396568624,-0.662181878746324,-1.21978779269797,-0.185935495709569,0.0568530544446485,-1.27708375641541,0.326414534005955,-0.881797749379381,-1.25834945978924,0.0117371252172847,0.463428261270704,-0.0682301736180327,0.148224108476251,-0.322589408635809
12.895,-0.538104600262524,0.345487621628283,0.92026620519362,-0.102623215163953,1.58621150104774,-0.489875692109556,-1.26782027995581,0.0800699041306339,-0.239031057842818,0.137405545355674,1.92149624668166,-0.688158968333672,-1.22366875317752,-0.152638448737011,-0.00962548359755712,-1.21566755902031,0.374119821185905,-0.818234151881045,-1.24668312878491,0.00703024692552232,0.495151082894828,-0.102006593413932,0.167469166071202,-0.281143093281532
12.9,-0.558276003386432,0.39780108857548,0.920201832926919,-0.0848027633421279,1.75038572719208,-0.54849251564688,-1.29885497825202,0.0631740214132347,-0.20873372252769,-0.137528231440943,1.96956042835124,-0.672099717772193,-1.23285977548661,-0.107810993051477,-0.0623104474573475,-1.23307563597726,0.417408081244393,-0.749736539103856,-1.23337504751045,0.00483959677589281,0.523437438828204,-0.140777101063715,0.197855620907528,-0.246324487040493
12.905,-0.534087888647775,0.356633235618414,0.965155180709774,-0.103921455958192,1.9578148040455,-0.609445855185044,-1.3113903030146,-0.0400229623580809,-0.233846596953896,0.243541790612101,1.99480899083777,-0.745590723767146,-1.23527601890486,-0.10151685775742,-0.128076623700156,-1.30592924724499,0.474196936353714,-0.645676407330693,-1.23213987131232,0.0173610062815523,0.521854281456037,-0.294755087781705,0.262673867745386,-0.152797351887942
12.91,-0.589886282255728,0.403453602515091,0.887670640095318,-0.0170567818262117,2.20075590829849,-0.70786832412051,-1.36998612262368,0.018888852389153,-0.267456869489333,0.81388645682459,2.03486074672006,-0.824609703598292,-1.23451169538664,-0.0862442728963417,-0.181426960129237,-1.25266672004649,0.540353477705185,-0.556892115394204,-1.24001849219408,-0.0381771734232178,0.55251807387718,-0.753495835956875,0.441716439818582,-0.127665397532145
12.915,-0.554086117298446,0.450559528555434,0.930545378202037,-0.0744131579459268,2.34131535670113,-0.816673422681197,-1.40573595504713,0.0922467079692317,-0.211137116197564,0.791471170123874,2.11851477152341,-0.831827846868261,-1.26902379657684,-0.0892269940876399,-0.223378102909241,-1.17503137725895,0.571499702704858,-0.558895101877901,-1.25101963089211,-0.0990941722725731,0.416224409625882,-0.496941559775724,0.389424677637465,-0.334675513972013
12.92,-0.504382768013806,0.412740708065724,0.961713876011689,-0.146642206101145,2.49820506664346,-0.901968196163933,-1.44397001363917,0.110260601933745,-0.149045465177048,0.474944383548035,2.19456009839032,-0.810349019047837,-1.3272888520086,-0.0285627645839061,-0.288794540858513,-1.2110359246571,0.514337273150604,-0.559223171477131,-1.15015661087791,-0.0963265541008704,0.570848685995144,-0.183561044145854,0.347440051659874,-0.224891986838203
12.925,-0.528664925659872,0.415921517724782,0.958945249649787,-0.176055053740557,2.7656383139743,-0.958864442451433,-1.43376846859334,0.0308139950656055,-0.174420337588733,0.3957255255876,2.20033991148301,-0.81060951759644,-1.36435557365088,0.0449536316327748,-0.304086040930228,-1.09633909881762,0.542209067557191,-0.536934530736381,-1.13552427482605,-0.0110147679696461,0.68703053029376,-0.0160238130735043,0.446067416322821,-0.0358280106293378
12.93,-0.556924412903407,0.403977473271366,0.968620307783366,-0.198618027311264,3.01654214808506,-0.995044873614729,-1.44894227425257,-0.031378078974987,-0.165454366140897,0.37232691046484,2.2412432561068,-0.831587306108431,-1.33024891779325,0.0575952597670128,-0.264228481094578,-0.790982470964852,0.642556261971135,-0.501747348221125,-1.16393813106446,-0.0391260877246175,0.572311015933623,-0.279490808768193,0.675979812346618,-0.115637576112985
12.935,-0.53844064618567,0.361243685709768,0.988877646013988,-0.206404647052844,3.30932740594742,-1.03770321177545,-1.44908850096131,-0.0811894209850836,-0.139313754914905,0.369835136827802,2.31624909895378,-0.853657945482517,-1.3814588466873,0.0539615298243012,-0.255193775416953,-0.974838732319016,0.548804062457724,-0.55362509515949,-1.2087760006422,-0.0326134619073998,0.574569630549264,-0.129936465473705,0.765342084924573,-0.115625748646307
12.94,-0.526150895433038,0.374878901034982,0.983507107177222,-0.208393837950455,3.54226628022081,-1.04323713949281,-1.49830055765884,-0.157742688379728,-0.139102024598808,0.467037343484116,2.3863773900727,-0.877201515883586,-1.4388989632853,0.114156787572235,-0.256254123065208,-1.17779010273416,0.536690524188233,-0.593092955634189,-1.215890292264,0.0319390147801903,0.54827457877429,-0.0693981515131219,0.737178138621222,-0.0382218847076653
12.945,-0.522991002707946,0.343431799753944,1.01803624506894,-0.241323858618363,3.85135965063275,-1.06538396823062,-1.51279784548159,-0.202018064335764,-0.0724874806599152,0.590123120408027,2.43899557464296,-0.912042981569531,-1.45796676022005,0.163425091308214,-0.104772703269477,-0.750756314039638,0.714737535836165,-0.492427856592034,-1.24330533064679,0.0804696311130913,0.60836512678312,-0.137122966630547,0.543000353818031,0.263453440127194
12.95,-0.527588332493118,0.314775691513073,1.03903645704765,-0.239583419078086,4.13799194317122,-1.05651108196564,-1.56763856594292,-0.216423601323741,-0.0599294433816064,0.657177352993628,2.46679195230014,-0.949219386585172,-1.49033833033452,0.184288926004173,-0.0496944325718841,-0.792052732114758,0.709777030765515,-0.40426334120797,-1.29685024566679,-3.14074318705695e-05,0.643838569319912,0.403085806218142,0.503533446538786,0.233088650485517
12.955,-0.537075058295057,0.335090775644433,1.06901871446259,-0.220448570014866,4.53451467779875,-1.02646447881752,-1.65634324843886,-0.191367587621037,-0.0318484109643056,0.674639050990843,2.50261137649844,-0.999234803942532,-1.54070304489775,0.238742122790686,-0.0418910205807506,-1.15139752725919,0.57568396469663,-0.363451347884015,-1.40415488458492,0.0263535758955237,0.489725052481264,1.2583039037898,0.474712383258814,-0.218179546982761
12.96,-0.538378796612443,0.3422281242317,1.06243056276865,-0.187246913656174,4.8908265424815,-1.0084198985019,-1.72033835463372,-0.152677187238908,0.029479154763929,0.574723319923291,2.54300122350322,-1.03894923863222,-1.657684392305,0.328263935406023,-0.0212208236693754,-1.46948873479877,0.519883978501015,-0.285731251796223,-1.51956300735475,0.136797701120378,0.367696454269552,1.20234417982723,0.18117969286551,-0.533701045926587
12.965,-0.494718493281732,0.389777584513678,1.06878519610033,-0.127081987554172,5.25824871511759,-1.05606166208865,-1.79804669543825,-0.145085048895928,0.082450191086346,0.439654993746597,2.61817559459992,-1.04979780213893,-1.76850290389195,0.376809898054394,0.00830563089374316,-1.63709506285373,0.447204822847578,-0.1424900833859,-1.60989480892852,0.166705171851539,0.401413422375,0.544697510688099,-0.00962888411506482,-0.623829120005344
12.97,-0.46965525325425,0.430266978276131,1.08159249115684,-0.0734923125829995,5.68814245848433,-1.15285155852637,-1.79186541689711,-0.178321407289348,0.181912482472799,0.463766100786057,2.67491514533759,-1.04093619659543,-1.84986319811215,0.421164752966791,0.0434040078819031,-1.73244148205597,0.402408736409429,0.0511150221986827,-1.66271532131774,0.272316882382349,0.401740592231789,-0.0843129643111667,-0.0755614428829283,-0.481658115173869
12.975,-0.435563090563317,0.452771623795984,1.09098769111515,0.0230292372562583,6.06689807253424,-1.27822423720387,-1.78589737275583,-0.18547338890883,0.286018447589967,0.622913998999689,2.75298730620767,-1.02409079414852,-1.87011370011929,0.483386674153427,0.0856886007387128,-1.8604265786939,0.371565519832282,0.200442007172284,-1.62396667336543,0.187639845212917,0.602975517102177,-0.819373649514504,-0.113087012211551,-0.458699047056231
12.98,-0.431054180023898,0.518118281995247,1.10471158910832,0.138359488132706,6.5701513862932,-1.41902635807475,-1.82251010004059,-0.125098460813428,0.406529571114897,0.889808762463827,2.8448474471651,-1.04106005157219,-1.84193929207434,0.580056196700062,0.183653718429317,-1.80182425722256,0.394956648349762,0.323246360382253,-1.61497504261541,-0.0579147669730522,0.515763244351278,0.425784899632461,0.151536971571873,-0.539969669653485
12.985,-0.413632567688691,0.561179811912662,1.11943114338484,0.175109738642094,7.03890838890075,-1.57069544344366,-1.92491041425043,-0.0311885635163098,0.483296184748655,1.11356184386955,2.91256392084026,-1.07012771750119,-1.83561003512408,0.676575981670815,0.282365215190477,-1.48663418865707,0.37200307388228,0.433410297345727,-1.67572318912215,0.042480578456384,0.274746917185695,1.99129877925189,-0.45914229499056,-0.784507093969668
12.99,-0.4188924124886,0.653356828976297,1.10027421916819,0.233975033435811,7.59793385203261,-1.78355275834157,-2.04109950904497,0.0858149088504909,0.612931269025664,1.3546077524086,2.99747123874741,-1.09393389147023,-1.8760569636292,0.798267973031258,0.340583087191854,-0.972510059493898,0.281533483589391,0.550581064828059,-1.63280710568969,0.117162050831766,0.30083059378133,1.42786214689373,-0.968215295951373,-0.507819451559589
12.995,-0.434520693869695,0.738800342611503,1.09312959111094,0.217847856294809,8.18919082719137,-2.07931071302949,-2.15716804675318,0.144539488067989,0.671973758400019,1.49012461205644,3.06718912564262,-1.06914783051192,-1.92977633233355,0.907460853201598,0.364981355900104,-0.391841119242861,0.186743671662438,0.670011163701447,-1.52054774508233,0.25532275744137,0.34499679740658,0.546424687441397,-0.891624827787183,-0.100279836542221
13,-0.345195461507386,0.816062276880483,1.08594549183069,0.344106410636024,8.69518467925809,-2.41087337499841,-2.19399595874455,0.149728328510827,0.739764541701036,1.74316804096151,3.08712708698546,-1.03983425942428,-1.96211419830734,1.03810691443876,0.347668534606865,0.438128225189013,0.0947044483565827,1.0447388990673,-1.31361547905606,-0.0289926839824426,0.250880463602743,0.205950346966839,-0.214948898125434,0.0154001034011849
13.005,-0.4481621317191,0.853853834422826,1.0803429810038,0.382919627706211,9.41867473659298,-2.72883304009562,-2.30806692828356,0.263177967436194,0.946753922135854,2.36601430443011,3.18883907142965,-1.00841648727968,-1.90988680920277,1.1223858632786,0.155882850615829,0.570908768897219,0.0777785147725384,1.60598756234097,-1.4969008217874,-0.14319219450757,0.0492615686410958,0.763152595093625,0.103593579102244,0.187753818841293
13.01,-0.401180037563669,1.11092524294058,1.06038397065737,0.556449584185082,10.0431760946486,-2.99439635416631,-2.37532500008804,0.440061608009027,1.14151483497003,2.99948349192777,3.24076954214731,-1.00881762116802,-1.75881220481745,1.20890492763281,-0.00143502730391277,-0.351436101107354,0.129911800360965,2.36029701846233,-1.43340788313858,-0.218364363178007,-0.18403965689875,0.921316552069401,-0.248843650900531,0.217898665698823
13.015,-0.337261822531924,1.24828554833765,1.11910313713684,0.370372246049978,10.6840689037345,-3.42040389498509,-2.37374694051565,0.623687487252267,1.21753723024813,3.64347639693841,3.28444351572427,-1.0628521386239,-1.52476905903403,1.27950801798637,0.0830431629387801,-0.947163985455962,0.0611725248895313,2.95859833800574,-1.3039015711611,-0.278680489064674,-0.120456689893557,0.689853731549485,-0.569297437880777,0.30874420446407
13.02,-0.271671012487887,1.35119578759683,1.13470058655124,0.189334053747697,11.2622152167749,-3.84317803424012,-2.31216966555994,0.80055542726169,1.27448808074993,4.16704786865978,3.31448387931128,-1.12700846631678,-1.24374399978167,1.19153115238879,0.151671903671291,0.562589998097816,-0.0416968038153034,3.51653342030069,-1.25977628360267,-0.303878707036472,-0.0541252055063012,0.720287319997329,-0.505102214848802,0.441666439524512
13.025,-0.465343463426098,1.32359459814006,0.94146094413918,0.0822638033264979,12.0621965703799,-4.37848063826994,-2.19427360479157,0.947248274736003,1.22657646333518,4.52841253622052,3.18283524298682,-1.16667044123058,-1.19693928864869,0.940374846156637,-0.0514008901257838,1.63594265114563,-0.0646181185333805,3.69287405841352,-1.17764343322246,-0.306019389252147,-0.0350105555581392,0.556321651084841,-0.394336728728917,0.31596041578453
13.03,-0.740450951379065,0.952023304922386,0.249288524325858,0.101980419896128,12.7508664312612,-4.81118736180526,-2.0519795605708,1.11608299422561,1.15895041983671,4.63323777992306,2.92397648770472,-1.17627078012851,-1.29030998835031,0.553671524650652,-0.458136183265072,1.12419526448359,0.0353422859162892,3.84669700598138,-1.10849916255461,-0.265735862254085,-0.177860354286459,0.440177476041297,-0.0926329184400179,0.175307893402325
13.035,-1.67186618645971,0.585696794322579,0.232523066879531,0.433904812865445,14.024243409155,-5.60433037390073,-1.83755924253424,1.12169852079937,0.763659657509339,3.99345388239815,2.6566339550433,-1.13555375283786,-1.35440302274052,0.400735851417484,-0.599900458641078,-0.344330395258642,0.22637631815817,4.00378967768463,-1.02891861123868,-0.289282932890102,-0.353749394259627,0.48935130005583,-0.055089258499507,0.0745420932144597
13.04,-2.79491459161941,0.522471758858353,1.04652091584695,0.673778587389888,14.2236034273384,-5.67677081654483,-1.5626747265183,0.881928466939915,0.47346063124519,2.96438664533867,2.59297414584338,-1.09599823430727,-1.32970240429759,0.346112053062035,-0.412477210509233,-1.75024847435706,0.341983471046166,4.18543767452554,-0.85420951209401,-0.273355367779841,-0.361320072570481,0.689923075420725,0.0172615142796016,0.00494679401303671
13.045,-3.62597087453299,0.556380905812518,1.57189349640994,1.72335882500323,13.3284849662292,-4.87476221904248,-1.33640675039339,0.670470688237308,0.0719196879059917,1.20951901651524,2.83734293624004,-0.986671637759016,-1.3581322750407,0.112048550435095,-0.324050771790827,-1.86408339128835,0.193643151063922,4.06860755528242,-0.754542830542926,-0.257207884327748,-0.271996762172655,0.974264426464785,0.160290952278028,0.0447904048035405
13.05,-4.16955387412773,0.354195294047852,2.59663592898657,3.10186868563152,11.3129042569251,-4.09401428484027,-1.37783129003125,0.485851957317571,0.0179960551593481,0.73124015552336,2.9686653639396,-0.973805649854652,-1.45112612219897,-0.25192421056719,-0.383011240597894,-1.60507798494833,-0.020938860859918,3.84097734501903,-0.682407557003268,-0.248855029485378,-0.206723993858752,1.26753119212032,0.298730728724081,0.0824390383331807
13.055,-4.55906557870096,0.0445337349509375,3.54205432119776,4.85456588915236,9.12346797995045,-4.25343589318826,-1.32199699199959,0.292992651241903,-0.989866167339699,-0.68406564506708,3.24166435607701,-1.1906184078276,-1.50851921884197,-0.5926873007413,-0.478235561230239,-1.13708014661644,-0.376431297729709,3.51096947492791,-0.647730757024972,-0.219621660923438,-0.154775847232973,1.40510535307279,0.477645385515281,0.160799697730308
13.06,-4.3770151988587,1.90059790835044,3.61609320940214,6.03021549834257,6.05783195127167,-3.82240633801823,-1.36956555327504,0.179948269934195,-1.88231779031114,-1.56423705927757,3.5940414959682,-1.50154614377184,-1.5064611347003,-0.820375927618784,-0.50892465936124,-0.732091491482299,-0.680373369229502,3.34835920263928,-0.649354443903914,-0.223822045288703,-0.146872709282226,1.23350502460716,0.595172277949341,0.232988784302562
13.065,-4.54774037915783,3.57165670769157,3.7144724005917,4.70673607732046,3.00500857310417,-2.50132036641222,-1.72594448444082,0.324028592639479,-2.16179227392735,-1.16350216076349,3.72378450689334,-1.74359544835989,-1.50398870125694,-1.13577493862088,-0.472893751630093,-0.393112946337971,-1.1055050240979,3.50649769128189,-0.683223221984945,-0.240611386301857,-0.148828548880414,0.925670565182135,0.555725923754257,0.238084858672359
13.07,-3.79409659399905,3.99395132878398,3.42142763535746,1.75570516475375,0.0672229637235534,-1.94393696893738,-2.10347983385241,0.58179297297855,-1.67593129785063,0.780324672637007,3.53223730853834,-1.95262229869679,-1.48129949426463,-1.31539639706452,-0.537399278201206,-0.227773381709246,-1.34400866689767,3.83024546668444,-0.749945699589266,-0.277374606223178,-0.16603416937593,0.575691631670377,0.389143581968815,0.195560141101129
13.075,-2.392860280605,3.05877877040878,3.02630324522908,-0.27210437088116,-1.91139508079335,-2.14938936719207,-2.26460400457826,0.81333860196801,-0.831246225953435,2.55296254504989,2.97211091885167,-1.7649112161907,-1.39998270459039,-1.26533321246394,-0.581004855168002,0.299075279138107,-1.36798762535114,4.14814174301605,-0.821552058987158,-0.313058125837302,-0.172116450150446,0.412324661212122,0.174185632833012,0.12898387582267
13.08,-1.27757583140464,1.99726664385747,2.76877425809106,-0.0182079052908006,-2.99014107510351,-2.23045603968574,-2.24530953622255,0.692047680938827,0.0655634404224346,2.45729151517916,2.47165953070322,-1.17950526852078,-1.39939904391216,-1.07636940051339,-0.61116678479581,1.00993810895077,-1.30236820899039,4.30629967492628,-0.899530799800754,-0.328154790284393,-0.14492359538911,0.410762726857363,-0.0359393623971497,0.0743820029369506
13.085,-0.45936563769591,1.74729178120918,2.21602975127644,-0.132653908975664,-3.69195114394594,-1.84070624202228,-2.04003807686598,0.429960520911297,0.899694236325901,2.04368110090559,2.03514246951189,-0.660812787473984,-1.60001021894484,-0.782578238381387,-0.693822450929937,1.43938631163232,-1.21364622852239,4.45809593331382,-0.976486178222002,-0.289859736350012,-0.0472638054983051,0.549696403133738,-0.239457593740117,0.0796349505650769
13.09,-0.0242195695722458,1.21348329304909,1.94111961606231,-0.843928758340233,-3.88080874565119,-1.5041403466494,-1.77166841092999,0.196950011533903,1.1298956604655,0.986053532119363,1.73136325861943,-0.388901314784295,-1.78181902062267,-0.43003247777832,-0.708270743924375,1.17506515208483,-1.08596998688132,4.64839297825386,-1.03127984327303,-0.236747562109966,0.0620104115447803,0.692822323302386,-0.30871650974936,0.1578117564198
13.095,0.451655886523902,0.713955191897311,1.76370606031188,-0.790065524057584,-3.88067397314281,-1.29162351016373,-1.51597367241721,0.207478954194505,0.939091477748916,0.381378094913646,1.36102257044983,-0.368957509644882,-1.8526887465015,-0.130473045591811,-0.611673718652998,0.486671176488452,-1.02113961753706,4.74379295997691,-1.07980118973382,-0.1993369299719,0.142238941077357,0.787628686067943,-0.300941894842188,0.250800131048629
13.1,0.679621811248907,0.789755670689966,1.61613353580656,0.104356715623184,-3.69242907832295,-1.08935343352984,-1.34300497141618,0.189814561715958,0.702716009314208,0.0580585193337241,1.09815912909353,-0.425269593874337,-1.85377702911098,0.0465576590886937,-0.418805296864045,-0.138977966944673,-1.06766722073293,4.67462840747865,-1.15842499888235,-0.147454147033824,0.183459744008968,0.82583130137895,-0.214432828558391,0.362577977394082
13.105,0.643534925506076,1.03082489259041,1.49348457376719,0.924455656818283,-3.30992075085892,-0.712910065692344,-1.08014888870091,-0.079821017774224,0.400660985466808,0.282380899367806,0.65258854511847,-0.520358986117255,-1.83705659315692,-0.0478327841062855,-0.300157816387842,-0.0112937795881025,-1.19943797693699,4.48680696900016,-1.26675701721698,-0.0987066175141435,0.164045105842289,0.757009374598093,-0.181660871327118,0.439206720878936
13.11,0.419169106453203,1.15455943553128,1.52024509545936,1.05817932978462,-3.13291546927351,-0.382611491968137,-0.95400054568967,-0.0766940670431423,0.366580563809756,0.972389874369038,0.329528721670938,-0.484878797951192,-1.79930516840947,-0.212102788415406,-0.254705564986795,0.375761137258715,-1.35843701529762,4.22485538329497,-1.36909921985435,-0.0593278336325703,0.113636408576097,0.649469740343052,-0.251121671302679,0.461170935371978
13.115,0.200341586160376,1.3600609997367,1.50159505401945,1.19167451345954,-3.22078241488779,-0.0530654894398433,-0.895501077667557,0.0922512815551931,0.373040489288503,1.62935488775024,-0.0375582837177628,-0.291602672453839,-1.7452704157764,-0.306421430570055,-0.274916876182834,0.659926102900442,-1.48206040941872,3.95850889068468,-1.44947600505865,-0.0333138386196665,0.0413357846974822,0.594432220649796,-0.402915756692305,0.410735720814539
13.12,0.167354534579659,1.52772660614827,1.44992163622568,1.08726425207785,-3.47572081484505,0.279789397911234,-0.829354534194277,0.188947992410862,0.29764311443824,1.79921260175147,-0.329001714764135,-0.088557018633446,-1.67245711861372,-0.348359600905602,-0.349267307286123,0.627843849285563,-1.49588949364646,3.78488302046955,-1.46825891744873,-0.040503418894192,-2.7781022584383e-05,0.62555806646366,-0.499954928947043,0.310742429928579
13.125,0.133857999385613,1.53153286060188,1.43823747182461,0.872160940094533,-3.69960268307658,0.535686211657545,-0.723830558386818,0.231619078325156,0.164520822489106,1.75339140056644,-0.651546963164936,0.13542778443587,-1.59619473256149,-0.343768031399041,-0.410529829727669,0.210213475590533,-1.43773178561126,3.68834900782961,-1.44738770101394,-0.0594170684948208,-0.0120605860279638,0.71993035650974,-0.475936843012035,0.169343924430197
13.13,0.0343139133705661,1.44243392335999,1.40914464377239,0.574451416021348,-4.14798722244462,0.872789495518068,-0.6589940083782,0.262460159772671,0.069210624241062,1.66008390814733,-1.02648226754671,0.358172158512541,-1.52955092871765,-0.352043170115394,-0.44081756365739,-0.0845311465641327,-1.33583759881169,3.68941559552059,-1.37338474990423,-0.102593559851531,0.000570714594641554,0.845854173986408,-0.360459871652426,0.0228919851812272
13.135,0.0148058251434049,1.33929503289716,1.35313164266682,0.446963296009558,-4.47631538056137,1.14554685723624,-0.63200563805128,0.325301635156245,0.0827856406524124,1.51055442088885,-1.38571188762348,0.568581887457297,-1.43665819761613,-0.375601931476595,-0.479603025734638,-0.330698756398625,-1.14323815754851,3.69588644989169,-1.29801355110594,-0.133667436045687,0.0247479753074958,0.979788006070986,-0.252687114780495,-0.0473076664657386
13.14,0.0972140321821836,1.12916258141796,1.22792281464643,0.395406850725026,-4.8134063561047,1.50350180098337,-0.600580875178205,0.330573034900497,0.0994727098609037,1.24184344923864,-1.78248178628784,0.819295596780455,-1.41104676388518,-0.376325513387003,-0.483579576268457,-0.433496082410667,-1.0328812548921,3.6275291147984,-1.19287840230235,-0.159763470001589,0.0435306024069187,1.14058646538228,-0.161537482606667,-0.0668473888570217
13.145,0.171575779121459,0.978996459330591,1.12347564246201,0.524928935972928,-5.03965679101777,1.82532526127201,-0.579845019298844,0.291496362355839,0.143585560224651,1.04987122038943,-2.17447669062636,0.970645859384371,-1.3724546101097,-0.307787680279405,-0.509187788419181,-0.767806924573873,-0.898230788181033,3.3751652792724,-1.11958872407702,-0.153935016285491,0.0784447341954139,1.21718860269048,-0.138294625431099,-0.0379117841469062
13.15,0.140253726751396,0.840655633010098,1.03206008354598,0.705962474682132,-5.16934610639595,2.10803531756006,-0.566339024889431,0.248255732508803,0.158147912387926,0.965601591475985,-2.44877077732067,1.11244187285071,-1.33988808042738,-0.226845054951027,-0.510727912018364,-1.13819487645792,-0.821041677253961,3.16209864303999,-1.05981549319876,-0.141926032276423,0.109270023185973,1.27070103219713,-0.118774113701012,0.00682174537559819
13.155,0.0515932613979077,0.813924055943871,0.963691476224851,0.946396172866806,-5.28966070027151,2.47913653447842,-0.549950620505947,0.174948859724345,0.104650470782103,0.66516489518506,-2.73713161443636,1.30614195849013,-1.30867051257174,-0.192881227290009,-0.511672139819467,-1.58951010649058,-0.772966403174367,2.96667827725521,-0.976269019769156,-0.11738940777297,0.144114396689315,1.31218069051558,-0.0895325445853403,0.0757381588320219
13.16,-0.0702664900634469,0.873681642417748,0.905348261291593,1.05778291831857,-5.38929872606775,2.75130570116881,-0.547289253238083,0.123563648915093,0.0362599428882771,0.451616071892775,-2.94504908233512,1.46383008602136,-1.25422864543371,-0.227452712743639,-0.490716737084429,-2.06669119511648,-0.733684829524943,2.76024652174088,-0.915155787104214,-0.0999104849536323,0.149871510905076,1.3053556678259,-0.064720885330155,0.130898259026361
13.165,-0.130984609079568,0.930663658408454,0.877273461812489,1.10911075492997,-5.49180167600651,3.0106734468076,-0.554144016092783,0.115552457790374,-0.0675879027737817,0.318291088965224,-3.21340438250672,1.61118135926406,-1.1843677984383,-0.299852072287822,-0.426610106226283,-2.30065540180348,-0.717150892566688,2.63926138696572,-0.853840828630879,-0.0710068929532476,0.157877939996671,1.27569430234486,-0.0591829991701712,0.167404752862701
13.17,-0.203493603428357,0.943472408012433,0.844732538724278,1.04746161440127,-5.61195752351827,3.23115858470231,-0.593340798634092,0.135814301154775,-0.105215944094904,0.307914786499796,-3.52381378938833,1.77673713328699,-1.08958321241599,-0.381438747738771,-0.358479771719748,-2.53149021766746,-0.698253770189994,2.45834993597906,-0.795250624705381,-0.0486857631677352,0.161513967141536,1.23588831251836,-0.0692732599353883,0.186744896370576
13.175,-0.278659774500957,0.894505045133984,0.791706629311638,0.958292754879625,-5.72008532081571,3.40328945515212,-0.636116994178158,0.156429627765987,-0.124235284839182,0.279698721054506,-3.78612431854909,1.9377626499584,-0.986999155652114,-0.434522789061944,-0.301376550911909,-2.61135126896912,-0.702809552905041,2.3021695444036,-0.737830997424046,-0.0315853519138356,0.175028110140338,1.19453576271182,-0.096289774830899,0.189713171523333
13.18,-0.351686783507421,0.848821945752767,0.808659868616809,0.959567543458869,-5.73940595031627,3.5153535363396,-0.644905103699624,0.138834704328169,-0.0999194032601788,0.162721971736093,-4.03614509229067,2.14689869467143,-0.850128027075348,-0.472743069246775,-0.237110437785547,-2.63508934875597,-0.725740098382567,2.13151643154039,-0.684164639776133,-0.0250509446569863,0.182797927261811,1.15705565950573,-0.130663278871769,0.168200044335952
13.185,-0.479372917572142,0.718230763387043,0.78022542354265,0.849169717386757,-5.86547416851472,3.68837796035405,-0.622674852011707,0.121703235371086,-0.0927711185450165,-0.0414682673858888,-4.27504838850352,2.30351637267823,-0.752533516162836,-0.471041445058048,-0.215926848915265,-2.56712525085199,-0.747041356029245,2.00422200299467,-0.628076929169476,-0.0142468922560503,0.183449613480242,1.12095407792791,-0.202579378711652,0.130376356739766
13.19,-0.51725347671092,0.630913378589977,0.777297266536226,0.896309052742843,-5.91322672191318,3.84006447778316,-0.636318320901976,0.109063920293887,-0.120418234477332,-0.2695102647919,-4.45818669866599,2.44951118297969,-0.6420699751959,-0.441551420594035,-0.188493960774367,-2.47393936432922,-0.763542554190726,1.8690161516584,-0.578725897849861,-0.0082543317323683,0.173123181693125,1.08725856473393,-0.260284472656486,0.0948233579130302
13.195,-0.611211088618919,0.573817399577621,0.788502414116626,0.942251503060235,-5.94272267906172,3.95000024357017,-0.674419590585039,0.0492344970080621,-0.176840234480878,-0.534430102838341,-4.68755185807319,2.59614970206689,-0.537279951999894,-0.40398356857854,-0.170654727256937,-2.37456172210315,-0.769318222999573,1.75775634799104,-0.532921262183584,0.00386457057506824,0.156274415382162,1.05779005261034,-0.304240963488491,0.0670407160750256
13.2,-0.739019886759844,0.560028660469817,0.81106758170923,1.06196288701575,-5.98281443331894,4.06731238520206,-0.711285267784882,0.000991978837781282,-0.232539618281383,-0.630449550844707,-4.85391240518142,2.6790441776553,-0.468060253896812,-0.383975731987459,-0.140476957071824,-2.25514171950899,-0.779085561180194,1.65988941325813,-0.480112107068673,0.0131243294329506,0.13863758297145,1.01860565824128,-0.337501753284749,0.0405018900798445
13.205,-0.801658992469582,0.53809136582061,0.826759076759569,1.08032489443326,-6.03815729556424,4.15516474943299,-0.714305322748083,-0.0292570061331629,-0.276074536319306,-0.631847143877213,-5.0125789914096,2.7444163108778,-0.386938288730609,-0.376326335742338,-0.114590149993996,-2.05714615004674,-0.820038576445411,1.51934975057556,-0.439723919283565,0.0321564080683058,0.121385721377696,0.989466777388041,-0.342222042134532,0.0314946063611211
13.21,-0.950560745200083,0.542003056557548,0.818225208780712,1.12857000056048,-6.10695338734577,4.23581616087561,-0.723821958988245,-0.0493289645559644,-0.269479874051958,-0.688547644306449,-5.12745544680582,2.81863782724925,-0.357949549461144,-0.374540175478253,-0.0969711209568037,-1.82977143853863,-0.864169195369796,1.40725789673645,-0.4043179693634,0.0397642343745553,0.109552465297732,0.969969647071738,-0.324954587398608,0.0265838776302371
13.215,-1.02792989295154,0.558277861174629,0.796635256334889,1.1553616885043,-6.15323319349303,4.2879677641639,-0.758092403723628,-0.0567162298471166,-0.253680605316847,-0.826631262658213,-5.21656083438548,2.88127671418544,-0.328796531745524,-0.369446970472848,-0.10637576121725,-1.47572774849697,-0.922312120203951,1.29548862362453,-0.388875638324627,0.0443133303433865,0.109920380945827,0.944713042266165,-0.290792928430924,0.0282106389301441
13.22,-1.04496556431456,0.525654535220826,0.753574952309622,1.06494589416056,-6.18603195854602,4.31454659581958,-0.762669717021139,-0.0910987482657931,-0.265486941033409,-1.04689030165873,-5.32285421902858,2.94845683600586,-0.308888376076049,-0.365744920473925,-0.133906894696904,-1.15742761142935,-0.944738423710119,1.21052938916244,-0.37170462164501,0.0465238690617478,0.109871315638631,0.914387678344038,-0.262298924291426,0.0359417577581004
13.225,-1.01919480616829,0.492406287393153,0.712835942724439,0.919190516317386,-6.13460322470827,4.31205324791469,-0.868455043714726,-0.114915260167367,-0.258142418089609,-1.18887440007872,-5.38638064411515,2.97945898221285,-0.274070000298639,-0.372163573684244,-0.18028155605998,-0.851873342361965,-0.924622647926631,1.11226019477584,-0.357305269364627,0.0392802638401451,0.106762616919469,0.879623983323636,-0.22675972257195,0.038255411512184
13.23,-0.997735302733087,0.476335574055061,0.697925563152842,0.793453468897622,-6.04219979580317,4.29073722518493,-0.932415516063956,-0.144192352901142,-0.237139164645304,-1.39198187565721,-5.47828548631295,3.02061675657613,-0.227334617242673,-0.377809085740912,-0.210944399185596,-0.663032960978047,-0.894860533775955,1.04957483057031,-0.352211470738871,0.037441660209823,0.0969400070400834,0.847065842760517,-0.181453991430574,0.0515352974864691
13.235,-1.02189169090882,0.461587731860446,0.724962679821032,0.644095104507138,-5.86116709209161,4.25836018067079,-0.997517182054372,-0.164591956571829,-0.225962403378031,-1.56325065706317,-5.55347208488998,3.04357228487758,-0.18653525398682,-0.379808383569251,-0.242119347760618,-0.396758856293515,-0.855240131574055,1.00240448598263,-0.352271325048389,0.0444474363786328,0.0886240054562983,0.83455356873759,-0.156811770437124,0.0610825146624658
13.24,-1.07340075635471,0.456909512902112,0.782487166451921,0.517669190244298,-5.70588491879799,4.24238868878257,-1.05681213779788,-0.243552638274134,-0.217394936196728,-1.76558142753702,-5.63359385547111,3.05751820487337,-0.154887532013665,-0.392365225668348,-0.259405380409536,-0.144374946900256,-0.827145515400614,0.967710554238873,-0.345047230917647,0.0423122313253945,0.0894063137710819,0.820706388702113,-0.143028857980751,0.0725049564085869
13.245,-1.14794469334127,0.308630384502931,0.893569798698726,0.349136998865819,-5.53811075092382,4.26081689173102,-1.08398016749735,-0.36788243958118,-0.266485485072711,-2.00666954356483,-5.68509431427372,3.0886976930798,-0.111025776740576,-0.412002706172654,-0.295766558829109,0.116104523402412,-0.812444975250801,0.92630981103856,-0.352807370731097,0.0505039825171125,0.0805385635201386,0.820397010025093,-0.135745774340687,0.088760759667994
13.25,-1.20160529042498,0.0758278825814838,1.05018909738958,0.26455284726709,-5.36134603498856,4.33521436760528,-1.14535492642635,-0.495818425119722,-0.315551180642188,-2.01960404468925,-5.76433880812013,3.07730783342356,-0.0794853833324123,-0.400477655925678,-0.325111054341649,0.212604451154567,-0.783635989953683,0.900381408914332,-0.354739374265506,0.0585370866276245,0.0815305041902794,0.834041535425835,-0.137028232249593,0.102930842872171
13.255,-1.2268281851851,0.167115984487549,1.19924107473404,0.595676453980299,-5.26371334680246,4.36722324769357,-1.21795756576428,-0.569995304598652,-0.345690832081264,-1.80297097122618,-5.83525945647872,3.01630998492896,-0.0676546460408676,-0.38285361766121,-0.364373802862155,0.227040359992988,-0.720481098320623,0.872030535259474,-0.359801046117608,0.0643355547772084,0.0852334637081135,0.838374614715576,-0.144528109659473,0.11515258376315
13.26,-1.2975440006453,0.268866085815223,1.29509073989811,0.728948549564616,-5.23624550582096,4.33144684057083,-1.29190096947006,-0.562708130256854,-0.407627763114564,-1.50407551053815,-5.88792448706549,2.94043719612418,-0.0245863017801708,-0.341890065898464,-0.395817155009201,0.17523931744127,-0.63303554979336,0.855340866691238,-0.368722908661234,0.0763433281408746,0.100192119671825,0.83723619909434,-0.142850882925028,0.128454101290716
13.265,-1.37989852597575,0.260226450104445,1.37950661869363,0.598252651654075,-5.24322467372293,4.21719322657621,-1.33928515013052,-0.511926119761526,-0.422394300634121,-1.11131723245499,-5.96212122501256,2.89682308237185,-0.00343762796964053,-0.313008122862451,-0.405221206199805,0.100041967038199,-0.511695898473326,0.835393426090173,-0.370385705208793,0.079173882789544,0.12429660558276,0.834709525108337,-0.117877277557197,0.141714717751362
13.27,-1.44847706740599,0.185154593110234,1.45240520618184,0.472336176664764,-5.29467326549517,4.06451363382127,-1.37694249503159,-0.481389377946239,-0.456869532073701,-0.78826234182173,-6.00944994897234,2.89401054909291,-0.000758685053505293,-0.301524774989801,-0.365230431554914,0.0753908067522652,-0.452981510450792,0.801627844792822,-0.386569926668577,0.0866149764080671,0.140264916922944,0.830013271016786,-0.0675347171901075,0.155386827629061
13.275,-1.4595114984612,0.121825548796961,1.4836752956388,0.409401869086321,-5.34978919049576,3.91234831361664,-1.42439025062647,-0.465648583316671,-0.446170871323147,-0.597143215316208,-6.0414103488444,2.89360792817051,-0.0247840929096715,-0.308120135835606,-0.338133558395959,0.10066935448467,-0.413607156485359,0.789595072887448,-0.400810202569559,0.094629162922692,0.155243759802423,0.811306134487064,-0.0293363469823378,0.164088786778465
13.28,-1.42648818493654,0.073439811403847,1.48198695230119,0.387221892530198,-5.39602420851937,3.67013841913832,-1.4735581849791,-0.439190498548239,-0.435375204241556,-0.527534623658385,-6.09251620750651,2.87414707488427,-0.0613276889962541,-0.327133414117216,-0.305091560594945,0.326291487204386,-0.404143665414303,0.83532085604733,-0.415281088289775,0.100311050459665,0.156625112645294,0.770270498420118,-0.0168874826627479,0.171790996677396
13.285,-1.41916428729137,0.0800402486314448,1.46966827581857,0.424979158681025,-5.38798475265503,3.44923452712005,-1.49780635339821,-0.415817028770747,-0.460221766310681,-0.504465169002046,-6.13558055196425,2.84502580893916,-0.0905427155552973,-0.35291608996919,-0.283420094120695,0.534412319914182,-0.415338954192007,0.896901008236912,-0.430111941518303,0.105023378864944,0.152346508425706,0.712556997061027,-0.0102418029245984,0.181454978068382
13.29,-1.44336505335577,0.144714059842488,1.44522659415634,0.427013599892394,-5.36481939855913,3.15247098215068,-1.53981532570805,-0.367658621340222,-0.461324096981188,-0.526891899413408,-6.18000979784738,2.79794916562086,-0.0909843286092635,-0.378361039665514,-0.262835223635366,0.690688676360425,-0.418654904925686,0.908440872531395,-0.445124112950198,0.108881615160801,0.147641692838833,0.648448816173833,0.0105531683875996,0.187220739919665
13.295,-1.48643343362885,0.202589937273675,1.40451760500143,0.334085431810155,-5.30272807735338,2.8654277342559,-1.590277613468,-0.342839477093537,-0.446571176261355,-0.664457950350177,-6.22092972195537,2.76902782148931,-0.113033870085979,-0.414346901747853,-0.252077076758274,0.73895057505655,-0.399743068952677,0.858469504538548,-0.459251940161957,0.109923216981603,0.14187011061488,0.595666245384483,0.0427234975082475,0.190371826291084
13.3,-1.53228939980321,0.209436026319417,1.36066777188291,0.157848120798699,-5.2149386788117,2.6060651115737,-1.66906450605272,-0.345585119256138,-0.470931444545237,-0.891828981373901,-6.23463568654547,2.73155791484216,-0.162959744104994,-0.426945702975292,-0.25887840700301,0.702821414001094,-0.37239695257767,0.797584819757233,-0.494813297912695,0.0994046234701843,0.148564979352174,0.517376315517897,0.10905863322711,0.183202614536372
13.305,-1.5539087603389,0.232258751067818,1.31195063648421,-0.0525167353375721,-5.06459355496889,2.30031741573558,-1.713027797129,-0.388651265395555,-0.503912728312427,-1.10868121174848,-6.25730041744637,2.69763544144081,-0.213256985532169,-0.421416872562969,-0.197448494185679,0.603464088888187,-0.370185152800639,0.712993680242367,-0.522557942628673,0.0835925810166427,0.158644605703835,0.432243417837021,0.164001780130995,0.180210440310868
13.31,-1.62131650352347,0.261068569475191,1.2366544068808,-0.28936269242146,-4.84040135419369,2.0130292158534,-1.79786901423294,-0.423472491738367,-0.54874794794077,-1.32007682507311,-6.26953109354342,2.62670861961054,-0.263209357968736,-0.42943303429754,-0.161569753158983,0.518058540228522,-0.413707456180603,0.620736569371552,-0.558371153889816,0.0693022671398292,0.168812537887211,0.348626586629684,0.240669283939731,0.183178481207755
13.315,-1.755900721392,0.2142958227785,1.17505997349953,-0.594864939366907,-4.57235450014737,1.75816471933408,-1.87102105618653,-0.458932955002329,-0.601592393412969,-1.53135821331688,-6.27704724490882,2.54148312807867,-0.334919875081104,-0.443322014323094,-0.108930412655633,0.462843150298727,-0.465397407878663,0.542925963531707,-0.601661128079338,0.0501648912426925,0.186336565725867,0.298596345791839,0.333561435819835,0.181819960474968
13.32,-1.89494927680869,0.106672611683975,1.1351366304221,-0.86585556383367,-4.31727824140523,1.58144307666869,-1.84839178876412,-0.522912617659814,-0.707572168645773,-1.64315471018238,-6.24162726713602,2.40590252166432,-0.385437216310793,-0.451049343602366,-0.0400384845228191,0.323283796873913,-0.552722234118539,0.496949563528023,-0.641833365764389,0.0348840783869585,0.184801702388784,0.292175544946025,0.433768377321757,0.191390228566786
13.325,-2.04270058057533,0.0486112792848333,1.08583424321455,-1.04245950724534,-3.9825895656321,1.43800912183685,-1.86736326203903,-0.566476199045607,-0.809973464471684,-1.60713959549739,-6.18629075687915,2.24015004462186,-0.420692730826882,-0.395591093344136,0.0157954178300474,0.123193055773911,-0.603391594160481,0.503448334379765,-0.690401206886926,0.0120154978861793,0.183800521529628,0.320737601000158,0.52684916570531,0.194318430180454
13.33,-2.16328108430048,0.0135086148513901,1.06986692717541,-1.19243170957077,-3.72983429324997,1.35994341641088,-1.84225630306575,-0.544333876789997,-0.907976335110613,-1.51669996751243,-6.10752776940985,2.05391381288123,-0.439491839628384,-0.266003648374818,0.0958612284571975,-0.208296676628854,-0.609216625153234,0.543476336967386,-0.745970725302216,-0.018320382040799,0.190344060489585,0.365728822126747,0.617106985788282,0.195258602499962
13.335,-2.34081629350484,-0.0282844815479318,1.06267913623488,-1.30002276178995,-3.47556061991245,1.30737431430844,-1.83825972563898,-0.521502231941742,-1.04923523016782,-1.42597458414015,-6.02547432892589,1.77090142164561,-0.459828899689033,-0.124666275036309,0.164993921891707,-0.484818576359258,-0.594889848557176,0.614842866780983,-0.780012023095299,-0.0388838827634615,0.212860377849169,0.377474760271194,0.680537614786443,0.194357960109779
13.34,-2.48522733442235,-0.0672024514631304,1.04198481250937,-1.35585120258268,-3.29953144885278,1.32074070130427,-1.76781290943198,-0.532528940045706,-1.18883469623466,-1.41772703039335,-5.9406255179084,1.54511146072497,-0.488950058056878,0.0212729590466442,0.241401276307146,-0.51418352009735,-0.559303598621643,0.673757610886113,-0.827697630802002,-0.052081297006052,0.253615302956929,0.348627016578565,0.728178864891453,0.176535627356006
13.345,-2.63077195395061,-0.0664883978243704,0.968640062383427,-1.29891195302123,-3.17561517587776,1.38179577110474,-1.78244134435947,-0.555134614700635,-1.27384613580804,-1.31463565340839,-5.83079576526915,1.31097225320557,-0.5436569720518,0.115721772806253,0.3167704184852,-0.0247082633431395,-0.549213394456481,0.726653266575751,-0.872259200558568,-0.0417734764555188,0.294374121988484,0.242260059287873,0.74551474374513,0.140477548720102
13.35,-2.77077857919582,-0.0322791870869596,0.736875252986933,-1.2144730573665,-3.12096031037988,1.478971622906,-1.68555238282261,-0.495592695801124,-1.38030148435048,-0.982384732925912,-5.67999066939324,1.04758165024598,-0.606538102796642,0.170611064251878,0.355802978182941,0.569076552217699,-0.583929644282098,0.77138519571642,-0.924873302887629,-0.0219524142490661,0.320677605284804,0.128390035156214,0.716613027085743,0.112386619935555
13.355,-2.78294384408813,0.235049312322125,0.383803210363553,-0.958188530764842,-3.16586785158665,1.50583875179291,-1.57103434625126,-0.346908353968885,-1.33648441726033,-0.403140717001303,-5.46158567116996,0.842263080537684,-0.667334269304418,0.237816045771236,0.342249574068172,1.22600300839058,-0.655233508718763,0.795469329206714,-0.973667188627536,0.00144317419335734,0.32816133160346,-0.0357857253300678,0.661386325255091,0.0812139464406802
13.36,-2.88056256505816,0.814947992805849,0.052698216185532,-0.791824927936833,-3.1969355171056,1.35022787689694,-1.3266722605841,-0.171066109260708,-1.32359615691008,-0.394968523301541,-5.16660483453319,0.769678611378087,-0.767868724818044,0.417837290178226,0.240713307942767,2.06445366783272,-0.739307570416817,0.770459970878901,-1.02232764927184,0.0266481446500179,0.336643961986149,-0.182384017580583,0.581085870853555,0.0487912565165545
13.365,-2.93134349236697,0.606799474947172,-0.258227272753012,-1.32796598201807,-3.12281551073991,1.22805121355816,-1.18778517289963,-0.00634629785349425,-1.39330334953648,-1.33172637391732,-4.83009466386496,0.98853926112235,-0.863208369261787,0.657191455419969,0.140052016252807,2.62245912573486,-0.781271535074571,0.77815817586984,-1.06541834274157,0.03566626190445,0.35700087556726,-0.270289981568529,0.519355703582018,0.0242257860505047
13.37,-2.72655427201369,-0.00476712241295407,-0.443985373815159,-1.63280932530419,-2.84710419076402,1.27597021585113,-1.15280830091684,-0.191318102009334,-1.68160485402879,-2.10021353705246,-4.59411028827661,1.18436765246234,-0.995113363377778,1.06526774130795,0.124017829536051,2.82394487631036,-0.819514104690852,0.837836355175516,-1.11085333868834,0.0463336743115168,0.380508194041873,-0.319485277669349,0.469993983156365,0.0121406430069417
13.375,-2.66936863302863,-0.522175201525596,-0.58009997849496,-1.09338553514605,-2.44404662526833,1.51621203217535,-1.20637512333608,-0.486865837664511,-1.90979113012053,-2.13429410346977,-4.37444875048912,1.25089669409063,-1.14478293263843,1.6047359354627,0.203964208166659,2.40867875996345,-0.8663831447252,0.890277417792401,-1.17691081407302,0.0516440136715009,0.403442000218386,-0.365165821143559,0.444622184484941,0.00440353133015194
13.38,-2.85964889992214,-0.54833153916895,-0.768789710615961,0.0430715002760449,-2.1061433213563,1.77718701486409,-1.24600034494716,-0.752619896813882,-2.00460688066475,-1.51659121413462,-4.10285115005011,1.29404765425455,-1.20452753306018,2.02757025051572,0.309164816085552,1.4581840747269,-0.907012272252704,0.780238575758274,-1.22512395784729,0.0236107916694561,0.421777683637254,-0.427207854978642,0.437881114507357,0.00107178364029843
13.385,-3.32380180695106,-0.394643215593039,-0.99389533760126,1.3145596589102,-1.78421472776144,1.94083950513389,-1.06496741536075,-0.906422947814039,-2.09732944521383,-0.790921863642805,-3.61440298476487,1.39214542058368,-1.21153735612639,2.03316988858185,0.424213773342821,0.0363725251826048,-0.91994781736346,0.283861475704726,-1.27262787855132,0.0230676166422527,0.413047909134001,-0.497100489048036,0.456002201448515,0.00739108411439141
13.39,-3.62153502473348,-0.515565505271073,-1.24633383257107,1.69089424203908,-1.64156917147034,1.96612172235817,-0.857265493828006,-0.86346777538618,-2.14960499028604,0.471868366838118,-2.95830501203439,1.366402279885,-1.29143547298915,2.0351193609957,0.421035339534113,-0.314289072881699,-0.868306020222211,-0.0797350976220228,-1.31094063268416,0.00718245732617417,0.424584312860168,-0.505318353398547,0.48125493244426,0.0139590647248507
13.395,-3.67909610548514,-0.81119860141975,-1.50105364120875,1.98494005575166,-1.44284502830844,1.95294939272198,-0.674754461584443,-0.702504964611478,-2.13803532951518,1.32679084664484,-2.36345944207212,1.18668972850901,-1.48219186175393,2.00243302211875,0.263104266989449,0.343594625389108,-0.760002647790386,-0.117545607350213,-1.3703339226346,-0.00410334495348079,0.456700442123878,-0.48690493108719,0.510686737627868,0.033923346704339
13.4,-3.55654478051522,-1.10189049500528,-1.78910062101699,2.23358465991573,-1.03658164308652,2.04050326588983,-0.611379052251546,-0.542131717154024,-2.06658174822347,1.75501685808774,-1.77988493336878,0.943199775420003,-1.65319685358802,1.6787127403102,0.0473520165126721,1.27723167974353,-0.600548216343419,0.163547975592996,-1.41950680020325,-0.0123519975725807,0.503101864783437,-0.430569008393932,0.544835994251327,0.0785646939439588
13.405,-3.44123304159221,-1.09131394843696,-1.9192128572882,2.29937070650843,-0.62387952615408,2.06785074594106,-0.647577232825467,-0.315904436488977,-1.94481620530334,1.6755658952933,-1.04464133615713,0.620252739682924,-1.76205750198788,1.37438312940604,-0.189778090519114,1.74963143537979,-0.342241232926268,0.535979432964857,-1.47905148159823,-0.0410438678006399,0.558639699488605,-0.374827592076531,0.560837946542187,0.114907586862888
13.41,-3.34114426398039,-0.885997568782561,-2.03599504527927,1.9555713210241,-0.0767204398041803,1.91693545965987,-0.726521764747652,-0.101003706313589,-1.92792735478371,1.33553989607286,-0.374582245107219,0.282857770110716,-1.79084981966438,1.25609588981471,-0.303616599605374,1.65165781443296,-0.0479706722607446,0.677516257487534,-1.52104349908278,-0.0648261515276088,0.596742356818666,-0.329142744138068,0.549331273649155,0.155437910784152
13.415,-3.33676039662268,-0.725351656650155,-2.05954196331253,1.28672405436564,0.372049141388855,1.52304920827644,-0.775931454988849,-0.0464025943900699,-1.99422468851065,1.22240552356034,0.316916116434063,0.00739694105833994,-1.80591524244032,1.20442651873455,-0.330060589928605,1.34773650761805,0.209787589877465,0.825400874036738,-1.55626996673852,-0.10836262405107,0.61154489914943,-0.303453033675532,0.497501785454564,0.197451693320272
13.42,-3.25262935839478,-0.640199941744914,-2.00183675665817,0.596923042639935,0.701798598286329,0.939713599617544,-0.772053520571649,0.100982627192244,-2.02449390355622,1.4791183850426,0.820363664221763,-0.207036599198058,-1.83486054780474,1.144882443152,-0.265586322425711,0.850490725597851,-0.0777462960944165,0.582959879436744,-1.56777896426433,-0.155087199779029,0.591504280867878,-0.317969787590783,0.408424304951205,0.273826942776881
13.425,-3.04984505791242,-0.720158195095242,-1.90530064488301,-0.0889028208598057,1.0954920466088,-0.0075082781864752,-0.64322411396891,0.272416068401971,-1.86462426035527,1.41674322295731,1.44090052304385,-0.41812330842475,-1.76354960522662,1.16677031715291,-0.325651979572708,0.600857515790676,0.379729924531502,0.000284877844804257,-1.59331516938332,-0.1896591281854,0.54183718783153,-0.384216484666197,0.357670760711238,0.344495620793946
13.43,-2.88461333490956,-0.766261453341351,-1.76289352349154,-0.31139795770647,1.3657292507692,-0.763866487695779,-0.701197911597484,0.399290869746943,-1.72245717492574,1.02499763552902,2.02244531080497,-0.537907064639775,-1.76110964982588,1.19826742073574,-0.42139788187341,0.180089232905011,0.25168087682465,0.440746091121422,-1.56208187542091,-0.191661488699234,0.513390487406272,-0.471241615627744,0.316421200697062,0.343942090536007
13.435,-2.74334979292136,-0.639971218803685,-1.53085260566701,-0.172495521937779,1.67306570845644,-1.51256548485084,-0.764696045611477,0.473569726654612,-1.63021522424274,0.478112339716632,2.49761235432409,-0.628918045151495,-1.66916099352309,1.06451456614102,-0.460629262683433,0.255438995500481,0.075869566612197,0.818490133919351,-1.54684224162289,-0.213069933839286,0.495882976947395,-0.573490757993204,0.28156536290587,0.359044944981803
13.44,-2.69665991851125,-0.385597421929828,-1.30927549339969,0.139129688011579,1.91865929828465,-1.96733704563473,-0.835024631756385,0.415446035270075,-1.67243417640636,-0.109690122544331,2.84764494258444,-0.675732123112875,-1.46949842055966,0.974707472007639,-0.482400306449647,0.472423060314492,0.0599839952238483,0.950568009817777,-1.50619736797793,-0.258506541241192,0.592355236870973,-0.344762318946952,0.270510451775345,0.0915244141993106
13.445,-2.65678862186443,-0.0500782453343813,-1.08538163717386,0.286927128399808,2.12001855362028,-2.23965157702238,-0.859338816395551,0.272815851929994,-1.67784965028753,-0.800112331139832,3.22972563701104,-0.755935864010545,-1.16458043066923,0.924995722399296,-0.438145130012066,0.647703703211691,0.11519668476142,0.804626563216687,-1.50432231109289,-0.228186173598467,0.646830859053262,-0.241258944095273,0.138076739266834,-0.017172084580434
13.45,-2.600970812911,0.246079565748463,-0.855631869229449,0.138375042779901,2.32816583851056,-2.32811925225749,-0.860776061930496,0.0658686621259228,-1.60502806760696,-1.29122693754874,3.51449461245986,-0.821847136900624,-0.95425349194246,0.843042824175525,-0.370813058406103,0.477545264416416,-0.0566756555129346,0.213407615959479,-1.51704132290144,-0.18962038982427,0.672206553007168,-0.318951317804292,-0.075582344417349,0.0365454863302041
13.455,-2.43708928464135,0.48207925807948,-0.631197499396343,-0.102882987690835,2.49069929214823,-2.19306393342788,-0.861033581710332,-0.0777271744934408,-1.51753506349715,-1.69208207823672,3.75629160607553,-0.864192536949282,-0.796694029030396,0.800190457611603,-0.263522990854796,0.360588834756114,-0.174184763743381,-0.344763827941899,-1.4886236672729,-0.191638465325696,0.696510715995596,-0.307160165853478,-0.128416457958976,0.0818688220921051
13.46,-1.48982321457472,1.17257252646211,-0.264179521069539,-0.442402103755796,2.72790627841157,-2.02673566022256,-1.04840038840934,-0.203395333227566,-1.08599933888329,-1.84381925007853,3.93645266797489,-0.889292095860608,-0.645273994953925,0.76566512499098,-0.127631814854983,-0.172844122700109,-0.517075758108239,-0.903149512700833,-1.42290171969311,-0.168531352148004,0.74040463178692,-0.0948407830612959,-0.0932825958603925,0.0100765870148439
13.465,-0.335540769287779,1.17600949882921,0.214766961656899,-1.56815722530084,2.94973852237588,-1.85008572905929,-1.84374071392371,0.0436394570682616,1.70398258487307,-0.0951220323745984,3.78781983231782,-1.04606438962697,-0.52022499765107,0.920048118035085,-0.126865958135965,-1.9745868892435,-0.616025429056464,-1.12760477819591,-1.38393427220077,-0.122335134167338,0.766140091365008,0.102758379900829,-0.0917476369521372,-0.0442967370076482
13.47,5.07264328055822,0.187048395414285,3.34191034145678,-2.88115664599162,4.8975595765676,-2.01302247330915,-4.2748664935755,1.27101331818026,6.65253796274057,5.15605006256494,2.51872010242526,-1.1837551870269,-0.252539906745554,0.945823925388242,0.369022048679898,-3.41470262707679,-0.550772451179062,-1.17518952945714,-1.31926444399985,-0.0779652537924787,0.747879026396993,0.265004861660491,-0.131324926171546,-0.0776157723681046
13.475,7.90929040003998,2.09417270546924,4.20157785965036,-0.291515105275947,8.8554584626831,-3.90537294534733,-5.1805085938836,0.537523767535908,1.81856838706571,-6.73130735295138,1.5463567968944,1.02603675679015,0.0243533112975805,0.6804915644782,1.02184706487994,-2.38914093835026,-0.782982274527676,-1.30608139675407,-1.27381856336989,0.00594402164501437,0.605577032209854,0.334371202019705,-0.262170731090766,-0.0491288398972491
13.48,-3.47321016636434,1.72718414326673,2.31603298104306,-0.417238942005253,10.1521279804219,-1.66825082911469,-2.72971056656142,-3.51558450572735,-2.0305011007897,-10.0478722441471,2.76206796365114,1.01277988782663,0.0998890077684009,0.298969674708828,1.04259953007501,1.77721520493575,-1.23958299035409,-2.21737037991413,-1.32005862588004,0.0741660064255995,0.454833509177344,0.2179407444413,-0.383695359534975,0.00974654136907769
13.485,-7.94722298697383,-0.533142197489213,2.95350384230702,-3.40471030104993,6.55115496403146,-0.142901967410382,-0.837949224488087,0.195299906073997,-2.22081071099296,-2.966205219408,2.81992279641502,-1.18410215725996,-0.54840302424296,0.144082559236673,0.0510648701427275,4.5352549822342,-1.43846537311557,-3.56366713351421,-1.47316192062838,0.119112631119099,0.352236748623912,-0.119123117027894,-0.36189847794158,0.0418850504532299
13.49,-5.77944473792526,-2.2697700381079,0.237703434288795,-1.77704075147692,4.66893441686282,-0.390762870853889,-0.0393719661274641,-0.867873677123442,-3.01517380748862,-4.07758398436103,1.36658001558013,-2.27905672685572,-1.57981071695554,-0.110920047039037,-1.01343180945356,4.41867459929942,-1.05433129790267,-4.04241906457601,-1.59486857615176,0.137424332309354,0.237007573144529,-0.519765979558434,-0.235535846443303,0.134357003730995
13.495,-2.32709974748401,-3.32950467009464,-1.83250007590411,-0.195646598925799,4.95255544531379,-1.03116814460178,0.0217570134627335,-1.44640909853668,-3.44718847956302,-2.9889789819026,3.27461188704473,-2.08256453222974,-1.97970961573395,-0.779209887776462,-1.4186933809333,2.45003155414298,-0.321398520300092,-2.59354211387119,-1.54968685609142,0.208175589717635,0.212773476177129,-0.668626441985011,-0.239261260563971,0.314977701667279
13.5,-3.26678463239432,-2.54693367695222,-0.0586126649809604,-0.0352974270409849,4.90809618912704,-1.4041217247671,-0.267179143500744,-0.918634129257062,-1.39560331929734,-2.78226175871368,5.54386102071854,-0.893550051677457,-1.99633227174445,-1.84335894294551,-0.636936896761284,0.89090734201341,0.051253143041922,0.681257155297313,-1.02786084516223,-0.239158147454358,0.45977936832447,-4.03113002536299,1.57787679520099,0.0767690152420793
13.505,-6.18895128588496,2.8322966245818,5.34554699197946,-5.91937686126086,-0.0181806673930178,-3.58643409928489,-1.11087212507612,0.448133259332961,-1.59309670873923,1.03044838735334,4.75829501181405,-0.86947541317564,-2.01871391821345,-1.76403179238681,0.840871438345929,1.53354885780081,-0.186669132486736,2.86456759344472,-1.61781525033114,-0.242617243339896,-0.362948244405557,-0.146345704383706,2.10575961545846,0.994824650684945
13.51,-2.77848272054501,1.01684082717386,3.40260408862397,-4.27254745466935,-1.75750380861208,-4.49938746380469,-2.09549678932058,0.875205539188522,-0.765383017386858,1.98613671216643,3.83086279479615,-0.776959499517588,-2.01964984842267,-0.0419992613977743,1.38592800427488,3.10664395516555,-0.857595436594441,2.30403701129417,-1.66190620424916,0.176526714026078,-0.594815444481323,1.59336866662059,0.494343073764542,1.65424208623969
13.515,0.0753752191743767,0.41807239856126,0.380612147553136,0.42981270640523,-1.46227376813738,-3.5338243340737,-2.49751552203342,-0.0172176212572993,0.0166058559903296,-0.570571615531871,3.69666054194503,-0.348834233880308,-1.9963782126995,1.82934128748067,0.398747507877035,4.53972475218915,-1.46197891346779,-0.334011896686224,-1.47121955741578,0.487635669382022,-0.699497040554611,0.299189417072079,-1.16732578181182,1.73079161705339
13.52,-0.189540687092003,1.06891254010433,-0.0672442738418977,-2.40095046821148,-0.765384465847592,-2.26347536249985,-2.11098730370228,-1.1754074333773,-0.738181971236488,-3.22550457555409,3.93582077777322,-0.243288900561286,-1.973768032311,2.02882728339123,-1.01551569847814,4.69355430500198,-1.19639941998326,-0.18668656579243,-1.29122134642888,0.805065658068899,-0.573755252807811,-3.44441843573243,-1.55834781671703,0.89365693680361
13.525,-1.46737181083289,0.820647917359493,0.883976155345237,-2.66359350485435,-0.125463425089412,-0.760059390915445,-1.28212116882916,-1.09248255573426,-1.56213886812169,-3.72340909043946,3.84702526834434,-0.597172941181296,-1.9463020636611,1.33284572724848,-1.47481944871562,3.02658519823754,-0.243363807240568,3.51321514211416,-1.23139062394576,0.353399983643757,-0.310281823566657,-3.50990778404562,-0.82354225859343,0.0351980136382561
13.53,-1.05230752304428,-1.07540514420694,1.24406288161226,-2.52698813764899,0.123244225610954,-0.658908224607519,-0.678801984395515,-0.509304669377208,-1.07192233471606,-1.9522874547618,3.38843674573907,-0.73710363856167,-1.56114349411664,-1.29501542195398,-0.93963704192432,1.02515734060875,0.297446306531373,5.24595486196748,-1.30948981453851,0.0656900210950682,-0.100112887067635,-1.40503617087613,0.247907042529383,-0.320967162198412
13.535,-1.06004399229039,-1.43109820644881,1.20865819504797,-1.46047611657307,-0.0360479954022281,-0.869677175600914,-0.625509610497948,-0.302553186879345,-0.699673445879851,-1.47812734257544,3.17344007763763,-0.598739813076831,-0.622234989762423,-1.9692561715716,-0.562099643518253,0.789297334595251,0.372796314950824,3.44543907633264,-1.36271529299311,0.133964996136822,-0.0907108270593363,0.579455412402504,0.505496504829887,-0.316135784075491
13.54,-1.11319148666456,0.536630989654002,0.659783958433949,0.862063425376361,-0.259446408985416,-0.653314254823098,-0.611925271299536,-0.683824778129376,-0.843831955414521,-1.73966816654687,3.09468189952511,-0.378794017690463,0.199490696301057,-1.9866403640542,-0.365671982449819,1.68741761718544,0.410750932617054,0.115259671669,-1.30391309305358,0.372421220720391,-0.195402320147513,1.04212884986224,0.217707079514746,-0.359325302781557
13.545,-0.771438703846097,1.18257415997988,0.571118209492589,0.109181069166173,-0.248663681364525,-0.42377466037139,-0.642083811357538,-0.549192735662909,-0.79341874530007,-0.774363367997464,3.09996841597017,-0.504215355633156,0.551446912170136,-1.99954748550069,-0.61706292577664,1.18479400766869,0.384423680636545,-1.46214214448931,-1.20298925908486,0.464356699785368,-0.345324897087613,0.424838069781472,-0.160569524936301,-0.594066137262996
13.55,-0.656342084918417,0.488312037038155,0.80296811694878,-0.838052157221826,-0.226886595547365,-0.326814985323737,-0.915933860971038,0.0266043756609118,-0.531732286296456,-0.0165218976749686,2.93600850462223,-0.542108729824629,0.86827762737297,-2.01085033341533,-0.823941802298004,-0.613763415710696,0.524726872915091,-2.19787949986862,-1.12963089025627,0.339806387417472,-0.291952323170523,0.0412261510594575,-0.0799121641985334,-0.75304549058064
13.555,-0.486114685596971,0.0436435504043483,0.937695194855662,-0.787514252443047,-0.28695481850296,-0.419178458700255,-1.08362310257259,0.295971014035633,-0.36988577592379,-0.0322637384354421,2.77256371574573,-0.498255637763524,0.973668111190042,-0.89842897420834,-0.489634825541925,-2.59479403980581,0.818069339270437,-3.18725961535925,-1.21446462190126,0.240738820006909,-0.236062983738119,0.230213411808921,0.228464143167742,-0.700087522115166
13.56,-0.508405218438689,0.217329830831236,0.833984119481502,-0.289108388425241,-0.296706705777869,-0.534296395147223,-1.18532451163737,0.250867595650073,-0.467388588395266,-0.480731049178858,2.62000914275568,-0.421290150933187,0.973664593590677,1.2193773369611,0.311978091597263,-3.89247966123145,0.864273874533153,-4.84766897606037,-1.3170507628509,0.234856809842972,-0.221530196900113,0.376535710445483,0.226980487063033,-0.555747516470397
13.565,-0.685819496745873,0.437981939937088,0.798093223199577,-0.195312633696891,-0.240665585486966,-0.455936812459464,-1.15673621514671,0.0537821323129161,-0.73497138430608,-0.705050568735451,2.38132453052271,-0.415404495979564,0.39430267261538,1.96452799306299,0.893963165378835,-3.03589814335754,0.00297990920021493,-5.10304747093235,-1.37279993974421,0.238520731730027,-0.368499727298348,0.0844750602513491,-0.106009413159032,-0.379078343618908
13.57,-0.683390158483986,0.338720230695845,0.778713871416976,-0.311015487188985,-0.133513025471676,-0.417278416876238,-1.09482227475418,-0.106154604248968,-0.681640056650398,-0.553425831607036,2.18834071057473,-0.428533755927256,-0.709737503879313,1.28922209240575,1.03993118990535,-1.71162698837501,-0.857511050060358,-3.26478219826173,-1.35935742253253,0.231629815160517,-0.458912182451683,-0.287013200738076,-0.530719117269068,-0.219039253893758
13.575,-0.566246684102402,0.146980507883122,0.807909952120084,-0.331818252716776,-0.0912259929480296,-0.382124660601071,-1.08948225947727,-0.0996528569520763,-0.458639982222466,-0.591486315588518,2.1181229518736,-0.385456973384713,-1.48756383183944,-0.381537572259839,1.072850328167,-0.556846730665171,-1.57892536930273,-1.60457821717876,-1.30378190841639,0.170304520349527,-0.381293902328117,-0.46049655811568,-0.647402148937637,-0.056550815322889
13.58,-0.472293748978589,0.267333360145177,0.834335795634824,-0.0952920824724018,-0.0445588512343411,-0.338517732830411,-1.05761260394294,-0.0529370648756079,-0.386958735644957,-0.856377903971788,2.05127223929292,-0.328854360176419,-1.82056994611327,-1.89471300132777,0.895107218054756,-0.311015070978941,-2.0533533547401,-1.62648977673829,-1.30421305729364,0.143893319194898,-0.233037428241488,-0.309362140781667,-0.408125395706886,0.0818214632611385
13.585,-0.487929721614026,0.430561451855738,0.797489416204618,-0.0978353638986968,-0.0144111835763635,-0.332528292591422,-1.09405845139681,0.115055364734013,-0.449516323430839,-0.793652679568065,1.82382188181976,-0.360394144254184,-1.93229339682482,-1.89455519799016,0.482613747599913,-0.698033059760209,-1.68384894758529,-2.43355652030093,-1.3260367337884,0.153922105058884,-0.115376601013937,-0.297563468783129,-0.136631652406963,0.17626396743522
13.59,-0.535980220325747,0.326693527728562,0.802589139475003,-0.203218098804437,0.00536230529609798,-0.327419180967315,-1.08442229659446,0.160265451124061,-0.469073479028644,-0.767706881306662,1.64749255321521,-0.357663963637084,-2.00658475773191,-1.30764312227698,0.180431633622643,-0.760250203054919,-0.850681550014435,-2.80749879452567,-1.34398874703169,0.151302650015473,-0.0440372970714156,-0.406125758723656,-0.05751297416764,0.191117647799929
13.595,-0.603356673872988,0.184705990949244,0.813658489119896,-0.238171231523062,-0.011669014270973,-0.29725838626393,-1.03044310213528,0.19892084295906,-0.411580721253049,-0.949015191607817,1.54401813743479,-0.352855291458764,-1.99955295658191,-0.224045563233992,0.0278273515748653,-0.201426272759746,-0.025130343175661,-2.67538109626266,-1.32012159576641,0.107263547174211,0.000304659720467178,-0.361281429970849,-0.257452884728712,0.0613878544259151
13.6,-0.593544722858229,0.193276443203587,0.847850356962445,-0.145709709389985,-0.0174073989587332,-0.241517348150015,-1.06139655093582,0.169528873933329,-0.458045558578563,-1.36801029540524,1.42415502817216,-0.317060280215906,-1.99640539834225,0.514395457487369,0.0307789235368859,0.910916713659579,0.610796676731448,-2.01757910406058,-1.29500163566104,0.0529344444729912,0.0172963917385068,-0.169866730992451,-0.572723104536777,-0.19421990459524
13.605,-0.541295104801766,0.21778744332877,0.850614621502495,-0.107800024984915,-0.00457971102992087,-0.198665276261711,-1.16783949801087,0.116256823148087,-0.426827814996333,-1.8576922992596,1.349260016961,-0.346966414416317,-1.87089328526305,0.535666396000156,0.137116156195862,1.62015235419472,0.922230050744915,-1.26972879289152,-1.28837667886403,0.0339011847217689,0.00994674149223292,-0.106683833153944,-0.654811228572634,-0.342886626885896
13.61,-0.536205233437882,0.226072983201935,0.838350999773168,-0.115323789675556,0.0550463902720127,-0.16764738796131,-1.16781791548182,0.00364242843886121,-0.423610827258903,-2.28171995133794,1.19666091849473,-0.245518996449403,-1.57228146089268,0.162037479817059,0.189491340212682,1.85575626081301,1.04541970515155,-1.08329401849464,-1.30929064804417,0.0164822933483177,0.0164613622805337,-0.103759764360231,-0.569930761446246,-0.439277390435823
13.615,-0.497548312318083,0.240146563922728,0.859347406587049,-0.10092885093813,0.0975083560481904,-0.155460404200472,-1.11207420144941,-0.115892039490874,-0.389587455584137,-2.37476540306153,1.08042407844065,-0.130256656280018,-1.35773253188267,-0.120980464333161,0.153485173908852,1.84931159763668,1.05464970839263,-1.53861475945136,-1.30945209602196,0.00778100757138547,0.0427110679281852,-0.161719727424642,-0.37477489873814,-0.432421823828153
13.62,-0.477595260294967,0.271800121355377,0.827743637133125,-0.0821707258404086,0.141494745352714,-0.147562878026807,-1.09071511637611,-0.269097144792471,-0.341164020355115,-2.11851732448179,0.990276163301331,-0.0591717091237274,-1.10487977198021,-0.20515907874037,0.0392274891727952,1.71409727579652,0.982688594469697,-2.11125747978799,-1.27378612635157,0.0162923254117084,0.0775810077345001,-0.389605226585932,-0.118051068145764,-0.389940219666325
13.625,-0.530527127206993,0.205110030475616,0.840739723202841,-0.0824216389968293,0.148986558334445,-0.15529379078859,-1.07231351609314,-0.402562181029777,-0.336846801650593,-1.43519535092361,0.930686601271303,-0.0480394507642929,-0.903761302425393,-0.132605907583761,-0.0511741926912439,1.51808678252603,0.877394430076983,-2.58163635202073,-1.20655518735369,0.0145402649846656,0.0729743269348973,-0.672478502393631,0.051213924483694,-0.322753389031773
13.63,-0.517930338935771,0.175273231441466,0.837628184723078,-0.0107122752573071,0.149408610729356,-0.135706895863459,-1.05177057723753,-0.377847207248044,-0.382049051188817,-0.767724572399335,0.882504020310021,-0.0845819692972858,-0.708537277471731,-0.0459330897385026,-0.133599579797932,1.23932319926198,0.761276109971089,-2.8442371482277,-1.13647336638854,0.00920462289803106,0.0602274355164727,-0.892221918801287,0.0595083947748606,-0.220662155648252
13.635,-0.507855651009206,0.18398016490429,0.795067898014986,0.0517897938935015,0.128111258508896,-0.107446869813957,-1.04668158022079,-0.245366568084697,-0.344988410891439,-0.109560079550947,0.825643192501293,-0.113797300053474,-0.548189799545314,-0.0379186931008497,-0.203944200805605,1.05194113772391,0.650926982714836,-2.87317760773871,-1.03301725094631,0.00811500438888419,0.0278957888637089,-0.970348096384281,-0.0940370435444594,-0.0234648011767341
13.64,-0.545898706794388,0.293416223402097,0.782961724659917,0.128966838505919,0.10677455645607,-0.0732485785135193,-1.03526808382932,-0.118419585047199,-0.341355530981032,0.135399092085016,0.772443852478571,-0.0930318006373416,-0.445233304960547,-0.114318994227788,-0.24054007797104,0.978290878373803,0.539363607166838,-2.86663794507822,-0.952445264166294,0.0176619071472362,-0.00138335190631338,-1.00628346636278,-0.25645710228094,0.188445702883889
13.645,-0.506707260230903,0.329507741733524,0.801504394298175,0.0832343317291671,0.0954669524254018,-0.0970475133904807,-1.01706492224381,0.0656483820091962,-0.294921314261226,0.224279471831374,0.703922916672324,-0.0625755430308959,-0.391136983539326,-0.264437028282625,-0.335749971099992,0.936933668156365,0.385586949742066,-3.07057561972985,-0.876617668216829,0.0267319622269979,-0.0184265813613943,-1.0707483621738,-0.294406142089032,0.323104089592057
13.65,-0.515780557144738,0.39870331923458,0.772488224839212,0.0794820804334052,0.0924671582617189,-0.118649262122007,-1.02257683430019,0.159315195958547,-0.27000554640679,0.221432419927833,0.667691478199695,-0.0729591548337323,-0.391382313454451,-0.344271266112004,-0.451482973234129,0.891301402442553,0.29488041801376,-3.38150395486722,-0.783109656934933,-0.000717544395838095,-0.00255138855008368,-0.980825511229003,-0.123170354121636,0.238271984088007
13.655,-0.507974680890762,0.398153572029516,0.797135007501469,0.0313631343531448,0.0932006038263709,-0.147186663679518,-1.04298667830931,0.18473265102057,-0.233776631465181,0.224527775047887,0.614431254341168,-0.0955460272993552,-0.450448965152698,-0.33697717987233,-0.533882082715253,0.594489155195094,0.229335524973892,-3.80492408581272,-0.680026452243859,-0.0188472932235917,0.0390304140510068,-0.719932846269443,0.188187267111185,-0.00162378295268592
13.66,-0.524706129124123,0.397045890325353,0.777238475686688,0.0159713520099195,0.105226616681331,-0.165107809234059,-1.03961515714756,0.190722952957278,-0.19187092770267,0.223912094268623,0.530310940543045,-0.121674648865584,-0.524540072257751,-0.268623689757721,-0.567693696229129,0.208159268069816,0.262585507383267,-4.10231376356458,-0.627615849524573,-0.00790451185723058,0.05983054010286,-0.564087713943219,0.384427585385833,-0.101721625511384
13.665,-0.514586143545514,0.37934103095325,0.770687872572694,-0.0153248867169652,0.0658343892951576,-0.182872832962329,-1.03970672544941,0.156379243641995,-0.158717737164606,0.142261435861306,0.509852112269507,-0.108309326264521,-0.639746261297498,-0.178605669133469,-0.496158052966271,0.0951768206160765,0.475285679967895,-4.17809454357949,-0.566630942148997,0.0190872673411093,0.0517539082469569,-0.527739670002488,0.582584760316451,-0.0965273692404371
13.67,-0.502200311305756,0.337501649134953,0.791874219137837,-0.051038934840074,0.0480916679034016,-0.190986001818069,-1.04700647929891,0.0859551372185697,-0.142870432217162,0.00108034579174569,0.470262050948633,-0.0693660456933109,-0.807602232789885,-0.113886339080743,-0.350604841114063,0.260478793943999,0.781715160191369,-4.11506720104118,-0.531458624199015,0.0387327621884741,0.0415918723651096,-0.553221032086733,0.643334847226892,-0.0712519188028189
13.675,-0.492907205988171,0.269107291794096,0.824151047034253,-0.0683845964374793,0.0547892030050302,-0.193774434605531,-1.06205734422728,0.0203441481203827,-0.139183673014728,-0.105079493748701,0.44458037199323,-0.0308010688091166,-0.913856639802342,-0.103420503175401,-0.236819085037298,0.403925316936311,0.924546404622808,-3.97861656013938,-0.493889394304742,0.0418431658152762,0.0250652327868545,-0.582197267652543,0.617344438248997,-0.0667517279371079
13.68,-0.496469444327842,0.218716967275443,0.841495100530914,-0.076664663912235,0.0822735497184644,-0.167918576878401,-1.06328886085949,-0.0784918080267727,-0.120829237815362,-0.23152226131725,0.408280698086,0.00833171586584975,-1.01691637563582,-0.0949251794699474,-0.277833303501393,0.310625405765723,0.808058499949328,-3.7622820259276,-0.475924869741137,0.0304278137922471,0.0123673873796884,-0.548928529684706,0.53075212620646,-0.0806031096019004
13.685,-0.480450976487942,0.127751539575696,0.862523014397188,-0.0868765472088807,0.12389866943997,-0.138112806175397,-1.04369489368533,-0.174855857618245,-0.129014974961401,-0.283520765655114,0.40790018387351,0.0359783796874733,-1.06802593763307,-0.115157778375349,-0.193537564880134,-0.255049028778151,0.578708162535538,-3.62293432617186,-0.43354909225844,0.027346464120069,-0.000969153909457618,-0.473375208662971,0.403591160641198,-0.110807920674172
13.69,-0.477265321409584,0.140168292533928,0.867972935450635,-0.0307606507519026,0.175100622289773,-0.104273185968054,-1.19012851083004,-0.212734898153827,-0.198388453368845,-0.302778986962487,0.393298122237255,0.00283403015694076,-1.09338475873477,-0.107740623263651,-0.139884521621999,-0.90134385466385,0.377277442806989,-3.53863889981477,-0.401072234918102,0.00942687371442447,0.00973354938356792,-0.362462931341361,0.258686207751876,-0.181712839689857
13.695,-0.484791879940174,0.195218074113759,0.85555012748921,0.0284710947632749,0.232671748353676,-0.0884161993132247,-0.998496567887848,-0.247685948960235,-0.00430628230448128,-0.18592919364275,0.406307124517467,0.0696787414196711,-1.07620284139431,-0.0257966078882797,-0.02251334600097,-1.1699810916993,0.282204917930166,-3.4582762071108,-0.376899383482321,-0.00418620176391566,0.0298735917521331,-0.233562083289041,0.10692043200804,-0.31152252650695
13.7,-0.482039793138419,0.235671554414446,0.846642704044879,0.0315357961492562,0.264952087875511,-0.0934359849899224,-1.07520441074903,-0.148729129837476,-0.0882944881727666,0.304576065274758,0.415812192017695,0.112793840273789,-1.05501592467048,0.00279111416462927,-0.0275739491070107,-0.696136559246704,0.232311093982356,-3.30153195900738,-0.348758367292131,-0.0234563009213072,0.0423639494079458,-0.0915509768391936,-0.0149514758923448,-0.46036912002281
13.705,-0.508082289841592,0.227526364972246,0.84263019875847,0.0694975349434145,0.316767720018241,-0.0980137868099968,-1.08171506015279,-0.0541541869308923,-0.0831360707702927,0.319015871633559,0.438893928430654,0.122924243716706,-1.09874739486016,0.0844734967655166,-0.0990026463150247,0.0854373876145008,0.288924414931116,-3.0859900531292,-0.313650931684623,-0.0370654411656744,0.0445677359970681,0.0918164459536396,-0.111933385985667,-0.620043240757986
13.71,-0.49595733264362,0.225563867127835,0.866784739992688,0.099296055151209,0.354193814629111,-0.110510349158332,-1.02670912507039,-0.0250948527288848,-0.0540232759875162,0.501256419611829,0.484736132873052,0.15157476352859,-1.01234387760719,0.13365062998211,-0.102209840710442,0.561531025820267,0.418755048623901,-2.82503550120759,-0.296020517880644,-0.0411656693524301,0.037777592175717,0.184648918762388,-0.105967761332622,-0.675221846018168
13.715,-0.428564929264495,0.233632101066755,0.866370371248389,0.13726846606685,0.387386672050001,-0.102593899622391,-1.03700454110323,0.0572380241250281,-0.0191878262542239,0.503398528539168,0.525563217102464,0.1548114477749,-0.880052395035648,0.137122023701738,-0.188109730117701,0.51271974307205,0.56458848735599,-2.73282502256623,-0.291629522528866,-0.0268757083041866,0.0217820665335826,0.195187474441104,-0.0234931120280098,-0.669674231279157
13.72,-0.423632831683927,0.339471783945112,0.821395663208293,0.280148693669481,0.420486513168911,-0.138464361499102,-1.04017369587158,0.095705604561408,0.0776387597777734,0.437070813056596,0.552767301643745,0.146042317248161,-0.767890600398247,0.109696633700635,-0.237613476756685,0.28501883704771,0.728797770312029,-2.78444283128245,-0.280636373937365,-0.0218130721186775,0.00304082035494234,0.100269926615523,0.158758346495784,-0.583692632208243
13.725,-0.592013507839893,0.270784328475445,0.786217471427991,0.162402876558297,0.441144146099386,-0.17234590668109,-0.979040989482732,0.0841820589965669,-0.0655891735222838,0.292944049426827,0.575590281871156,0.211402072234635,-0.771693281998152,0.0510044628371446,-0.328608186975354,0.0719852407156598,0.799321953865581,-2.93521549602493,-0.287673043155618,-0.00572295840951153,-0.00163747756870832,-0.0221936465459135,0.327280050522146,-0.482017105320565
13.73,-0.585056607071519,0.232978850968468,0.773070679593626,0.211222151598187,0.469012065007608,-0.202429371726239,-0.941126265295356,0.0818758058545397,-0.0871052008598619,0.30155642253781,0.665161429434803,0.202789701705011,-0.816671679754756,-0.0135427759027014,-0.353697062993464,-0.0225373236397372,0.819366059032808,-2.98501049004591,-0.298127185145657,-0.00257789727991564,0.00364851515419635,-0.176919927629061,0.478239074557789,-0.355540896437339
13.735,-0.586019851409657,0.261785226579309,0.777026072067064,0.266759963894017,0.473915577030916,-0.235732531985221,-0.975700994974711,0.125975632920476,-0.0734579014023874,0.337079046491382,0.731473840056985,0.200845064522325,-0.913805821541015,-0.0361465766191117,-0.33602621773078,-0.0864487113791539,0.791272450525684,-2.75269382293666,-0.320939545428852,-0.00263310085283526,-3.62022618825672e-05,-0.309896861752371,0.560178187509677,-0.22599013920015
13.74,-0.599624309243432,0.239380923579358,0.766449747229206,0.207920465807186,0.494474679231644,-0.23784180047322,-0.973282606526709,0.10184598949634,-0.120074067439258,0.217105116088964,0.760638075777459,0.224591344556877,-0.961098171073765,0.0236079125819981,-0.319471896421388,-0.142378497259158,0.805903442151863,-2.50026007657279,-0.348433687269946,-0.020967203423431,-0.0160162855131801,-0.394937611393819,0.569768469027712,-0.10866506118181
13.745,-0.584901360722554,0.226658494645153,0.774463631143698,0.220294867694907,0.500097983051721,-0.264312884825961,-0.915338498224453,0.0394865201609717,-0.0914362331940573,0.312172918883751,0.825494215898231,0.200540423476665,-0.952030318025367,0.108278631690105,-0.298464664730203,-0.238714927267173,0.86751648274377,-2.39359096624865,-0.360311537762961,-0.0335751408946913,-0.023463795924435,-0.423700904682788,0.53191765124749,-0.0311586866423011
13.75,-0.543329000827274,0.209905379981325,0.778332174077347,0.202478701003847,0.516844855501257,-0.25180006007339,-0.884675895483127,0.0333982612305575,-0.0652167704643889,0.315667238844547,0.864096314250525,0.178635944254541,-0.977389019842222,0.100081385298311,-0.242333166276212,-0.288573517230429,0.943357589305917,-2.28880839235667,-0.385319050593173,-0.0510664995703836,-0.0265563700816011,-0.42777262668357,0.46623551953463,0.0118486703476487
13.755,-0.533808926495094,0.200296901234818,0.769704298666377,0.220647231065291,0.510366523050342,-0.239727300185166,-0.850331659876835,0.0189998125213361,-0.0706856252586481,0.276230206135019,0.926425564890165,0.158232189241229,-1.00759599626143,0.00609118792500012,-0.177234178987829,-0.184879438001394,0.939239695299222,-2.10738640305012,-0.401023076970768,-0.0622712028901741,-0.0282044661217673,-0.437977770568658,0.418106790595834,0.0231502340047808
13.76,-0.550963325379815,0.152505254154713,0.733235468879276,0.193398395776248,0.481005387602223,-0.212201494275366,-0.811622239297365,0.0107944963508066,-0.104233375692857,0.235417145998516,0.972359632838873,0.151370799398326,-1.01199137898458,-0.0900518655742456,-0.0443678934928495,-0.0669531975524428,0.855233354974411,-1.90496979372074,-0.430554942102326,-0.0612960065433886,-0.0259917731254973,-0.461266402269332,0.381969441492939,0.0157904772589311
13.765,-0.584635908233165,0.178937028790372,0.719542999803057,0.223932984862683,0.451998443644336,-0.19386973805933,-0.760317110847568,0.0409930868449527,-0.0821291237663387,0.299998468629382,1.06065277508444,0.119987273262976,-0.981533640631726,-0.0912180875552504,0.023368649603873,-0.0196079456265428,0.773956681953105,-1.88910866733601,-0.4529592534003,-0.0726790110162988,-0.0323888280755134,-0.472799410959304,0.34587510054359,0.00593428743327668
13.77,-0.557197347365122,0.204068481571619,0.706270901013049,0.234850321335558,0.408307338249344,-0.171416161647671,-0.744179780124054,0.100798117409834,-0.061241886782358,0.233088639256658,1.09865263085693,0.0936890024880914,-0.915280944914258,-0.0584267692948902,0.111027619741355,0.172076377723254,0.70532489632441,-1.91677457487535,-0.488088558516065,-0.0683634812027877,-0.0392829515474015,-0.471927103482287,0.290420496379343,0.0106223201348444
13.775,-0.535453896254426,0.237813495744159,0.721711299108299,0.213184131177327,0.370483473594765,-0.141627148445229,-0.783058228515245,0.160271046032812,-0.0681102691027551,0.13718505489742,1.16698283317221,0.0692036503057653,-0.856742527436233,-0.0279187748246641,0.184667587791174,0.403813489824012,0.597086962256103,-1.91586476735994,-0.512976957827421,-0.0971370515388423,-0.029649006977169,-0.482636698275293,0.197255777184661,0.0651490431385884
13.78,-0.538573581537675,0.251369261472034,0.739894709564691,0.185201848589205,0.33493209894802,-0.127369896131283,-0.820554452846029,0.153848912602858,-0.0746298565636969,-0.0388929013768488,1.21468570142319,0.050137189078831,-0.816802366735719,-0.0214623109914497,0.222843791418071,0.593523578518818,0.491690586932187,-1.92215022006769,-0.542243788675476,-0.0471015260370461,-0.000170396114944302,-0.491957184290248,0.088797010430374,0.152341963992581
13.785,-0.526498467187274,0.270314521306267,0.733635038045077,0.194431035283971,0.314635936482727,-0.128070722611195,-0.872105753059242,0.130882684593311,-0.058245858764954,-0.104156002581076,1.26469597336317,0.0421274684403701,-0.822394717638019,-0.0207374974868934,0.156689583379398,0.920337024612374,0.416827647640914,-1.96254818911941,-0.561861983432992,-0.043770943520365,0.0251533864235117,-0.488452009562964,-0.00991232183965942,0.257628016633274
13.79,-0.504379428536931,0.277935504836596,0.739204842952022,0.178627469396753,0.286918659586761,-0.139377303704393,-0.918120321722545,0.104633112214515,-0.0829740063408453,-0.177750894541979,1.3152429224502,0.0449318346674351,-0.86050893964355,-0.0191427556137978,0.0754341993633749,1.28730402258663,0.430819595099314,-1.95118692343944,-0.584941450890011,-0.0414884138073902,0.049053912777795,-0.456394393542815,-0.0556837981218232,0.340904829468971
13.795,-0.51290088216705,0.265528972009497,0.761602357287462,0.172941652431574,0.274248858788665,-0.1519667379508,-0.962484871640912,0.065882394900638,-0.134156007249757,-0.186342369980362,1.3399519518373,0.0453401179455603,-0.920479574057493,-0.0166323383127587,-0.0267338379152439,1.82223515008226,0.533001357186045,-1.82150329078898,-0.597003462089455,-0.0622364274722724,0.0722600138463817,-0.349073193283636,-0.00911051678491811,0.332915175354746
13.8,-0.54082816028674,0.269117207817484,0.767998726180521,0.193599100844939,0.269987922594876,-0.161284740119823,-0.991046487285501,0.0554958876854224,-0.176919558219321,-0.150706409499411,1.37327784829489,0.0539002985677221,-0.946368775558709,-0.00993864647130298,-0.0768887395670646,1.98947303822108,0.615683025154072,-1.68318310092538,-0.605318636796635,-0.0829039681500979,0.0973609487037384,-0.232192221124092,0.0989623798202942,0.231156184479858
13.805,-0.559866510924608,0.27266528832646,0.787667705263512,0.192887302574152,0.278624090356142,-0.176062794065828,-0.990398359013489,0.0412407185000963,-0.205354978621311,-0.0252721893457663,1.40782828280808,0.0462995658420634,-0.949207465167477,0.0288941987897395,-0.136260043170734,1.73415767072109,0.728703204266598,-1.53370550991327,-0.624969052817863,-0.0821745822695202,0.12315701538988,-0.149916084012456,0.247185846519463,0.0501284523808516
13.81,-0.567653499892252,0.253506627554314,0.804549877876823,0.161388881192671,0.306515716524455,-0.184826875042381,-1.01400162759828,0.0298735903203341,-0.242464089969418,0.0626685448133888,1.43882307178731,0.0437315430985988,-0.92828186494237,0.0812552353690816,-0.177200275935955,0.995151515748549,0.752430848245094,-1.52783700244957,-0.656164805211174,-0.0791919823468838,0.164648579999806,-0.122126619321674,0.32006925067262,-0.0895614301228966
13.815,-0.590524356797673,0.238399304642439,0.807959255723218,0.161943858151133,0.344131969941585,-0.208800949349348,-1.03858581970417,0.0142733831424449,-0.288593969516064,0.19546779551278,1.44533485380025,0.0421707768129863,-0.912202416803601,0.112546614305759,-0.212460293800669,0.05714718059342,0.676676637400612,-1.64086955184748,-0.692903096326316,-0.0682044058993218,0.199196556692559,-0.10088267280126,0.320921459794698,-0.200230596556475
13.82,-0.592291617369571,0.25506335622491,0.805286659931261,0.192719307556393,0.390010471246391,-0.205298223772576,-1.04004606712108,0.00186849869739951,-0.295176122552681,0.31981215403868,1.45587092725707,0.0381188651217203,-0.898404411792976,0.0773987679147106,-0.250126346621121,-0.961602389992121,0.533052888793352,-1.78295490151791,-0.731562952634851,-0.0568775178407712,0.225209691397954,-0.0819449753767926,0.26799678711934,-0.270085986639202
13.825,-0.575286463492298,0.264508008824179,0.827651980298463,0.211011135029761,0.444917388896752,-0.224344343390028,-1.06545171762322,0.0170741759857532,-0.258941617308151,0.441360220225403,1.47929445259711,0.028940155625565,-0.896793620253959,0.0253243302116295,-0.310973460593742,-1.32755408987895,0.465837448020769,-1.8514516282341,-0.781205088858668,-0.0458491971685135,0.261229580848807,-0.138095697616976,0.154315524721802,-0.328864868597329
13.83,-0.568035781644177,0.2517009018419,0.837769061706066,0.231577030485102,0.506762167424187,-0.238837289268862,-1.07749156665596,0.018979801792542,-0.246575546700228,0.526035387741237,1.50217064660177,0.0113887274015508,-0.894240978994086,-0.0623096881179187,-0.369890163280756,-1.57682587239939,0.382903148459909,-1.95106390513577,-0.832937643483743,-0.0414629245807613,0.259189227413451,-0.20811146700939,0.0736402998175337,-0.361423782257473
13.835,-0.53769068092666,0.249333564751829,0.856741010537206,0.273797417446906,0.562121780674531,-0.227490431284411,-1.08115519299067,0.00918580210748098,-0.223839348444004,0.626348617204806,1.51963834227667,-0.01148990358529,-0.912145235650151,-0.122184580672496,-0.416941620979969,-1.60176934787329,0.342959782535744,-2.00443296164056,-0.877302369920925,-0.0458393473493037,0.249249450910941,-0.243618100011888,0.0169924550275735,-0.376395878869924
13.84,-0.56462026269938,0.220209440721946,0.815764728281285,0.260620036496385,0.610696290884968,-0.254336811221822,-1.05917173295967,0.021636126785737,-0.163910118699001,0.742079603269683,1.55601912648858,-0.0411901477063897,-0.859285416933702,-0.110021181900332,-0.454027020540035,-1.55425366373314,0.33512673642317,-2.06582474939176,-1.17220737025565,-0.15914903555784,0.26362246924546,-0.0707176561927961,-0.119303207357848,-0.359904822620602
13.845,-0.583773414461624,0.304751261596624,0.825910892814385,0.294620523216378,0.641210289640824,-0.234631846677095,-1.0389684219608,0.0417200409338603,-0.127417861611639,0.758818241225144,1.60013825677926,-0.0561437703944329,-0.950972633655125,-0.0692184406812967,-0.451270056945517,-1.37912634663275,0.68685262391061,-2.32881965344818,-0.988475289954688,0.0572350249577753,0.231270413091431,0.272840844842032,-0.447374111703915,0.116678046991211
13.85,-0.555440816837309,0.350766092392666,0.825030032212099,0.237307807024671,0.670784093401879,-0.263539874235384,-1.0192763051758,0.127106455586113,-0.0576138137093531,0.790195510874047,1.69185560265245,-0.10554487230991,-0.989896205283879,-0.000889741647750186,-0.331040101635871,-0.994645513476138,0.525474560489451,-2.29768115127954,-0.845909906334768,0.0583993399216866,0.310657511100427,0.0988615002919764,-0.586498551714021,0.216858122092471
13.855,-0.5791315811344,0.339672148281529,0.822991742663827,0.16085034537194,0.701760729270335,-0.29326602986879,-1.00868014164529,0.168387339735539,-0.107419109473871,0.677980570608089,1.7495096075146,-0.133774150566391,-0.913892561323556,0.116517689990608,-0.28798796510809,-0.322471460348018,0.535812146274612,-2.02638725147109,-0.919941011556705,0.1310895240464,0.336314478239605,-0.0188321133872181,-0.951076610218704,0.405754947928944
13.86,-0.563217818014834,0.34192262564221,0.822911848301444,0.0764078865425562,0.764860196341692,-0.302393245704023,-1.01534896880413,0.193936123124755,-0.0988366399768762,0.55934525418518,1.82107251950321,-0.190000012688414,-0.774937839343501,0.0980495521483563,-0.196367973447547,-0.130768342920703,0.408890940768232,-1.89924546039747,-1.00921533561964,0.135491220074239,0.246558034593621,-0.0714086213875834,-1.05982829527577,0.332810155944295
13.865,-0.542648200455359,0.313367662654056,0.827886181822616,0.0236380236375733,0.806459551285167,-0.308910205505831,-1.0281527745596,0.19905057886946,-0.116260321559964,0.330501968048954,1.88124196494138,-0.229710351350381,-0.810737055651938,0.015882265652978,-0.19951068038818,-0.719772134833607,0.2048940893236,-1.87283053747529,-0.992889823037642,0.157068990838271,0.273563496330509,0.211522923753503,-0.81386866253075,-0.199650713119399
13.87,-0.560604486655921,0.309377678736126,0.856399464770939,-0.0287686470926383,0.877408004101087,-0.309275209252265,-1.07109117674237,0.141983851810811,-0.197216029520823,0.121928797224539,1.92410413274172,-0.278957274315947,-0.851457385758842,-0.0190385337291328,-0.0985791440263588,-0.98576822377808,0.256501742716678,-1.80877027230816,-0.933792139161222,0.232684016525164,0.256229559660898,0.279560484095892,-0.327578444512039,-0.462071933581558
13.875,-0.557230607946177,0.27778253500107,0.874599938972214,-0.108640449750201,0.977219984496891,-0.318195205322221,-1.14353281835896,0.107868721547268,-0.260668070623968,0.0130645014626051,1.96879162738747,-0.329835682720426,-0.999774043758413,-0.0913560804798143,0.0645282620756529,-1.15596252369269,0.317429265242812,-1.76635619351373,-0.900355305354663,0.262180922160287,0.277558176426301,0.133485326516607,0.273889905317685,-0.600099437190463
13.88,-0.592904510258341,0.137176476916817,0.874431795989685,-0.0767597206212225,1.04980085684032,-0.319236553727803,-1.21132434464274,0.0779948541157611,-0.359056420759058,-0.194226702245593,2.1162315373922,-0.328317578220064,-1.15750419127017,-0.163871080488379,0.180961706253931,-1.39655510735927,0.353131491201508,-1.7209804162146,-0.94041192552468,0.251024776523122,0.294591819400419,0.0349119782080244,0.687022597951443,-0.719182170468745
13.885,-0.532275074731962,0.205499806781406,0.896802425154299,-0.299560811578864,1.21092755015254,-0.352258143283576,-1.22577123025583,-0.0140529294157573,-0.25062081110057,-0.397463775441159,2.07278702479121,-0.317224867790741,-1.30130459389656,-0.206309739683128,0.262042784910316,-1.85354373027298,0.345885370172197,-1.71230290387741,-1.01257050863924,0.198664429539194,0.300600454861659,0.0481849097811047,0.792192644621225,-0.844053937747566
13.89,-0.544555925202385,0.326594679911968,0.908947216014705,-0.0809217156834994,1.55722621528493,-0.379347517665906,-1.2824848055179,-0.057780410339051,-0.265710528398848,0.358145997236591,2.00632481638069,-0.427598572693415,-1.37054261802133,-0.232033122551622,0.342210172771815,-2.45188704066584,0.320456281854739,-1.70775825960253,-1.10364280350488,0.152047483507479,0.295717894116369,0.169030253754337,0.68316624756999,-0.968393228323741
13.895,-0.578205132415581,0.343905607237989,0.942215007202094,-0.00536356734665301,1.67782456130783,-0.355726510623853,-1.32509520995126,0.078495211111624,-0.297047666199526,0.510079413185424,2.06878268631521,-0.499633908395124,-1.38056403368874,-0.257534990404799,0.414458166457194,-2.82314225975889,0.36904907977459,-1.70500848309075,-1.19531823339174,0.108316191418522,0.317688957296177,0.208884525032337,0.609920708339374,-1.04283824999917
13.9,-0.606505408233884,0.354649434208258,0.888886103343802,-0.0407067659759712,1.83441603296766,-0.417393299825458,-1.36299211313612,0.138079196947394,-0.273259741298215,0.348068668312382,2.17973412004428,-0.506191862551511,-1.39511409237522,-0.278629010862009,0.51299749552456,-3.0047305130384,0.399779521170964,-1.71931642521193,-1.27691931536398,0.0971309520579758,0.380106609753646,0.162519512472479,0.691342342993749,-1.01022169655853
13.905,-0.580208146182775,0.360910312642743,0.930931746959096,-0.140461990667726,1.89332121404087,-0.457396808977326,-1.41951278760072,0.155282159786699,-0.18525143737638,0.259608267805946,2.22593000867004,-0.543814154144943,-1.42726633476349,-0.251532321812144,0.528522522025673,-2.75173984911504,0.368996572916548,-1.75851046042123,-1.40200514491806,0.0810087697770803,0.437003649942376,0.0827273955392799,0.817288085200509,-0.903240428328355
13.91,-0.534538505825216,0.338161186083989,0.984083381453483,-0.107996784149993,2.15325319688247,-0.519344569520778,-1.45141046534295,0.135429436964898,-0.1644443322335,0.310511743288571,2.24333639126944,-0.597058987107229,-1.48279967936182,-0.148592136243499,0.457387441258658,-2.10576182186608,0.268726407668122,-1.75075307662634,-1.49355754076192,0.0742251950810048,0.450526884163193,0.101877590936607,0.76000121351835,-0.756313630204348
13.915,-0.531203894776525,0.3701765930232,1.01754878816542,-0.0954726250384224,2.43543337651911,-0.561359237500849,-1.51647607959772,0.133047812332005,-0.185150352859847,0.265146140497082,2.26058865962149,-0.642389498544241,-1.5303944214522,-0.0312721834276485,0.350430730272175,-1.49496824544331,0.171031311492558,-1.66043048395743,-1.58332035226691,0.0929753373678554,0.420496938726505,0.191164091194437,0.535616508775448,-0.575718925834106
13.92,-0.555384427565126,0.391312330396253,1.01426697787066,-0.099774124816111,2.7071023384191,-0.615602437932114,-1.58304045420386,0.089231215445907,-0.182028072973271,0.272076679343822,2.31888584999014,-0.680601304449732,-1.56047712423062,0.0723900734089524,0.170855325886574,-0.815942745576376,0.120687673260764,-1.44047799967406,-1.61466265763728,0.112068008556824,0.393521702833643,0.296727354016388,0.251718684694189,-0.440114003679378
13.925,-0.588055084761966,0.392032695552857,1.02488231342882,-0.183328326537927,3.02259148774712,-0.704236874903964,-1.61746033871598,0.0732432439709799,-0.151719462861827,0.369710028778272,2.39799050707884,-0.711988516285656,-1.55566031170211,0.0982008579739855,0.000460275200925238,-0.464733176317107,0.140336132347182,-1.23372161705717,-1.60290074066671,0.14492629403937,0.402774453595283,0.363125824262389,-0.0811244716956901,-0.288080641526888
13.93,-0.550684553878998,0.3840116457774,1.02862093861679,-0.189401200180369,3.26334533795735,-0.777654360858717,-1.64069912356531,0.0432663095886498,-0.0463455826772254,0.496666800219482,2.49936269311512,-0.745102679418665,-1.53348973097299,0.11476766686867,-0.127943719207844,-0.423830437828795,0.192149415340057,-1.16198817095024,-1.60064383020311,0.158220364251203,0.440806946491154,0.35901489581646,-0.262198677961691,-0.203491828634735
13.935,-0.531380207986615,0.377017235711432,1.04092895777843,-0.188542229994105,3.59070857895001,-0.862336996020011,-1.62922101339711,0.0240462832543961,0.00788700010240493,0.690792565048403,2.56405055680327,-0.790954741169052,-1.52899406249829,0.15849205210082,-0.190000247665641,-0.612750770386111,0.315502969463624,-1.13191531148744,-1.60351495800154,0.163703697964955,0.491729298529481,0.311720987583339,-0.419372277711498,-0.152144375740728
13.94,-0.543978022339729,0.383425772587023,1.02314997665405,-0.204849901072553,3.89887325164726,-0.917677762603175,-1.62399551227213,0.0339828835512656,0.0211119328238195,0.891777320278555,2.64511246539809,-0.859600987048365,-1.54013583747805,0.235457799599383,-0.193436988456814,-0.908365965005413,0.377610862281525,-1.07952350306339,-1.60178851491807,0.147523454202001,0.542365757276636,0.214957458216024,-0.594596294669321,-0.145534438414098
13.945,-0.517293461187395,0.379804277828218,1.04592700845563,-0.214937587264113,4.2060354056565,-0.994919871383201,-1.64014089810393,0.0551337156461379,0.0669424050698546,0.950833720844625,2.73386631449191,-0.900101300931662,-1.55083615876261,0.352273775514677,-0.15881807187833,-1.27883994439324,0.388666666149988,-0.972951975429021,-1.59970386334474,0.110823154191977,0.558562079497747,0.146016542085736,-0.687222096123964,-0.187845576914831
13.95,-0.516250213036167,0.402700831174846,1.0443327224438,-0.244348913800482,4.55741279497329,-1.06221777130575,-1.66065785524744,0.055940806071976,0.103447967813323,0.959949984905563,2.81578879925209,-0.764501834405583,-1.55532802861106,0.418521983758148,-0.148033036610381,-1.55873430612818,0.347927895123547,-0.898808385637333,-1.58546798287435,0.0740315438837337,0.577327394028563,0.0825632727300171,-0.68586071512166,-0.221035662518684
13.955,-0.532964883111953,0.451314851306492,1.03664531240741,-0.274075597728837,4.89043129830088,-1.12301509261914,-1.66554957044077,0.0529401713678835,0.141072660214543,1.00592613598013,2.91911421961338,-0.898991017624245,-1.54916819848614,0.478448636069226,-0.142152741413116,-1.91461606691653,0.230764268891429,-0.79049916788441,-1.5654601084467,0.0383763032339409,0.587165969916002,-0.00374914387928051,-0.616719528886282,-0.213189095216877
13.96,-0.525049136701073,0.49296574139846,1.01548214022728,-0.350798126550045,5.35400284177151,-1.22936241414342,-1.66333179047395,0.0541336559946722,0.217904951989968,1.12146767119864,3.01168416403569,-1.00026768977254,-1.50527698347957,0.535805253344392,-0.148120219806044,-2.21548611283172,0.153169399478878,-0.699407889767343,-1.56052732630807,0.0297029871415881,0.603146042914247,-0.153620948004804,-0.511875141371219,-0.146746930114554
13.965,-0.53791856739963,0.508170833877714,1.01499176001504,-0.373944669090482,5.770183432128,-1.34656961001178,-1.70061690172535,0.0645524117870006,0.236483424343155,1.19916317175185,3.10908961014198,-1.01380137034821,-1.52276090302922,0.605032035710798,-0.142626663406864,-2.2915489318828,0.305181625053556,-0.624636183746303,-1.54266568721303,0.0313164245545171,0.605081562486727,-0.355901512873377,-0.419758651662084,0.0216943478762772
13.97,-0.527842028919515,0.565733868058069,1.01920268658135,-0.383452728493562,6.21672531793497,-1.49677341083394,-1.71713570415372,0.103011521106454,0.32728825275059,1.40503394542689,3.22085859471979,-1.05019460551431,-1.56210020766369,0.658704481384977,-0.07041969048992,-2.17568421807831,0.455873517916314,-0.484693063748743,-1.47118439994631,0.0235417410126736,0.599322723664936,-0.484962368257798,-0.34821783828953,0.25189943418949
13.975,-0.510519158273552,0.567797134788026,0.991289931245888,-0.43540271229783,6.62250793985836,-1.65417570442016,-1.74373257290837,0.106774397169555,0.385654402451636,1.49926389526413,3.29725385974929,-1.04429010951364,-1.60572465632812,0.708790294745005,-0.0186814129817525,-2.07192723178406,0.458089713399613,-0.247049579109349,-1.38838801464096,0.0149738486251057,0.580014731527497,-0.493184959868213,-0.257821487364493,0.418131660683319
13.98,-0.463579304810247,0.590268831420139,0.960980317538993,-0.331036069702615,7.13851562945809,-1.87853327397649,-1.80130808402642,0.122789595416866,0.494467188566677,1.69019137565894,3.40636671778165,-1.07196727797907,-1.58913010881504,0.754996534413015,0.0517500574494496,-1.90602820140877,0.498694491079075,0.0648931435999019,-1.28202058860829,-0.0124674515678055,0.538460854817862,-0.377179129075193,-0.0153191260603968,0.428991137176409
13.985,-0.426967032429504,0.633175908782292,1.08110384318813,-0.303011948112185,7.62237805811688,-2.0999488434774,-1.85632553975278,0.1143578086885,0.553802036333125,1.82465987949417,3.45207688865759,-1.06227276897187,-1.5330218524853,0.772147189645503,0.175502696005877,-1.77707640569162,0.535994517572388,0.260271858238707,-1.24038497790812,-0.0577706836501271,0.478656281030752,-0.219680075775875,0.288217481451491,0.293358283276118
13.99,-0.431963479569979,0.670098607725496,1.09564347690001,-0.283520970042743,8.1820860929719,-2.32581319723509,-1.98064440380522,0.211382992735125,0.648964950594401,2.24347525545026,3.51202642852002,-1.1131918399721,-1.55509779095886,0.779206718757712,0.322469178000921,-1.65178349159155,0.568894352195956,0.403332204244396,-1.24590536759661,-0.108286303205641,0.389085574360415,-0.0477964385098755,0.58453615499949,0.142292196454555
13.995,-0.428051849938123,0.744159535827618,1.04165018994015,-0.319525075823906,8.79091978251874,-2.55063382329025,-2.05711163828544,0.325901718044385,0.813676624021551,2.5214649737172,3.5823615821096,-1.17305926507711,-1.66555868609571,0.782793039650824,0.468496023981491,-1.43023370374676,0.591167308241821,0.531537556697235,-1.35626358305675,-0.114862807471538,0.323237835612349,0.081392026711668,0.839375646924094,0.0593070212528089
14,-0.36783568773665,0.748738948049057,0.995124649844336,-0.363429463242271,9.36643860519285,-2.77796207183986,-2.12514795655729,0.252442225435146,0.775073382133146,2.41189332580228,3.57944063848123,-1.14963277393655,-1.79003608826358,0.802940597271156,0.604886894633337,-1.19281470661762,0.592342639112255,0.692656452937641,-1.47071887885978,-0.120726060240874,0.231285163557773,0.111444805790416,0.930022188626708,0.0510842607944748
14.005,-0.323815102453945,0.764396678432214,0.99554826751565,-0.44223932555862,10.1922385739782,-2.9912504635693,-2.19091317383498,0.263867773079112,0.849301742790112,2.80885451290426,3.55821117935661,-1.17442507249039,-1.85151995757531,0.827432810438093,0.702516289990529,-1.26238964680309,0.536070812763177,1.09170012520505,-1.50109104267293,-0.143412708975209,0.0789482150626319,0.188871312783181,0.955055609978698,0.045744975509979
14.01,-0.30846505041715,0.515179305432459,0.47429622308097,-0.361704899912226,11.0458521296774,-3.27358765333639,-2.35653535816525,0.343621300573392,1.08138447983854,3.60831281781819,3.54932457425951,-1.23474287090438,-1.86135743031354,0.829084040017722,0.718225583500116,-2.06441649645104,0.429019195216191,1.57911873427422,-1.49334049645338,-0.161406597844238,-0.0874551373215995,0.382902275635854,1.07496676109965,-0.0386604457397047
14.015,-0.78617882283016,0.402729179407048,-0.132029583490109,-0.25155832419798,12.5986946442072,-3.9389388195454,-2.38987407553136,0.462327877128689,0.992385024608485,3.87706133316075,3.53366111583979,-1.27164441461022,-1.80864422366633,0.7731766187247,0.755131764272182,-3.01495061801918,0.242525869997261,2.10993848197659,-1.47191201719327,-0.169965964173762,-0.250849322387806,0.618799636799347,1.24826160247484,-0.19806753238912
14.02,-0.967795924193021,0.468084628121379,-0.122408220736721,0.368343741317377,13.9799602914887,-4.60478749664665,-2.38291964043452,0.323356066589236,0.714418459794373,4.38673369003893,3.6072781618191,-1.45022735531072,-1.58449186462954,0.589736256062034,0.815494882581915,-2.64417037254204,0.00162794365097643,2.76882419434898,-1.43398581478194,-0.177938026533748,-0.342748848748423,0.725565078792161,1.3183009904573,-0.304931968578884
14.025,-1.56713878986365,0.438114599687034,0.535182393184441,1.3061307986224,14.9159806065697,-5.22110898177484,-2.38714994478901,0.481217985205501,0.884823653546467,5.37247163275636,3.60111706541639,-1.73111610318667,-1.39576755399511,0.300708117731366,0.614738701673275,-1.5247989401431,-0.127532362159743,3.38593406241207,-1.38935034471237,-0.228165895792738,-0.436226887333967,0.719376878873157,1.17942662401848,-0.131648706507787
14.03,-2.96584439332982,1.62032191529135,2.17933430959147,2.7963939177052,13.8330906943874,-4.97884358050753,-2.17348148316616,0.640572112484951,1.12236807546248,5.35187525674558,3.43324723600513,-1.79497312430041,-1.29150880534057,0.0477947650659,0.277413698620835,-1.05705366935037,-0.269359386598679,3.99847563119591,-1.32714808654613,-0.324334810338778,-0.493260441508557,0.657388763860333,0.90697465895657,0.117276027219092
14.035,-4.16147642246246,2.42779660846271,2.61492453112963,2.44111879423578,12.1114200949639,-4.14091107577514,-1.79756039003685,0.88672194051176,0.663190128894605,3.85934240523678,3.36070593110751,-1.6952641342124,-1.29252361035155,-0.0925682604047448,-0.0215681342628142,-1.17184112079222,-0.424974795132279,4.47192711473388,-1.22625344258231,-0.409830309382886,-0.501146134780351,0.939578000817667,0.502431595120889,0.273504802551206
14.04,-4.69502273890039,1.74284900069758,2.03895365641718,1.16112430607937,10.0008923034513,-2.83316128931326,-1.67818293259689,1.61997088801804,-0.500139763490552,1.9421507047918,3.49130043891527,-1.61182844433398,-1.42358167132833,-0.223965824423285,-0.164100516726981,-1.2369619124689,-0.643777868107335,4.61983294697036,-1.12681099279681,-0.552733633811433,-0.485872962394447,1.24838169198257,0.0385995838476838,0.493375494615559
14.045,-3.96914967472084,0.687031514638309,1.75914691368098,-0.313827683131549,8.99476904180695,-3.70499135369194,-2.0063956668333,1.90900793434081,-0.352986272072489,1.79133511530157,3.87181366484325,-1.81290187075039,-1.70922153122581,-0.454876064420473,-0.395719116921042,-0.865690064381964,-1.12003759262826,4.30186165443879,-1.1433259767131,-0.670052938826078,-0.390922699723332,1.50921154072411,-0.352641627322053,0.576039917829397
14.05,-3.24322337269324,0.93075718344189,2.04668261186851,-0.441409345449518,8.01016603828746,-4.73712724195224,-2.28326776516383,1.8410245755272,-0.0426318165709745,0.581909730780308,3.87846193341531,-1.95098983690202,-1.91047027349131,-0.578126017960801,-0.505180304826228,-0.22153788150212,-1.45324511287758,4.02872715467173,-1.21954004307294,-0.760656390778093,-0.289462522031597,1.56715982737256,-0.657698442032236,0.649474572127842
14.055,-3.4307608357111,1.33996718364568,2.39034893489946,-0.807726980781171,6.69611131871001,-5.43034515125305,-2.35479763062128,1.43975301228921,-0.820006632912058,-1.44571860212249,3.83188440954875,-1.8785559667093,-1.94772384999096,-0.695345113508075,-0.501126923040456,0.543446625897758,-1.84855145667884,3.92652098167219,-1.35410754139709,-0.829506262502135,-0.20769802483819,1.53526221503116,-0.806236566904013,0.748363595676875
14.06,-4.31867683820669,1.21754449922142,4.15576613479147,-0.385559777063543,5.23352231422529,-5.66267427454005,-2.23604602379672,0.844601781296431,-2.0614872776807,-2.63476104754679,3.79346812297136,-1.80704261461893,-1.85808156560383,-0.868764242357817,-0.451515666820349,1.09198071775319,-2.24043414382336,3.96763590196294,-1.45311666702555,-0.854967457824413,-0.19754439954123,1.28933999518956,-0.70029669726269,0.892189578231516
14.065,-4.35351196570733,1.32042049043001,4.0481597874699,-0.0775138535521663,2.4876677239948,-5.6276501207155,-2.27175255063069,0.353983758033919,-1.86565459034354,-3.08165472201665,3.83439223728989,-1.82021358642336,-1.77873335041799,-1.1453202800282,-0.459839262028705,1.53704777790737,-2.60933627408686,3.74314577222831,-1.47900307958902,-0.82627438855999,-0.260963846642994,1.0712160301618,-0.489905023210955,0.968249486410204
14.07,-3.90430875532434,1.6604071730088,3.97879619696182,0.787267303773161,0.226442920588207,-4.54310712788432,-2.35350446835103,-0.0864430774978227,-1.3905644760165,-3.36384637862907,3.75914167168181,-1.8245164872498,-1.80202650836034,-1.33579231619729,-0.543371158860847,1.85339529982008,-2.89292386802615,3.30354610878259,-1.46025090892276,-0.71544232915563,-0.360714264814075,0.840382736922223,-0.239884919554544,0.998698421668438
14.075,-2.67460714878443,2.46295648669238,3.41687567786426,0.964699101780646,-1.43099460414973,-3.48307561032324,-2.36603880047757,-0.276508664088653,-0.792582282105654,-2.39794506135022,3.31569166330703,-1.75102646647531,-1.95141870420946,-1.19691583042707,-0.655746909177056,1.88869987697597,-3.06355031348139,2.92966850671538,-1.40587618476819,-0.561100824546861,-0.430408404404893,0.732471999034666,-0.16696173406647,0.907587624153003
14.08,-1.67266716635255,2.54922906542983,2.96665831936652,-0.313172757592885,-2.63554781112939,-2.80126527088576,-2.25374635780567,-0.291152743153319,-0.311579374442487,-1.08222852202273,2.88654830440786,-1.60057689587579,-1.99197764301139,-0.795374820581564,-0.625440656537604,1.67672341457156,-3.19055183556811,2.95096807479744,-1.28850958411917,-0.329068033219269,-0.454036577386267,0.668296719068916,-0.396593877487182,0.648467788746747
14.085,-0.735667260651978,1.80077590386022,2.44190263901194,-0.573982245402265,-3.29418879634819,-2.46936649196663,-2.00842525778301,-0.251972610580652,0.638916078720225,0.710002591756084,2.06958958424992,-1.37397901830295,-1.99071896426996,-0.290433610375933,-0.565317049554127,1.44890747117018,-3.0685768127118,3.26584721336221,-1.21601906709954,-0.208265995894527,-0.408296409421103,0.721368614985584,-0.787285337157235,0.433386130658167
14.09,-0.0413109456986716,1.67391764270996,2.00887309784079,-0.0140781541976122,-3.45613087991113,-1.96994014693198,-1.74543965229388,-0.0470550542368655,0.783681788893252,0.730575703269896,1.75081447072977,-1.12246182380532,-1.98848378504214,0.0930185458793306,-0.602849618802427,1.26644236233579,-2.76425448110904,4.1034859121286,-1.073055709172,0.148211600819756,-0.160174660196959,-0.198224283334816,-1.32934125399137,0.0328983549339041
14.095,0.468223826925314,1.68384257800216,1.71815394812209,0.21568810037181,-3.14400871021704,-1.32155697051139,-1.5694062258371,-0.00869078737505692,0.632597976485453,0.264410779905725,1.60388748926286,-0.82361649471654,-1.98656154477776,0.0903776687768288,-0.728599407169026,1.19679089514648,-2.52065992416568,4.75552912454005,-0.916579117732355,0.0201866609744819,0.245234489724706,-1.19699930590172,-0.513607419967399,-0.248848928543956
14.1,0.521889276833827,1.75676791917897,1.62466438643049,-0.0316852492300029,-2.91949078039819,-0.679570651406244,-1.35703374884846,-0.0849344362407304,0.509271422496635,0.148122715833883,1.30415013675665,-0.690276194094258,-1.98564914849046,-0.15903671637305,-0.858057848580669,1.10699528155397,-2.15265755410128,5.05150743795199,-1.16328760337855,-0.234418320552558,0.0508809675343863,2.14292799998127,0.384836814117352,-0.107893604832483
14.105,0.410962883447826,1.78371678640068,1.47757310802299,-0.384268363693962,-2.76281503166186,-0.21474685517889,-1.08527412245687,-0.12565559573315,0.324508294222694,0.511975536823613,0.758137829545451,-0.615695557521758,-1.98628580747349,-0.291407677954613,-0.853875913991639,1.30373916759269,-1.70389245593011,4.69627184831579,-1.31031165932484,0.0897225565822642,-0.00707630658326748,3.72992897118485,0.242703607414342,-0.143735050855456
14.11,0.208951971880062,1.52048698133913,1.47056754741993,-0.453697313879531,-2.74091448975221,0.31366235030992,-0.878971028126522,-0.132973534687708,0.185175706746787,0.830301265355876,0.243957511299981,-0.399217872185356,-1.90295132079605,-0.289119605166198,-0.796560995806917,1.57492848995879,-1.38550070735511,4.29297107372422,-1.49503786336906,0.337086276190455,-0.159638416707744,3.0975827848347,-0.0543491158030288,-0.0424146082744261
14.115,0.11101637771651,1.3108852750461,1.48798309269403,-0.264587836936858,-2.89557486318042,0.600132904044432,-0.76640763925312,-0.131962795567467,0.148853062049644,0.998272964308439,-0.120282176873455,-0.106772766644244,-1.76650871316904,-0.251195928512189,-0.793513291411851,1.77977245512047,-0.98683633277901,3.86363783643304,-1.64444861142425,0.345456749180581,-0.299079498057624,1.57161299591335,-0.523146639393208,0.0417333466820336
14.12,0.169964793518715,1.2357574522637,1.38973024316861,0.165533460958088,-3.21876064738654,1.32191283540765,-0.67752115862524,-0.0540468579975958,0.199105868827692,1.31198042220654,-0.533472395797021,0.192867995457844,-1.71822644632055,-0.298684011501683,-0.84256117941373,1.53031970024667,-0.792208385839374,3.52967241096236,-1.72582477142772,0.222934672853225,-0.385945084453828,0.698360385185005,-0.876838090296841,0.128546697106673
14.125,0.308439651481825,1.24315672984226,1.24812614174484,0.47536780750946,-3.47153302211542,1.77587544484369,-0.619711796373028,0.0508777001357542,0.23867882559763,1.34383812159033,-0.840611025853806,0.372005632108349,-1.62491204036113,-0.423440900774703,-0.917072244932906,0.717024966758599,-0.940847511635385,3.26338730260466,-1.64886494745357,0.273543646720164,-0.440014821647955,-0.614899125880489,-1.46759711974661,0.21742214144562
14.13,0.36581565181913,1.17367084012273,1.14954912487564,0.533070516197815,-3.59283746916742,2.09066682852437,-0.553577676322817,0.131047330057713,0.251984006442271,1.21143976084613,-1.1380990694209,0.528735730507619,-1.54544701048914,-0.445108029174145,-0.964093936326758,0.241488806451101,-1.12555763326248,3.13515928297845,-1.4095679328979,0.201221315429423,-0.253337986615876,-1.30980316254154,-1.64822005927695,0.344035011339864
14.135,0.383761360710793,1.02426004130654,1.057467572002,0.61836007598099,-3.70306250784807,2.47636383828083,-0.490454364446319,0.194659138433156,0.22654653511857,1.07146741374487,-1.51690806985836,0.748259014637863,-1.42775628134353,-0.354362225389509,-0.925425994956272,0.0350275600769612,-1.13570533216943,3.06526687471162,-1.23495601138279,0.116919537547915,-0.0685198401449021,-0.372716301727444,-1.308184001494,0.472766020212103
14.14,0.338556544760543,0.912254860910788,1.02600438105817,0.699372253011325,-3.76205737322707,2.72970713327483,-0.451645671134384,0.240552807173244,0.206171738703111,0.934944202597515,-1.84764028190058,0.965612639715637,-1.35228643344449,-0.258788527726021,-0.846261504667362,-0.107103581373356,-0.947874929248681,3.09093900007767,-0.99528294605652,0.0133716089795672,0.0835882183723443,0.847560774608188,-0.486422458381029,0.523971503973217
14.145,0.217985881920478,0.827104408700123,1.0248635069748,0.789099215377104,-3.81834401656721,2.95375064467725,-0.423241748998383,0.239559040464595,0.178653233387251,0.625053825750214,-2.16983712976333,1.18740909612135,-1.33285528204001,-0.250678481064857,-0.743058254873536,-0.339159828450524,-0.657440866770929,3.17556396259921,-0.87611424486989,-0.0297396988521989,0.0417645645393432,1.50912087149701,0.295007439835561,0.555736624723213
14.15,0.0501393240151104,0.718313415004345,1.06812632164664,0.933353467185776,-3.93301417276412,3.1850155235808,-0.425463165404146,0.163945180862486,0.133467663463754,0.319724533340673,-2.46543881899798,1.39900477484411,-1.31565803445393,-0.307727176440612,-0.617419218973695,-0.62993027908943,-0.471328619983047,3.24596618561015,-0.762806025805416,-0.0316336333163339,-0.0547816566631195,1.54182029368729,0.653271479700915,0.5770145252504
14.155,-0.0982204437650926,0.636433700512083,1.11541121207135,1.11918252461322,-4.08178477425254,3.38321146881227,-0.449225647995748,0.082747421064159,0.0882032634676871,0.0196625001303373,-2.69279026195562,1.55370232081266,-1.28159397656457,-0.337792455395892,-0.581044888217922,-0.914750849327313,-0.489465179510739,3.25302496313444,-0.708592836920176,-0.0142615529602466,-0.0501544427595376,0.777100092623537,0.774036106949433,0.505941042962531
14.16,-0.236434650091203,0.545688087048029,1.16918911099949,1.31063342312186,-4.34049388381202,3.63498778272523,-0.451886964157512,-0.0551149132392146,-0.0159970611658591,-0.329320660813984,-3.00523394999865,1.76705691571171,-1.21808176409894,-0.341932364040424,-0.561755810593433,-1.32581135081357,-0.66289634035192,3.07855280187546,-0.707151870767585,-0.0502778936350428,-0.0372357714894128,-0.116564624151354,0.750980367687125,0.338378406411274
14.165,-0.314715574099753,0.474508370521079,1.19525498421738,1.46451278558755,-4.63657659916207,3.84923093531657,-0.457363975870263,-0.179873658719056,-0.0317023227732281,-0.445211411396219,-3.24581652183569,1.93363805734603,-1.16744500115339,-0.348443291905671,-0.562860130692261,-1.60332693493261,-0.805798478431783,2.79510645614554,-0.771166670968301,-0.172163794946591,0.0930876526162273,-0.726703371363599,0.642781325975567,0.454329634322067
14.17,-0.315043390428552,0.350980662767364,1.24494037514913,1.55077483676201,-4.97527483243947,4.07377450056519,-0.483488548593189,-0.287883740469329,-0.00483604174678416,-0.439812487401184,-3.50992726892826,2.09315692712377,-1.09495861246796,-0.350131391136939,-0.588546126869572,-1.67708241111092,-0.86951183694597,2.58615021197645,-0.819295324431742,-0.273148313819223,0.167734802275226,-1.50893882946353,0.408402790527002,0.902573077977754
14.175,-0.349768434061687,0.24770661381601,1.20053682026643,1.69128388248119,-5.19435124963755,4.25483964993331,-0.501707377563311,-0.391419337315024,0.0451515444966376,-0.301201824485021,-3.82559069872377,2.26924609305166,-1.0021624605366,-0.355686403621103,-0.58327974574596,-1.56079555506919,-0.870070698226398,2.54557608624922,-0.700174896013169,-0.455783777876056,0.0493933857511977,0.429284140556321,0.252761992685676,0.234421225160233
14.18,-0.350494788385247,0.193620613784611,1.14184784751512,1.76830778596451,-5.41635892473704,4.44081781666478,-0.528327013515927,-0.449202847391719,0.101833710007196,-0.099121131634894,-4.06098336005534,2.39900994908669,-0.931607130164859,-0.380380581049787,-0.5761625782016,-1.39565246405558,-0.848826962121181,2.58206426579484,-0.664325731676581,-0.357827152615781,0.0831601821605713,2.47293649838727,0.201947454411558,-0.0504073984799639
14.185,-0.333655720680864,0.134477665065496,1.11743983993208,1.69466182375102,-5.5226530500381,4.55934980402106,-0.566332318278124,-0.42973537567766,0.17399650301416,0.0237499801392446,-4.27742256351661,2.51866544629959,-0.781236806185395,-0.410122258559082,-0.588903561923779,-1.0917456186359,-0.754670669109215,2.55681122772751,-0.555993730645129,-0.0673523389048457,0.211578395194237,2.20833941084162,-0.155721845247683,-0.0783399814434931
14.19,-0.344301842319904,0.0412472298283139,1.12034126423038,1.51669128107862,-5.58656218060058,4.6329775410348,-0.642787400177453,-0.403501785371745,0.188507605234106,-0.0199649315928443,-4.51353911886573,2.64148541334168,-0.691803211811128,-0.435117148960766,-0.579356433203428,-1.06041436535504,-0.777373657332727,2.49572972699507,-0.505499087948242,0.00617592010645284,0.222182576064163,0.9126613187867,-0.348348221041904,0.10760237418379
14.195,-0.399473022692643,-0.033650395718971,1.14927991281093,1.29667384146732,-5.63282004908008,4.66873885755978,-0.689784731386955,-0.376555699528063,0.149685672485245,-0.1570674929038,-4.74078596607072,2.70940728795589,-0.56520608090579,-0.450407177590322,-0.544834049495279,-0.756512401470746,-0.54515140352339,2.46608455804678,-0.451365600213545,-0.0789027002293859,0.17882088835065,0.18503941515609,-0.36229819742939,0.140483024028372
14.2,-0.479958100798342,-0.11590183194981,1.19892810053084,1.11818300731757,-5.68403756885481,4.66244320530181,-0.729900351461461,-0.359509656020744,0.129615418224651,-0.369629975091851,-4.98995662409058,2.75555282973309,-0.492552289325453,-0.46254923792757,-0.52190159843239,-0.548155663725929,-0.436653528699964,2.43612646181498,-0.391066111842527,-0.1425647571057,0.120318746308699,0.779715381521754,-0.182705579958519,0.113241140694953
14.205,-0.651362310801142,-0.166029723473228,1.2827620011384,0.880875149574066,-5.76771657229937,4.61068033080253,-0.754539171738671,-0.34516092197416,0.116520685287954,-0.570554198807528,-5.13190785179073,2.76805915688013,-0.329749711496233,-0.508899612292929,-0.571395818111072,-0.564242993823807,-0.468858317386441,2.23183157311436,-0.347344160972252,-0.0916383318359279,0.116750251380079,1.55089089643115,-0.0776744879007285,0.124355728970125
14.21,-0.763228207347354,-0.22911121401522,1.34271514016514,0.68841272971665,-5.86433212418034,4.54063848666062,-0.771003464871438,-0.388487929721407,0.0356323599015014,-1.00619197445801,-5.35241701490983,2.76721796306747,-0.201002023099252,-0.556660179138973,-0.592669549821671,-0.769474360288916,-0.517156309364208,2.07671286146013,-0.342770767388104,-0.00143460938305176,0.139960054240539,1.87289845009552,-0.0987314539366832,0.17830007078293
14.215,-0.874874605133718,-0.30770454404303,1.3959716219826,0.513231138055249,-6.03161881547827,4.44062461880027,-0.794696621486835,-0.432597619052513,-0.0172779805884896,-1.31679203821841,-5.48925581876452,2.74407536117285,-0.0887111781636101,-0.61783903983021,-0.55110775447057,-0.9767718430943,-0.543867590341171,1.95606234429787,-0.326117408097041,0.0437013743365143,0.145776884710168,1.62275896169642,-0.208247014946604,0.206221566805159
14.22,-0.94885016407228,-0.334583485366014,1.42293759214287,0.415936961552105,-6.17312499806185,4.33264004443777,-0.817253839358882,-0.475263493653563,-0.0302309416379734,-1.49418419064579,-5.68035456376585,2.67409256107654,-0.0248441932123551,-0.639123080422075,-0.495508166514182,-1.07714152039832,-0.516552245493268,1.82761108493748,-0.313293773543709,0.0251819748269642,0.111950969839694,1.33856532622782,-0.201660964750042,0.21229061442012
14.225,-0.996811527243263,-0.321703840880594,1.43049055521079,0.318563199952699,-6.32641344308154,4.183330175998,-0.849248525623273,-0.494123310819855,-0.0611063159510291,-1.61151963893732,-5.82765410996822,2.59963953349756,0.051408464665024,-0.634239364378835,-0.426266333128517,-1.04889877923053,-0.451521829538211,1.71412191609193,-0.330963531083755,0.0174720293749813,0.0635823593340182,1.27790519894231,-0.0957260072182601,0.247136689857556
14.23,-1.06167935160468,-0.283409164760294,1.41590835023621,0.206350507422334,-6.4844902520284,3.99751507980151,-0.876797816274411,-0.521719416361631,-0.102407376735503,-1.71668523479627,-6.01764654610895,2.51972797427707,0.102780377680797,-0.613389775162627,-0.340220713839275,-1.1048360886785,-0.415014656208432,1.56157681992151,-0.381019030940328,0.0276749024502359,0.0244976931979655,1.32527809936012,-0.0435911374837884,0.299802380132098
14.235,-1.09935471007012,-0.255443749236644,1.38893420713532,0.0902515082971588,-6.59921989529472,3.83719458516562,-0.899992160547901,-0.562257606558148,-0.123022011262114,-1.83946951933772,-6.19123892090013,2.44281118278864,0.157586877232669,-0.574590697228523,-0.298768078456557,-1.25010154198092,-0.419413758913675,1.42917714327095,-0.430438276130148,0.0494907682330062,0.00622363599532456,1.35056039366271,-0.105339275831519,0.341180271045471
14.24,-1.13164126659259,-0.289187609887086,1.35106140060245,-0.119416025267194,-6.70609173789691,3.67666717259179,-0.927995297593364,-0.619111380723627,-0.120010240473691,-1.94650160261656,-6.30891957095124,2.38493966862782,0.166331444611091,-0.501995070041076,-0.217583480947306,-1.37619730969685,-0.478279695801455,1.27805447402907,-0.462373463380072,0.0733000191382215,0.024131590455987,1.28689003591208,-0.294107552479464,0.340793047629698
14.245,-1.15124627334708,-0.418910939881575,1.34125297653682,-0.308176812875185,-6.74431429768001,3.56862606730157,-0.971422366213239,-0.763444750647336,-0.159788261700326,-2.20650692702218,-6.49431186752479,2.33501257068346,0.0991663662597092,-0.445093287031307,-0.157200868546168,-1.37917197458615,-0.556814361472598,1.1374774482247,-0.472630118965577,0.0840433153774136,0.0458225403762681,1.20229260909464,-0.418425408490859,0.314349256729011
14.25,-1.19628251251037,-0.615773235174852,1.38797707075682,-0.377144219989472,-6.71067842097993,3.50526446677269,-1.03248951490997,-0.894525645957611,-0.239631520803633,-2.27169890623915,-6.63080151663371,2.27587482735134,0.0592748128339167,-0.398209639632116,-0.146774457127516,-1.22070194551989,-0.597845007974667,1.04635953819113,-0.473220655108045,0.0976999534325033,0.0442489744127633,1.10145820110181,-0.462961813918328,0.28534945233225
14.255,-1.27102253972691,-0.578448609464174,1.45435010169019,-0.058944390133335,-6.69224225817724,3.43843331396931,-1.07938263280916,-1.0026067532516,-0.287021331401984,-2.1331572390183,-6.77823656297297,2.12938468569423,0.0503726167515936,-0.374511818803056,-0.178371441351333,-0.99193300137497,-0.571493946024172,1.01396658333249,-0.483010863099964,0.092318355740087,0.0351560217770243,0.95965618855341,-0.457690739132392,0.263996696070911
14.26,-1.40137835017894,-0.365741062210472,1.51573621337873,0.197234315307173,-6.72760954437768,3.29152095927389,-1.17038557728706,-0.969913227623967,-0.367925823515068,-1.40365173483879,-6.87146439628794,2.00165224418258,0.0425539861584666,-0.393432825270439,-0.243666145887841,-0.764144417702081,-0.452127208224125,0.955150486323244,-0.475250569574223,0.0856397200148213,-0.00143628672659447,0.739594162629443,-0.401382075282725,0.237251174896122
14.265,-1.51845706501096,-0.314441572119776,1.55735900570535,0.0747560908108312,-6.77629243703887,3.12846817665875,-1.25511347897896,-0.866917530997722,-0.421780311129363,-0.910973770850427,-6.94777469777333,1.91806640594597,0.0597088042060546,-0.435858692280375,-0.316110753991178,-0.66776638347948,-0.345034255380052,0.863587562547154,-0.461846327401134,0.0699935594057465,-0.00906089738199597,0.593206674971537,-0.342841035314402,0.21819810026403
14.27,-1.60281825436097,-0.30869656326348,1.61251900985487,-0.0804082654033357,-6.84728374272419,2.93108431031808,-1.33759352221898,-0.77434990771876,-0.477009255482636,-0.461259250818782,-7.00349916643229,1.86539623291405,0.0836822528999658,-0.489329393111171,-0.372701426106544,-0.475697455205093,-0.211373710479961,0.683238114877752,-0.43952901847764,0.0592890821925523,-0.00954208057540492,0.514559226966255,-0.261324973888804,0.209489589251931
14.275,-1.64920279485083,-0.321034429922956,1.65884926425434,-0.173517074979142,-6.92169061782663,2.7229718696853,-1.4229271546518,-0.705216515189596,-0.518981239037141,-0.0603794512654865,-7.06435376475643,1.80869532067118,0.0798905292813142,-0.519233784988473,-0.411238700345087,-0.222302038068914,-0.139310074572526,0.556393633649138,-0.419687424584933,0.0473359597992432,0.0213424419936464,0.512098896238701,-0.202439586922378,0.196289364303488
14.28,-1.67957941960223,-0.303842692890588,1.67996744686538,-0.158332666254789,-6.97645705123649,2.52389631080016,-1.47375010846948,-0.635733138908,-0.530500078205565,0.158344908739064,-7.11958180484567,1.74484142802861,0.0568440122816799,-0.525927893826115,-0.393550218558563,0.158615670878937,-0.0863633871833554,0.507799955680747,-0.399544412749076,0.0442450990597948,0.0693791513240134,0.532730116930154,-0.156383362799897,0.178331589747633
14.285,-1.72345154689394,-0.205479113034136,1.70900652697249,-0.0941014105703185,-7.02418545721565,2.26485363857454,-1.52930190181024,-0.52255312458707,-0.550534658103829,0.268125959204302,-7.16385766868051,1.64313789241782,0.0441736839625574,-0.511595027051823,-0.326770605028258,0.415382095150151,-0.0832144488879223,0.516573913890286,-0.394380247302006,0.0464339576331999,0.0969651667010918,0.51950077580006,-0.121434780686235,0.162879562323155
14.29,-1.76108367299051,-0.105653252058574,1.72813761720079,-0.0347844410506547,-7.03403650373398,2.0565368945639,-1.59649753262048,-0.435787732637671,-0.587787113689226,0.34279310891297,-7.20807356238538,1.56777425814998,0.0104287157131644,-0.517932363426956,-0.23176707310771,0.656805324315904,-0.0852511819078446,0.5321463081939,-0.385556658828612,0.0432326110425496,0.124103338024191,0.474561695662375,-0.0914192073324815,0.1548559957678
14.295,-1.83687657039281,0.140241082942642,1.72401977428831,0.00857986695635458,-7.01173448645931,1.76986192754946,-1.68270810502066,-0.318101024800914,-0.565261106687233,0.29335110134253,-7.29241828723395,1.50279165786971,-0.0463084682038417,-0.555705443409183,-0.124019712380065,0.676106876608397,-0.0538174409163139,0.524009414789183,-0.377108399938694,0.0449397426993432,0.125071677269002,0.438742838866704,-0.0738984467712018,0.157012904111182
14.3,-1.94157908566904,0.282233532830371,1.71915840823476,-0.179363511358014,-7.01650333404541,1.45887698307288,-1.80152396762951,-0.266613427316952,-0.656071339213518,0.23762965289431,-7.38369303963354,1.45381123181204,-0.0954395651297181,-0.624294646936451,-0.0324678280639872,0.61374548856567,-0.00938500734194025,0.464790997647089,-0.387582485271388,0.0600175823784976,0.129026174584594,0.427934336655928,-0.0680311009987825,0.15738607943058
14.305,-2.02201272715624,0.370822331570872,1.62610824567738,-0.169132139459251,-7.00267715021968,1.19985584621468,-1.91065885687456,-0.218497481310582,-0.691445457298005,0.502881692062754,-7.37844293744219,1.41247594708127,-0.158832093705683,-0.758663656516782,0.0493550387413276,0.707527220505275,-0.00437685737336563,0.416431977565018,-0.409782520225146,0.0755468959987887,0.139657636928298,0.434701075998829,-0.0694732191562984,0.145490637428592
14.31,-2.09659429288656,0.478276949191108,1.52609777305207,-0.23498204403667,-6.93440243859929,0.928593159710546,-2.06376763211671,-0.121203542184424,-0.681000402357933,0.505456660465451,-7.33687225949514,1.42916361747723,-0.237409036716673,-0.935259811394652,0.110389122200113,1.08784143967981,-0.0230969853790206,0.344332905659691,-0.442600926251727,0.0883835321421786,0.164470097696034,0.410026670882682,-0.0649001746623302,0.128464538546145
14.315,-2.12079243025617,0.518677721962159,1.40762716122771,-0.322738220927229,-6.73965990534487,0.665434288721281,-2.18884929857536,-0.10495741183578,-0.711622989583232,0.265727256965753,-7.28740458691783,1.49378078180726,-0.292336959529675,-1.01760175975572,0.137258459906627,1.41154700605256,-0.0812155109497547,0.329442578205587,-0.493917666762969,0.0813722230261399,0.202722498930528,0.354900009721087,-0.0490628791624324,0.116460912352602
14.32,-2.14397965054878,0.617268353827762,1.27587528198124,-0.242014707377596,-6.47774957873252,0.481812189077814,-2.21608110618348,-0.0911801844458076,-0.69915418261672,0.0653059570210272,-7.22496346890371,1.53039204561024,-0.320070192224641,-1.00887269835314,0.157757800034767,1.53264597144601,-0.174762056238287,0.328188806772232,-0.54727792659471,0.0692514481325047,0.222436321713865,0.294893813088024,-0.0352526864968353,0.101571731533681
14.325,-2.24605585813534,0.749087854431481,1.10527959195354,-0.274666779429453,-6.14088510988909,0.29033197229302,-2.32845509149855,-0.0403401456402326,-0.866205143121944,-0.205443068183384,-7.16359022293697,1.58359557284175,-0.378275674451248,-0.902596238558896,0.155538873942435,1.31942779392008,-0.265943495751701,0.328253004117365,-0.608232531182708,0.0545310415061191,0.223482039414177,0.243416910094583,-0.0142993726092896,0.0859542619958685
14.33,-2.36285174362532,0.761344239394274,0.920025833621682,-0.459345949841218,-5.7328844801737,0.105198417911343,-2.26849898328023,-0.0475826357793846,-0.924144875174223,-0.346843833830881,-7.05127485583405,1.57419723347681,-0.455915694247929,-0.706106407814377,0.174971469975382,0.776376935959697,-0.358513647143975,0.361597474210775,-0.666700774664264,0.0386528715790297,0.231568976175334,0.219160117843512,-0.00998691384230599,0.0451408849920629
14.335,-2.42863579152414,0.676562514309895,0.764349570114318,-0.593444926833573,-5.32479438667954,0.00284595449109092,-2.20365065739656,-0.0944103538236939,-0.960181923551066,-0.293497324088,-6.81220765756096,1.55053610467867,-0.542306281750264,-0.485307395865419,0.199627691281512,0.1503701707779,-0.432120861295251,0.431478000630823,-0.737667505708264,0.0197536302560204,0.244907514787884,0.214970657525021,-0.0234640323152784,0.0048186899981178
14.34,-2.5148470361961,0.545296671718541,0.617378664578045,-0.584010706947108,-4.75757579758554,-0.0279324418319093,-2.071574069201,-0.151021867011273,-1.01558223280074,-0.240112632695572,-6.64037964570974,1.51520660967588,-0.646589720483902,-0.109856769160888,0.177260697484853,-0.611589213692684,-0.466129859601116,0.649893085371866,-0.805042005476449,0.00508084963812164,0.280196195240977,0.214121038550343,-0.0467407845583835,-0.0228753442541194
14.345,-2.58335788095314,0.458097682491852,0.50972599224336,-0.471605874951607,-4.22566336445177,0.0250743760715404,-1.92397855057829,-0.202596525247048,-1.14898105318621,-0.252889608174945,-6.38742701047581,1.44763171787502,-0.732183654980466,0.196676854044329,0.159838512262308,-0.979912370939415,-0.427847750245708,0.87227302372728,-0.87015350647293,-0.0166578852603079,0.300609278414579,0.18073172240624,-0.0905904375528838,-0.0439197028374405
14.35,-2.67200968319468,0.344138705560813,0.386767951062181,-0.377591156364801,-3.83922301013442,0.131469986826408,-1.83059004524881,-0.230187372714079,-1.22333611398917,-0.242766323137818,-6.19275365478158,1.397373456905,-0.807522344256077,0.675744593419639,0.0971171910177971,-1.26321766846043,-0.283830013728476,1.22621731606915,-0.910228601238298,-0.041192828791401,0.308934785646001,0.165958993457911,-0.151477792495501,-0.0622645470675603
14.355,-2.75891525546291,0.269624804249583,0.280904397102023,-0.0422623945723755,-3.36809084830169,0.358544356876998,-1.84360636719495,-0.304021453186741,-1.42662949319579,-0.264163303928676,-5.94277818216242,1.40766982062407,-0.835156180731619,1.14058417903022,-0.0204101806193273,-0.972276631731115,-0.0704396802053654,1.47644936121604,-0.964223103311758,-0.066499788192704,0.30131573566609,0.210330809261846,-0.23528443833775,-0.0696807493196224
14.36,-2.87233136850692,0.161246409640927,0.212350152295969,0.176695462702966,-3.12210934831181,0.569002748811226,-1.70578348631309,-0.412453977427958,-1.66464515237777,-0.441798907888393,-5.71297495916648,1.42851959747338,-0.86695273754797,1.45081961668723,-0.0756247757860451,-0.279139186362308,0.0819539670594081,1.53485891519528,-0.993083462896974,-0.0795168047720126,0.29069220300668,0.278485950757359,-0.294305418305654,-0.0583474144579374
14.365,-3.24440961051532,-0.123340049154955,0.132044000257733,0.54534732566166,-2.8718630836577,1.04128742732858,-1.4886515349975,-0.57939573449399,-1.88817892983878,-0.151779163663114,-5.44730972124787,1.37551263040524,-1.05761378200877,1.65878667205328,-0.0329358203445195,0.867938347584273,0.107628669013686,1.45138809482887,-1.02552239092065,-0.0796816964367032,0.294355774045465,0.41536338094289,-0.352296840602194,-0.0344550073704825
14.37,-3.61257615566859,-0.237654251191682,0.0394275925526401,1.18511438057417,-2.80762378926781,1.50495000813583,-1.20450179950847,-0.717135401548109,-2.13836747197931,0.232131564921233,-5.05140482681351,1.32487053219821,-1.42086858800591,1.90340991908354,0.131420982856133,2.18954767114657,-0.0617744992519972,1.37024889675871,-1.04812595632305,-0.0832480966791172,0.300747134413621,0.476367172774693,-0.349447122036446,-0.003594755992551
14.375,-4.06238467623696,-0.362912172240353,-0.215063375014864,1.80444957568769,-2.94080059482641,2.02535522567224,-0.918767998272037,-0.773114212460266,-2.40885689572179,0.384231571205037,-4.63256971356293,1.27233483755637,-1.8743920893713,2.04777788821167,0.301691322249237,2.99874816510878,-0.32156841512335,1.46264741322161,-1.08858937026475,-0.0936660734365161,0.313318132776609,0.462857314121263,-0.300107055992366,0.0170224714887299
14.38,-4.33940932941714,-0.524388539967822,-0.756848134571745,2.25778359804018,-3.22409236401274,2.50876541850733,-0.736760396278683,-0.705101409314171,-2.55691745931755,0.891039417668449,-3.96505881111271,1.13247910021462,-1.99701505387505,2.0542500136618,0.510627163124786,3.60154841574229,-0.774271733464546,1.96635009959006,-1.12588927854548,-0.105181633758513,0.330822855975823,0.374627515467566,-0.22692082409994,0.0480564012522202
14.385,-4.31703142451989,-0.733929266047753,-1.21427960854501,2.35692904900963,-3.29000269714336,2.76977560342103,-0.610617292829643,-0.599785307940511,-2.41565645771866,1.22644403091696,-3.35419082704971,1.03023707453199,-2.00080431977965,2.05825663125806,0.750945842176831,4.12252993869474,-1.22274882945575,2.59943214006583,-1.15919761971748,-0.114090225352748,0.363203962444302,0.237694885100992,-0.154174955873274,0.072868484335063
14.39,-4.10344317747145,-1.17293679385568,-1.9442246449736,2.33792038711783,-3.07947528171225,2.93168556270422,-0.465361973737126,-0.537672418931248,-2.23187852618879,1.41966057715523,-2.60236741265915,0.886507865549558,-1.99946271962343,2.05679611966064,0.663284441669852,4.42206557202605,-1.50259812350267,2.93761199166503,-1.2091292491994,-0.129106823788519,0.412358215776297,0.0773456431442468,-0.0778548918281734,0.0998443613763816
14.395,-3.79112086054403,-1.48348725502117,-2.4814242933638,2.33616734673145,-2.56231452136674,2.96964744092136,-0.326987488646612,-0.469411099486525,-2.15768190937406,1.35951208717606,-1.92878502776398,0.665920523111484,-1.61854665165998,1.55822341233786,0.0351100985328222,3.59735010437994,-1.24717979090772,2.27528468739906,-1.26244824240164,-0.14899851472373,0.465715509540461,-0.0748461680228343,-0.0110691794395259,0.123232644806836
14.4,-3.54731834760545,-1.5166038893695,-2.75632940186913,2.32135340173145,-1.8521623423064,2.81708006293124,-0.473520208469932,-0.271982124915722,-2.04901889908231,1.12312351739926,-1.10662186929834,0.365840011252846,-1.26938592525473,0.969719519993012,-0.464742888198866,2.0191012009364,-0.712533321305001,1.17487969627213,-1.32475072993443,-0.16384550677636,0.511151199848554,-0.154074962833396,0.0220886858864082,0.14730803749892
14.405,-3.24968370618863,-1.25043503679063,-2.85011130131955,1.71598812251273,-0.789164384255957,2.29545782803069,-0.521255250142062,-0.0683772354764891,-1.95728182474395,0.723720203799987,-0.443235278988734,0.107352015401279,-1.07499679491367,1.02620332764894,-0.533635711752497,0.748322934675659,-0.312122456731645,0.384464395053965,-1.36899425862239,-0.162891090227546,0.51441784790648,-0.136446316928887,0.00896358471895098,0.15968228430654
14.41,-3.07154270286984,-1.21149738343053,-2.71163155099378,0.759934152032372,0.115513481737045,1.72599970355792,-0.5842089308467,0.0504671464440894,-1.98733927744565,0.112270410879754,0.268668677519594,-0.182435058524037,-0.932469754486328,1.18512101623598,-0.43939826990689,0.379228050943605,0.0481912846435777,-0.276141890128109,-1.40898405995781,-0.129159135827467,0.502715660234286,-0.0743511195271783,-0.00926354675335996,0.163718156545279
14.415,-2.98933997385906,-1.20266863006557,-2.32700427101285,-0.251792183677927,1.05051821241864,0.938589395272332,-0.603607792609515,0.114808605317463,-1.97176993354286,-0.447348372824822,0.960270924047302,-0.481869480417051,-1.05372422122869,1.2261737451327,-0.379854760716137,0.350160589789426,0.357984429529129,-0.113455768100978,-1.45576924053579,-0.0876447759347297,0.489629740615538,0.0106181226571628,-0.0210075048792292,0.162912755798574
14.42,-3.01680473331267,-1.11251692463368,-1.9623466257821,-0.859308191730984,1.61377348760089,0.289552748325722,-0.631746189418238,0.0910809605407355,-2.0096283758107,-0.93930854144069,1.47859085556189,-0.640110079911436,-0.952005177510227,1.07656713386964,-0.284078871279723,0.370621524263579,0.281701201153176,0.725677482975697,-1.48431105993545,-0.0425287092446982,0.464052008231822,0.0778848830378341,-0.047621100404874,0.168257401728135
14.425,-3.04060699339473,-0.999802166460339,-1.62320450988595,-1.1738922867892,1.98528526837243,-0.279872689845692,-0.530466912845886,-0.00633172345651685,-2.0152331460473,-1.41328889438088,2.0621703070993,-0.8371770220781,-0.906340614557259,0.904518145322791,-0.209467663764945,0.493280576591131,0.160121190910888,0.880115853286156,-1.47425842810155,0.0118424171059987,0.472676172049079,0.0511032460048644,-0.0554741137920291,0.190142386164282
14.43,-3.00499488443732,-0.850607067908517,-1.25773716776689,-1.25402233720208,2.22811035480237,-0.732995188145934,-0.510142727375866,-0.0854756433918694,-2.02866806290088,-1.68093843420922,2.45445904780424,-0.979901794940299,-0.870511461941169,0.871610590929318,-0.191969776265575,0.588806822294484,-0.0485347815859046,0.775551215603424,-1.48710769039338,0.0228948110627235,0.503188904887585,0.0884825159832168,-0.0111326441676697,0.0617659694369161
14.435,-2.88704400409081,-0.653948618852923,-0.993401374598443,-1.15724743769865,2.30224470273528,-0.976955754050164,-0.619987313645534,-0.169249011766762,-1.99248726675838,-1.89544291304484,2.8256045853827,-1.02387826455543,-0.905846648143794,0.877583249472802,-0.231407455072484,0.749695353619126,-0.266601333313652,0.719828268689308,-1.47784172451254,0.0648026270365862,0.567440758398572,0.0783481069494758,-0.0676065012593503,-0.0263884605670465
14.44,-2.33647723492808,-0.185176087256821,-0.855535180418682,-0.946737673445376,2.3528133925164,-1.22924562354415,-0.691527015520679,-0.180988790800945,-1.88310998831584,-1.77080059756016,3.07000807664604,-1.03801010818863,-0.959186169971972,0.855757084522315,-0.236085419316199,0.894712999322282,-0.427122482211866,0.837800315096353,-1.47358752226239,0.0983800300891022,0.591656425017843,-0.135261550061596,-0.144056098858323,0.0396834808528275
14.445,-2.03910698361932,-1.1371309631295,-2.31201063663475,-0.875417876756859,2.53637221378487,-1.68313129134948,-1.25068035763543,0.332761715634445,-0.363113925429902,-0.430929855786444,3.24162679629416,-1.10636552479505,-0.841969306332597,0.779161887475478,-0.211480469093992,0.722543033897519,-0.599259024756631,0.979916350270915,-1.44032855334727,0.117527554038115,0.612206048018647,-0.27448315260083,-0.160896190538401,0.110165003654011
14.45,3.05894757922474,-3.3405060701791,-3.05059323426257,0.940213677933283,4.62726731712804,-3.66321266412333,-2.49851781909077,2.11606596804526,4.33816839812263,4.97498327289332,3.03992695094955,-1.21537961704967,-0.603748778049637,0.698492136714128,-0.24471413881691,0.284893225355635,-0.701841172467424,0.735368393666115,-1.39907307477925,0.136637871239102,0.650546371131005,-0.323051657326414,-0.166939298708288,0.142701192835771
14.455,7.15286225332184,1.02094744434606,-0.649365963310566,6.4579510239209,10.0505072451459,-8.5954944527665,-4.26452293012295,2.02598808786928,3.21231778125447,5.56963782753675,3.03257395894775,0.173797554311051,-0.464773255096647,0.677608157951258,-0.445903187179089,-0.858811708971327,-0.714229063121462,-0.339890723392494,-1.3550982830676,0.16959263906848,0.617282071238038,-0.298782620916278,-0.197124195714226,0.214186424700866
14.46,-2.49327160123919,6.74852177603902,2.26034842112781,5.92967611513755,12.4121301639814,-8.90240660500331,-3.64802977221829,-1.39043074695875,-3.53783536530932,-7.25477786158795,3.50150676596666,1.69732985613545,-0.666419801049655,0.685220756662586,-0.945237050185071,-2.36631411821048,-0.562710998462098,-2.14701524297973,-1.37368448346339,0.233782346422953,0.483671317954222,-0.212046983955812,-0.245153737641469,0.300032502798934
14.465,-7.95582292581627,-0.189345786196168,5.22886485788547,-8.05613021844712,7.63145429796698,-4.00008358963015,-1.75424685730599,-2.21176720533082,-2.6399987403485,-3.55304537118442,4.07275249142578,-0.516706267460646,-1.42885275024131,0.648310965219178,-1.47789863446735,-4.8058540290174,-0.433481189654373,-3.70726951359518,-1.50710614026108,0.257598831680935,0.370219665919484,-0.243200880562888,-0.251365337986068,0.285858740061599
14.47,-5.60477246207565,-1.0554047472216,2.84086534432751,-2.1260859930455,4.5523120279408,-3.30276633733674,-1.67015241616453,-1.2368106948043,-2.25883492061513,-1.60688466976149,3.9778675057932,-1.8426048447592,-1.97493972646188,0.903786350145042,-1.2556513696697,-7.90243635506254,-0.118829678916142,-3.80433402907858,-1.67172378643029,0.251749078884346,0.283954706597465,-0.426692153531796,-0.196426186020947,0.223415476002573
14.475,-1.56038340698962,0.367187493056215,0.0675468083284032,2.17582101227749,4.35946455461333,-2.55266249318356,-1.83235996558691,-1.26767650589291,-1.49272082175948,-1.0205771126198,4.11119418241331,-1.58457851092811,-1.9898051508299,1.81116819563994,-0.0338159717799764,-8.473346938046,-0.255340916760829,-2.88095180671438,-1.73496672270404,0.238880901345582,0.190987592274453,-0.625770391880411,-0.0974109285761862,0.12162206026124
14.48,-1.79853332943673,0.15434235882938,-0.147259975888467,2.31351963821056,4.48910655150479,-1.73346183045947,-1.36092552716784,-0.95578979795265,-1.66828035745443,3.54830178732274,5.55746779375097,-1.44898583621682,-2.00510606250536,2.06293923391338,1.0320062620095,-5.45570958554445,-1.08146085119265,-1.66513787296223,-1.71484007663553,0.187357423428221,0.0818421089675186,-0.71088678258643,-0.0764287150686992,0.0659469303661176
14.485,-4.51565816628607,4.01572413694437,3.2282666722022,-1.92798918820631,2.40171919334327,-2.03108996792102,-1.66207077192375,1.05461236653408,-1.32536195057211,5.48096101383143,5.69135255461795,-1.92930937102154,-2.00636501623186,1.11608686686909,0.847648413242705,0.29802046346781,-1.81107977616943,1.24834868284204,-1.68717871768906,0.119703424168384,-0.064162946599174,-0.941029924660685,-0.176643811656827,0.126141776635749
14.49,-4.08639742299373,3.14719604528532,2.63286874966636,-4.41209129417446,0.22259040719311,-2.27636508701716,-1.84138987662751,1.97995394996751,-1.32102453844898,1.99014593766633,5.0125467540349,-1.28550619652561,-2.00596339679815,-0.821350065406753,0.276760742659185,7.00136804760899,-1.92398655578807,3.96105141397335,-1.63914892227604,0.0576096160546775,-0.167412827361018,-1.44016889468525,-0.343473996801022,0.257136445285829
14.495,-1.39997334001423,-0.366337883715154,1.08619044179738,-3.50956503265807,-0.690608616184648,-2.58746296805662,-1.53661873030988,1.40900351069326,-1.14645099807662,-0.752619685790937,4.56395785588189,-0.604829667568392,-2.00309444425281,-1.67058706118778,-0.148601360568804,10.0899696302592,-1.47990262220577,3.66049046428956,-1.58893492947037,0.0613152653359031,-0.210135599101629,-1.94336848201146,-0.522470314860584,0.431302158599226
14.5,0.139770189583286,-1.23347479318814,0.402116336057098,-2.71973035700613,-0.267151279468966,-2.55430856370029,-1.14188444149299,0.502661954425741,-0.709136737130934,-2.57022310679264,4.40910111764522,-0.371458875810623,-0.896970453662285,-1.9496217200109,-0.562730402615535,7.86144627079176,-0.303766802717296,1.69543117907019,-1.54992230258809,0.0870765008987444,-0.218797457885254,-2.40527022662288,-0.733608684946429,0.728676318950092
14.505,-0.449645882156147,-0.0121790096197079,1.12861007629733,-1.7940115759059,-0.298316956453122,-1.74353633534949,-0.683681340849326,-0.711955999180379,-0.979171310571996,-4.35592946393863,4.22227565436054,-0.331832385693097,-0.0308854586587778,-1.98023779159972,-0.326811279002354,2.97397805385533,1.1018086229698,0.621155250559049,-1.53851948864452,0.104714912952693,-0.21483656861805,-2.53051325952442,-0.794103117018739,0.986578882201829
14.51,-1.1971883432529,0.157782608810911,1.09280629050383,-0.86046762723125,-0.319447246249372,-1.31581309113472,-0.305102982845853,-1.21603492040747,-1.25100809036339,-2.48249312132557,4.03782450308692,-0.560012587988161,0.489687453089601,-1.97962544225711,0.511863410437253,-0.286793474181157,1.77440180732665,0.139372818420728,-1.50709788550293,0.15004333512702,-0.241275221083582,-2.08186394336172,-0.586791857181312,0.978297391722536
14.515,-1.59781014247301,-0.145553058120788,0.910546756185176,-1.04808012900863,-0.255270530802787,-1.07312321427746,-0.247394364488475,-0.802646630197175,-1.13010914204007,-0.123583479319114,3.98302998024034,-0.756601109452934,0.710926663887374,-1.97722784403289,0.999610655386201,-0.583340666143308,1.23357805027088,-0.260061679268908,-1.4071860905464,0.176806759829616,-0.279914499742661,-1.23792731696297,-0.19942726230207,0.595019423495362
14.52,-1.52870646795158,0.104075552820579,0.800332260171126,-0.179060209994896,-0.24333261756462,-0.593059297304856,-0.467875451052628,-0.697234184978697,-1.08104137821103,-0.000111698375961666,3.83797106126268,-0.789665390017301,0.860519290522619,-1.98478133458187,0.765733923353962,-0.214758432766891,0.500126199754292,-0.255347326745291,-1.27608979757748,0.223309438721589,-0.289331145936208,-0.288869946226003,0.233096239735869,-0.115640605199459
14.525,-0.802506000499274,0.314279657403067,0.826831958751344,-0.00276819581622713,-0.164607768690468,-0.259174811452985,-0.923125827060194,-0.561083217523505,-0.979044415979138,0.378873130821233,3.62877207456246,-0.768899090666628,1.02433593351036,-1.83474067001029,0.0583768163168386,-0.282554407480779,0.331012821663639,0.0751158175201799,-1.24568335316596,0.284227404195812,-0.303334872204087,-0.0446208645883929,0.407247447339668,-0.514553713051775
14.53,-0.493177145801675,-0.0222708735933171,0.969607423354654,-0.343775726575078,-0.157223669826664,-0.216912815501756,-1.1910705421981,-0.346753958870219,-0.816755410015123,0.757764244132853,3.40732071289733,-0.696485589182491,1.09520510553836,-0.125714259520979,0.0162862120249127,-0.678553726776288,0.429275363210155,-0.79654998835256,-1.24336697367942,0.351834246311184,-0.30252476228505,-0.156123237255472,0.454466714720687,-0.613251122164208
14.535,-0.747621733525902,-0.102772165756145,0.984497425134959,-0.0846813842024045,-0.131687696074661,-0.159418814690917,-1.28481514009416,-0.385187071927352,-0.699787477159446,0.303005218077818,3.11919093156763,-0.526278084096141,1.1079968851236,1.76404053256374,0.226096084495471,-0.821449845213557,0.342529150164959,-2.47565792997265,-1.23588893814816,0.400710016139409,-0.309570638635984,-0.31801919536563,0.457967825253653,-0.511522323813249
14.54,-0.747512772455856,0.0978583273828451,0.892710817179123,0.211727723656897,-0.0462685264286071,-0.0641103626019915,-1.17686541140983,-0.477955707092238,-0.649273936349457,0.14687075176076,2.98171624674615,-0.467200730981764,0.322505342051879,1.98944537464685,0.0984742187650763,-1.15901238191176,-0.0804644424782743,-3.15987646289212,-1.21468008058599,0.415490311994028,-0.315267750284492,-0.335748807510478,0.408745417200434,-0.360848779329414
14.545,-0.45133517916902,0.206111245569247,0.818737696177276,0.29603706319221,0.0259494685851302,0.0026567312201545,-1.14444144281942,-0.339795192480897,-0.615418789595484,0.169490547127414,2.93661197003635,-0.428038582852097,-0.911595107053639,0.439940605873476,0.144397057156813,-1.70447898051434,-0.467392848789636,-0.792466848609822,-1.19932331491002,0.383936230895706,-0.322249404624127,-0.298767810933786,0.248421227953485,-0.234011307858856
14.55,-0.389771227896029,0.276740228585315,0.787847060918464,0.370969530664706,0.192807704305146,0.068919205590694,-1.16721512369911,-0.115496544239115,-0.469454406789344,0.11437683331351,2.77439094185978,-0.361236751079559,-1.85154878014229,-1.6187299932443,0.330847387493273,-2.06398465615032,-1.08899911757233,0.318383942464149,-1.18512851349875,0.306303957552295,-0.314374284869236,-0.34545160261294,-0.0683920011535054,-0.197708650566435
14.555,-0.501074428821733,0.420752861337776,0.81881262290697,0.252845910375958,0.436378950727792,0.0362240199105726,-1.04319793216067,0.0428835015997941,-0.509623160754994,0.517697714171955,2.33967940544525,-0.423556746798114,-2.00588599777549,-1.92321076737154,0.137649460506621,-1.60313366999326,-1.42427458303864,-0.814164906222678,-1.16730327173339,0.253386752868468,-0.283906085540757,-0.613220021922691,-0.472003441077453,-0.135529581075401
14.56,-0.560467451396144,0.358915984176703,0.677517972809996,0.3749656525175,0.430292275954806,0.0234717149492288,-0.960019926536708,0.302866647081353,-0.525878647223926,0.216203348324915,2.29894377464339,-0.358940463713789,-2.00047881012526,-1.93197040318134,-0.392197967398629,-0.266227728696974,-1.29593681235992,-2.30208297187128,-1.16600590299281,0.207921959176179,-0.233977681465915,-0.893514237340757,-0.693733114153007,-0.0155107882830461
14.565,-0.536885135075422,0.424246227130127,0.799632618045845,0.392337858535232,0.012783543624083,0.0373421068876622,-0.983738171300637,0.270350362517649,-0.520986318398618,-0.292943591902345,2.28716911699396,-0.284642225403568,-1.99335435049617,-0.756331670388084,-0.524937011923365,0.34814406231887,-0.823177651423449,-2.47195004270898,-1.19351063614808,0.15501370289961,-0.0917769517976594,-1.27811342665744,-0.778595452363116,0.245941660125407
14.57,-0.569585203934308,0.378893222185868,0.79228747191346,0.209878936048545,-0.037005201336776,-0.000191082404743555,-1.04740231341706,0.21682290464207,-0.572673106908325,-0.470120453651492,2.05485871750649,-0.328096297423068,-1.99007378661416,0.587574797699729,-0.360391013938715,0.138667477254638,-0.136484525687094,-2.12458034868187,-1.23239623104751,0.0958588445555904,0.00235400100954855,-1.36065950100696,-0.62734357954324,0.338210202809175
14.575,-0.52538252331644,0.223716539443812,0.858381589802746,0.0507438057628305,-0.0691144952486359,-0.0237415048078938,-1.0625187467211,0.175800430933884,-0.596056272146928,-0.874654970994561,1.94199105604162,-0.357197765868261,-1.93143302331369,1.08993745723668,0.0240622626856634,-0.161456848386737,0.554329029445206,-1.28545404662772,-1.2801240747526,0.035024038576084,0.0418601914941645,-1.22190774814244,-0.342679233503967,0.255519656597024
14.58,-0.493389876504299,0.217130926067841,0.863523134250863,0.275838148231272,0.0375825726538484,0.00347957467198345,-1.09777563116483,-0.0364192559285495,-0.557729351000892,-1.352672226827,1.77025704185117,-0.382880739403606,-1.63990848355084,0.513141483519646,0.283968172163605,0.0842143314229218,0.973005467378023,-0.548406374264927,-1.24544922173041,0.121958305478793,0.0874393320381702,-1.51691145196678,0.0915414520309733,0.0450971972423497
14.585,-0.556546397976263,0.353631143334329,0.832395401623367,0.414975771896608,0.203769252309868,0.0329927567439544,-1.18067373349641,-0.0979181329672823,-0.602394306038726,-1.03503688550993,1.59900476371298,-0.39987713739856,-1.4821801265625,-0.295571179768499,0.373404452482586,0.722929201829994,1.09224439533191,-0.78923359761928,-1.31931313032774,-0.0681804115502585,0.116975566804885,-1.42685643324741,0.830070873662571,-0.156979586965759
14.59,-0.595021894791069,0.350605796935659,0.813078667483305,0.314492338199334,0.33862555415581,0.028810003772378,-1.21976826083307,-0.136298573213162,-0.600445552381238,-0.812724609441042,1.50972880820303,-0.304238778972246,-1.34899034865765,-0.655701118421981,0.276842746355851,1.13442594701577,0.996974604922475,-1.61862734646091,-1.55666782745173,-0.0955053913399718,0.0322468848981853,-0.16269638103969,0.946973495833253,-0.151922025393718
14.595,-0.543486819646055,0.249758209745653,0.825545140789358,0.270443298816609,0.409082910511969,0.0485633169618733,-1.2486299399927,-0.191195848804547,-0.512290920446479,-0.698108790077545,1.49433731525969,-0.263353446011697,-1.24628560898783,-0.593057789483183,0.130642888475936,1.09070405675154,0.877505610311949,-2.26871475019734,-1.65145262776733,-0.0245184934637642,0.00613677844223568,0.254054922933453,0.252760065057123,-0.212647261152732
14.6,-0.533850773685432,0.24915317597458,0.816448972853522,0.364409414845275,0.423011058091102,0.0939698858131809,-1.16067042828016,-0.228558412420836,-0.380816737916032,-0.608141559760691,1.40207681508305,-0.105562856775516,-1.18630877144833,-0.318114569603626,0.065115633870348,0.624590916592259,0.817014062443562,-2.48802923163505,-1.56819377466922,-0.000760114345834549,0.050887042614716,-0.124696954514003,-0.510333175670661,-0.38559623631504
14.605,-0.560818752336886,0.290057749137418,0.800148141004843,0.368458107331979,0.370544491579233,0.119975368296056,-1.10450404443015,-0.120435549354436,-0.389520014854625,-0.28193790310609,1.30805889779353,-0.146655749125928,-1.04875068676827,-0.189853146743343,0.0355835203277121,0.469239381460835,0.813970608337874,-2.4330226267914,-1.41602088756103,-0.0111540535329309,0.102344572614495,-0.889643561589014,-1.16071597151527,-0.625196753750973
14.61,-0.5736444624873,0.296238949454462,0.785246212646605,0.370136829900479,0.314013426896354,0.137124707779041,-1.03995097690901,-0.023275829926217,-0.420177772886487,-0.119429603931141,1.19612227838643,-0.168484221422749,-0.885309067459168,-0.150601786761255,0.0191492559987114,0.607456948533336,0.854779521754785,-2.35692030057873,-1.29109188029663,-0.053183685894368,0.180506975619726,-1.1659804610686,-1.31382796468564,-0.690940956904827
14.615,-0.561671501147738,0.303261010588332,0.783511294759997,0.36392593407719,0.266476332571238,0.147767265997784,-0.986125355424909,0.0233920104337892,-0.40665479373952,-0.116356653691741,1.10920100248992,-0.149713761015626,-0.696895412852179,-0.161842525522339,-0.0457386120002116,1.20581504238363,0.839033126193285,-2.31693376359815,-1.13787720761256,-0.0531556855414816,0.275546420897137,-1.14194272381511,-1.09773437288825,-0.628114013299238
14.62,-0.52784561436323,0.342369393787982,0.783312197747338,0.357127106116334,0.251546435669848,0.139820117076219,-1.01049658226744,0.0572659415389772,-0.383083251773002,-0.371303467351367,1.03402279771202,-0.0778353591948553,-0.618280441323452,-0.176957042444097,-0.114622057587179,1.68608970811029,0.722768581458856,-2.3727589376525,-0.991206190012411,0.00440029589359767,0.243920391711124,-1.03732743101423,-0.597026941523407,-0.445639737843315
14.625,-0.508670873042801,0.388672302253306,0.78495106751174,0.351274735890134,0.267860797552122,0.100712306016472,-0.995429189443131,0.058098001121211,-0.370420147956218,-0.447482087088596,0.986780762776428,-0.0332026970173817,-0.599277702988606,-0.160706526602589,-0.204609674275862,1.67336935242063,0.461825008317395,-2.64761075276851,-0.897600043593937,0.0354809396373974,0.18394790904035,-1.15365852389919,-0.280761506315663,-0.306430246176606
14.63,-0.504405938119732,0.391658750289109,0.779802784608925,0.326927211892871,0.313178938913716,0.0502979958357178,-0.97955635361966,0.0712007994437508,-0.322667298728698,-0.326844436385128,0.912480556073579,-0.0058599093724362,-0.602979306283439,-0.0812338416898571,-0.314307834281427,1.19954593833354,0.14492008833128,-3.07353358648081,-0.819693463463497,0.0339945149909801,0.12231658102438,-1.22485872928983,0.0128628054675932,-0.205516654328185
14.635,-0.512939707852068,0.39218840665099,0.767025312931871,0.324570714179117,0.328102113206436,-0.0142829513086058,-0.978632802179074,0.0818698129196393,-0.304346476968513,-0.0806431044629047,0.830512140417522,-0.00572648048578199,-0.611882244575618,-0.006146290868284,-0.383340435944108,0.636843269365257,-0.0222793208271238,-3.45747098602755,-0.758305322468813,0.0206425423985336,0.0520600179873211,-1.03762965705743,0.241641314157145,-0.134619208073704
14.64,-0.535388317296964,0.406508893996895,0.766176087754456,0.307120869411258,0.298378387288769,-0.0500397486030522,-0.942451640652945,0.0801192095600747,-0.283897239915854,0.168836529907572,0.764800685707537,-0.00656710907772115,-0.668520930932808,0.0437798072327871,-0.407842606728867,0.0977700945924724,0.0129967405470976,-3.85147963862159,-0.701924870609706,0.0111719043623294,-0.0139790622330764,-0.805179421229595,0.286201222832111,-0.0983315299852307
14.645,-0.503606451250319,0.409784636345264,0.760699964944792,0.295915612770579,0.222228332292549,-0.0923312538031815,-1.07681223263697,0.0934786794793635,-0.23194813651793,0.330214532067981,0.666960688039481,0.00428131159709109,-0.748366329286124,0.0292394880612919,-0.382483655106794,0.0865263179983691,0.220706455683149,-3.92887779419874,-0.663029451205701,0.00972689938313507,-0.0433785328955511,-0.56842212101144,0.213081461489576,-0.0464834665236849
14.65,-0.49885901741114,0.398117551087528,0.789094246651199,0.258671310621627,0.151302567267016,-0.145347101447876,-1.09541437476251,0.124737908377225,-0.208049218540318,0.272506513179713,0.643606668250877,0.0116848220235192,-0.8365522097813,-0.0157098209335908,-0.344513974484558,0.363373835565327,0.487606724870481,-3.79408692207367,-0.623449401738741,0.000643148600387479,-0.044290575436187,-0.406188694613814,0.101392834676893,-0.00953105620649182
14.655,-0.498134351132452,0.384733474587908,0.800223243830334,0.239711897248209,0.149045062731851,-0.175216258600745,-1.0911756054496,0.0940282414466051,-0.215840241134991,0.210390711293447,0.609352643200817,0.0365209946708641,-0.935479249934289,-0.065859504088163,-0.328927746546183,0.611121384412906,0.664078638960344,-3.58761372817872,-0.596703474899872,-0.0217078237912796,-0.0216277072915716,-0.337976823733261,0.0483881124696954,-0.0182047791676241
14.66,-0.501308685318285,0.25865720303408,0.764675936834536,0.187159853662656,0.202263033846937,-0.210566577467628,-1.08387503097025,0.0694420954863389,-0.230559796692262,0.141325746287171,0.597259750265301,0.0503032506152038,-1.0217072203366,-0.0717836938231122,-0.330758340229567,0.603757676651495,0.734519424865229,-3.45446141460779,-0.602705894656729,-0.0309843461390831,0.00405250583176058,-0.240314998644826,0.0384208235207602,-0.0707209509568645
14.665,-0.475334578558843,0.472137272062092,0.806647428678363,0.269785128358343,0.197444348533571,-0.217338036495927,-1.09585428220986,0.15690282867856,-0.095103737533217,0.0730412004573378,0.534149666892173,0.0512830162526637,-1.10785724060674,0.00234287952845727,-0.294731719154488,0.129560882124644,0.686266082535876,-3.38929407456918,-0.610758617447659,-0.0438790584059068,0.0113860120569413,-0.202574234368056,0.0334121642493626,-0.128775203203991
14.67,-0.484537163267897,0.352439105262301,0.806047992921494,0.166757644325515,0.225427314773942,-0.289650349831518,-1.05246560923552,0.0807255714149423,-0.247224707677995,-0.189343308519472,0.49948296359577,0.0917747685518941,-1.17961088464467,0.0942839545659813,-0.206598716910681,-0.477871657999218,0.596355663191805,-3.32963414521161,-0.626446571633179,-0.0339151728301697,0.0219258657956255,-0.184131104116551,-0.00789467063171393,-0.157719092705445
14.675,-0.501463388083508,0.353043775447689,0.802120133172626,0.212464121841792,0.239778049623154,-0.320063802885211,-1.03764599652901,0.0839986099814996,-0.180700924357778,-0.176921450729722,0.506266794684687,0.0453038375650691,-1.21847113227109,0.149036778593345,-0.137315750706261,-0.801119194906389,0.51447536739316,-3.26975868613809,-0.61289093284544,-0.0163274119166155,0.0554946924667881,-0.171646608685647,-0.0713888231690143,-0.189289104822028
14.68,-0.459213340078207,0.386309716170702,0.805008843515734,0.223448668651919,0.234253749251366,-0.343515725715028,-1.06232148356952,0.0778330458698252,-0.190617148425275,-0.199893802793956,0.482424029231438,0.0585996848803335,-1.23474618857516,0.201074957893642,-0.116628429511258,-0.875595360352247,0.499095035589471,-3.17395449893031,-0.594627040772001,0.000790668238919834,0.0894246308974147,-0.14164580045989,-0.125048598829164,-0.22717090423132
14.685,-0.521975081804747,0.351869435938469,0.791221608829016,0.228573384170207,0.24200048612874,-0.367703536020184,-1.01762624077706,0.0484870575372977,-0.249744956522577,-0.172690432440522,0.470545552261379,0.0815492072300795,-1.20307840766215,0.211409694455967,0.0045480768447444,-0.846048618791935,0.538175399930051,-3.11053440842111,-0.546114586724386,0.00570064255432091,0.122474737488383,-0.136331304711921,-0.166951566934586,-0.263720917428029
14.69,-0.564190102597125,0.379792279826679,0.770796122823123,0.241081124494926,0.262079599848215,-0.394979938553109,-1.06488159461383,0.0346459667977432,-0.250068211703322,-0.0325194648817194,0.46452271938324,0.100963700790843,-1.09949689975049,0.173466189976128,0.0810683906072214,-0.730714567051602,0.546888034413544,-3.13910028760168,-0.506126432788939,0.0049280582094782,0.135691868453065,-0.158352621833976,-0.144850718948313,-0.265554208304491
14.695,-0.550378184938943,0.366818349565019,0.778883130091508,0.232388287782669,0.298155316831125,-0.406632275086197,-1.06723710728313,0.063068670794163,-0.241125755257285,0.124615824261152,0.478843656588633,0.116219552224175,-0.986438434109741,0.128968200765436,0.135423897119918,-0.447198472615937,0.579530613701096,-3.22943770436162,-0.476585741647483,0.00396458316386421,0.127404819141992,-0.171702687543271,-0.0729796539805075,-0.233633930030815
14.7,-0.548433516071571,0.363261984623698,0.785456033857514,0.223866676164701,0.335987204103773,-0.407455940536793,-1.08695420512007,0.0775471640658982,-0.263450730786811,0.183526142190961,0.498554564556848,0.116472830648842,-0.890102097862074,0.0647213815605605,0.162090860922877,-0.205947183988317,0.611622228221014,-3.34600357873399,-0.464444170769198,0.00435936055547882,0.108870407411042,-0.230075926082797,-0.0217564115430523,-0.193161103413081
14.705,-0.539219662906909,0.396325674568494,0.771534801707395,0.237668276898845,0.370613829249339,-0.42372113489824,-1.07199079404424,0.0926277929074597,-0.240971893244433,0.257623319752982,0.501644617638655,0.113814774847441,-0.885963402656413,0.0367414231584028,0.0345900408872218,0.048677254309321,0.600135324471893,-3.43420117438991,-0.471672044261557,0.00647648943911031,0.088941444900192,-0.404304221473232,-0.0247461725738357,-0.123332815317345
14.71,-0.543230839094571,0.432863663821282,0.754969795255947,0.181510052525776,0.408893733840868,-0.447161644181884,-1.04053007012447,0.12673545205047,-0.214245025811918,0.261765004103811,0.505030214314576,0.124233343876488,-0.850682207014814,-0.000658884660500677,0.0261441382664164,0.0815263710609816,0.59925245636053,-3.42341649280144,-0.471186823706949,-0.00146412970572539,0.0849129512552366,-0.533628766176565,-0.0320635614443653,-0.0640480815292819
14.715,-0.579092481185519,0.364328832772191,0.759275122499582,0.095118638084808,0.428788680605129,-0.466598730980003,-1.01135053981966,0.109412171307429,-0.2402496318224,0.136696321632694,0.517038277474369,0.131106153130531,-0.762464521890425,-0.0543665571898756,0.000609157112369928,-0.155420906965248,0.560726239551209,-3.41173091323725,-0.466380591019262,-0.00383872728763434,0.103980000747157,-0.571869240899881,-0.0131038184629555,-0.00461876382706502
14.72,-0.56959668779016,0.338451130697775,0.761168852275924,0.0774583608422409,0.459765198169388,-0.460089232731499,-0.987262453789465,0.0881918594693983,-0.231846192583513,0.0361711472296432,0.535506998332835,0.118605619537651,-0.684879626985038,-0.143568928324726,-0.0486990231908556,-0.250989411841771,0.568228356988076,-3.42832787349291,-0.467040181449118,-0.00320987245714439,0.127902542883766,-0.501430170055844,0.038172142167405,0.0581311967423301
14.725,-0.577120766735171,0.32210541668763,0.756818361297058,0.0459163705328577,0.48283851064244,-0.459480623953878,-0.99969712501967,0.0439276653098046,-0.242012652361635,-0.0069042947010436,0.547007851074612,0.103282320521236,-0.662191853279786,-0.238922771746981,-0.0617989489952289,-0.489326595192102,0.614069899042895,-3.50488370442479,-0.484265371735556,0.00933240732425521,0.140054382108453,-0.397875306371175,0.0665706390506323,0.127648743789299
14.73,-0.590006241288964,0.282492196026844,0.743947006408599,-0.0144039910161255,0.516876864775494,-0.438825087060534,-0.98063090260283,-0.00205108390187371,-0.220275405420977,-0.0280694482584027,0.56479086562027,0.0933228422085593,-0.678924681320172,-0.330174116755251,-0.101798004687397,-0.817592606687852,0.637451943644864,-3.61357237907422,-0.478038179034118,0.0136331212770171,0.134591862639748,-0.351492389770597,0.041262013696087,0.16196629114526
14.735,-0.592883385821567,0.272181058274182,0.748983019601173,-0.0636694853296584,0.548860901754473,-0.392856925214032,-0.923060070064857,-0.0186057919138629,-0.160857495908246,-0.0414069563303752,0.599088736293195,0.0817744349310993,-0.750301402689592,-0.47194278364824,-0.103112028386657,-0.930702265774581,0.622169002020549,-3.51676190157315,-0.467004849743402,0.0134270698540572,0.127669149590594,-0.321992285113199,-0.0122320317725534,0.1872425039676
14.74,-0.568874939729162,0.282576472023727,0.751507985156622,-0.0704945999341184,0.552906219438942,-0.368435396470992,-0.90278183544121,0.00855282550861638,-0.130692448779075,-0.0589491682449546,0.644561511983366,0.0732450043987174,-0.828342659967415,-0.57650727392989,-0.0860366846492514,-0.99071953206827,0.58568191307234,-3.21405037547212,-0.457515771970937,0.00950727676855841,0.112731463924657,-0.306755497181016,-0.0652525466929402,0.201054121249624
14.745,-0.553658634959534,0.262340947338112,0.758977021638609,-0.110323843724137,0.588902747948937,-0.308675627822822,-0.862718579213631,0.0310582221497208,-0.141242890115356,-0.20112535555654,0.709405297378982,0.0516397121623529,-0.84328302795538,-0.505854434913337,-0.0869771276087575,-0.946007889841084,0.644999911988595,-2.9608500621437,-0.441748299773931,0.00994723475352924,0.112613277853928,-0.324647025510282,-0.123527838500152,0.220281272501973
14.75,-0.563120281524404,0.24917542239411,0.745863423931986,-0.154303860910076,0.635568393444558,-0.268939268997022,-0.858149875404992,0.0246846761063145,-0.0996901107449885,-0.186864141453122,0.726759443710099,0.0121558292166075,-0.799608468613618,-0.338710675854607,-0.126936594506659,-0.619261630787073,0.851254916430009,-2.80034445058345,-0.431306571553148,0.0100012482704303,0.11213046559308,-0.354572322631536,-0.172665609301268,0.248748427778527
14.755,-0.581955631722085,0.250453212874508,0.732762420584517,-0.130941148218402,0.628664116851576,-0.232858239884177,-0.867333576997279,0.0439406803316778,-0.111335471705977,-0.217269873744433,0.808452326964205,-0.0258861209815972,-0.781607659878891,-0.212576836827235,-0.120914549050551,-0.108482972087562,1.03216166422792,-2.61990686871447,-0.438754803092154,0.00685073414405808,0.120206966607056,-0.349254773642284,-0.197802317006572,0.266982742581277
14.76,-0.601541831111178,0.272127230991206,0.73361565560497,-0.131277294443477,0.640495280007465,-0.20067039537275,-0.872000864441316,0.033211102479538,-0.109001357687292,-0.347135937128466,0.893803838541592,-0.0218403191220091,-0.849179426508369,-0.158389443402375,-0.0711070732049844,0.669315717178178,1.07340131495821,-2.15289579004131,-0.451640043878753,-0.0146172982298039,0.126139793376886,-0.285536361826034,-0.181599379695185,0.220861050451694
14.765,-0.578304310356947,0.292073375391969,0.745630790128241,-0.184209540486336,0.649341794833986,-0.178033820543327,-0.861965723254726,0.0630336402549381,-0.0824038340772746,-0.392339793450277,0.980854878783135,-0.0291357032960479,-0.86991962293066,-0.131580961965132,-0.0163091623594765,1.22647936811047,0.931939013418491,-1.78611237991177,-0.447200811617277,-0.0397356333811327,0.137843282857153,-0.0896618549727275,-0.123347915607991,-0.0045807779058761
14.77,-0.551326695952384,0.311766805157286,0.745833752482693,-0.187626941705122,0.654850029474661,-0.161791071166505,-0.842172368619869,0.097441002370634,-0.0508853344850424,-0.492124725657376,1.04454508113056,-0.0365606499695512,-0.883676444443898,0.0173992459345275,-0.0270203405313301,1.56454103091319,0.718717195754735,-1.63996112346649,-0.445845563631555,-0.05547934038903,0.14471302062521,0.0731559987555249,-0.0409374047629853,-0.252343345613808
14.775,-0.546449485022705,0.3182525974879,0.727020439901213,-0.207258479974714,0.654871353012761,-0.158300681362012,-0.834501643484455,0.12320196758518,-0.0675118630556129,-0.604537488100411,1.10041549071292,-0.0486931260502303,-0.89359123063289,0.184664399647961,-0.0914650769478817,1.61493935251181,0.500725030639651,-1.6548081589897,-0.443877163813923,-0.0505960096833809,0.146840556586435,0.152138841902644,0.0400151185533584,-0.474701787291733
14.78,-0.552686252400611,0.326654730616803,0.725888731968142,-0.242282344152497,0.647186517715454,-0.148869952598582,-0.828557273435249,0.135296203058861,-0.128466130979085,-0.749343579020652,1.17295182248608,-0.0687547664516324,-0.924016998403057,0.271880070787655,-0.182177298913612,1.37464064477739,0.281165145007893,-1.58419333806218,-0.454839458369937,-0.033652483992261,0.154894384729092,0.120952215896895,0.113968777236225,-0.655574336544155
14.785,-0.579173471016914,0.292865076319673,0.718859422722419,-0.273247495094162,0.645662175052725,-0.138405254794254,-0.828653893931264,0.119919191918617,-0.169220694695732,-0.796472658086724,1.22295056429312,-0.0912422463297844,-0.914602966729579,0.276733993177627,-0.223092351240366,1.02794673824354,0.1449768439117,-1.44154381443142,-0.474300779964734,-0.0121600481388354,0.153500366429696,0.00273916343268592,0.145256129962868,-0.644364125785594
14.79,-0.583491107109462,0.275868084131286,0.725088396101849,-0.269632609295277,0.634770635923596,-0.145502306397466,-0.82089755080966,0.0945620892811667,-0.191068161427184,-0.847979170614035,1.28598870511163,-0.0945478096220391,-0.872406213460884,0.267671844668661,-0.254815567674429,0.684134577947078,0.0507459959477614,-1.4202886185373,-0.497395139852618,-0.00355372336995839,0.14701958061724,-0.120899460652977,0.129024425113818,-0.521605306377863
14.795,-0.597781819725621,0.271663969315068,0.713241955548035,-0.260339053436619,0.602752689449989,-0.162176548910565,-0.831645902141428,0.0769953530069103,-0.213368657953857,-0.881772438163406,1.32861593099158,-0.0894949122682587,-0.83159273131397,0.268568276421463,-0.282876556509815,0.292503416417924,-0.00486729566058415,-1.57339125158553,-0.523203160646093,-0.00388059239733259,0.140230833682801,-0.180545843419151,0.107612340559747,-0.398389576613582
14.8,-0.589626032660952,0.304728460639681,0.739860596772896,-0.25701621503089,0.582528806879323,-0.172150826483945,-0.864896555848111,0.0575339522084259,-0.260741951481875,-0.851835755872588,1.37601974404339,-0.0615828215411897,-0.839367443591989,0.235195551971321,-0.276512237501556,-0.0169011123174815,-0.0337461129420756,-1.70543181122546,-0.554181384472142,-0.0202239603740129,0.134889272728371,-0.156228193269887,0.0774762027413237,-0.277510427300455
14.805,-0.608131299864002,0.315917054431802,0.728003508689796,-0.240528616451068,0.555529745479079,-0.175350144298464,-0.897897292769625,0.0690208863440861,-0.29534739473836,-0.777390298567428,1.39204444871804,-0.0505699696518999,-0.878421989537302,0.184437764834057,-0.24204046031293,-0.178546693590603,-0.0339249984684569,-1.75717690523715,-0.570639650439727,-0.047597586283464,0.133056773436526,-0.0621657522351304,0.0681641265625517,-0.204982604233147
14.81,-0.579308407846372,0.315715592721474,0.757055518398392,-0.235144307912172,0.578167344936221,-0.221472292766945,-0.942662737226234,0.0779193491966648,-0.282955645796793,-0.622074205670406,1.42872767188355,-0.0445874591152637,-0.917920096812217,0.128519247410704,-0.195894549493606,-0.231623819516106,0.0196763487952274,-1.79115794781971,-0.606574508546022,-0.0676255373803068,0.13260752349926,0.0893121163541084,0.0838497117903756,-0.125913913007887
14.815,-0.586862625121256,0.332812446556703,0.724924752022306,-0.177777983488929,0.608869705708093,-0.257369407935043,-0.978958417075245,0.0919348383032587,-0.296635855292272,-0.470043398485863,1.45774067479263,-0.0283347804328996,-0.952436692799763,0.104277236617139,-0.201258217439921,-0.350125768833242,0.191710821044542,-1.89089930318367,-0.653675035403189,-0.0714038267504498,0.135048941095527,0.225025573961681,0.119568732320689,-0.0524892790272301
14.82,-0.625074120121587,0.367905076901551,0.783426163412622,-0.158835497166881,0.603813842447903,-0.294934005563072,-1.00867951581587,0.0974232675211563,-0.292521199558061,-0.288638018712131,1.48526378265614,-0.0103912511112652,-1.00786820084456,0.0515811709679242,-0.174463011144944,-0.652705797167976,0.271165443199789,-2.17086988701256,-0.701579959850533,-0.0750502692706811,0.146381945447987,0.380205877679364,0.151206235053229,0.0580896022193857
14.825,-0.630463458167178,0.359017883308512,0.741321714327018,-0.140128771512839,0.626367452142648,-0.338171377662378,-1.0036847697061,0.117790356445314,-0.292391224064604,-0.155215291355322,1.52136640623334,0.000751724888794419,-1.050848440755,-0.00777106741215383,-0.203295564183799,-0.95266874995016,0.2084117979826,-2.15174071166147,-0.728238409754884,-0.0698274788050468,0.159246177051906,0.425871757635874,0.146036935872607,0.142418834789939
14.83,-0.592205363728416,0.316852289375559,0.759105906207446,-0.139264732571057,0.659992664923362,-0.403908990200468,-1.0034111565439,0.132842845031101,-0.259002285428666,-0.0614817893243122,1.56631307722772,0.0182475954317161,-0.994377744318143,-0.0555849044155441,-0.202290627326019,-0.907568527266139,0.269734587002498,-2.03393743714118,-0.792945979347289,-0.0933288073339232,0.177533432062978,0.46366078688683,0.161467349717668,0.230470842311433
14.835,-0.573643410226582,0.356851544278312,0.753577225966111,-0.0758331972211592,0.712982435006323,-0.440367897182144,-1.01340049775534,0.121180390559949,-0.221034563804296,-0.00176412194701079,1.62152349245534,0.0350467455121025,-0.938196309835727,-0.128008571615989,-0.233677814405564,-0.966372873033457,0.269706444026843,-2.04017152624025,-0.843676220893409,-0.0833277443110942,0.208318736431603,0.558473080529906,0.194000968084679,0.330658745960147
14.84,-0.599171417277072,0.372907217048506,0.818924993796051,-0.0814482885809329,0.741616087772994,-0.474580285899304,-1.02245670366322,0.11248608592216,-0.207622062657639,0.0961120285719981,1.65827548778595,0.0308090061958836,-0.936388373029301,-0.126654792762316,-0.248425261563286,-0.821482578730771,0.316562171067199,-2.02733345901693,-0.880480478243289,-0.0940122875029155,0.26200539017692,0.527758071621021,0.16977735788761,0.290982136418379
14.845,-0.611064054660439,0.340514879701499,0.782859851340255,-0.107539040870347,0.808768351143553,-0.508666061796251,-1.03789016800002,0.124612957485167,-0.199079571550899,0.155680777858846,1.72233076033468,0.0187590419967318,-0.94078430193193,0.00189775336325741,-0.260179792644546,-0.587182809144646,0.386338245279949,-1.93476776009728,-0.960858155679887,-0.0747203432495683,0.272519610182341,0.552123092184645,-0.0120786942493103,0.112725702928839
14.85,-0.604030816500015,0.324512519926902,0.80411437801397,-0.1259718511732,0.880363368233066,-0.533169507980347,-1.07385650349312,0.145320762890976,-0.206106105357367,0.193391724544936,1.80008167434531,-0.0131772212819938,-0.931071267245112,0.150435176963553,-0.305782664332406,-0.405466652723893,0.46094177919893,-1.81786534719692,-1.03274105673002,-0.0539231534129503,0.267407182393975,0.410478044186648,-0.045378947145771,-0.104204483966783
14.855,-0.578086197406095,0.333342469684688,0.836074756180083,-0.12633506009307,0.98011886713527,-0.555389265777535,-1.10658175613379,0.13307736879161,-0.192514196537834,0.204137898355177,1.85523396895298,-0.0407533616620707,-0.936580206441654,0.197894483174905,-0.315695136678111,-0.608104619840466,0.311465469887248,-1.7513523930907,-1.07579407883489,-0.0486759498154263,0.29976847698883,0.358229409967886,0.0436391349992539,-0.344449994598901
14.86,-0.575567517623515,0.346458982287366,0.859044641331182,-0.169273408617434,1.05366599497391,-0.583121084618338,-1.14918950705297,0.109706449040937,-0.206804447380464,0.172551228337986,1.92302229605754,-0.0746475433880616,-0.997153748788297,0.211650807751001,-0.342363749944252,-1.10962406048355,0.0582548886788732,-1.72519890167275,-1.10701451429433,-0.0283958921159363,0.345069670538296,0.297781102014923,0.103345183208752,-0.551384497420757
14.865,-0.595999725963717,0.369485155276361,0.831942385538466,-0.208396926442806,1.21904664601727,-0.618781856877894,-1.17556819403256,0.120132886485828,-0.246327374136307,0.177021747875641,1.98224760192147,-0.0829119716007445,-1.05932856475746,0.188623277227819,-0.239030594354047,-1.3123606487926,0.0496333602793009,-1.65125759466568,-1.11904451196962,0.00649740969646269,0.359825253347479,0.236079239240584,-0.0169882830205256,-0.689553343245551
14.87,-0.645795735422178,0.4610746598933,0.865476460414728,-0.588524625454974,1.30247695782125,-0.717533988257338,-1.21977448434518,0.138231624237584,-0.262126267578482,-0.125303381856471,2.09938965376466,-0.0561151225732043,-1.11364347705966,0.122514035087258,-0.118920224793061,-1.83689841343749,0.0281648579778703,-1.55600720966512,-1.11665719774846,0.00495154536985627,0.360070976323089,0.222687407366227,-0.174997788610176,-0.857895775103546
14.875,-0.531211157211071,0.243209550887035,0.898210000277632,-0.0972295973986952,1.31346429325307,-0.701752409770689,-1.15454959385326,-0.0390903203324515,-0.222201273474332,0.037349579991392,2.19202337676949,-0.086517169487922,-1.15029613194237,0.0395144342723109,0.0184746236951941,-2.45914424376178,0.0356744653040106,-1.52086504494012,-1.12101847944034,0.0141367595238304,0.379995963820324,0.185606652662375,-0.314812466300263,-0.998296203672927
14.88,-0.577499268409639,0.440411473115162,0.819655356628964,0.315701728005484,2.01664371333052,-0.631688867468572,-1.20788220245342,-0.00486120428804117,-0.130171454813529,0.905917052439737,2.14497275479121,-0.221471256614242,-1.16373211708005,-0.0100962878873043,0.135913642276104,-2.95231671790661,0.0564426361355662,-1.52266965671118,-1.12918400728007,0.0310636346760287,0.405298256097617,0.129639820585121,-0.409671444857964,-1.06096884655141
14.885,-0.614899106757027,0.382399606078797,0.811988443744245,0.0865174213378378,1.99389742758032,-0.72977370186694,-1.23638997621665,0.0644255988469756,-0.231798850489668,0.907343014948337,2.11852054856779,-0.248385351566846,-1.18216369515727,0.00943678593092321,0.262131954487692,-3.29843033535292,0.0803698174836117,-1.56063757361307,-1.14517281298985,0.0433376624900061,0.438281907114582,0.171061167013859,-0.468198580155861,-1.05384794890807
14.89,-0.635876447953615,0.291902001567558,0.882776076950413,-0.162504686324776,2.12665900105753,-0.761518660184697,-1.27390195164003,0.148804360592415,-0.261085917618198,0.563070624455144,2.30100116221124,-0.239022036643994,-1.21345465372138,0.043267155860259,0.333171999609573,-3.32504816848489,0.0986791950198556,-1.58435742500478,-1.15231976742808,0.0780112867479203,0.457620299979413,0.246060497351653,-0.494540618216504,-0.93410647117666
14.895,-0.653398177345486,0.353023319815095,0.869980488535673,-0.0899340403373695,2.14697202828821,-0.749386796177947,-1.29318870543923,0.142013404032591,-0.192385575488264,0.202381462334663,2.4673716375013,-0.226349671418849,-1.25714480040352,0.0863847206638627,0.399114278478496,-3.13146252656585,0.0962294744651506,-1.53459498332586,-1.1571379894032,0.0982089359451175,0.449615022513216,0.288043788912867,-0.489084568021061,-0.768921221716033
14.9,-0.599746681210177,0.391370360563766,0.926724058416104,-0.284532566901447,2.33262369773735,-0.812519092490397,-1.31683526490965,0.0923248673906405,-0.192934682541632,0.308126260816186,2.50519424401214,-0.28522237421491,-1.31378153255582,0.121661167488413,0.493113017369108,-2.67585899066643,0.098059811862066,-1.3727045698361,-1.15441222072044,0.0956188782141977,0.453497582614621,0.312494126783008,-0.450163303259096,-0.624144623334035
14.905,-0.581641573241004,0.31493095491127,0.936843239136542,-0.31679531410411,2.65802821611811,-0.862122087503226,-1.33410269202922,0.0912572091152792,-0.169226371610641,0.659954389874761,2.53409754486292,-0.379089738340159,-1.33927237739895,0.123465094667859,0.513887299077759,-2.25846037796919,0.0716637673247948,-1.2134245551146,-1.16214415485037,0.11122604068921,0.451300711178284,0.385435765282648,-0.344002194641085,-0.465166950507137
14.91,-0.613482129753173,0.343318015598739,0.927968010294586,-0.225768760078348,2.91944183128754,-0.889103753259285,-1.36938308422481,0.139237647158879,-0.215026728925298,0.698520538484757,2.60817187904227,-0.457505757410275,-1.38401593231901,0.102272589390972,0.545373498936745,-1.83433431521528,0.0192077471231565,-1.04888263984014,-1.18967059542263,0.121622840493498,0.462806649427231,0.472871558228184,-0.25361898650791,-0.385865651331949
14.915,-0.62627815905442,0.391694927267202,0.919238185042155,-0.267633452150063,3.1699560527591,-0.949014183873352,-1.44290374410276,0.174071668716366,-0.201011450628943,0.583933320567173,2.70860930857788,-0.487148885391645,-1.41521409113221,0.0692100815558616,0.534602283713326,-1.51533744364347,-0.0110371356921918,-0.890132453707473,-1.24207469389978,0.143153972964756,0.483383566208342,0.554796084095294,-0.166311599315594,-0.315555097048445
14.92,-0.628695079600922,0.461094402309761,0.957459582439843,-0.378155778909936,3.35472111039125,-1.03194601204261,-1.48858400654426,0.189595511387023,-0.193513047010149,0.450670108684774,2.79880684469048,-0.470101362780444,-1.42818330331718,0.0555109933175763,0.481480042678011,-1.31973338802988,-0.0131349359763685,-0.757506639061988,-1.29111851616961,0.173779709905569,0.511283905905534,0.55881043077248,-0.121628063015864,-0.27611312373292
14.925,-0.565367436103009,0.424250771176328,0.977740806569102,-0.406076063148346,3.63271383532314,-1.10137724199492,-1.52464119590068,0.135556149475093,-0.10738690700544,0.435622487791264,2.85108100547166,-0.474477813087524,-1.44109533597319,0.073321001646834,0.424133463765293,-1.26509840946611,-0.000633738049455375,-0.669393011155507,-1.34627333677118,0.200597516264791,0.556674147485571,0.511711983303697,-0.116543029474022,-0.262720099816793
14.93,-0.593723104633402,0.471497923680397,0.966787936558507,-0.432990793824799,3.96756556561227,-1.19770749583744,-1.54225666542856,0.0734869540243401,-0.134642410728648,0.595077275492668,2.89633143942573,-0.476014204667433,-1.43791161351694,0.137184163072189,0.329325783428896,-1.26061654090881,0.0250209792255802,-0.576432950370137,-1.38790549013059,0.200352355949785,0.581875658273189,0.49512598457188,-0.148987576438491,-0.253198307184723
14.935,-0.647744046867889,0.425188602234185,0.932679472266149,-0.485296409101799,4.25409444695066,-1.29905019565421,-1.57454077632937,0.0787033625002293,-0.149448564561394,0.858852212646052,2.99829578857387,-0.498016049572703,-1.43116079790315,0.210493090322548,0.254830074314412,-1.30933045879733,0.056306061254946,-0.445900641368611,-1.40570062418766,0.191987903044782,0.600729615496455,0.488158554384832,-0.186238177823992,-0.237472784646509
14.94,-0.623141503513991,0.452394303917873,0.996039757233748,-0.273889052048458,4.68942254260403,-1.4051183331752,-1.62796821523158,0.105048966901513,-0.0743492534728614,1.09878032680052,3.10124535533755,-0.496386067232075,-1.41876384595112,0.309193343170631,0.150697537539367,-1.2871252604019,0.076053422439729,-0.343364373001163,-1.39990261647399,0.163213830258125,0.611756042838333,0.445638463311389,-0.232531360013318,-0.196075358765292
14.945,-0.562477536805244,0.561349463192256,0.977083954454425,-0.377738101859057,5.04229343038183,-1.55821996633582,-1.66747900738804,0.1318024353042,0.00644322455322613,1.30973311213659,3.15122930727866,-0.47175882938246,-1.40504368613126,0.418332602936852,0.0728277097473406,-1.17322620443522,0.0660076526894247,-0.230790164656768,-1.36882049472073,0.126742461893595,0.608887484892572,0.368048332502334,-0.256287364771782,-0.12328893852655
14.95,-0.557950957617127,0.59288773581928,0.957749423398,-0.492368935299403,5.44201954291421,-1.72482391479762,-1.71088189740239,0.162515122130695,0.0678844550762402,1.43608625729877,3.28190051200342,-0.43432921143919,-1.38914647050297,0.559758907232943,-0.0165931856768291,-1.0219091373888,0.0760747670693449,-0.0909853200272267,-1.31801193427728,0.0671219855254406,0.599112427527311,0.281422521275585,-0.280129719903452,-0.0247254565309578
14.955,-0.579701451583959,0.601024123673284,0.999463144152448,-0.475424353442632,5.86329737275767,-1.91702296875399,-1.76869638409032,0.175612393225738,0.134878494835731,1.60562449002426,3.36932009474157,-0.407743060885411,-1.35552296089956,0.713339632079082,-0.0895650583456504,-0.932899223731995,0.095334649029414,0.0826112285859346,-1.2735271967459,0.0147748993192311,0.576424500561232,0.203779243156892,-0.285640342349051,0.0892823702293695
14.96,-0.489979164718742,0.604607811721206,1.08845887664581,-0.362504954011018,6.38509217105537,-2.15929966039606,-1.87211369025094,0.199047922795834,0.223068259701995,1.88462394459841,3.43026198410591,-0.404768407405037,-1.32048897096546,0.83862547035649,-0.122000574645331,-0.972854900784861,0.106511252464761,0.274511301117997,-1.23102116136249,-0.0483722050698853,0.489626669218017,0.154143195302977,-0.261705574219468,0.177250085235544
14.965,-0.535215223529808,0.68172898641121,1.14332173641542,-0.302609390969458,6.85958437713903,-2.35452972277505,-2.0396480107557,0.316374132163191,0.211570671496067,2.20177722839349,3.47617016272676,-0.45707610411166,-1.3994267517924,0.971692125726331,-0.0893584760179063,-1.09131463262714,0.135988836420006,0.532977072403959,-1.22825662834211,-0.113533934161992,0.385846880742386,0.13757655067076,-0.19729512606384,0.238864554550292
14.97,-0.50984288629559,0.815302153620312,1.1283057462639,-0.248965171450253,7.43610933893828,-2.56040806720559,-2.1576645828634,0.420233758470816,0.410632996113711,2.56231057355426,3.57575759760322,-0.538065847271709,-1.55103028580683,1.03653841081061,-0.030563817470516,-1.16033922272225,0.154838733302228,0.710851771979826,-1.30003734810434,-0.170225046086525,0.295319420451524,0.17918860792987,-0.0640662816730748,0.262991554849136
14.975,-0.312190820681679,0.951217348814698,1.15671070757083,-0.344324465474696,8.0406519962458,-2.86063241005282,-2.2676301588148,0.498904917868789,0.606722111761285,2.66701000580229,3.67567121699916,-0.542867996905645,-1.69829269369971,1.06127629152301,0.0832146738486495,-1.30161390633306,0.196831443535624,0.927883608583579,-1.38815131930766,-0.197163951146026,0.21337830527276,0.2968857087472,0.0717092565568724,0.246895856970038
14.98,-0.264411397086184,1.08989468553802,1.16778463681117,-0.33806277434864,8.64670483377066,-3.13490127148026,-2.38838295007417,0.508990095517222,0.766471952774941,2.91029933362884,3.6660419178142,-0.470471918869649,-1.80820518641807,1.02936219819985,0.261086274461184,-1.784232088431,0.228661440743213,1.28516874596528,-1.45995761349816,-0.232107799340292,0.0806899355718933,0.451068615297327,0.190196025094051,0.184573171251648
14.985,-0.122944270775619,1.09226681939139,1.30434351869333,-0.392445550087774,9.49288245830165,-3.52690913985694,-2.55616037657862,0.539733618878698,0.994371354918813,3.43003455909387,3.69199188605535,-0.442624350413503,-1.7964052637197,0.907519195766124,0.343587892397822,-2.17501052046845,0.194967636213905,1.66870038039035,-1.46657697574003,-0.259150689579472,-0.00266822191979492,0.559642047585852,0.240772866731391,0.120599918190339
14.99,-0.254446655547913,1.14086120544498,1.23873993040595,-0.299700642067004,10.2411053163661,-3.83833970847339,-2.67300618675961,0.649595608181539,1.18627178779509,3.95418761295862,3.71311229627618,-0.432944063710953,-1.80639665621253,0.755525062338013,0.339935951764631,-2.15294749422634,0.148695676934222,2.09563106580027,-1.45824867017008,-0.295532379954583,-0.0643476904081104,0.756161673909628,0.331650611927328,0.011987465802337
14.995,-0.348862292167138,1.13477511750314,0.96785803336524,-0.0798480053201858,11.2301415045357,-4.28435269494294,-2.69656958770707,0.659963361473111,1.19332815583932,4.26438315189145,3.71961622061614,-0.490195695203273,-1.83520508041322,0.677139966340829,0.243506329783563,-1.63105227359778,0.109417780702684,2.47611676666642,-1.41901891659138,-0.320376088125066,-0.0534825680269893,0.987214878212932,0.486103775362208,-0.116477947720999
15,-0.25351998742267,0.525770500754962,-1.27187928908651,0.238385286573455,12.5474401550126,-4.78856981389397,-2.65530241475031,0.527794630210557,0.994226242411983,4.55889056299847,3.66871514338636,-0.589835518297435,-1.86174645845284,0.679942839423708,0.0529631614529929,-1.14791121538905,0.0424406824156107,2.8711544426021,-1.40337131816942,-0.328320354722792,-0.0325501022258923,1.10439478173703,0.631898544244464,-0.229071581072207
15.005,-1.78513737084484,0.0933028884508059,-0.332140645013575,0.996931935929456,14.7959938089908,-5.44173167252429,-2.54527930268838,0.389182989580661,0.55220481404998,4.39263348496882,3.61348427752004,-0.691716391584529,-1.80673580952166,0.62057517844835,-0.0748988075736201,-1.34184998593887,-0.0438855710450624,3.20653378824971,-1.387396926754,-0.352432924921852,-0.0600624357446523,1.08230619454428,0.771669078101444,-0.284364329807045
15.01,-3.0262196177016,-0.00283946287454101,0.98586010204249,2.38229785590491,15.1270541035719,-5.3776472894459,-2.22870391566187,0.0375093844415792,0.212029238816105,4.03246414393618,3.74283124066435,-0.974784501058365,-1.64708287184138,0.42895300302862,-0.115219351980147,-1.8169866888878,-0.140723354803585,3.54239461934733,-1.35161620693099,-0.370446639098322,-0.103907827231798,1.15064492759092,0.92038575895219,-0.0835692614196582
15.015,-4.03171988924539,0.514510906974802,2.78134984538234,2.86355507923644,13.8423319703783,-4.49945829711372,-1.92025031126047,-0.193449094865966,-0.0437007956837972,3.43366834427609,3.91152496502071,-1.14699519264756,-1.46570142779841,0.0231875418990441,-0.153988797348044,-2.3449213275162,-0.279008827024438,3.86999538788815,-1.31251219743864,-0.478971901865465,-0.160328679437126,1.27981325102833,0.942763456411094,0.103558649366373
15.02,-4.40831518804662,0.683389769924718,2.62988645553713,3.53710587336672,10.9965628938538,-2.6731292449226,-1.73588243936411,0.321275981948833,-0.762571674980414,2.19526580372099,3.95712953572978,-1.01909829810467,-1.42062009017097,-0.338779302851277,-0.220286571128783,-2.54381249375498,-0.411678473026419,4.02557864136795,-1.27984480895778,-0.57004184371554,-0.189896515179715,1.77189953362746,0.772295658671261,0.102881348357351
15.025,-4.08610385423871,0.930305713238961,1.82238872953167,3.06215847107043,9.66708950863869,-3.14139916535129,-1.90492692703856,0.964111926304447,-0.70968764070513,3.51880260573662,3.96025412608073,-1.0201755347766,-1.51278921482276,-0.602060710114637,-0.336337593365696,-2.504607059547,-0.694994221321871,3.95010605538631,-1.22378280836719,-0.638765545053945,-0.201263691567448,1.80284843730757,0.588218722261437,0.241499708060634
15.03,-3.53965964897999,1.50424140447639,1.84008823847496,1.68334218307825,8.82811519774119,-4.35471001534958,-2.06225225193561,1.42200749705528,-0.234875857808163,3.999917736706,3.92785513207002,-1.10430381585382,-1.70611917698367,-0.783378782869276,-0.531531074960376,-2.24765075097912,-1.18656610185242,3.72283372014835,-1.20731857769522,-0.597704032111178,-0.176380971240469,1.62891854263157,0.441576954716703,0.418385179077314
15.035,-3.05478758105202,1.54267811357999,2.25377643850315,-0.133754859405063,8.01869907893797,-4.6263969434875,-2.08727225329715,1.25810086809936,-0.518639740054433,1.87700573731245,3.73588208916784,-0.990451437126269,-1.87170881308497,-0.858701778202008,-0.660068999744935,-1.79721615195749,-1.50994009197976,3.5072960620754,-1.2056675641167,-0.520556292890012,-0.156989051221455,1.4486064199166,0.319427123315686,0.536429069948993
15.04,-2.96388003616034,0.733380644056914,2.46424448318734,-1.06581382939537,6.75835890751583,-5.24092403173291,-2.08748301103859,0.920098205796655,-0.708613059974949,0.545538583112807,3.57310650189843,-0.903903201664587,-1.97118532901121,-0.913543697298541,-0.678764910629539,-1.48830165306415,-1.96958533117802,3.29702192851144,-1.20875459169193,-0.471579546164013,-0.154112799961593,1.40435143354595,0.199500018209615,0.593816205244612
15.045,-3.36886597161782,0.73173399351202,3.03816856427841,-0.624365839353736,5.47918161640191,-5.74211739103524,-2.06124551450871,0.855412173106011,-0.564930318684935,-0.823044727496498,3.05432026349876,-0.659846230504346,-1.99171617156222,-0.92535905844152,-0.679002425042556,-1.39222634247014,-2.25262570225686,3.15957055876039,-1.21510422188268,-0.378100544175787,-0.175613360964196,1.4069867775657,0.0036103000695079,0.572837715799159
15.05,-3.62397872490668,0.805263488419801,3.6213393778027,0.519755613482061,3.72804309095422,-5.73061344780053,-1.82623367984865,0.504332791002492,-1.46945322885424,-1.76161731472237,2.89663823183782,-0.557072158673872,-1.99267802125904,-0.973088903858393,-0.62987125594463,-1.17667963144802,-2.34880762349794,3.02990355686006,-1.22495871345985,-0.30291177669234,-0.199779893743125,1.37338502446075,-0.206674507042534,0.489971801241138
15.055,-3.26555105580737,1.18103253898491,3.80808048459655,1.38550264645434,1.55018380870848,-5.01874703681339,-1.56996839504096,-0.294600943603188,-1.87813598641052,-2.03285640962407,3.0889085454721,-0.854109364131479,-1.993929613608,-0.942688502771819,-0.539924959117316,-1.00505123358079,-2.35052563894683,2.96396603875787,-1.20649115036597,-0.212754958048829,-0.206343944015321,1.27411193011965,-0.435672358860794,0.330722631657278
15.06,-3.12028060052071,0.964797318514062,3.52965967915292,1.47204015667172,-0.434071903316703,-3.57867743961164,-1.60489755364366,-0.544281736131308,-1.29936935249806,-1.85697646751267,2.9615008161358,-1.08296460092475,-1.9963329930772,-0.703953457397376,-0.316504431898241,-0.844013023624979,-2.4017961274215,2.9476742513546,-1.16553194066442,-0.202256344603444,-0.154819262883049,1.15716735931462,-0.532515643767402,0.157524361844649
15.065,-2.02676079049715,2.12587188379035,2.68537568159408,2.80612063091374,-2.37721833950738,-2.23003578044923,-1.58116299257083,-0.288342293850329,-0.604653220430737,0.339076781272921,2.26388117157952,-1.03624450131823,-1.99761916532436,-0.39396495741875,-0.145705997567842,-0.255463424759933,-2.54656575370466,2.99908897194941,-1.18676627851882,-0.171829814832167,-0.0484307093384235,1.08164008041735,-0.510970697499265,-0.00574626752852628
15.07,-1.29941391574924,2.41043018048543,2.10753532925019,2.18003348207466,-3.29699174653528,-1.4456347147028,-1.42350135309538,-0.232243514434249,-0.153729962718504,1.87955592607488,1.79043728257499,-0.91774440247915,-1.9978619377982,-0.285545099892574,-0.0994309299831608,0.425777697763669,-2.71104977769838,3.14634748552368,-1.25454929028949,-0.185348945338696,0.0580279313731588,1.12116240687385,-0.298709145066382,-0.145195607238859
15.075,-0.616854211376976,2.03156198262393,1.56743805896823,1.42871369617244,-3.82188590631052,-0.611718672813724,-1.22120886427073,-0.109372562117905,0.409302685166766,1.67477355973981,1.39872453725889,-0.748767169127035,-1.99705082328807,-0.28902476639391,-0.153154199901561,1.33705305903745,-2.89938565870072,3.44843497040399,-1.36350306171037,-0.215794199866192,0.106410183112595,1.19172764447717,-0.0105792111946725,-0.232302750014671
15.08,0.0556598135303386,1.86866207877503,1.06374267014542,1.26789807417055,-3.98993965597147,0.002816399483412,-1.15008675497007,-0.00846946411358258,0.446206345880215,1.3174970383454,1.18207564846418,-0.575435962283142,-1.99545885794909,-0.35072292923626,-0.274025282303186,1.72921339835988,-2.93291641861209,3.58616433870577,-1.47105476507534,-0.235465990793042,0.0914739998472333,1.27070976891574,0.197614279482755,-0.244527449120105
15.085,0.580416692399176,1.93235535693565,0.698694066765468,0.688658335382673,-3.617885641075,0.74699422148823,-1.05604752105475,0.0654786205665664,0.325384176061048,0.995879026737384,0.904476675233081,-0.412961567547257,-1.99289834794834,-0.357943991169167,-0.442566977640474,1.88596938678075,-2.70701532658925,3.52669925118248,-1.61163899347779,-0.254049761621324,0.0383956906891119,1.3513848146942,0.310280452441835,-0.210023352957441
15.09,0.733526668315879,1.61268980951099,0.532201575845735,-0.496737901530163,-3.04632211594055,1.38548642807502,-0.883728843242376,0.0406446840110989,0.27801168345145,0.451828449952587,0.493818060832497,-0.189836899799001,-1.99121057526748,-0.324599643583866,-0.542949658908072,1.7238782316828,-2.49841258680229,3.37914835837041,-1.66916842531711,-0.250386453688599,-0.014252013129521,1.43962589545663,0.302056013020865,-0.18035090596972
15.095,0.606959085547249,1.25048395145648,0.54025911730092,-0.939668382455114,-2.58815231733987,1.97984331413546,-0.71892083528947,-0.0242969363389333,0.224796288786402,0.147139445903925,0.106796347713618,-0.0305279640991229,-1.99028392368969,-0.285063585952644,-0.592096174979728,1.33799425315671,-2.42581275803106,3.30441579606209,-1.69209435727423,-0.231561881128798,-0.0616961478384913,1.51454880608832,0.245475649114243,-0.159247669975795
15.1,0.385110542973846,0.988737622740006,0.583358166010634,-0.779253982229553,-2.33233757610241,2.44643163148312,-0.552712205239765,-0.0521625034509431,0.120666178417044,0.0569599874190204,-0.338305892657264,0.163533939262394,-1.99006859608216,-0.275063479333629,-0.603283824036355,1.08043718357731,-2.36164879163726,3.31622219510731,-1.67090836734358,-0.196152437067938,-0.0880845131440044,1.53925763443806,0.160069184715624,-0.142298767559232
15.105,0.27040039699284,0.894787371012884,0.667567265920917,-0.45663403509775,-2.20753269995994,2.92847908934503,-0.485406958309842,0.0129399342475486,0.0464047277614084,-0.207947933200483,-0.602432588980432,0.361917136541651,-1.94727489885829,-0.244059852091794,-0.606830663924614,0.987030515630269,-2.18226066378525,3.35461941732218,-1.62399072652105,-0.163242687082482,-0.0962193574827142,1.5289918299539,0.0518910425539091,-0.1325878828277
15.11,0.20853936554683,0.843288072071214,0.741989637004987,-0.208256956547598,-2.23288813911285,3.20847384392545,-0.415380270929801,0.0901949596294545,-0.000481339211195449,-0.440973404879941,-0.840244733687904,0.583301782262409,-1.7753096588916,-0.178094189590264,-0.658521818383273,0.912337670212936,-1.8800631076138,3.38908195245772,-1.54262686687381,-0.132792853882231,-0.0899255392741517,1.52733166855637,-0.129880570119214,-0.116331253302532
15.115,0.0765635719730988,0.8143433804224,0.814409324494803,0.161279222669499,-2.38742950263605,3.43526296008952,-0.333109386243862,0.124444228922476,-0.0669030252965586,-0.623449721726203,-1.13350875544209,0.856602174904588,-1.62007118232906,-0.145167244650102,-0.707063969058859,0.75811963529067,-1.58238179588239,3.42304729187269,-1.44691802364936,-0.11664666283877,-0.06328858210117,1.56930402971854,-0.368479397980943,-0.0888363821432957
15.12,-0.00198335524800327,0.802475965848853,0.853078010217883,0.380323310079022,-2.56442239168928,3.54108131889843,-0.282406833918556,0.133353545471169,-0.131650119855751,-0.757497213392805,-1.41148717285616,1.10034289585947,-1.45969133441147,-0.185317548640921,-0.775975641481351,0.431343962530589,-1.2288781946317,3.38509379584376,-1.43305366777598,-0.0134113394624556,0.202271633906207,1.25274406837162,-0.595931973999142,0.572895003706644
15.125,-0.0599745450207996,0.691699165368235,0.892643647922664,0.458254343636992,-2.79006514293562,3.58369431011164,-0.247937605921722,0.0838537320753371,-0.137573063215385,-0.872559177892677,-1.73564850005712,1.38624055688439,-1.4085411533716,-0.240483379221707,-0.815703785499456,0.36359678674227,-1.03397037625691,3.19151077585619,-1.25499124777682,-0.0879946480726029,0.0472138254015981,0.827856073499883,-0.306755759983343,0.671092871738308
15.13,-0.083006812064195,0.528034562574537,0.940286143088631,0.609185286134583,-3.05769021954938,3.60105392310244,-0.23728451678861,-0.0161224462129077,-0.0786055426537067,-0.9865106293114,-2.07614385854477,1.72633213523584,-1.37091129838146,-0.220387963092293,-0.921085120805861,0.471699260888487,-0.872605471518979,3.04586316218537,-1.15192773262017,-0.256221165112844,0.0466554652092412,2.43803577617877,-0.688275188857025,-0.0886988466412214
15.135,-0.145575319257414,0.388564678983787,0.990066507488058,0.828594126145714,-3.26491724086874,3.62673993193725,-0.256190624214213,-0.13173896735271,-0.039435619194082,-0.969057611508981,-2.31395248263698,1.99603008738372,-1.33330809972258,-0.201044098067379,-1.05633986527687,0.49273426089587,-0.743320226506406,3.04865239216846,-1.02070221191445,-0.139129991355544,0.27982541731995,2.74126655901887,-0.715542442522554,-0.166362971067429
15.14,-0.264487901152696,0.249180346741769,1.05079292055182,1.22188309235561,-3.53314231776864,3.69004669357749,-0.283675318264459,-0.277052729869409,-0.060495060424353,-0.854121569660717,-2.57192567320307,2.28124547657143,-1.26856104869857,-0.201285515260321,-1.1549813719073,0.218457842652986,-0.741123691827973,2.99441355719695,-0.91292797429858,-0.134798894642406,0.252015330954285,2.26829629012126,-0.31025867611802,0.0680789976633484
15.145,-0.345682046159461,0.215790913983193,1.11506676491673,1.58601189218315,-3.78896668777727,3.75890195689532,-0.32570180351481,-0.380299273008615,-0.090212191843366,-0.715455975226248,-2.75304451223751,2.48765097331385,-1.18130677425418,-0.189773135216799,-1.24022048710171,0.0551485419273376,-0.516314037917485,2.89718977589232,-0.879491552210354,-0.157910338384632,0.20387666821758,2.3196118865197,-0.124131572331373,-0.0428891096921767
15.15,-0.414025032055839,0.182139210462372,1.18234974011816,1.88262302753787,-4.12705372883061,3.87838767440264,-0.359887876149838,-0.440862419896079,-0.0822839709502505,-0.51188213090987,-2.92813158394546,2.67092213032285,-1.12493270196275,-0.19525942625639,-1.25761510296568,0.0416315266704961,-0.315663447712856,2.88525225497694,-0.825885607467815,-0.117911482883181,0.245360126863373,2.31812637599989,0.104711102873187,-0.106579967092766
15.155,-0.470827997961785,0.138204272608305,1.22613280193278,2.09205806522454,-4.45870007994389,4.00346726958119,-0.387799891347158,-0.492347653090035,-0.101538164985405,-0.344950166678778,-3.15802035334783,2.8650572847556,-1.0279561541138,-0.238637864038708,-1.29193109221713,-0.020959713635829,-0.1462436214713,2.90965172376002,-0.829267717995764,-0.0842884645090951,0.19645031070507,2.11158265370519,0.323513224838024,-0.0953642345533103
15.16,-0.483652960169374,0.0897398381072751,1.23150277314365,2.26450081815037,-4.84151643146387,4.15627282106786,-0.410341155649326,-0.542998719456,-0.0774808068650931,-0.26433867852043,-3.36964580003726,3.06483240268582,-0.908651843631414,-0.279074073001483,-1.25551137901609,-0.187513548125372,-0.0822320723095954,2.87976269524499,-0.839792254115564,-0.051898551211524,0.1612883992816,2.1699569339047,0.250299421517289,-0.0945415649850171
15.165,-0.444423662088966,0.0140455354960586,1.23343338749446,2.28598069371885,-5.09593595802781,4.28226278034217,-0.467294104752422,-0.605608950292212,0.0389978122504278,-0.102309210412646,-3.5883229509633,3.18405919198947,-0.780661358730526,-0.318800233806292,-1.24678341475277,-0.389234317141806,-0.0946386536770626,2.72976903499719,-0.818249922834664,-0.000862910340962841,0.162330966278958,2.04409609888737,0.00956261822543115,-0.0692107881788607
15.17,-0.392725272720099,-0.106227149613337,1.21101990574372,2.25185778794231,-5.2551027614062,4.38917255378479,-0.533772248256173,-0.660253059970615,0.170177582042052,-0.0984926861066803,-3.84906654926681,3.33797390922252,-0.672029815398877,-0.358277623420946,-1.19720877610824,-0.439777826924713,-0.0875940133721388,2.57468876392873,-0.77361840667948,0.0169687483020661,0.149875448153112,1.87664675427089,-0.133944449399605,-0.0329245624878862
15.175,-0.3514806307284,-0.246158617582934,1.22361431441551,2.16700324240626,-5.35680631807197,4.51611812027128,-0.5900886057363,-0.699292489476321,0.253421293340332,-0.183422804081654,-4.04546897806164,3.44140795330788,-0.588541513960542,-0.395729597377844,-1.14423313282046,-0.613005467093022,-0.0907396873198425,2.47774283012794,-0.717076909153503,0.0450499265513355,0.12671523270353,1.76223498897065,-0.196777675941352,-0.000928786828129623
15.18,-0.380573627211694,-0.346295557816648,1.27827434997093,2.11509842582156,-5.38772012502973,4.63265587707728,-0.659425134984974,-0.719799627603388,0.281542681033788,-0.239307652402978,-4.28124540222982,3.52078881126928,-0.451095444143108,-0.42407897748143,-1.0997977024418,-0.937666673312942,-0.0767808414102516,2.3451284006333,-0.633318386099727,0.0588383388835251,0.0975237727907082,1.61860705195766,-0.141675674682714,0.0355735805470329
15.185,-0.466860311887919,-0.442366388731025,1.38710130589326,2.04219906719728,-5.41703673621569,4.72954066896289,-0.698753456523527,-0.738354282166546,0.238913890438251,-0.293932930540818,-4.48923702959215,3.55196317687598,-0.369237202118604,-0.430698211193934,-1.0430823805263,-1.15378693452572,-0.0457280846203225,2.25969495047349,-0.583830368189699,0.101622042077635,0.0663418961000142,1.40400159075125,0.0461449346559826,0.0984600392765974
15.19,-0.574247076972774,-0.51988727900344,1.50165876168906,1.9358597396883,-5.4722569965389,4.77087785803369,-0.766297070349437,-0.765710956622074,0.171092549152449,-0.502814301622659,-4.71405445066657,3.559459186017,-0.268155543149564,-0.471369100308384,-0.962672307672428,-1.42723543334762,-0.0190904852510574,2.14274133900748,-0.528421598364132,0.110311381451665,0.0280743495130629,1.27054643219026,0.201402328730451,0.122660975044085
15.195,-0.728637228662725,-0.596234078413647,1.63483163690698,1.80834750859705,-5.62051409182431,4.7858614930427,-0.82060157194144,-0.775297205828751,0.128059141875886,-0.664675532774107,-4.86378094662985,3.52438778450263,-0.188280224663369,-0.502658071701918,-0.915696348756144,-1.61168127815883,0.0102520694060104,2.03507998874214,-0.485711814680592,0.0988528399044236,0.00866864395501919,1.19426539916609,0.333974052195792,0.132952183485031
15.2,-0.85208205777454,-0.654375620289222,1.73138158764403,1.67010492103216,-5.8068230883584,4.75748047440052,-0.886476588193058,-0.774113289509195,0.124844063729827,-0.687002094668674,-5.09029545108223,3.47286616993187,-0.107558056049535,-0.507784896275475,-0.826921124358243,-1.91665592914918,0.0282725967804513,1.85331898018727,-0.461495235062208,0.0973062320939737,-0.00304276527286912,1.17695263491454,0.410361364130788,0.121156736460441
15.205,-0.95892321979111,-0.752214680846609,1.80716611749806,1.48490186857244,-6.01765898638212,4.66802888686966,-0.920386618427237,-0.783375911094938,0.115644868504224,-0.752450550681777,-5.2198624334292,3.42633242517647,-0.0855216742596355,-0.470095715274992,-0.769612383354035,-2.11991193632939,0.039436068027151,1.71442735757965,-0.430709062379002,0.100337090939917,0.00523026780766564,1.18400978644843,0.413335918859699,0.10267090257876
15.21,-1.00502597998802,-0.847192100414134,1.83962337400298,1.33737120923176,-6.22262514022831,4.54527416159492,-0.944588837976771,-0.809971253321052,0.0852829821604622,-0.975444668071595,-5.38906904644532,3.36582135974609,-0.0704445165149106,-0.419962247964038,-0.668446666777908,-2.39149034455996,0.0348717280725785,1.47936378032935,-0.402186552627516,0.0865837404751202,0.00876761578000562,1.17960730703381,0.38067879837368,0.0888893330512307
15.215,-1.0337666629435,-0.953248795990481,1.85262266822005,1.18551635773658,-6.50668986870969,4.33868387458585,-0.963524498512968,-0.834773587362263,0.0683854830438183,-1.12956089880385,-5.61499579337031,3.25200089269933,-0.0753779339092206,-0.391374343393077,-0.576090653114103,-2.62684548250473,0.0427992161792857,1.28464131328515,-0.380338147210136,0.0700064698855088,0.00283506822539546,1.13692163481966,0.34480592739365,0.117486338638604
15.22,-1.0390992750011,-1.02225603019189,1.83123219562025,1.11494793608505,-6.70467902227551,4.11983167831374,-1.00236734077605,-0.850951564302921,0.0724051432524093,-1.21589586281099,-5.83195668340331,3.14190969285053,-0.0976644490966189,-0.356405648827043,-0.464225086957542,-2.83999093337494,0.0351742942730118,1.0894761315382,-0.363739213851987,0.0426644756242137,-0.013756505810328,1.03352025250249,0.307386873001651,0.149130315584119
15.225,-1.00324087101498,-1.12726907305764,1.80378159637878,1.03477266136628,-6.83996255032212,3.86656721936644,-1.03592000219965,-0.89476996414457,0.0664668469788948,-1.48383164229811,-6.0316571114669,3.04967898410543,-0.144496102695164,-0.351203608980103,-0.369896237911054,-2.92161642870285,0.0141836354549699,0.911102719536716,-0.369554800183076,0.0135865645332202,-0.0119545643867956,1.00252785742576,0.288294316915851,0.158452658063084
15.23,-1.03329119855411,-1.24794461961856,1.78784882799637,0.940737948509844,-6.94074921687151,3.53232538988164,-1.08106388461123,-1.00095989494526,0.0296000416977127,-1.650798782709,-6.20554717538255,2.93894578508747,-0.199492507521893,-0.338396424550647,-0.272977806076133,-2.98324158844152,-0.0252320420325586,0.725149755015564,-0.349976541902879,-0.0190554987823134,-0.00734467600886278,1.06173921866196,0.265992851834155,0.158368793395469
15.235,-1.08010579563424,-1.28280838387012,1.79328429954233,0.984431377491378,-7.00131615001118,3.25405138432375,-1.12146563197789,-1.10894690626122,-0.0120679557557798,-1.67710325181406,-6.38681968233886,2.79990569964163,-0.238242944008481,-0.303685344656238,-0.180452040445204,-3.04025888166301,-0.0853161267925426,0.60090750593298,-0.356462180797498,-0.0382895150112651,0.00787734660837739,1.11665386644548,0.221814341909083,0.159738549906627
15.24,-1.11471748082208,-1.36022484421025,1.78304171045088,1.06203251025455,-7.0597455856048,2.98202405684849,-1.21025402062353,-1.08760560602039,-0.32241994135484,-1.63486774275231,-6.43181882950814,2.66512957314025,-0.280248854449748,-0.268491282187722,-0.0813453568085694,-3.03142571113255,-0.148135805805438,0.54908307917542,-0.368639170783129,-0.0583961586039543,0.0133846308787833,1.13223568169493,0.17380875932563,0.159412567854372
15.245,-1.18439485093687,-1.26140112329929,1.84297860498242,1.49394196988885,-6.94611938034832,2.71996621625211,-1.29475060970925,-1.1318309479941,0.0202931050625071,-2.16771652893355,-6.61686711011773,2.57049614272763,-0.312808190644914,-0.235382586732355,0.0202761928755512,-2.90908363037256,-0.239152110926557,0.506992785156489,-0.373340071254594,-0.0729917301311573,0.0212840648866593,1.09404626089281,0.107930059756057,0.152920551045308
15.25,-1.35249033721496,-1.10692002954733,1.85851375024565,1.03667723861267,-6.91040745586528,2.31805448342702,-1.23022765031769,-1.2274832844052,-0.146760185205047,-1.6223807163969,-6.94243511194913,2.41160231269041,-0.316288747959104,-0.249007177876125,0.0730384195663848,-2.68508804679468,-0.288245014404444,0.474580891987613,-0.378890264549534,-0.0860237463730648,0.0324256526401419,1.04286764940677,0.0702183942291285,0.15158643575242
15.255,-1.47028547145726,-1.22036291860781,1.83217519477067,1.03710802164157,-7.00331209047973,1.97130057561237,-1.28494159661245,-1.37231727140183,-0.44532107253031,-0.352701208823055,-6.91519131957428,2.13063692413641,-0.284104678413672,-0.314935874438888,0.106199914325106,-2.4132271474347,-0.308442448496042,0.381893055361316,-0.386238825225004,-0.100541526425013,0.0509514749665775,1.04162560423237,0.0611883607405203,0.151231560973105
15.26,-1.41070238548676,-1.09572292647328,1.87789117361212,1.40605664857234,-7.16391711895968,1.76680602353854,-1.38575873878936,-1.30946442086779,-0.288011487620836,0.986372849575225,-6.92118776992551,1.87788919872654,-0.253199075582367,-0.370802457947093,0.0926390065976955,-2.24280886327838,-0.289591210543473,0.29530277119906,-0.405550881633316,-0.104810270072132,0.0805182307140193,1.10727746608271,0.0932899105845659,0.148967673721341
15.265,-1.58061307618684,-0.953196218517721,1.83822192744557,0.867980752028137,-7.32482203423741,1.33106477233191,-1.45260224127091,-1.21219011819158,-0.323851423037534,1.52620913387466,-7.00146995573376,1.74246446368568,-0.212775398453032,-0.496114032873167,0.0433806982148526,-2.04425467324498,-0.190199765459552,0.123855802751847,-0.415784411293933,-0.105591697509859,0.0963890620527152,1.16251935726393,0.110707830565904,0.125739350627798
15.27,-1.58372406525395,-0.985185734266634,1.86486107012748,0.859085931588528,-7.46949281393071,1.09907621623776,-1.42491793496954,-1.21609045037936,-0.33736770189955,2.32490485810865,-7.05969229909632,1.6116339813994,-0.167630923619512,-0.581614457424336,0.00534293156128378,-1.86992033137518,-0.0777878888528752,0.0216687805302673,-0.427351690432892,-0.100447425449062,0.109334531363945,1.17864274373003,0.087288232486255,0.101877634168051
15.275,-1.56491778197246,-0.877357530051613,1.84329610573561,1.0912354849554,-7.58251294104025,0.909475270404094,-1.43296527084746,-1.04098855023862,-0.375024585912519,3.11765872718085,-7.12278268556083,1.46186215888878,-0.124483973192382,-0.627765270057835,-0.0145156701269719,-1.47527721256375,0.0197286302761129,-0.0108564561171199,-0.436375074327961,-0.087752083247326,0.12144251519054,1.16804841016766,0.038526550234043,0.0772856406248212
15.28,-1.54810540915416,-0.712408486960393,1.89674339204223,1.14597708175008,-7.60842100595295,0.777834711678078,-1.53928119293388,-0.74868804468151,-0.522337314921705,2.85589522639103,-7.03646569947107,1.47947618902176,-0.102495229276262,-0.656543775102243,0.0116057298492506,-1.24201572467055,0.0941398688570502,0.0091932281749628,-0.438036591664242,-0.0712229211671529,0.131444816259533,1.16937890090088,-0.0145619601395832,0.0539418179126302
15.285,-1.58021181823842,-0.598332796312512,1.89390665796152,0.851717116361488,-7.33483491961721,0.582122954152379,-1.68694977236248,-0.605219219441057,-0.272389515050501,1.46819054343894,-7.19198974708542,1.57819564403847,-0.0974819662046898,-0.661613350103207,0.0689321001594046,-1.01061379888254,0.12271321182586,0.0906713235064051,-0.444673018590134,-0.060107980625176,0.143396453689014,1.17590301655832,-0.0405883683975045,0.0396100552163589
15.29,-1.66428098323472,-0.558553176762108,1.85703841333551,0.575712976738524,-7.15668572022702,0.324515799949795,-1.67970367861002,-0.640256940041142,-0.424771754851099,1.06218025250153,-7.40742758994217,1.53423161415164,-0.111389198595163,-0.660110432648335,0.151024047429802,-0.710505349129738,0.143903210142568,0.213013690041835,-0.458301037835433,-0.0385025688297801,0.145049881818076,1.16317441796735,-0.0605606468910549,0.0285749346490916
15.295,-1.6943372692375,-0.41960745741248,1.8489384024212,0.71525826280664,-7.13679373198458,0.117035520836305,-1.73099673424066,-0.662643260387581,-0.500563157845699,1.35429326049959,-7.32805207919203,1.43002511223172,-0.124450308234997,-0.694335257470295,0.223430971961958,-0.260589903593143,0.120272027194619,0.323314209853443,-0.484969147769246,-0.0209592264252211,0.145397251583302,1.13523848692366,-0.0649087611858533,0.0194598851112304
15.3,-1.79360177066796,-0.226437804405938,1.79117832089716,0.628823800624605,-7.10786799427387,-0.132651126558832,-1.88403770093707,-0.657526686964944,-0.475398821810866,1.71441069356117,-7.38493691327604,1.34135222200543,-0.133654536703966,-0.716662995538323,0.243183671231896,0.237333287411103,0.0860259423797778,0.406018145713513,-0.517758767392686,-0.000505545623124628,0.158105995522646,1.08849816791295,-0.0727226710180794,0.0133053410404921
15.305,-1.89748119447077,-0.186436397097313,1.75869335367913,0.403643333384127,-7.03302830285175,-0.424840481577583,-1.95051590870729,-0.615411309347575,-0.570159396755573,2.01847771457291,-7.40598026034834,1.28180578512662,-0.135363495042559,-0.729804071224089,0.239245903741173,0.702126626466449,0.0486817388706151,0.478475550500959,-0.547670849492594,0.00768154151583797,0.180725417030293,1.03543389345938,-0.0702967410996152,0.0160830154449632
15.31,-1.99132967977855,-0.224193647758589,1.66021317464741,0.32893600437752,-6.83435227271747,-0.690605660948191,-2.00915171737828,-0.52205904577328,-0.625264106215428,2.2471653869199,-7.33492928242214,1.26553374739732,-0.137630560249543,-0.71464905862999,0.233324958850928,0.994589009113286,0.018331763532975,0.51987579822481,-0.587972571250558,0.0173338254147129,0.209753365304156,0.973685717105664,-0.0676556827579012,0.0244089245069305
15.315,-2.11308268676644,-0.244917327597917,1.58143138706254,0.30472524787197,-6.57236883253369,-0.900936970573661,-2.01340484841874,-0.421383135003927,-0.630284825901953,2.0928121140399,-7.31572621068624,1.3241535791363,-0.139193785989757,-0.685305928203883,0.239708089178781,1.07722573518548,-0.0137402042990771,0.490494690768405,-0.625410325149272,0.0190409405218125,0.232642797319894,0.889025700918908,-0.0910469968067954,0.0296785679757269
15.32,-2.26481915419788,-0.281350990474709,1.48040872311118,0.361933112451072,-6.20297119951618,-1.09258592476216,-2.07987760196847,-0.368961524868218,-0.728851082473512,1.65162322182233,-7.25282211459453,1.44681202602951,-0.15992158692993,-0.6500391670505,0.265967641804805,1.02729736712671,-0.0734284262094803,0.459222231372709,-0.682313090094966,0.0151070646850075,0.255757751033279,0.82273955588349,-0.123970331826971,0.0233933933247781
15.325,-2.36400261566019,-0.246057560678513,1.42319759181642,0.544042915707031,-5.94018658277244,-1.24094031166593,-2.01639574133496,-0.361779352876732,-0.762168480772962,1.370249074072,-7.12286410548662,1.44585294792016,-0.207414281139288,-0.542623914468984,0.319771420553639,0.754632231631678,-0.155276512369478,0.408647274830914,-0.732967150504868,0.00305480290065585,0.280949234382993,0.780498815341562,-0.162111654609745,0.0209062386255904
15.33,-2.47642629651125,-0.167948788404463,1.36676343156255,0.72369151338756,-5.75570175390981,-1.34025733993182,-2.02912058106442,-0.383459346898523,-0.905296026506195,1.18406886825741,-7.00070660696884,1.42710579472566,-0.284111477979266,-0.356459470298644,0.366486499608812,0.24592760417104,-0.247290487298117,0.387975166309594,-0.77792042672645,-0.00711219231077748,0.311487982322643,0.748725971737731,-0.209127266850595,0.0128779002586205
15.335,-2.61840479818224,-0.0976407829799682,1.29103159867919,0.8106959054069,-5.55220641376861,-1.40303923115384,-1.97315014912397,-0.445805168956695,-0.950874534078707,1.12060286252554,-6.96302882799634,1.38358533637946,-0.363933223732979,-0.0646397276201287,0.37500973241241,-0.442547502062711,-0.271789932414775,0.462168656823496,-0.81411071570505,-0.0321342167677965,0.329592620495022,0.762263526399789,-0.226332469969785,0.0088795118462662
15.34,-2.72662725814586,-0.0712084706006256,1.20996505618631,0.860266752854173,-5.38977201512269,-1.37244168358457,-2.03062670939153,-0.534842184895824,-1.0924323930275,1.28868593722536,-6.77155675990864,1.30856082703209,-0.409901792762506,0.216288022264607,0.360926808371018,-1.06147267442435,-0.227240673760635,0.58759463208354,-0.844910627214781,-0.0548782371268303,0.35989146848638,0.81045528520305,-0.222076685066196,0.0155206479741717
15.345,-2.87900328086251,-0.083539162281296,1.08344366457204,0.925263268938841,-5.20596857027375,-1.17509954604534,-1.99592090209965,-0.621964511044366,-1.1264517995039,1.42322331014094,-6.61698695845148,1.25738208238519,-0.431292367895612,0.503657107709247,0.304097501920248,-1.43964381664241,-0.0894545629391392,0.695282141628962,-0.876817432282773,-0.064822823202293,0.402241382444742,0.930834700057005,-0.213021964337456,0.0153987910137476
15.35,-3.05389636006787,-0.1633367415,0.954399081951933,1.08438652752383,-5.05568802124371,-0.831287303185497,-1.95291542931347,-0.691021631773228,-1.354904041413,1.28994346178348,-6.40363497107378,1.21378548099849,-0.451661574508874,0.7821721376812,0.237010654163486,-1.42797461807417,0.0794900769167553,0.708386618292091,-0.922014487845634,-0.0720651374544334,0.456412083531483,1.00594154993693,-0.220084623607957,0.0131834498157238
15.355,-3.26000308303375,-0.23955611557489,0.758570129523843,1.35346785702647,-4.9455132711802,-0.353358709716321,-1.77815833719059,-0.727374560675097,-1.51956081109321,1.0916572440733,-6.12342357230858,1.11854486341536,-0.496732235374457,0.983448575037993,0.159897883762258,-1.02896749352901,0.191787982738626,0.623863129609375,-0.958192814845069,-0.0686569646860602,0.510841372770926,1.03638405720583,-0.221592326879557,0.0316210688782882
15.36,-3.39557542132664,-0.230499071067954,0.48781282359934,1.65413094543596,-4.91167570524741,0.13025755530028,-1.63877315185798,-0.770378160469652,-1.66521359252778,1.05872343981165,-5.83184681213322,1.06386059004624,-0.601778835053604,1.09994271326999,0.100101090284484,-0.448176946764444,0.245070292523772,0.455298188320292,-0.986849207840152,-0.0543411602511394,0.550901915359426,1.00008918806438,-0.213730758904976,0.0505411048103705
15.365,-3.4784517682043,-0.337682881436019,0.0301970621642476,1.81159449579701,-4.82977492591389,0.734388906467246,-1.44820149341256,-0.824188466077854,-1.84943243326152,1.13302028285143,-5.41302720218768,1.01008183936092,-0.888175673086008,1.27415135399592,0.0957904551296802,0.310632794042856,0.220390929067349,0.239120401066917,-1.00651692463442,-0.0424892843909707,0.573970743503564,0.921201374635081,-0.176034311523121,0.085518795674897
15.37,-3.52348666300533,-0.530029967422556,-0.373544620584999,1.84945038809402,-4.7127902744114,1.12031532883552,-1.27504339652126,-0.800246302138729,-1.98421423291705,1.43937190325677,-5.02272795686689,0.959938659119126,-1.2007051272558,1.53652384665426,0.115566921435216,0.728194044175699,0.167642998123455,0.19876763731819,-1.03178715836068,-0.0300212161057763,0.580721734738911,0.84196679355456,-0.128611265234637,0.104188511927301
15.375,-3.58267028361778,-0.82679181789015,-0.918564719686771,1.95112557328634,-4.42949417314894,1.42613748729186,-1.09119196185434,-0.72687490143138,-2.13737251217635,1.83931813136994,-4.48423461743622,0.889386979124492,-1.57816390166999,1.95163218676602,0.134650197427386,0.977172265294497,0.118500980788246,0.454695973435641,-1.08175127706946,-0.0253247021680963,0.574891285888648,0.758110564254776,-0.0722176771043611,0.115160996766014
15.38,-3.68495423494847,-1.15202935103622,-1.36319208918291,2.0912739771426,-4.02247509734948,1.54999193698101,-0.890830808933092,-0.606629232309279,-2.21590846587552,2.04687927903148,-3.92887773723532,0.834285301238416,-1.99184463684168,2.0485037775748,0.165547396591832,1.05406104520737,0.103638072432134,0.947898113233548,-1.12530851084494,-0.0184936329989205,0.567723002966712,0.669309533345706,-0.0183477415783966,0.131595168241066
15.385,-3.86400011470707,-1.51403665264378,-1.77556128706633,2.15637375558262,-3.39666387987475,1.43702600425398,-0.762861675253218,-0.466590048302787,-2.27118104363608,1.95103954196152,-3.26925888052341,0.737209140742302,-1.99485940615992,2.05178546509114,0.362525203483051,0.909481684847876,-0.0371977913119172,1.46679036855443,-1.17261279697025,-0.0199305382368363,0.556708156859734,0.578958920443818,0.0399312626873149,0.168964397285056
15.39,-3.94344107588438,-1.78385124414899,-2.164073378023,2.16396649365274,-2.83002513229562,1.20741748811918,-0.528780279269267,-0.308268463848252,-2.20780840613203,1.7467153263086,-2.43834753364381,0.542792037777764,-1.99657051602918,2.05364793860459,0.474318792893217,0.424282259284907,-0.263042836274759,1.68362990458355,-1.2077676401643,-0.0243365774591165,0.566386834719047,0.547548925746256,0.0719343975197489,0.192771446892258
15.395,-3.82659624980827,-1.77360842458363,-2.4665766393474,1.75574945232619,-2.07728680985364,0.621824530122735,-0.499047165362224,-0.187299971724605,-2.19653080510677,1.60434352700074,-1.65710343692299,0.238905006897414,-1.99477054965731,2.05168866429474,0.356716054334641,-0.0427369243012908,-0.250201718696766,1.36247844207099,-1.25054565203627,-0.031374937650298,0.571544825937225,0.5280641913414,0.11833028974433,0.228715571508635
15.4,-3.65844294532277,-1.67022314524858,-2.5887168184575,1.06403106307863,-1.39284503551849,-0.0857205653956402,-0.532540513683836,0.000188410223168164,-2.24326114891431,1.61217720790912,-0.912472721861251,-0.119891653467195,-1.99274820761958,1.77676293672332,0.147901732153755,-0.141613269360159,-0.0130870374353587,0.860307863704451,-1.28191734084044,-0.0416952628891477,0.574247023340316,0.530389386862542,0.184444455467321,0.250570219601892
15.405,-3.50986053462578,-1.72256677783362,-2.5317999430635,0.0934552601573425,-0.692650554235025,-0.93849854308043,-0.514707846561184,0.097422803732872,-2.17391195123047,1.42510228091126,-0.193139944944105,-0.370403236054795,-1.89244546678052,1.52658925701546,-0.0116884521830633,-0.340354207856424,0.347959609466648,0.469438055184122,-1.34007496438095,-0.0515993588640332,0.551880220486215,0.502109109886136,0.233149439409278,0.242702384685509
15.41,-3.44718953915043,-1.80533387840183,-2.3027550417215,-0.760201956009262,0.0816062863806093,-1.91955936206992,-0.543081582861892,0.0523614029381642,-2.17773945807778,0.902646009376595,0.596399666700373,-0.728286520094263,-1.91535726835262,1.40852598108069,-0.0236328385597378,-0.484109855720586,0.676197654088398,-0.168632981662845,-1.36382034292921,-0.0645754927765715,0.547787893099597,0.434815595970544,0.280628698061111,0.225380591379506
15.415,-3.53990672163267,-1.8281884784157,-1.74938326057557,-0.776779224035696,0.765266613040155,-2.57576862926119,-0.591430686391599,-0.136158618376046,-2.32998251315249,0.365071087004538,1.20505498139186,-0.975288656595428,-1.72429357295732,1.48485465426634,-0.0515255451946252,-0.801959666984024,0.833206308443773,0.200677266028766,-1.43882978847091,-0.0965835660007741,0.54371419349349,0.372055285501454,0.318695032133146,0.237169441871357
15.42,-3.49461944272605,-1.43415027264871,-1.68455405107969,-0.603452447494677,1.02248958855011,-3.01379993175903,-0.564359862940307,-0.428475950322382,-2.03247497687067,0.154960194517504,1.95098824866468,-1.22433633826532,-1.52073283968182,1.38467824692655,-0.0180821723523681,-0.681250392396683,0.670607698054973,1.09591666270325,-1.43470712251391,-0.0928116004986566,0.584654578379562,0.33118518107951,0.343039701531061,0.229983786313833
15.425,-3.23636164195147,-0.712688270776026,-1.56681962053648,-0.794804249028745,1.31912644006365,-3.44472067624038,-0.673249156731713,-0.203453249582646,-2.10372973398287,0.443100963661859,2.45891072764762,-1.39635903359243,-1.38434143687149,1.10547336800245,-0.074697691693789,-0.212032712857474,0.425265794622116,1.39945984494226,-1.51081289552536,-0.131104089039099,0.567823886119087,0.294258170007372,0.330490802083574,0.307714607484535
15.43,-2.94663870358185,-0.465727907701422,-1.30530586322535,-1.24574990671463,1.64391552362841,-3.72523016142942,-0.669106428971512,-0.147079697214084,-2.0007822698918,0.660621844283639,2.94631156845629,-1.5168098406672,-1.29993747357576,0.922287880417216,-0.26457515013481,0.23552269888315,0.161860388057959,1.42410111884786,-1.54982470511179,-0.145639500100424,0.611454877768631,0.507392816325956,0.323125034943703,0.10741659671468
15.435,-2.80068379933389,-0.33969107351856,-1.08857442018002,-1.19245959399293,1.92712123552743,-3.84419618425555,-0.737402659838729,-0.102507131143871,-1.87880010622536,0.845310504322071,3.29610982471039,-1.5370590522699,-1.22370799561336,0.871891122096006,-0.425625854303196,0.604588705690347,-0.00520863599861995,1.5517359056172,-1.58803381283122,-0.117358381431543,0.634973269843741,0.539236701678011,0.168665036721705,0.0747213772674283
15.44,-2.69451404891321,0.0901982938530846,-0.778908594127025,-0.959518587986504,2.24250197603425,-3.73425508837088,-0.855528395943578,-0.0414002830064301,-1.79785784033643,0.724312876182075,3.52488453888714,-1.44067135566953,-1.01925846447605,0.796422102678935,-0.590531879318854,0.904447971142891,-0.0988654950855077,1.74309901234741,-1.60224651542111,-0.110765699970234,0.612563796223756,0.302072163273833,-0.0169271753255241,0.265925650520052
15.445,-2.33599688443657,0.472686568117073,-0.708782697187324,-0.755898231940798,2.53232174744547,-3.60702167810976,-1.09359303727346,0.0856053861831045,-1.45772266228801,0.839738799103341,3.76622525415573,-1.39868469569504,-0.778915929631866,0.702119207311353,-0.686919856531034,0.523598562223657,-0.138779250025095,1.58724777703175,-1.563627604944,-0.0996306700199354,0.651718681239206,0.313593935445287,-0.1236820829804,0.28219330347623
15.45,0.388301458475074,0.707085094050903,-0.610556783133323,-0.14023956625705,3.14372795351079,-3.94977455785189,-1.85274821302721,1.21483925048529,0.0718707450521925,3.07731105146151,3.76234267374136,-1.45590427804106,-0.508514008133932,0.644360391151073,-0.924512292839726,-1.17580235529463,-0.0906504645291336,1.13373501280224,-1.49803340495425,-0.0777418571854499,0.742960334866025,0.377826186301082,-0.323291904096414,0.254416587726602
15.455,4.74086003607687,2.4639634337345,1.45908283337108,2.25940084546523,4.7621587195538,-5.71502652696383,-3.43932740936365,3.4953204819132,4.84651780351453,10.1184616807323,3.06220435179073,-1.19904182390908,-0.302456386875917,0.986515202205685,-0.811040274155935,-5.22865210307694,0.337754014037753,0.294068335139025,-1.43521447307879,-0.0512292005975167,0.806875313804553,0.430255585870532,-0.588026401403296,0.25198648327568
15.46,4.16164390835776,4.6819585257685,4.2572105810186,3.76730112262652,6.73235364618311,-7.55852095288234,-4.38158697790432,2.26098127335975,3.92107039746113,5.47226702359001,2.49745858751017,0.670978231217514,0.0221785080962371,1.15281742039079,-0.232312733882537,-5.34014089764814,0.32480756855106,-0.599749749569992,-1.39494891043875,0.0121929545280551,0.792958852955747,0.530580158993334,-0.933008806076113,0.249083623277394
15.465,-2.96842923320841,2.8658700490393,4.5659525688319,-0.743467023693874,7.02169695246303,-4.70251207969036,-2.929858383016,-1.94661412664968,-0.70878366479733,-5.91869422177114,2.40559935905472,1.37443447164042,0.281732122981822,1.25015530959472,-0.14111392690198,-3.15242790008158,-0.031150749889286,-2.23372832589096,-1.40180735113693,0.0802271314444787,0.672718535558951,0.661716142389649,-1.19634929029511,0.227298872721057
15.47,-6.46004929493898,1.84521754888935,2.22626101706286,-0.289987021640614,3.81512559939882,-1.16419430079723,-1.63443567889007,-2.12349855615251,-0.651703733401243,-2.02592465855783,2.72170529014525,-0.586435954504499,-0.180037004406902,1.20936763679099,-1.1355696032156,-0.966671029797072,-0.107916232100486,-4.02886831817162,-1.46830893670736,0.0982243550064745,0.523224213046077,0.671570361277642,-1.15325512556618,0.164692315240591
15.475,-4.71212976421582,1.48610838419858,-0.635356516316368,1.13012440583551,3.4598277796406,-0.383253950992217,-1.68999089335047,-0.591852732664968,-1.58061452504692,-0.797984629720656,2.48666025006358,-1.41911679470878,-1.39645345744313,0.58490718492677,-2.02802312750876,0.211698635638231,0.64375015577856,-4.27963492990022,-1.55440351381753,0.0571957953724022,0.378575371884991,0.475044011604702,-1.02281109433823,0.0839945416061329
15.48,-2.64410194141692,-0.699756019345244,-2.2311637966322,-0.563214314599501,4.80432418568958,0.217627401893962,-1.32270114330995,-0.148832517329913,-2.95864665434651,1.51674914122767,3.2088374915917,-2.07083884266103,-1.88991275434362,-0.401380665494565,-2.03713145642507,-0.338984600697718,1.38263261798105,-2.67996219818883,-1.59412930865684,0.0147505004693744,0.273334212487083,0.112258560402259,-0.95328283658771,0.0502678117086897
15.485,-4.52568239913648,0.0180057720842312,0.784523279724777,-1.7359394628624,4.94127364934983,0.615549251804629,-0.810341983829893,0.387692210897816,-2.88668562340612,2.81023029070375,5.01820941420955,-1.9887294214505,-1.95087546210657,-1.62141122693904,-1.61706037145945,-0.982910487313119,1.61721750893097,-1.02105027640229,-1.58823193357482,-0.0172931694383855,0.158301487235397,-0.146581991951305,-0.922025069626055,0.0381786554922695
15.49,-5.62153426244537,1.77565320984139,4.20934551768062,-5.35460338085872,2.12414444520706,-0.402545365399807,-1.04435591600777,1.5219456068699,-2.03120457408953,2.98715909445339,4.93591587330514,-1.79924111132463,-1.96970592920856,-1.93391813243101,-0.46450554439182,-0.585455851292345,1.02065732415176,-0.218170385470365,-1.53737788470543,-0.0934058177743864,-0.0172898234336588,-0.328527597747121,-0.858036942052505,0.0669107597045542
15.495,-1.62109031441269,-2.13756142269073,3.36559118493932,-5.14001505985785,0.217384337758273,-2.7132912847272,-1.31736508716956,1.71790286850099,-0.187892312135089,1.4295999035527,4.05889767518877,-1.30481513435926,-2.03573012585,-1.67738217062122,1.97180594895815,0.533732612812414,-0.539616270352399,-0.212326301059399,-1.36114390894613,0.00141289768469142,0.0531115372711645,-0.872701865645438,-0.699883909068733,0.118993398474611
15.5,0.367722486083498,-1.73037749970454,1.84184709334939,-1.67744527333934,-0.996119323904228,-3.18334469165065,-1.29439244609211,0.469252157365343,0.175882330765695,-2.32312310195534,3.49014422259681,-0.633264451598573,-2.02884417311825,-0.0770625486018053,1.97398230985385,1.42095790927171,-2.26746232445137,-0.833267148363292,-1.12472555901638,-0.276460573478592,0.131104870106807,-1.51696659776963,0.249647362373938,0.201035003806548
15.505,-0.076496415001076,-0.190617623209533,0.657745234799374,-0.350842104245851,-1.13032849091558,-3.01882505467299,-0.973397219617427,-0.958456810450357,-0.43244843831904,-3.50294345392997,3.40659152220822,-0.626527506342825,-2.01813368211432,1.59682316438487,1.74813276042823,2.31102280118839,-2.59780774218098,-0.596294342145951,-1.28294258147741,-0.234286151698036,0.0183379999389528,-0.30607144665674,0.897218071870106,0.688003071795017
15.51,-1.09654277839081,1.74313997541902,0.674211760863919,-0.206660940814559,-0.747176276682976,-2.2388229991063,-0.50718875246468,-1.21466571099834,-1.27664199397022,-2.64692672231015,3.33054261309666,-0.976718090055717,-1.99824936403143,2.05314686560813,0.724597951407368,2.97278287038637,-1.99829728874961,1.37946224538084,-1.39759045562949,-0.00521424198214679,-0.152631172625609,-1.41086175884203,0.117249325439891,1.16620834258714
15.515,-1.90470318776302,1.52001413681679,0.684604112512287,-0.356419180160933,-0.180222937856614,-1.03499395152961,-0.399006077473999,-1.04036902069898,-1.62652244365718,-0.53727405618166,3.25401996675868,-1.04115514254625,-1.30440717889624,-0.3044533199685,0.0799890846782857,2.15847359718364,-0.796033885280944,3.57083272571896,-1.37471627293111,0.153530823300272,-0.300529186321982,-2.36181476343356,-0.321978033654789,1.30068851422178
15.52,-1.47164061856518,0.0388238590706748,0.830222552238386,-1.10483281996427,0.00288844388317876,-0.506374295647796,-0.823230312939223,-0.37452756965576,-1.01992034314467,1.58911141685616,3.37700792378245,-0.968151873755108,-0.736724187907116,-1.83315013788606,-0.0916342324077338,0.626476580988962,0.00665625702655678,3.18974073583866,-1.39642337595561,0.132749031578403,-0.506200688574798,-2.60274011668755,-0.264310210217996,0.724448895633677
15.525,-0.891817002518036,-0.77585391681725,1.04010357493312,-0.611329620814747,-0.170111687646371,-0.427804757800123,-1.2151300916672,-0.0491974829895891,-0.74301920392296,1.66585456686539,3.28286805850452,-0.851867848128382,-0.0629348407996125,-1.98080303475857,-0.410859137350654,-1.04554444371257,0.636530693441235,1.41800444811586,-1.25529085928826,0.0166964105387801,-0.558691343534997,-1.6359399324117,-0.134342200528065,-0.414730538997495
15.53,-0.687334673622795,-0.113200034680461,0.972765025377596,0.615461792168559,-0.443454323052262,-0.447641609369482,-1.34325585427824,-0.213809896526377,-0.749657563833544,0.804899524782641,2.95724135399777,-0.778436892895327,0.39725271298122,-1.99538953451984,-0.598878669650599,-1.99991426116718,0.900456116123664,-0.282629596724607,-0.931705524374308,0.0616289077076231,-0.464948053023203,-0.630727290135161,-0.615006875578134,-1.10910669794311
15.535,-0.527150636444108,0.337985476323124,0.726744705441495,0.32557369599732,-0.467168140583888,-0.556605610390865,-1.37775047595115,0.0573470645460325,-0.817103594536191,0.156642930662826,2.94364470621886,-0.644418645803282,0.562983656088099,-1.77254285733907,-0.522478394339633,-2.41631330295037,0.85647093138318,-1.36867198741795,-0.907668999569533,0.169712517053493,-0.428708970122689,-0.32294136831761,-1.06312495000762,-0.986639778833847
15.54,-0.557945087021393,0.527860167896283,0.759692787382453,0.21746914865608,-0.190192415495653,-0.381666924236435,-1.12452395082925,-0.143439950222297,-0.226808718271251,-0.376268616147928,2.83309265789008,-0.543138200184288,0.534818688022454,0.253042709304143,-0.216620151866017,-1.88703670228118,0.598494988944022,-2.18873719641101,-1.04258998566411,0.272508391658369,-0.410555642142343,-0.228955667404714,-1.13403171168219,-0.902661145340276
15.545,-0.461869605587332,0.541147582731844,0.880094401344132,0.432743893856644,0.180905587487472,-0.147363075727914,-0.865062165056727,0.0887233832407337,-0.116667182807168,0.510052614161342,2.34807357991561,-0.616515075688383,0.280597316081445,1.71259520118569,0.227291705522284,-0.274592964781658,0.287144675386621,-2.56550441690576,-1.05070469391787,0.248462857794295,-0.336176087585632,-0.0734913028400431,-0.552863950580131,-0.979372558664957
15.55,-0.458197166400409,0.331429513171484,0.855952612572589,0.0444109409389199,-0.028409378980373,-0.147432219432996,-0.885227162890523,0.488136418787401,-0.317171946557552,-0.40328128785156,2.26473662949222,-0.500132193763066,-0.352153286595347,1.04659831640882,0.349637923742297,0.343116370432293,0.0088542071573717,-1.60755651828002,-1.01578287935863,0.219710001982092,-0.325874840966349,0.237013611580106,0.192186757785472,-0.913896688002955
15.555,-0.514482880665184,0.201828558166875,0.849874304069782,-0.00049673203214709,-0.268777884560936,-0.245673043545339,-0.995109175852921,0.392397845436361,-0.539052356945729,-1.98497516971323,2.29715470741249,-0.290491241662272,-1.01787280039598,-0.418388855508566,0.317362510693854,0.0217629214756335,-0.272574367151163,-0.405409662275543,-1.02101187557615,0.18700286586118,-0.363689508071572,0.652899373594729,0.746223155523775,-0.687020322923398
15.56,-0.655525894671742,0.465013114465241,0.65968653282689,-0.00564989490704539,-0.400488876087065,-0.328380242111111,-1.00674076694623,0.196204402953721,-0.600949966713872,-1.9403261384274,2.27823621405506,-0.278792884682736,-1.39869762846629,-1.89278520636474,0.211311777742614,-0.973096033963353,-0.670389691200847,-0.359105653247098,-1.10319302981866,0.156395044318753,-0.406845885302358,1.10316836997028,0.982461931259595,-0.299597101260572
15.565,-0.703124288744551,0.45133153486699,0.732662820806257,-0.55864346497913,-0.452354548804042,-0.388881925562058,-0.941276405382514,0.0620168760960094,-0.697231353640863,-1.45928258929509,2.21817492844804,-0.346588974027177,-1.3932752687621,-1.81250140963403,0.0513356784645836,-1.12101497120032,-0.731240410785595,-1.55191049947604,-1.18168032205986,0.1290599526268,-0.374506624635167,1.15692216696231,0.777539373819222,-0.0183796650345605
15.57,-0.645602458987846,0.270012183627238,0.789532222029416,-0.472058662090842,-0.23797508484176,-0.313740721766932,-0.935069490864953,-0.137749092990776,-0.684688206254942,-0.526339053671326,2.17812769145062,-0.463114090096501,-1.41031035600719,-0.807144567996826,-0.0351636042486808,-0.895430421003563,-0.522456072267697,-2.61417557197895,-1.24127932580149,0.0862500715403394,-0.267681592785684,0.991474969165056,0.44068567445631,0.222819755734374
15.575,-0.563432548838164,0.157131634453517,0.875797863987325,-0.0400291293610788,-0.0616016774105485,-0.173523000432858,-1.0334173997658,-0.0933077381966724,-0.58634930043125,0.169823053165019,1.97760828515854,-0.539848142825529,-1.50859714263877,0.238560580444816,-0.0230023800884857,-0.838923753457528,-0.24081178488367,-2.86544467441266,-1.27739449916225,0.00810928779914076,-0.106962618175541,0.885282227270473,0.0745906593044491,0.361272627009438
15.58,-0.53951953637528,0.209176302305934,0.843081812490509,-0.0349206155360157,0.0760689761568581,-0.152245213363886,-1.1875849405744,0.0607739454163891,-0.56751716242275,-0.219609640245627,1.70287317032574,-0.459576846093273,-1.61831617633061,0.613987969421834,0.0813762287390518,-0.904292848546292,-0.0320684144836276,-2.40261190138627,-1.30081430707114,-0.0655654772235474,0.0134654658182101,0.964478444860031,-0.157710011027019,0.327553034416999
15.585,-0.56480177296819,0.270050782500124,0.820115707869809,-0.193177737808771,0.0782686416370117,-0.14319858221892,-1.20979150828633,0.0535057318760456,-0.535064860099058,-0.860307962697688,1.61078081175477,-0.318788709135152,-1.69836023690074,0.256082486240246,0.214727899864265,-0.495392400769923,0.210231775652172,-1.58162502219915,-1.3361253867889,-0.0984182033144679,0.0635053761894138,1.10097608394598,-0.321512825934817,0.146025106077163
15.59,-0.635882006148711,0.270439798366217,0.80122069363616,-0.254602079906298,0.039811751406545,-0.0877167306162582,-1.1950555323529,0.0645565717698698,-0.447361879016787,-1.42589947964425,1.59829392909482,-0.183403222009592,-1.73371387116098,-0.180727111002554,0.224774709773002,0.104465073142246,0.422094623008942,-1.40680188056771,-1.38716913826734,-0.0783370538455705,0.115877779671941,1.15835416806533,-0.412835854967577,-0.0466159888157627
15.595,-0.58937840878536,0.291832021156638,0.812529882689887,-0.259326678484562,0.0405786848863141,-0.0642188504451415,-1.16738988408084,0.0951429321617723,-0.439750231469077,-1.37472309652784,1.51638104682979,-0.147048532614227,-1.72566706972852,-0.382060557853315,0.164913722854606,0.558362559868256,0.642224293490551,-1.65630959504425,-1.44402974265525,-0.0394690538130685,0.173996175401814,1.15191768952578,-0.40097539820816,-0.208634986472776
15.6,-0.505689264125443,0.279568571188,0.816947420676979,-0.300870276841099,0.095240724157807,-0.0452194135161634,-1.1276177466991,0.0379701404915463,-0.465702500710662,-0.72373744320998,1.3473823679978,-0.221582768223804,-1.62877497775044,-0.308093043382142,0.105498408531198,0.639295478415921,0.780802132734195,-1.83493477114241,-1.48336998123753,0.00304578451408762,0.224180925225616,1.12689919453456,-0.305954185835653,-0.38246410976059
15.605,-0.542912648248078,0.246271453044899,0.814258247915009,-0.250942248734292,0.0872078711851596,-0.0283439305633681,-1.09251731529074,0.00583918724246936,-0.399647164312919,-0.497851773395525,1.27335959572601,-0.225871268353462,-1.49663968975731,-0.203380448797607,0.119757670904045,0.417868658315356,0.850125242030041,-1.86138697174358,-1.4674718888367,0.0370651642251435,0.232241631860806,1.0958886774324,-0.203679558336852,-0.540637660376856
15.61,-0.553683930280807,0.277857097904542,0.816782050266942,-0.235160058795828,0.114967629776969,0.00181186024548758,-1.05149957284125,0.0881295322012224,-0.347221535154512,-0.486914649130695,1.25587971593277,-0.211102501474365,-1.30568664670391,-0.155503425505277,0.106002073478319,0.258521982006011,0.803436096140274,-1.87135606361941,-1.42535675225261,0.0400707613943106,0.204634457345118,1.05237241639079,-0.179555832985431,-0.697159133321661
15.615,-0.548643913150408,0.335659180617291,0.793837332998801,-0.276314195065764,0.155261351543636,0.0141496676951647,-1.03539839789954,0.210028455912783,-0.362850463059869,-0.799207289748754,1.21236560087204,-0.1625279418397,-1.0717030052867,-0.107670271261676,0.0551823047396193,0.457145485573976,0.738358809444304,-1.9175274959566,-1.35312214943752,0.0358666244346054,0.146241297558217,0.950986524169429,-0.265692840273396,-0.83941143258782
15.62,-0.520023808341824,0.393517600925022,0.783559512044237,-0.293462056529496,0.187017869243996,0.0180109212861215,-0.969985906846841,0.216227551964148,-0.356931228312808,-1.06029809801824,1.14026578151441,-0.102039499904828,-0.893287575564569,-0.0552455156126051,0.0322741351539838,0.826646542106459,0.668707304465113,-2.00481537868161,-1.29442356374132,0.0421268674453974,0.0988036735637605,0.850942989366387,-0.368088115386838,-0.869921562909719
15.625,-0.516041541441273,0.365618240172315,0.780922998826129,-0.338405955832997,0.196013379460888,-0.0160646339258279,-0.943784070042604,0.17438668211618,-0.305769246343116,-1.05022207792564,1.01967747350133,-0.0345397926266434,-0.72755086782296,0.000883645343073937,-0.0448832218473437,1.07255059835103,0.472736889361934,-2.18281772361372,-1.17217561741305,0.060894017480116,0.0597497232188797,0.557953986341196,-0.483786708786946,-0.727204565283319
15.63,-0.538344327531052,0.365155514371298,0.750978401533638,-0.352384494207072,0.187736412572463,-0.0347531283968119,-0.924632478206048,0.132762077186453,-0.331227541612978,-0.828971666465562,0.960961924469434,-0.0464296021059846,-0.606057249763562,0.00746583297994011,-0.163445308125511,0.976193450794034,0.268403524435387,-2.37669502585922,-1.07213664855671,0.0607341632677265,0.0468226398277367,0.283042776680709,-0.419450397063093,-0.544788102039918
15.635,-0.569284330531913,0.381950622601568,0.75375165075125,-0.344152605503935,0.149141698719609,-0.0436528100298582,-0.9355257653928,0.13856356132544,-0.353638044601604,-0.407088010913044,0.925554223759903,-0.106023502848912,-0.533655875326364,-0.0270982703895058,-0.29172701568055,0.550452580701093,-0.00559467133051485,-2.70165057342501,-0.945104706236075,0.0155322044130366,0.071873189270921,0.152123556101642,-0.213651028227056,-0.451688722148424
15.64,-0.542756181082542,0.368714112384205,0.743055118092105,-0.319044449617837,0.119290644823736,-0.0515469835514442,-1.0179422644737,0.189858939779439,-0.329403843058975,-0.151904368535094,0.877654580053991,-0.122852924322008,-0.530178134609001,-0.0390872342179485,-0.369539395452083,0.0581683181761451,-0.22488596297487,-3.07180282888048,-0.836225480062027,-0.0404272363494667,0.0966711050122517,0.231103797482261,0.0545461504256395,-0.471422633519014
15.645,-0.535634049017497,0.356668621968709,0.772557863295674,-0.327329955004002,0.0914191297575538,-0.0745660805453548,-1.02015153861173,0.197442392975338,-0.317852881844953,-0.089304684252341,0.810684190980787,-0.110009440040913,-0.559886081096724,-0.00139943325663523,-0.357696127419036,-0.463165178565696,-0.319813729543022,-3.40437083914833,-0.740124043894568,-0.0635754626039899,0.100611520961179,0.420986384813296,0.228482239247461,-0.459305987918337
15.65,-0.51686786150404,0.369662574599185,0.765737630244252,-0.315494393613945,0.109340642484923,-0.0796390406215659,-0.998291835811054,0.209756757483007,-0.259947705723871,-0.117989364378441,0.760575828389642,-0.0856905564105569,-0.618390509268504,0.0585930346720124,-0.290532905606533,-0.816486295644834,-0.257991568486258,-3.57559860942603,-0.660667381107913,-0.0882467371809594,0.09579014562602,0.681747637507643,0.333817060483254,-0.417378075322797
15.655,-0.508100956062237,0.362843811470981,0.787158996244427,-0.326699869019025,0.117896396518919,-0.0916174095792468,-1.00897990317222,0.22369992812933,-0.224899292163361,-0.190295667984654,0.755926411331973,-0.0666655947686597,-0.703179487414709,0.0957660353904664,-0.221189621386395,-0.872997889092299,-0.102075201887976,-3.51449862085281,-0.614368673946993,-0.115160137736015,0.0877454069405983,0.967554358369654,0.409250758220701,-0.405417786609023
15.66,-0.50125224152945,0.345872569285658,0.793855143065775,-0.324702787396595,0.1572873920209,-0.0945837765988267,-0.931241549180107,0.218431843673053,-0.1809653384332,-0.294394537613377,0.717027408847664,-0.0404272391185985,-0.827778170764012,0.0723407413716752,-0.125558972868538,-0.738351177438724,0.123674560021169,-3.25766501746414,-0.597260707121525,-0.127494450366693,0.0856475613806321,1.18308361128171,0.454836680467094,-0.393394016938891
15.665,-0.508247161160741,0.325287518122238,0.812715284230683,-0.312710756283269,0.167870729241614,-0.108243076765869,-1.05608798895373,0.21088644753265,-0.233616897041433,-0.353178067121668,0.717720292155419,-0.0515888817010912,-0.932450834606694,0.0078740692743412,-0.0426056811690872,-0.674690173765155,0.234670115845915,-3.06222520234681,-0.603636890552922,-0.124068556686937,0.0971801401098948,1.37942605981185,0.531118868130886,-0.356818017297752
15.67,-0.514299910611524,0.285242071672109,0.805740115040308,-0.300797276258013,0.197493121647019,-0.106534712410821,-1.00760432543498,0.141107942150707,-0.232053900059849,-0.42901214232959,0.685013617893112,-0.0615628016487133,-1.03339388066313,0.00290230867686582,-0.0166673242520706,-0.8118625395972,0.236123930053443,-2.96421589777756,-0.623057850848949,-0.106574306256434,0.1036453434634,1.458485839935,0.555698920955469,-0.315217415310698
15.675,-0.518092747818339,0.271730777877941,0.812891516006735,-0.261716867836265,0.221998012236669,-0.0904276321624567,-1.01322979994434,0.082352918308292,-0.241355137025182,-0.436853693243962,0.681363417616713,-0.0439066235650594,-1.14636037806924,0.0654935552938946,-0.0104004136050156,-1.13687634872328,0.294025674866933,-2.88537668840208,-0.630921111534592,-0.0820759318980594,0.122478205378766,1.48422874191988,0.527971213105109,-0.292619775121724
15.68,-0.51142278488652,0.273858641591282,0.806966950507468,-0.229313693153804,0.240302334336942,-0.0832690386608406,-1.02021348430504,0.0604571963852074,-0.277664988196189,-0.3696381896898,0.669451399281299,-0.0250983877752297,-1.18739927041805,0.0930888988595375,0.138751906414373,-1.5109613372131,0.374643748002658,-2.85208131825702,-0.626921538330227,-0.054270377972755,0.161246372612508,1.51202006534768,0.431772829298745,-0.305184256244476
15.685,-0.519123538187244,0.28998688760094,0.817468775850132,-0.191349097363643,0.27400007816347,-0.0758756164021241,-1.0181963761366,0.0824830036367417,-0.275264974205703,-0.25255016212233,0.658469274355448,-0.0186540796110702,-1.20600744151788,0.0870688547633221,0.250048568843051,-1.57897077438718,0.413114858147702,-2.84051558554984,-0.612706311773813,-0.0306821940800143,0.180258789667183,1.5212607500398,0.317490662890517,-0.340523293628954
15.69,-0.529661453871386,0.304918646244532,0.805275663417415,-0.141361152727344,0.307655024471648,-0.0737022284343121,-1.01583872871557,0.129442943996909,-0.282365409403918,-0.165689796360555,0.650274417585751,-0.0203839652240276,-1.21295498157702,0.09202164882542,0.318370433736348,-1.11746087345184,0.412545470183478,-2.86286643680265,-0.592789040265692,-0.00763983833590258,0.197317047717772,1.51544383643672,0.155731047726602,-0.381475537617853
15.695,-0.532697214524293,0.298378778312078,0.800837296533226,-0.0121912404485769,0.327835816892832,-0.0637941233777984,-1.02205776600519,0.196118958435033,-0.333168694882675,-0.150721084323352,0.693089722979366,-0.000438886734726122,-1.23719131654352,0.108082239943633,0.260597049097128,-0.44063703483437,0.393169527795326,-2.76987711738045,-0.581643056806223,0.0223864224393862,0.18313684202262,1.49210283781432,-0.00107291676126976,-0.417242604870481
15.7,-0.545762220694678,0.380650898182971,0.775279338818178,0.0831820438736693,0.33188155685482,-0.0909538428196989,-1.04069446065473,0.274815821745729,-0.25117577736326,-0.32673757747779,0.747305966823113,0.0446596054532439,-1.21517124181458,0.097948117871853,0.231318920180956,-0.14132648156009,0.400758948935214,-2.66607560222239,-0.587383302446915,0.0364682727749028,0.159872040064339,1.46099414967126,-0.107287849231247,-0.437671147866653
15.705,-0.430646861185293,0.364049887755912,0.835307922612347,-0.036322127463443,0.459374129906786,-0.14085077722681,-0.964966149093313,0.146991800892854,-0.168796671910254,-0.150049548941267,0.626016934262904,0.0720023358881962,-1.03785107900284,0.0461975448960396,0.165760555943189,-0.147649431147311,0.409016933358791,-2.58618602603831,-0.60352804605946,0.051739268192809,0.138558929726306,1.41313208998714,-0.152495641182213,-0.434237349680874
15.71,-0.548454381770308,0.437493166256615,0.690394837494851,0.411257163330914,0.701088082581699,-0.158227215624161,-0.988234859326402,0.216412631707174,-0.251151491005714,0.717299738113715,0.491105079383195,0.0181801450048848,-0.887861733295505,-0.0231751511523765,0.0544346795758126,-0.122476100840015,0.441157532665927,-2.69334586748426,-0.634250522631375,0.0663498395865549,0.116164004377445,1.33869879993896,-0.141658645147672,-0.402584773932789
15.715,-0.625875676620837,0.449637623746537,0.760448354904526,0.269511051208222,0.556787862475792,-0.234304489385497,-0.965618120983917,0.348638757071821,-0.355148512037312,0.634614984125257,0.550172222583847,0.0709828677225218,-0.818614604068389,-0.155266376172853,-0.05180495568413,-0.193163645236333,0.459064713976205,-2.90390852459064,-0.653847662838237,0.0938013447953325,0.101238889342288,1.26514268775145,-0.0884627897513766,-0.345415396375674
15.72,-0.613531969305887,0.343782222529955,0.686425568502829,0.234054804974972,0.453413881830262,-0.317791510634317,-0.966103964356408,0.291141047373193,-0.400582483863596,0.342199679009605,0.632575943861742,0.101912694558859,-0.783518545939119,-0.279158362553037,-0.0826538041130146,-0.411449094154678,0.453711625813932,-3.11000834176847,-0.673230531569662,0.11755162055731,0.0835032909193606,1.15746546041689,-0.00653252800232746,-0.249453024825505
15.725,-0.571640346351908,0.326156408149581,0.773756407456573,0.281075734392092,0.368108945928142,-0.340179453701795,-0.972204707578635,0.2237877473876,-0.293217426806798,0.519948421464117,0.595239866194357,0.114513367411295,-0.7669127259982,-0.368645200767253,-0.087800010347693,-0.647626836484742,0.411748892543023,-3.26380084550885,-0.670209961586714,0.107852664307673,0.0567823928906845,1.05192115293966,0.0531807149891844,-0.166391407014458
15.73,-0.56967419817135,0.281673224869892,0.767552408064757,0.321578448977839,0.469299061676179,-0.351136982440948,-0.962521468911871,0.135892261761455,-0.314995697056217,0.57012093539831,0.52045282880095,0.138870112536424,-0.791511208946262,-0.405544192915869,-0.119648915684277,-0.887537372790442,0.36167345221014,-3.26569670467344,-0.670199224160539,0.0839861179052154,0.0430482628687145,0.922802086587746,0.088814043029614,-0.102624169216331
15.735,-0.556500033615317,0.275497452286643,0.774746499305118,0.300128680061527,0.53513380485551,-0.347137629173501,-0.950223113300549,0.0555016294857723,-0.333254009490433,0.65794414978237,0.51805005784517,0.137455011526261,-0.815920638488686,-0.352688421945938,-0.130354358854984,-1.24756107321285,0.342059933795058,-3.26052561384407,-0.663720086083023,0.042111621115846,0.032349457529901,0.75834638905191,0.0996753322336151,-0.0580141199628828
15.74,-0.573809128469568,0.257903935686506,0.75343818550866,0.306926158988978,0.581147957447969,-0.32753690693256,-0.945437972621204,0.0429379050789615,-0.306634234454872,0.782137295165503,0.535620502690337,0.123244642609346,-0.798937727328091,-0.242696702922426,-0.172545922012405,-1.91815457624445,0.346123910665529,-3.40531581159045,-0.636466495295323,-0.00901920188550305,0.0218442705026791,0.55388247354932,0.0957866679071114,-0.0250160630831746
15.745,-0.593839460873581,0.236971074583149,0.74858099199304,0.273903313215398,0.57711341726445,-0.293346059722195,-0.947301468921172,0.0568005695652656,-0.285915292934925,0.919783604023436,0.585612623557477,0.105065675505432,-0.822680139182999,-0.234195595303725,-0.184320659008711,-2.36105008850424,0.405379239638657,-3.39063403892346,-0.628630285835481,-0.0294841269009289,0.0129779669858802,0.4538427305763,0.0766734881594773,-0.0262497073348493
15.75,-0.579409496322528,0.237918581209195,0.759189458300501,0.24262898730808,0.577465990908892,-0.269271585128004,-0.928025862143157,0.0925377687874045,-0.225676213535779,0.982218813697622,0.621120766294145,0.0830619983272047,-0.824201775180343,-0.265886600110015,-0.169195945959566,-2.70351886346975,0.455833144019204,-3.24902273200137,-0.610467793389107,-0.0210520665376151,0.0190298742249817,0.387200698676878,0.0364288603234802,-0.0183536037014474
15.755,-0.563040463580248,0.272133801321682,0.775942592026655,0.266778843161446,0.593596337938277,-0.227170441078002,-0.914813424138517,0.143413766687711,-0.173588164680973,0.9839355136825,0.627978789830288,0.0627574238284234,-0.829661783488483,-0.290711320095516,-0.141778875551533,-2.82767434545287,0.540434193550029,-3.12316399459537,-0.607430973471076,-0.00216764433682887,0.0417597836963449,0.358127413098902,-0.021221023676542,0.00298238027357869
15.76,-0.556357987087537,0.26963999313025,0.786435210032214,0.237024314436244,0.598350099117993,-0.206922188083474,-0.9653054652712,0.205209749770502,-0.137078042252831,0.911725798611062,0.655949399948333,0.0638634714106485,-0.811739458750703,-0.270219386054953,-0.152050488440849,-2.54182990773123,0.670431022157439,-3.03627201302906,-0.592221140556098,0.0107175624414918,0.0755354996854525,0.341841199859741,-0.0920706904310873,0.0438137793344678
15.765,-0.554626669690157,0.283095563658118,0.780427061812519,0.197439503238618,0.605058840224556,-0.198795844110377,-0.927390069267335,0.208700316509282,-0.131957333382002,0.650735240236535,0.705686575893233,0.0663421277926315,-0.826145407949781,-0.158667378538434,-0.130133956675119,-1.71333084886039,0.894414830208123,-2.81795304931935,-0.592864162402991,0.0136812316489915,0.0961862998255167,0.35638505518258,-0.135967721192129,0.0801782704793761
15.77,-0.550821220612206,0.313269145729627,0.779867535812409,0.207216442368403,0.624844379522784,-0.200322105669917,-0.968914519138124,0.171357811737145,-0.0859859783413497,0.538500876495392,0.787304065075051,0.0727080789484137,-0.858190015696217,-0.0573513281683912,-0.114750071542849,-1.06075181687395,1.02095724906337,-2.58413400143153,-0.585296090550926,0.0233175182610509,0.146182180576818,0.435078816691649,-0.18863180415226,0.122328025790135
15.775,-0.537289634367757,0.341256701385621,0.784798640464678,0.218454719575502,0.658846058325446,-0.211585108377773,-0.950589351734927,0.185278946691561,-0.0155958560086124,0.562102181150498,0.874071929333414,0.0609691451152615,-0.902853433314911,0.0268501754949692,-0.117125839886504,-0.231838444511914,1.06727718307148,-1.98772161083011,-0.593901844164905,0.0258099874152857,0.188848649123139,0.530492832946574,-0.209602934330708,0.124827183258115
15.78,-0.52579353663317,0.348887264016037,0.783692539143486,0.210424550563312,0.701248947720694,-0.247493745395336,-0.937460969392206,0.181631605736854,-0.030798315988623,0.568839020100485,0.932299554641762,0.0879588403460644,-0.944256476441902,0.0409468767487625,-0.123932421900866,0.180736139992843,1.0136532122105,-1.66767631466916,-0.597783412153267,0.0257296436695804,0.232505651005856,0.670968693191552,-0.224281171507899,0.0417327420691085
15.785,-0.523718744239552,0.332547921713227,0.760981180484432,0.21562575977554,0.72802744841538,-0.269035833160272,-0.92094411639058,0.215003218947957,-0.0500283104399928,0.631391618271669,1.02365548043781,0.0644857961030461,-0.936837194406182,0.0321574942129186,-0.191378424187448,0.528787743468387,0.754884853439734,-1.32557609919568,-0.601975774906748,0.0387040169907122,0.273983088060138,0.836756474578025,-0.237985318377899,-0.144632318971353
15.79,-0.551749172453744,0.314058664418312,0.745932370059226,0.242412623594167,0.714416961606917,-0.305070117796028,-0.879120471040741,0.216341996481924,-0.0522475946577586,0.627262564579875,1.11433223805114,0.0464974969651835,-0.914448599214903,0.059568492842289,-0.23794326670137,0.455947439269488,0.437807156149019,-1.25259581083899,-0.593596827263252,0.0531497431878914,0.286256239684266,0.885768961520306,-0.248391696167841,-0.280656430489201
15.795,-0.562971702873399,0.31207239203184,0.741013741958036,0.226522440299717,0.6889667512362,-0.323881928012289,-0.859997494796844,0.21135570180874,-0.0876789439697455,0.573882363529648,1.19094746612493,0.0538552782681248,-0.867061237103865,0.19485758681454,-0.318546806227526,0.107878113067279,0.175845115833562,-1.34313864538661,-0.58323211893348,0.0606415419377702,0.298410399435898,0.886655718767635,-0.275164695798138,-0.360078617707862
15.8,-0.555820586097483,0.289309102321157,0.76697145744246,0.204048476023822,0.684030025658941,-0.339546214013868,-0.857697040716662,0.20439943551959,-0.124783634643445,0.540064262572015,1.2505854080327,0.0503145331674151,-0.817904158306728,0.400193116045099,-0.334686005284594,-0.499171345205,-0.0124755863661581,-1.55531512532821,-0.572110947761907,0.0744167173708949,0.287102331076552,0.837757071771272,-0.300548409031967,-0.365696556925751
15.805,-0.581932920552185,0.325269509620163,0.771033997872278,0.0448563701489393,0.696951268857786,-0.386962816585716,-0.92142200667692,0.162821477889891,-0.226841367817081,0.567379642530154,1.36693906041057,0.0359630850648018,-0.837450928748828,0.565964586990798,-0.282529200055767,-1.20676145402517,-0.0573681256997497,-1.69367839121595,-0.551260724680692,0.0669345221812094,0.246556845327914,0.767530054962571,-0.318212535156209,-0.288079178912378
15.81,-0.603713935813091,0.223272702591518,0.777845872003254,0.0419172408684353,0.71363953429449,-0.423900602088279,-0.966876092173312,0.0931731967972851,-0.215349625026317,0.913382562278208,1.44347792748597,0.00796514042260393,-0.933571411588968,0.58628285606466,-0.201270335805705,-1.84241393603864,-0.120399190105603,-1.83319032914051,-0.539792688417517,0.0523350447749795,0.201475020850765,0.72109192609787,-0.342354847567267,-0.20336902960654
15.815,-0.520586757612558,0.245259028092613,0.802911943839846,0.686150037030336,0.813877256007769,-0.340723919519748,-1.00420327320148,0.216916270895639,-0.152689608638583,0.940433927139422,1.44219778819292,0.0318282576160846,-1.03268379248334,0.477201695973204,-0.124332804478511,-2.20833359681722,-0.145882000292205,-1.84225513346796,-0.527240259593144,0.0265768799463744,0.183407540423043,0.750675068828529,-0.373531348203231,-0.186076971883893
15.82,-0.632992814887044,0.49218757453765,0.749398090726188,0.189299950984229,0.896542722308095,-0.445116175852582,-1.01360084126866,0.280496198931518,-0.206697726951406,0.544779867398064,1.4238276548762,0.127037743195159,-1.09355922441502,0.317110513264067,-0.0183089381355894,-2.52282975665191,-0.14521701421373,-1.85411742728582,-0.525230172232802,0.00236290307803008,0.205626727891654,0.802674464496399,-0.39754282762702,-0.211603668798039
15.825,-0.58758584591949,0.375754478255536,0.78537463565475,0.123912443064256,0.92679565859896,-0.533806567050815,-1.02375284442189,0.257071168468082,-0.222431470212129,0.45335049178762,1.52949940687675,0.174215986423393,-1.09519213855243,0.166893052301071,0.0413854927151591,-2.70479485641825,-0.0853247903084339,-1.88782286362215,-0.552741073661612,-0.0182383941834267,0.230531593634487,0.829152042592749,-0.373309841906065,-0.24739003265622
15.83,-0.592530253852623,0.370043327840632,0.768529727021277,0.303295005792308,0.938392801347278,-0.567075809008316,-1.02187703621095,0.221935430539102,-0.185458393149163,0.596917283029374,1.65846952307424,0.184704130090606,-1.03046775208937,-0.0102362449373541,0.0650916115196718,-2.74917072364603,0.101967127444975,-1.85770046604883,-0.619773162238599,-0.0361762113418695,0.251532435465841,0.833320475678085,-0.351176408574514,-0.23374029183333
15.835,-0.597872113150503,0.428468824103457,0.774578403651463,0.247888985192169,1.01201125602134,-0.635139970940865,-1.01658584337212,0.202731980345011,-0.165953038584973,0.961330819329334,1.74282587709407,0.142991058554605,-1.04101393894827,-0.242885435536675,0.0740279220664446,-2.55675045706297,0.541618569756464,-1.96328254489475,-0.68588330581314,-0.064387063660282,0.292302224565869,0.84696581288738,-0.40177729831409,-0.189933118099408
15.84,-0.592076838475518,0.310250115881101,0.798185558503074,0.325513627191694,1.08817610624414,-0.679181222464255,-0.972911982742414,0.179376672227326,-0.125372304913531,1.14156416002828,1.80301905247532,0.121222839075754,-1.03541528230402,-0.400271217057867,0.222064298542835,-2.18138744599795,0.266462373917407,-1.99327822065677,-0.734658239651721,-0.0622344449755059,0.302456769274721,0.826108930206201,-0.4795362707058,-0.107202210726148
15.845,-0.58227481688457,0.360271994068527,0.793049726480659,0.287040206953872,1.19726535993036,-0.699652288337521,-1.02392299054204,0.261699588012837,-0.143861615793691,1.00851079661006,1.84775138204701,0.105742316395497,-1.01181675308673,-0.251543148559872,0.172491540517642,-0.877786671279656,0.116867938094727,-1.60547369085345,-0.781359305041319,-0.128004448324693,0.348445886394547,0.741781603856223,-0.487429318753419,-0.0294894342721692
15.85,-0.610352415880352,0.342333396791248,0.762649919948922,0.254333580506243,1.30965684163758,-0.728801564248562,-1.02381762692391,0.202241588673047,-0.232861520314786,1.02050985293249,1.88776992763961,0.0823941057315853,-0.967387583779402,-0.103730471256845,0.116564392997569,-0.269189226654094,0.0570407946239532,-1.65289246243177,-0.797183571537587,-0.124719139423492,0.377514710976837,0.798301670273891,-0.357406436876518,0.087321645553349
15.855,-0.646327840088946,0.304440946528132,0.749363683081871,0.323591149638094,1.37737025021553,-0.723044321714893,-0.996034131200071,0.180072709203124,-0.285258847037915,1.13835453054376,1.97177854793475,0.059538457618813,-0.983149380928297,0.120440258641764,0.0892046169025777,-0.28301603350789,0.0282686769291018,-1.58868548944462,-0.852438502063827,-0.142179703229226,0.411918553655678,0.744823470768876,-0.212365714136856,0.0969740550035845
15.86,-0.583705153352441,0.364634531937089,0.753109255675507,0.351842447442838,1.42990243188471,-0.737100065612598,-1.01281106464741,0.236654124918043,-0.233103321995017,1.00880177160524,2.06553223206173,0.0722990399435715,-0.896978734552895,0.306366357011069,0.159241152002457,-0.663126421511998,0.180380243793563,-1.45869166062858,-0.974031407286329,-0.125067501195575,0.374311957988541,0.728968667450013,-0.376053869124441,0.000701558357023574
15.865,-0.613969553752616,0.328598485141,0.768540170102717,0.225193938144887,1.52506771394614,-0.74172415784678,-1.00932628803885,0.18752110822249,-0.268533389739834,0.885979024101108,2.11411945264714,0.0657126776389422,-0.884417187802643,0.343190514714933,0.178870348127181,-1.08773138557679,0.558427065979261,-1.37101834877257,-1.04644216752014,-0.0950337250885938,0.207987619326284,0.640955716848697,-0.316620407476344,-0.228077012190059
15.87,-0.652254577958453,0.324775237692506,0.77337499136066,0.224018263545347,1.65887913097866,-0.739220139583462,-0.999661318551165,0.179684525349191,-0.337895434176794,0.936491888269887,2.14183892857672,0.0283879901212907,-0.894898711437711,0.23418419253101,0.334432238138392,-1.77673225732303,0.514845980359453,-1.44837699247839,-1.07594382760281,-0.0704593554778386,0.244411969137272,0.58422288407268,-0.0560802224485717,-0.528789043148076
15.875,-0.640316267231578,0.347655725495892,0.778867192086158,0.252796172296598,1.78637051499572,-0.733974009545363,-1.05254594641913,0.217184643136178,-0.292360104382359,1.06330113865342,2.17915860754318,-0.0237554867406712,-0.960417687121795,0.133137684684938,0.394287020453552,-2.28032552918224,0.220793932203319,-1.5860308670188,-1.1245756129051,-0.00647804671740924,0.343960224005377,0.435213711272016,0.199388198838238,-0.722305206378325
15.88,-0.626779652615469,0.353183270266892,0.752437618345565,0.278760279046738,1.88347509182892,-0.73537785532059,-1.09422242317298,0.225906731634395,-0.271170836448629,1.03239194869242,2.24728992111922,-0.0350991772727875,-1.00086029848781,0.098867698540023,0.366257386275446,-2.1684475667664,0.186982646066925,-1.58654608996497,-1.15657156297018,0.0671788461649284,0.378709195651527,0.368031277983977,0.201673561184863,-0.71760826808132
15.885,-0.629226184236273,0.421220390621799,0.814914744408459,0.264163636798504,2.0193970235488,-0.76358274946325,-1.14116292640385,0.248003177417001,-0.259149504949596,1.05510628124376,2.32921246882008,-0.0437852755493203,-1.03628006386862,0.102601461957186,0.283016889543019,-2.3000601852969,0.159740298758212,-1.46465410890623,-1.13055592461141,0.107733246106674,0.355502097885416,0.520016379601653,0.00509176818444153,-0.952284404942963
15.89,-0.613025547282969,0.405035236288285,0.823386456198176,0.219437434952336,2.14936298620224,-0.816080313319775,-1.17133012418207,0.22493266686886,-0.236924916339531,0.956316426713359,2.39534163819447,-0.0601291101647802,-1.07048817831116,0.0766774429490387,0.219862799987698,-2.58505886288709,0.143136378947912,-1.31166870569522,-1.0869935125234,0.194163158851651,0.334446100554023,0.502662433454272,-0.188720197536702,-1.14963713217938
15.895,-0.669367973804753,0.374935494537078,0.822340020440273,0.196134116610761,2.33538186207308,-0.854155179128917,-1.16805407951241,0.177095584957349,-0.259447305788979,0.916356644209664,2.45604977334747,-0.0703199029408509,-1.0949891818761,-0.00728696017663407,0.176339429317069,-2.69835000102604,0.163165685444779,-1.15072894509774,-1.05566733194261,0.23928152946856,0.344380246760382,0.420945346331057,-0.294095824933229,-1.27421879459556
15.9,-0.62852733835806,0.334308911896594,0.869474118729052,0.192072361707687,2.51643546247962,-0.879027522112616,-1.2290490689485,0.132265822160017,-0.225227287045831,0.912941323182074,2.54150486274957,-0.0766681995666135,-1.12072503014225,-0.0466452623897005,0.178795685854001,-2.70237869656732,0.170103793206536,-1.04141133917058,-1.05100816364307,0.271204502146051,0.44532727973145,0.394319509378741,-0.401802496315937,-1.27508161064202
15.905,-0.592308863067595,0.276556875686512,0.878650738129461,0.204674485138427,2.7029744513582,-0.907869641602779,-1.24988558884954,0.0788947782337781,-0.226694411126452,0.903378196739294,2.61328119431054,-0.0900498304909769,-1.15118829956892,-0.0264022937633871,0.224811325657547,-2.65430886427427,0.201661910406633,-1.00160145289237,-1.08442049031547,0.282400796655849,0.478489293432651,0.355975957090171,-0.498247900747551,-1.06106887214764
15.91,-0.627956676616059,0.24917021053502,0.875631866971787,0.212995708761702,2.91653961181403,-0.917925983663724,-1.29547062722541,0.041574684683908,-0.248517806810033,0.89908314311259,2.69753780796879,-0.130472449737106,-1.18883155441374,0.0353457292935377,0.325343986629356,-2.56043948963897,0.220085622733587,-0.948062906346907,-1.09719200497262,0.259101388520559,0.495332234924918,0.273941062099532,-0.580138157823992,-0.756880168042013
15.915,-0.620399642196891,0.269325521017868,0.918614550086568,0.195268778869579,3.10807652302376,-0.937650379759607,-1.33910063662513,0.0451970944879137,-0.25399837971758,0.922543715139299,2.75133821489387,-0.16717448496069,-1.23410279165862,0.0573718576818631,0.403568833366879,-2.44335944618972,0.20616682739353,-0.867125242812385,-1.10901908234799,0.249827863421277,0.510875730504797,0.246035692994179,-0.604649332148697,-0.535807222648323
15.92,-0.528269157029002,0.276837704616832,0.975764552104337,0.19313782106331,3.35925533531248,-0.949454864950451,-1.42141307819283,0.076602272728674,-0.16258813610251,0.981489391192857,2.83234800028558,-0.228239928214796,-1.32177103196195,0.0314531213588223,0.465636699219957,-2.3359777428993,0.111946641056918,-0.775004063890793,-1.13892060011047,0.23911161146136,0.526232014177147,0.235087570356224,-0.569392561175201,-0.301513582763491
15.925,-0.558250363571224,0.338585471183117,0.916447989734095,0.186908076389393,3.62721070581289,-0.952737043046503,-1.45881312061093,0.057922572768512,-0.195863835777173,0.978901341019208,2.87606997664253,-0.266714376299379,-1.36966902202229,0.0258704066450147,0.447919593173527,-2.18868924334736,0.0825441844885357,-0.701230618339033,-1.14712176634723,0.21207648718553,0.532242909752902,0.228458825341839,-0.513022381735723,-0.121283401029731
15.93,-0.60793435317931,0.365463460516888,0.940903492070214,0.182165881721643,3.93087391800793,-1.01065587772094,-1.49264342417593,0.0987501120018354,-0.17575810142348,1.111415402641,2.9350392304995,-0.305660531905291,-1.40399933671237,0.0773370275314528,0.398620801962765,-2.01415893605978,0.11568431636428,-0.630993008091556,-1.17238552026122,0.183757076876237,0.526971738245117,0.233835075866937,-0.43806863743333,0.133323392864459
15.935,-0.569054788231387,0.404309377215616,0.942939773639622,0.194039213674659,4.19554708745744,-1.09787757464439,-1.56548459465019,0.179823535225698,-0.105068086922981,1.18587234665016,3.02136270736619,-0.328964552594758,-1.43186440633804,0.216333294272118,0.279212612166901,-1.73977995421251,0.205196694794634,-0.495264656879027,-1.20368072406152,0.141808439681724,0.519042152896776,0.256351063579588,-0.407760625621034,0.2999660546754
15.94,-0.595195456590121,0.497804874761057,0.965006757509495,0.219487994867297,4.56516423688224,-1.20256250491062,-1.63981725962473,0.172776412432476,-0.0609154787820148,1.19203821818417,3.11152100635093,-0.313325908122283,-1.42969328007529,0.354816468362651,0.168759786265707,-1.46798014487904,0.282446088137249,-0.318452576757748,-1.26020121639214,0.0641604848505351,0.512802522131522,0.296099351361191,-0.457798075615746,0.328347081926621
15.945,-0.576001291493809,0.592035021934989,0.956604067014289,0.246026051898039,4.91645323920703,-1.33956441152094,-1.65201023639256,0.218634218877192,0.0230553168582904,1.32230817844887,3.21436864557774,-0.296316666199359,-1.41847618603668,0.477438962102651,0.0491418782500734,-1.26476911632505,0.304207788019607,-0.10139405305459,-1.27029321298213,-0.00638174887254483,0.513626844957929,0.297881311169157,-0.543594725282782,0.224720685045162
15.95,-0.582139609484985,0.656282346418795,0.93991027262507,0.303881042393074,5.3617067399359,-1.53242220587599,-1.71723509347292,0.247106703437498,0.0406777277384448,1.46267624923657,3.32050604389933,-0.241107812137152,-1.40276963976374,0.607153974651645,-0.0709799732496313,-1.11743721417953,0.270314874108375,0.0351122609857214,-1.25174637512304,-0.0665272794111165,0.526633036683065,0.202688089289535,-0.614400755454983,0.13258650124585
15.955,-0.553332888458659,0.69422938682855,1.01953801294658,0.368666604566376,5.81069928827993,-1.74303837406412,-1.76323732041302,0.252588153501006,0.122744844594183,1.72506026412715,3.42384895567783,-0.17998876589176,-1.40566690043739,0.777877683443797,-0.141373128350464,-0.9924102391546,0.257432470795971,0.141453020055877,-1.22838150470833,-0.121838832662542,0.545292152475993,-0.0304179412604858,-0.654978922082354,0.109046331196179
15.96,-0.438266337305245,0.764628567472202,0.997514779362309,0.30817921901917,6.23934074728993,-1.87592043320929,-1.88006512495915,0.26389713662599,0.340042272552824,1.91715262612458,3.54614092506944,-0.138410655442258,-1.41580333615763,0.968397012613949,-0.175643788434545,-1.004293106728,0.267534045431203,0.333945075242518,-1.2035677308345,-0.160213903300924,0.557738656261601,-0.227691007012916,-0.660627706847783,0.140109524441893
15.965,-0.529749306710889,0.821999604062061,1.02441077422265,0.328347822659802,6.87024377213418,-2.1811224408277,-1.9715335544068,0.27670355674318,0.386557993199215,2.16626982131407,3.67755461434227,-0.0194831934451736,-1.37851706429161,1.11572804656595,-0.229494858305743,-1.26609039246388,0.270557838496984,0.637596561131887,-1.16612638682351,-0.177791815505093,0.547960778294164,-0.338234139228012,-0.618278760270187,0.219287550068135
15.97,-0.449098162970403,0.823432390693749,1.08577609475882,0.260331173015055,7.425106530613,-2.44391163989643,-2.13000707760276,0.29161754071252,0.490045583672468,2.49907070205181,3.77905461994427,0.00849123424827179,-1.32970684555527,1.15440103057657,-0.242730866097376,-1.69140262966236,0.259393360480413,1.01477433900748,-1.15238568530468,-0.214581439795802,0.454679386158056,-0.326369199875839,-0.563202651222797,0.271485558259626
15.975,-0.346715357814855,0.968301053804592,1.27083028604706,0.296237735145618,8.19374501003549,-2.77290646988936,-2.3282283572477,0.460918596232223,0.750116178864801,3.08761849582818,3.89748754367824,-0.0240505731510918,-1.39101843058045,1.13911846653119,-0.214973485844897,-2.00534448149397,0.264595570360379,1.36297552623301,-1.18464954768783,-0.248491873551374,0.348150624794543,-0.208478017008877,-0.483356106054438,0.255542577197734
15.98,-0.448382910974458,0.977548358148214,1.16340431940362,0.258175054806718,8.87535952639691,-3.05540679203585,-2.45431507544799,0.602954629261899,0.967741722206625,3.50615741663106,4.03951784829099,-0.0411689365421816,-1.52027372601886,1.12907664584279,-0.171137906750646,-2.09625640231919,0.280143755751609,1.66982936918138,-1.25873392471369,-0.272708058806639,0.258789981316785,0.0120453011110363,-0.325457963299803,0.175600838793461
15.985,-0.298826440801441,0.842428113397421,1.17916471259683,0.160347582176469,9.68949898902841,-3.46729586044444,-2.51899135605837,0.537294611717719,0.986436607365174,3.39715488344294,4.12094568899435,0.0147473664937606,-1.6471480387706,1.16479838691761,-0.0781905578547561,-2.15131731376469,0.304022141952935,2.02003558659383,-1.33603836388768,-0.295980247862923,0.0861374982652843,0.376846443921769,-0.0274155824455071,-0.00653842402268709
15.99,-0.309442441660722,0.46420187406474,1.02995014299703,0.240920478450609,10.661362601686,-3.86696766137503,-2.59223760204602,0.489007413444277,1.05786935436409,3.51114675216047,4.15281867980957,-0.00406627573497941,-1.7062760486742,1.18756571362855,-0.0145533187701659,-2.44998606517758,0.27618692385605,2.49427609899671,-1.37577037732681,-0.319936710303276,-0.0617144581789555,0.634747062711494,0.178884985151119,-0.173366758877291
15.995,-0.186450253972645,0.736816224784848,-0.330645364360938,1.3924421342344,12.4751258879522,-4.06547974916723,-2.60792229405755,0.362243083128072,0.928214391902837,3.43864753270606,4.13717084302449,-0.0636646380288843,-1.68096205875986,1.06591990895747,0.0163409262991826,-2.79931434321509,0.248336206029164,2.89047317366473,-1.39741050455233,-0.36244520494533,-0.197995743378856,0.985259268363426,0.372767504511768,-0.367910147591906
16,-1.86119216951539,0.0303542149352109,-0.185271124064249,1.90045253305243,14.0341010163655,-4.01489147262638,-2.63437804765673,0.251642374042933,0.415612727902236,3.42153886259196,4.10090449277262,-0.187543604109622,-1.56580856217077,0.813184516662578,0.0647789427957859,-2.94273307965369,0.216497886057848,3.22275714684615,-1.37176109625806,-0.408569171438122,-0.268914782790614,1.36613203073,0.513492312419498,-0.522937689469958
16.005,-2.44611179884947,0.263567117112739,0.730971958414248,3.73019025911149,15.0395548004728,-3.78725837070701,-2.59900081816149,0.0349899580675262,0.390118634308451,3.83262524247611,4.24414492923133,-0.575765878980173,-1.49660980759302,0.586372367627262,0.112362191270754,-2.8944116869006,0.173909509026456,3.3431879179175,-1.32586496026778,-0.429264952951142,-0.273450707656322,1.63435675808666,0.672987128070087,-0.60512831417841
16.01,-3.94052667049552,0.454378440637059,3.36547503001859,4.14313210921002,14.2354755747706,-2.88721791654026,-2.41576515239414,-0.00673097538891981,0.611354825050029,3.83007774701554,4.36589117457288,-0.808680475939333,-1.52824065086178,0.254343319328231,0.172750387948622,-2.94047426124503,0.0326795820176546,3.44536989507105,-1.32725813977684,-0.433338692719756,-0.262708236128967,1.70383276974173,0.822478948033566,-0.618581670971068
16.015,-4.43943357235068,0.498504991630542,4.34047281108115,3.8232414803209,11.7477051737679,-1.63350948552155,-2.13027143505582,0.294580274916127,-0.205511964071043,3.18930977313312,4.40104961067362,-0.703626767511403,-1.63386577672393,-0.164407561077302,0.221734446837346,-3.16542683490157,-0.232650178547769,3.59537035496367,-1.36289256344982,-0.421185898760306,-0.254817734371638,1.72190786641983,0.93633397035001,-0.527956064319669
16.02,-4.3414318195877,0.925463286581238,2.61233678043228,3.04510720991825,9.34890845321504,-2.25733136093527,-2.10420024156193,0.822393782756498,-0.966418732559745,3.67608821855036,4.47409554252462,-0.784063968036762,-1.70546900170431,-0.580101227055314,0.212818171330081,-3.46199624491941,-0.625001030293234,3.73177967714665,-1.39362739936786,-0.447189940919673,-0.272587326744153,1.79877700165961,0.923295869772555,-0.178969789479967
16.025,-4.20575256142495,1.56108136703416,2.62670779947113,1.17811154928447,8.03935804929376,-3.8552809088922,-2.29278407080044,1.55753765323414,-1.31164729881183,4.61248886975285,4.52441002173603,-1.14069615283884,-1.72547021723223,-1.15899072202771,0.0725697838752122,-3.38579371046593,-1.23492883676809,3.9604126705643,-1.38833453380668,-0.577658409923709,-0.235868457427482,2.10156024471139,0.652191280646352,0.0554865606369621
16.03,-4.04967631712471,1.59581259693417,2.85818377606822,-0.881795144845503,6.593006501093,-4.33241322709886,-2.33866145664355,1.38742152550928,-1.71837976487315,2.85413696828744,4.37574572321113,-1.21489594555141,-1.84382618043537,-1.44452708524074,-0.0580502304708031,-2.81459342241677,-1.68745455060411,4.14344444068951,-1.38386490557865,-0.690716372110446,-0.151433322650432,2.31112076661651,0.34546607278876,0.202798485714508
16.035,-3.8333970694247,0.493130786608287,2.30015287436345,-2.14096596311484,5.30482024082669,-4.45596571593601,-2.3501478123692,0.659119497847185,-1.69927977628807,0.280823580797092,4.18622812267684,-1.17671386023842,-1.98432743329887,-1.54163687973215,-0.196895258865933,-1.70800889673957,-2.26264546473422,4.13729547844716,-1.37850146416686,-0.742461654099849,-0.0328673121994273,2.17779237083582,0.127320830134256,0.405490403409254
16.04,-3.90856390938032,0.515226159432301,2.39853753335281,-1.14292902313205,4.10089606326129,-4.71740407881309,-2.34154364450649,0.240705278050557,-1.50686841661103,-1.04251887592629,4.09058041026668,-1.15369282849938,-2.0003028605304,-1.41376373174886,-0.257930524791916,-0.680315896972773,-2.64453457190828,4.08178443788748,-1.38452024887652,-0.741393103154251,0.0343900241437285,1.97213958029803,0.00665216570613357,0.502458085653661
16.045,-4.36505761024337,0.0572863477378775,4.4886512904211,1.12266306071396,1.41715411388893,-3.90027443939498,-2.1356441581472,-0.117815248292809,-1.22370463521228,-2.1628157725947,3.7509384672906,-1.05422167514764,-1.99862791207239,-1.18524127363024,-0.30259376568237,0.289520490151838,-2.87182446251681,4.01172313931001,-1.37168111728708,-0.684462693755951,0.0337227651265009,1.85734619996022,0.0527438035429388,0.511874418775958
16.05,-3.54470945875413,0.325322121725104,5.07643885240593,4.08676155165754,-1.64769510389701,-3.74708959053126,-1.89526041071041,-0.285985443249293,-1.26863032829828,-2.01674878909002,3.39312216382056,-1.05419168060602,-1.99801393822296,-0.87566187420497,-0.255471079169623,0.85260766740898,-3.05000103204019,3.88294400235305,-1.34626765424058,-0.593527101320927,0.001551144702621,1.81704049986029,0.103910331197252,0.487084718740968
16.055,-0.759117589503576,1.07156816006801,4.2807436315935,2.55610783871443,-3.64890186143383,-4.60777189794404,-1.84697448509528,-0.30307717753211,-0.433069145795159,-0.121696582153981,3.21148757638405,-1.22088850027197,-1.99896819706984,-0.578763970275333,-0.109935785662615,0.791705620030362,-3.12456201488568,3.76697132206515,-1.31711140805224,-0.479314023849019,-0.0168803987956895,1.77847503883478,0.058900259902932,0.429774437049062
16.06,0.764386883438377,1.18085453563272,2.97521851598934,4.00189730937937,-4.29189626143342,-3.67148689686011,-1.94087009404279,0.0226605854260395,0.769449076688196,0.720120703929204,2.55387630001834,-1.13972372950711,-1.99933918457126,-0.241739622094881,0.00895361866984158,0.553140755774839,-3.20738765037019,3.67484286987822,-1.29888358705501,-0.356083426858707,-0.0237425951939709,1.72376238438106,-0.105926059232454,0.332723663954497
16.065,1.07252716884826,3.00818557452156,1.12566931869322,3.07821666981794,-3.47042538642846,-2.87704789928739,-1.79127741167353,0.0980421522592156,1.07113791676954,2.22491043519592,1.79041213848471,-0.886415576905636,-1.99824348800415,-0.114523232682446,-0.026526733044299,0.810519381866538,-3.19560504821559,3.77391522736608,-1.29416486816027,-0.204058959786355,-0.0114144871167775,1.6798062988221,-0.304102300888148,0.245366619533874
16.07,1.43521227973264,3.22959172736238,0.907375767073763,0.0668441734449705,-2.22901062960837,-2.04729794951386,-1.56564905428879,-0.0996898572655723,0.950317141743306,2.53158787474138,1.26210467277184,-0.683261991104786,-1.99513900828078,-0.0532353757944584,-0.211179388600225,1.63997142157413,-3.15810917117386,4.19811437194184,-1.31553622952003,-0.0977882105993029,0.0279557956455618,1.58992510453284,-0.381664165914556,0.144056113053735
16.075,1.09946515231383,1.31761886822542,1.29056812999116,-1.86573627026034,-1.80469504234302,-1.73914331925383,-1.23280523062057,-0.0539351448957907,0.811309113919112,1.46311173001038,0.826315607626936,-0.476015290784586,-1.9924030212639,-0.0640093407963891,-0.392133485608167,2.31245306561214,-3.07247221621443,4.50139454804304,-1.33288759240665,0.0489497938748287,0.108438713068367,0.80878404658934,0.00436843105644019,-0.203455833158555
16.08,0.398148484547275,0.721762393814504,1.40021055763815,-0.301547854687204,-1.90090734826154,-0.616300344015588,-0.831237493143018,-0.275124766074677,0.156219545908991,-0.247621251135192,0.391817093655858,-0.288521434247039,-1.98906627663955,-0.123135325091311,-0.625751898175844,2.72653444240432,-2.81842219217932,4.56863596655029,-1.58715874816076,-0.0741185532729072,-0.143036818055783,0.250858638555889,0.400615016271129,-0.473423424848059
16.085,0.167216959811338,1.5933642030921,1.31088789163743,0.769631477996978,-2.17853874164585,0.893900575194984,-0.672503825964576,-0.337953152186644,-0.137703798484764,-0.764840873816872,0.150810434970718,-0.3658903698148,-1.98704062231697,-0.154834061120265,-0.766391140146569,2.38935696078407,-2.48744986838432,4.37580479150403,-1.75700335303844,-0.201162832163561,-0.173715152941431,1.67519731185104,0.127655991010758,-0.532721255403411
16.09,0.164495635417621,1.99207315055605,1.28515193549177,0.467774364992886,-2.44473772140387,2.17407226724541,-0.603923117115508,-0.183169909076171,-0.168097939266185,-0.642397344281277,-0.302455116476688,-0.45859467685334,-1.98609700431786,-0.137590879398695,-0.822909729126898,1.49930471856218,-2.19346041909634,4.05373782469972,-1.86877706049322,-0.107929923779932,-0.121558512520111,3.10702470694663,-0.093782053119638,-0.494956174697406
16.095,0.161578212427333,1.8533050652095,1.25541354206259,0.0841621487459948,-2.66761883565272,2.89004426603041,-0.516278222907104,0.0527916938488259,-0.0907171989602832,0.0584765942620666,-0.919988227114121,-0.358211050788776,-1.98557552134206,-0.0780541608510996,-0.840081033594333,0.59251303652148,-2.06559178710532,3.79497442119688,-1.8547905968886,-0.0693035125794246,-0.176069811327637,2.80546863705292,-0.0220243795249396,-0.44446258953296
16.1,0.203273547124054,1.41361666563269,1.04395360988278,-0.0654526068201634,-2.99238915191782,3.59746606130844,-0.444522194175171,0.19328281036167,0.0526780816773442,0.245163760132742,-1.29722757389848,-0.0571479383062663,-1.98527872124869,-0.0629635237676753,-0.855133441645571,0.231174612673806,-2.01546467481189,3.70741980792169,-1.78089601717033,-0.0753053992972638,-0.22857850408749,2.11716598800904,0.0112378799922114,-0.408713234710563
16.105,0.392349920479897,0.943801233734575,0.853099080813677,-0.0967036626508424,-3.18664433007437,3.99741101819365,-0.419377837781403,0.254597616516661,0.224740458498171,-0.301007728268219,-1.59727660240011,0.351632014069641,-1.88895082903838,-0.155034619028377,-0.901319172484311,0.260673466242938,-1.80739941104811,3.67827642229844,-1.62759159466502,-0.122035839726174,-0.183002714687954,1.16709551049484,0.166794557809727,-0.437563410342101
16.11,0.433614005614765,0.571391079310454,0.736087435691662,0.116898609618873,-3.18414744164394,4.15833311290852,-0.447421565290196,0.189893807009546,0.229731685630201,-1.00480444186361,-1.9318984526588,0.719427757112044,-1.781297952508,-0.242424370045814,-0.993800118892902,0.381850008746343,-1.47942232893128,3.59573566168188,-1.52884385567635,-0.173609456378334,-0.11030051663093,1.05685693899433,0.229628113925367,-0.438791032564255
16.115,0.340884535399463,0.397796705228691,0.723988334093267,0.427751172278383,-3.1157278189851,4.28627370300373,-0.481908860617788,0.0385017468815002,0.0591179441708019,-1.56809635119914,-2.25738971926099,0.923957425591206,-1.66289831685239,-0.300292032082316,-1.06792682824253,0.403806731677839,-1.03011958359014,3.45840611193394,-1.43483533537354,-0.178509000126124,-0.0446657360700199,1.61243672532232,0.0949997143652215,-0.348691802298018
16.12,0.165496609742301,0.367874257298409,0.7995469922457,0.717431843078534,-3.0639524289359,4.39173147135204,-0.4512867228995,-0.142114530873817,-0.178427915014816,-1.97759093024583,-2.67995364085007,1.08721004882584,-1.56056522427032,-0.299847353467557,-1.11114376862593,0.277453314160666,-0.781372472793034,3.36894945895358,-1.3341424769334,-0.156181317544943,-0.00289266806263514,2.11598619367355,-0.174685730053621,-0.237246972030794
16.125,-0.10519201436153,0.311376230518677,0.935516341282599,0.893808624455533,-3.16742171091288,4.41078086414353,-0.39508126206862,-0.245653214474216,-0.252607386423862,-2.01340962749014,-2.99066809011931,1.25458210161674,-1.45002912583618,-0.254951536061945,-1.19531302322787,0.262268782600205,-0.618935085814685,3.35767218534718,-1.21762216817992,-0.123409319036363,0.0444444364339082,2.38137621778828,-0.340732417778682,-0.146821547881185
16.13,-0.295683052993192,0.221899960759807,1.03982932272177,1.06434552305335,-3.44553875166527,4.38356482577569,-0.354765422500814,-0.343152673054814,-0.278199344383158,-2.02888712584066,-3.26965645102018,1.52157667789719,-1.30185559126788,-0.221145966549291,-1.24205664041235,0.270633352056646,-0.444144091236503,3.42895813184673,-1.08839862694914,-0.087736604790181,0.109442811309129,2.26087831369475,-0.297445157854007,-0.110957866386365
16.135,-0.380462945461483,0.0857500174503369,1.08615175873672,1.20960676126383,-3.76598928725653,4.31937697331764,-0.310965919721432,-0.446065160621445,-0.262255174864256,-2.05085150877232,-3.49735769491478,1.73836042930266,-1.20644374768516,-0.212821304393798,-1.29231623386961,0.119825691037479,-0.344288379119623,3.45322084619402,-0.89460822352756,-0.363645325718926,-0.216154149344352,1.45314390136344,0.0562334113453953,0.583302526760589
16.14,-0.342529505867315,-0.0718609667222751,1.09893394702929,1.37143532996508,-4.18678370602224,4.22417947466234,-0.310512289545655,-0.54711762385516,-0.233201171078669,-1.92079401602685,-3.82134581038287,1.98442692283889,-1.17725974548133,-0.226540653503704,-1.33080684384374,-0.24840318880068,-0.284558289954741,3.39010367131256,-1.05339454750089,0.0568254343502793,0.0432544307428186,0.778025133084691,0.248816323819859,0.558657320671215
16.145,-0.30678591684923,-0.235944006445531,1.14014642612505,1.43763100444186,-4.45672963483235,4.11443079747195,-0.36691440010178,-0.637202446715218,-0.224912273173425,-1.71002258361531,-4.09217213841467,2.16596443239203,-1.10021975264052,-0.294406088195353,-1.37026042506748,-0.611740321094337,-0.205171731500397,3.38217522626079,-0.84294918194863,-0.260495304475544,0.320185173497728,1.79249231843717,0.51846306570088,0.0733318885346425
16.15,-0.291280986675384,-0.416177234237457,1.18355259337179,1.6521950145192,-4.71096587357399,3.99685511378768,-0.456794501065175,-0.745671234739388,-0.182792715009932,-1.34709979903116,-4.36561071999633,2.37935944057653,-1.05920732379909,-0.346026118402439,-1.37683337486819,-0.997048234738884,-0.175486265373557,3.33813847586767,-0.861365845982075,-0.12287992194524,0.244644285584833,2.80147414026498,0.858733160199111,-0.226827245076452
16.155,-0.324509081950356,-0.509532745058145,1.22839272591276,1.90572064350699,-4.91963945752848,3.88488016673025,-0.496890613596524,-0.861985091811723,-0.157468922324306,-0.940470544414218,-4.59214927870264,2.57922654764899,-1.00837784176128,-0.380189126751877,-1.38403605597595,-1.22734907938639,-0.172534945398193,3.19496328517296,-0.857992187703344,0.0269525049146065,0.23481480501248,2.6790415733373,0.489799302422729,-0.224651275789127
16.16,-0.401544274166468,-0.559010202629647,1.28947845602324,2.06803608315232,-5.07866812605586,3.77141928298232,-0.531264644550332,-0.961134707934549,-0.158687733203092,-0.530998989727605,-4.80152245844435,2.73118138516595,-0.937514032538341,-0.378601517671673,-1.42744503918575,-1.5174865954684,-0.282789186006122,3.07039562048348,-0.850921041196323,0.0462592553923941,0.177079848714932,2.03507727095014,0.0460436068919823,-0.173430544177819
16.165,-0.551727095271115,-0.630163764702905,1.39797007676489,2.20151171818701,-5.31450699338459,3.61089126515744,-0.570430196702827,-1.02655969277222,-0.202273789206373,-0.0497758045807144,-5.07227281195307,2.88848111898915,-0.883287284572333,-0.353752411839395,-1.37805693820518,-1.37712425661504,-0.0769477259432408,3.06455166282325,-0.813078129927468,0.0758360391661984,0.176553340017793,1.69577524352636,-0.169102885051014,-0.185213083057428
16.17,-0.652327241075407,-0.668302041141862,1.46218808360271,2.21153580682538,-5.53044031129312,3.45255029877057,-0.599280838458238,-1.05957828786105,-0.210076270786213,0.165231441068108,-5.27478234840566,3.00840289837608,-0.801400484120666,-0.350517712956136,-1.32800725262895,-1.05323579485459,0.122761323144364,3.05852661511122,-0.788022687260109,0.0846442961479025,0.168054761373195,1.51757644458782,-0.22145272137081,-0.0833028209296615
16.175,-0.726777989811651,-0.751445787335293,1.52610536374605,2.14389330862587,-5.81407689439034,3.24090907753555,-0.615889565902637,-1.04305100977236,-0.198812985486263,0.419088490762891,-5.49160600707794,3.11234028522306,-0.699585651873214,-0.393293683367549,-1.31994692530212,-0.912957495790669,0.177615982316925,2.96352928927687,-0.731049569550149,0.0995299701128785,0.155133028133976,1.61329506643949,-0.144537389506909,0.00457828020245085
16.18,-0.765457252230739,-0.823935083541165,1.56634810166916,2.10012409890018,-6.03738591493601,3.04829819146753,-0.651855970139608,-1.00813861237579,-0.190647194292376,0.615984544997054,-5.64923419731176,3.18850849587808,-0.58922659687214,-0.453872233667551,-1.33748486752452,-1.12833341255189,0.229660743206175,2.71498180471452,-0.678637714398437,0.0984944423054969,0.129259941083109,1.89894244094391,0.0315472126283505,-0.0341962891076623
16.185,-0.799189670259839,-0.87404416294944,1.58992944171695,2.11740281076604,-6.24705018987183,2.83280465553621,-0.687336172408851,-0.967770037689235,-0.175442501767908,0.798528723966205,-5.82292502559413,3.20842508084329,-0.499030431563448,-0.492090175635806,-1.27948726975681,-1.55926270921912,0.287270385086493,2.52015097650234,-0.64936579076747,0.101836768313803,0.119605796790287,1.90520804029079,0.118493579496333,-0.056972297150364
16.19,-0.852240862905006,-0.903671081974645,1.61994861063885,2.10264338793061,-6.43880008452731,2.61248265705988,-0.714453361527466,-0.949766841273622,-0.176259890243369,0.901238927486817,-5.99781443628166,3.21499711614456,-0.387330313016918,-0.536406108904742,-1.1508419807541,-2.07185441878038,0.336641209791412,2.30564998189256,-0.578922088712041,0.0844075582418579,0.0875265193629672,1.82296703392238,0.26287909289482,-0.110744177753526
16.195,-0.930093864196822,-0.889415102782307,1.65628397648169,2.07734824198332,-6.58285303469858,2.44791517407875,-0.765768706535194,-0.93826058190078,-0.176242413394032,0.913955530691731,-6.16960251095184,3.20659027271775,-0.288573246736201,-0.605550273196788,-1.01111142067682,-2.49918998963517,0.369458463254472,2.05151978423656,-0.555674856437071,0.0682030681515013,0.0408345356646128,1.76394784854742,0.411847555107404,-0.163546729753209
16.2,-1.03963651061237,-0.806815825864158,1.70068118776676,2.00579332009893,-6.747463495973,2.27747952888883,-0.817521647105838,-0.925242962021255,-0.192484266971751,0.779426934687131,-6.31870790739152,3.19145020441802,-0.235659490976459,-0.617892842154858,-0.872933314792402,-2.77908095599906,0.390061592884719,1.85293806334738,-0.539174653136367,0.109784061188458,0.0214641161442264,1.57795445599234,0.481093338681212,-0.105049025683406
16.205,-1.11599176724732,-0.789332409800023,1.69278977825054,1.8572298557515,-6.88299688049007,2.18544537571117,-0.886106351540611,-0.925144194626525,-0.232823602595938,0.502156332384146,-6.49889687362868,3.14572820048644,-0.15843813074047,-0.576134210270613,-0.729324003079847,-2.97611949709728,0.385183066129684,1.65468457665713,-0.513482314998922,0.0674471813114954,-0.00577308799233801,1.45765208096659,0.523081901555587,-0.00996660008033788
16.21,-1.09786563777567,-0.879467802057056,1.62530204095397,2.12274574849013,-7.02967598258586,2.32417361303585,-0.931750876331313,-0.613387137441261,-0.337338200350953,0.101410993875818,-6.483652737515,3.11229484984733,-0.0610212906595367,-0.528912870017819,-0.603458431652504,-3.0519794029005,0.378516042964281,1.57457381948796,-0.479747926822287,0.0615817950175392,0.00611025464490451,1.42499254731982,0.531880444468321,0.0711742947011043
16.215,-1.15123656387421,-1.01767198629718,1.69307426941942,2.22612512520254,-6.78883531471166,2.4570606348517,-1.0599648512088,-0.731116840337601,-0.0784721741657387,-3.66504248488439,-7.10639175250695,3.41067851907806,-0.0122590344143881,-0.525626326646452,-0.492287873316736,-3.13998947053394,0.349591156472352,1.42964196581125,-0.445519921520047,0.0306125766042425,0.0182563697614784,1.42529414946553,0.595953653990437,0.111720978434016
16.22,-1.35939868610075,-0.969462811040476,1.97217486933733,0.711727904300258,-7.15188711281338,2.13865466151544,-0.859464213658825,-1.65262979755599,-0.782370380370425,-3.04135459721053,-7.14221979123868,3.14984083328362,-0.0202369523428561,-0.559888645967242,-0.393772666046251,-3.27252316188994,0.330230653603763,1.23743474853028,-0.418977618489421,0.00456932938124121,0.0315782048720797,1.50572797210057,0.635971457558487,0.0958813231407944
16.225,-1.45797666050044,-1.37753724780228,1.51334017006549,1.97167572280682,-6.7578555682448,2.28489133672194,-0.962469688757994,-1.67187041461584,-0.550133952317577,1.12356262133299,-6.9763726410283,2.43701883442825,-0.0169008244927792,-0.537585914661551,-0.335046153559678,-3.46309726604902,0.326263735511979,1.02299668787924,-0.416098226534484,0.000141591927380133,0.0463683626648351,1.52270721836169,0.5933626552282,0.077948112805303
16.23,-1.43786509645852,-1.11709286712541,1.6025214947816,2.50026989529772,-7.06748159089287,2.34893188746442,-1.07524847452331,-1.37701276240153,-0.458726466565799,2.04845175061971,-7.01953316352491,2.14739440185578,-0.00182070203752091,-0.505057479282351,-0.270920118906682,-3.63170567731539,0.344504206439691,0.819519325726975,-0.418172784000549,-0.014882737189131,0.0559942779868866,1.46967209290049,0.478395566144734,0.0599824851264132
16.235,-1.63080851023465,-1.09592810937167,1.58614760411073,1.94167251247312,-7.06728771627522,2.16909507626851,-1.06974993426424,-1.34157346388072,-0.530892189240572,2.17463983299499,-6.97165320643042,2.060097523712,0.00695640676575729,-0.498317820477186,-0.190650822044446,-3.79330941788187,0.387228839442004,0.613131338072194,-0.419528584512051,-0.0231231462533123,0.0684497392920766,1.380941428347,0.332590942003597,0.0662103775981014
16.24,-1.6588683963209,-1.32306328191474,1.57889419174238,1.71602094013558,-7.27289122524096,1.96028793742123,-1.06578098078342,-1.40845820096737,-0.564736823279175,3.18575904658828,-7.03583439355343,1.87726217372237,0.012237730754476,-0.496047695256075,-0.0993221511219142,-3.870346873823,0.433237230883143,0.466075069344563,-0.41609532140423,-0.0328355421561662,0.0763452786009899,1.32206669706221,0.237091062112046,0.074076941799033
16.245,-1.56498081757957,-1.4089779441317,1.62939181360527,2.20616034067541,-7.31734856066284,1.77277286654357,-1.0577192074353,-1.22553660592099,-0.582113386167746,4.91174937641531,-7.04507420650388,1.66800613538274,0.0114029590373535,-0.503392889606964,0.056065935291485,-3.68520007720704,0.437961182589669,0.320232314843584,-0.424832537305168,-0.0356424208140331,0.0983893244757317,1.28944080394561,0.132057754023268,0.0820800343312585
16.25,-1.58712181247727,-1.23940402208126,1.60517148976807,2.29878400286673,-7.38359122441638,1.56755279812369,-1.16618733729663,-0.812616083020974,-0.53651086657368,4.35958066960256,-7.03523677064711,1.7707267763894,-0.00477621753408297,-0.514565963589863,0.18938452700231,-3.32349403215329,0.391827219961957,0.264547521516491,-0.424815988243343,-0.0397986505812179,0.102218384265128,1.28878557303718,0.0638538200461276,0.0835069679588694
16.255,-1.63481448766114,-1.18312629946132,1.66568228222068,1.62795400752419,-7.31848370344197,1.1729177395088,-1.27139946510643,-0.633547157796413,-0.544827409604289,1.77136150472897,-7.17608888436597,2.08367140198973,-0.0524912779409944,-0.539693044192305,0.301761306056065,-2.60366363699945,0.286501794007049,0.261916597296989,-0.428957270540888,-0.0475121185301336,0.0953331465764265,1.27149129577939,-0.0305118610296537,0.0791066231766809
16.26,-1.62704370444385,-1.2815352156829,1.69974211358406,1.4186706796479,-7.19072968336123,0.89142479278032,-1.30521057864193,-0.760347015838573,-0.601168232876574,0.473415071314687,-7.30348274012288,2.16502576739066,-0.0810422220512769,-0.579318379665724,0.349419408335327,-2.01193293089138,0.21778034783708,0.307023655358207,-0.429831126341612,-0.0614606345923721,0.0795958121190573,1.29608438758792,-0.0997306928676791,0.0698856667638922
16.265,-1.623219131286,-1.16915967409953,1.72887287744415,1.55061933095706,-7.07660660558962,0.62576816134931,-1.30913237288776,-0.877887551549502,-0.608103430235525,0.0359646502699011,-7.38589244406592,2.0913623274847,-0.101447248078948,-0.647081719724736,0.36954801811016,-1.24679187032824,0.146398054304044,0.362222113766652,-0.426956928524093,-0.0819087785704179,0.0699310661672367,1.35562187670113,-0.1687646759558,0.0428417840486251
16.27,-1.70333454751462,-0.971236260406259,1.73438181221709,1.21525968614634,-7.00107165133737,0.234554511891057,-1.34913215930356,-1.06282957030236,-0.652340717759005,0.300118114550855,-7.44528299006264,1.85371648539398,-0.109781332444582,-0.690337840406304,0.375674011114923,-0.703517312789296,0.131289712316109,0.388166965078893,-0.404730427433505,-0.103325268523724,0.0853638969000408,1.4154555077063,-0.224285046228293,0.0168481221302203
16.275,-1.74151285789391,-0.927345013758112,1.75031050759816,0.912309701960287,-6.99549883904389,-0.10773842980631,-1.43546281008971,-1.17563066703963,-0.667602100927055,1.80669632302785,-7.43735929977389,1.487407998063,-0.131441370894099,-0.751535516184347,0.379231614503954,-0.0446259851601189,0.103464546208762,0.387049213462867,-0.403656024316374,-0.100999057438397,0.11111276953181,1.42665099722746,-0.205504828816933,0.011416869162943
16.28,-1.74709587694624,-0.847997186698953,1.77638391901611,0.768721883612872,-7.01213111900921,-0.487069735300964,-1.48068528176217,-1.06785577400563,-0.611344713548287,3.00732598935604,-7.4192690249837,1.23427592298918,-0.158019738457682,-0.808861485862768,0.356461316985688,0.470441695571572,0.0680720226365718,0.364274909296031,-0.411932593043831,-0.103497653438336,0.135471759728285,1.40921705430523,-0.123454231038159,0.00445528386151332
16.285,-1.78842226303253,-0.702520188823221,1.83136223789319,0.524884475613629,-7.00459569006354,-0.803629173204655,-1.62891681687882,-0.885551498694066,-0.595819874738804,3.21421439596416,-7.44730307867618,1.14830423200606,-0.180401620963058,-0.859462202096853,0.346810593708299,0.892268261671152,0.0228675434395505,0.326950260200078,-0.447081812916883,-0.0953870308870204,0.148948331578051,1.39810086692164,0.0169589604439787,0.00102074520106638
16.29,-1.86149710187565,-0.620614480492761,1.91544862436451,0.252066438224441,-6.93030035921397,-1.10182952720092,-1.74739232665952,-0.612929563589455,-0.583214862527998,2.82506785075248,-7.5569426952639,1.19618660349665,-0.206616953626956,-0.873245109379922,0.291477419314156,1.15229422810539,-0.0291323448268392,0.312998114116359,-0.481222604660024,-0.0817143047593177,0.164645858166836,1.41240458021651,0.141790650137765,-0.00927810722590763
16.295,-1.91326225559892,-0.590994807725374,1.97179714473997,0.054773206881055,-6.81827586582725,-1.37412643372521,-1.84347614832317,-0.463896802892129,-0.577269582624009,2.02563369252579,-7.64951624075688,1.28905793075142,-0.223412630452971,-0.825977349052399,0.238023897831954,1.11173831579461,-0.0383161632944866,0.363817509263024,-0.530376681928793,-0.0631855461855321,0.185596677897584,1.40800741102237,0.230641669998008,-0.0264598257072294
16.3,-2.01681546297548,-0.566574757967533,2.03420750714748,-0.0710719195850027,-6.64400752309161,-1.6888488551169,-2.00114017124174,-0.462663649791467,-0.60341065147356,1.04876276003146,-7.74123533832577,1.37767832232723,-0.224567545080007,-0.748838701881963,0.202876966310444,0.80483234655687,-0.0103439350895851,0.395297214090964,-0.56902505665214,-0.0287420418759636,0.217209998115214,1.36192550134538,0.281059208198891,-0.0366012223608288
16.305,-2.12599789656048,-0.553253155590735,2.07780712828651,-0.0780396019466974,-6.5050583906015,-1.90758014391848,-2.09313053776079,-0.583514317049455,-0.661811114695307,0.825282581177492,-7.78543360127442,1.37523695959363,-0.214845800857384,-0.592742114063077,0.135293024634626,0.261875647730323,0.0901278135407963,0.366182362568611,-0.632594888966392,0.0113483292669985,0.279864911777402,1.1928509209708,0.313849709295456,-0.0545341203222687
16.31,-2.26601966861337,-0.525857920089236,2.11630220266752,0.0466159658147986,-6.37824002788677,-2.16470251125504,-2.18379108535198,-0.729074044423044,-0.722627040545988,1.08373254103223,-7.81197689449493,1.28452619359869,-0.182035030935115,-0.459541115961839,0.214052668198272,-0.44989216389308,0.222044381318788,0.289863198290047,-0.658066352504609,0.0349277165826044,0.35010018704397,0.98452047566847,0.334871070388535,-0.0502148965340455
16.315,-2.42905957270658,-0.52996806682374,2.1285045925664,0.22326433570629,-6.2815051132742,-2.37037405454992,-2.34848307050575,-0.851572215085024,-0.787669579250962,1.80899606441338,-7.79371156161503,1.18390870544081,-0.200822810989977,-0.3345858066778,0.268300063839093,-1.05018263201825,0.310128163923104,0.142016093484678,-0.678815876295775,0.0535829378868522,0.41587239798099,0.764874525216329,0.351869637615484,-0.0411766982149468
16.32,-2.56672225034113,-0.60562534022655,2.12183852013401,0.441277450710762,-6.19721892141273,-2.45023241614061,-2.4307099729191,-0.903181334145561,-0.842484677168696,2.34871056465908,-7.75009398964504,1.14073435330813,-0.243998797691579,-0.22797503709405,0.287330761467226,-1.56458102109621,0.360191516320537,-0.0239680925194328,-0.6836355055528,0.0561351005057528,0.445549155362392,0.6148109915501,0.352307665467758,-0.0369805309482951
16.325,-2.74428820486788,-0.72796591387395,2.0602420076892,0.874256385299857,-6.10878125570106,-2.38939293364123,-2.45735501323309,-0.887157538632566,-0.86668080591642,2.6978921398891,-7.66196410623961,1.10008745119263,-0.276145050184789,-0.108007860417451,0.301161097895843,-1.93379814163537,0.411817870811411,-0.183729172812083,-0.684145257160578,0.046630764625473,0.459760740701098,0.545512490005724,0.338690618736754,-0.0232853585153019
16.33,-2.86372358626342,-0.750057734473215,1.94472601357806,1.39481664133406,-6.04849254213789,-2.22391947644701,-2.44645101964762,-0.830704037568928,-0.944141455187571,2.88684316358596,-7.51364029381258,1.07030236460282,-0.32030357874594,-0.0348262665447996,0.308194421040616,-2.19524253075577,0.450452252318065,-0.302873356895276,-0.686985409233576,0.0172099194252039,0.477017472048026,0.552310118453029,0.338241837618126,0.0136414135336819
16.335,-2.99282932531233,-0.634558122519399,1.6544657971033,1.8556452830968,-5.97510267093167,-1.93733241847716,-2.27336348453159,-0.6966338792275,-1.07354666553073,2.95193662787172,-7.27629392809987,1.02168147440858,-0.383417334019867,0.0255568659450437,0.295194538593943,-2.29530619015168,0.479461243017207,-0.415597035306542,-0.700087044640368,-0.00674584281877841,0.479287741231117,0.627175530999801,0.359242896949859,0.0579584888831807
16.34,-3.0731580129997,-0.354960248352783,1.23245201897421,2.45707648811549,-5.96321587179718,-1.75238930136515,-2.11914016271944,-0.651302683522349,-1.07858709397638,3.15323835969184,-7.12782388511571,0.911181114086876,-0.443939770504727,0.11446540705598,0.270655958708078,-2.20694008267159,0.505964874112342,-0.531200848306538,-0.704745110151664,-0.0416888303302128,0.451775809083387,0.788460384258859,0.420546313441901,0.11226238727494
16.345,-3.09686295808307,-0.0294224871660923,0.76763436522196,2.48240602646259,-5.87779478094176,-1.49635708640347,-1.84571755405694,-0.618883819555612,-1.17304510655846,3.19157824270944,-6.73326571773673,0.852973823068367,-0.505806829403688,0.222116721126362,0.217957031741358,-1.89351801125845,0.512074107295285,-0.63115551528651,-0.736218515301277,-0.077047861052637,0.390067898773801,0.935327482454261,0.47124882539795,0.131003109118414
16.35,-3.03450388832058,-0.213965748214178,0.356964747151897,2.20187507733888,-5.65161198265342,-1.23336918750553,-1.58387218289964,-0.598152702458725,-1.26902370738378,3.09412263841859,-6.40931157206957,0.880108415604393,-0.589661718147418,0.381715753694127,0.127983940586568,-1.33549503879622,0.469410849062085,-0.719989650606714,-0.789581804265189,-0.111724677659303,0.324676749905365,1.14662030654237,0.557393106731489,0.13541741883865
16.355,-2.94359709148965,-0.607063767122949,-0.0387756116200951,2.2242533801325,-5.23448195523905,-0.799736628099868,-1.34565105153233,-0.643617481721444,-1.47279746433874,2.98041715818911,-6.0131901842258,0.907437047652051,-0.694357870121466,0.600758918126588,0.0657677417150782,-0.802613521837494,0.410283141763348,-0.712110209107266,-0.846997684497732,-0.140351359724186,0.269928920235473,1.22366880157733,0.624959037262065,0.113912588139376
16.36,-2.96357877635775,-0.806139547562365,-0.346246933460946,2.59190178235566,-4.85907072889996,-0.435180613720259,-1.25445244393303,-0.646417218264576,-1.63181482643456,2.98604221850051,-5.64529889781247,0.916593798065196,-0.924875602727384,1.07231906197678,0.0605018221424158,-0.415208442730333,0.31673022172052,-0.485674113288447,-0.922379161229717,-0.167092419450552,0.212869951514184,1.15230142958098,0.721109406143118,0.0886536004527005
16.365,-3.12298659522424,-0.924248249543156,-0.674068225179774,3.01407882059519,-4.43596290804618,-0.212192747723814,-1.16413687809926,-0.594325582985319,-1.88690386469934,3.06284583697671,-5.23599973211275,0.968927875911282,-1.21708315272042,1.70582433205049,0.106541565974923,-0.488996882255235,0.250992325651284,-0.164884993802442,-0.967915136752534,-0.179346672145934,0.159720002670772,1.03076513949825,0.799019620259946,0.0690634141758356
16.37,-3.36194914143087,-1.14222378922069,-1.06727279323791,3.27610404119027,-3.92894357412135,-0.15648772064881,-0.938526133950604,-0.52025725684912,-2.10395819647113,3.1127401324482,-4.72098102796669,1.01999479404238,-1.61109415208699,2.04083594273107,0.280356604267376,-0.800207393238404,0.233023670341731,0.109078761969689,-1.0232855048984,-0.202494719274329,0.123157555477041,0.909401074186801,0.837130467371814,0.0488728925562463
16.375,-3.49349976082464,-1.32862765258262,-1.33739008518267,3.67200882601781,-3.42919674039529,-0.251465788408713,-0.713867125022971,-0.49205629279661,-2.17746649102528,3.38858889901309,-4.22245615613257,0.937737537529482,-1.94933640305633,2.0550414511658,0.632615555032735,-0.658133655189249,0.0184054082583308,0.81703648736628,-1.0877931745703,-0.241372902723756,0.115870064403118,0.827563347262904,0.851623682602975,0.0540273990923899
16.38,-3.83903460709455,-1.62306553844105,-1.63891487420032,3.14975316079952,-2.95819690184831,-0.474671347311668,-0.854160157908292,-0.347517192308023,-2.14019204208376,4.04298469566379,-3.40769209036228,0.79509452639195,-2.00233220349202,2.05991961988919,0.850771312980477,-0.148413954492185,-0.345798998028799,2.02336110717877,-1.12231861207624,-0.266594135857431,0.134208028381915,0.814010262545716,0.812769013167173,0.0618156725501794
16.385,-4.13833142237821,-1.72309534869577,-1.92156343765014,2.71811149268464,-2.53914203969619,-0.889725012946092,-0.707267873380321,-0.261573905201954,-2.29357943242161,4.31179815247372,-2.72875350215329,0.534215161042818,-2.00046039726718,2.05788222041495,0.728471879877851,0.177349766925461,-0.74932893070621,3.07096405209917,-1.15174729824375,-0.303458158203498,0.183007974092999,0.807128324279634,0.71415416863496,0.0967632762646446
16.39,-4.14003676242673,-1.8334456460746,-2.18015106900161,2.15171809635009,-2.17609421656224,-1.36750936589102,-0.581512427452942,-0.0934952597271066,-2.35063856933445,4.17300857046117,-1.98449997408747,0.2201896533327,-1.99292499981144,2.00922884106743,0.224762026869936,-0.0641655994437293,-0.785253914839922,3.36250759030636,-1.15691617754205,-0.321762981638771,0.241199160200497,0.798009625980662,0.601663275780194,0.139630619014076
16.395,-3.86565497127968,-1.92761681833043,-2.53154169838144,1.38406805133713,-1.6820647673745,-2.07483735711892,-0.479808997914957,0.0735964188574436,-2.31605481496247,3.64393318494924,-1.24084161685391,-0.104011458245712,-1.98920280161503,1.49721449103045,-0.161259499446125,-0.615330492454818,-0.329476867265489,2.88634013478171,-1.21011671079572,-0.315689318025458,0.300432532924197,0.834190788288004,0.501677334016407,0.152425192575251
16.4,-3.52730688997469,-1.87546640614829,-2.68825103396556,0.785112211329182,-1.1516593077983,-2.70022415824938,-0.377553155571293,0.0856056010552641,-2.20250765534595,2.77309740482076,-0.352819529856818,-0.528547583704653,-1.41653019831905,1.13973662377617,-0.239077457649101,-1.67581081867117,0.463340435180656,1.94548500761658,-1.28864897573678,-0.317006803620262,0.347272091903323,0.875900178948176,0.388661582251458,0.142841398625738
16.405,-3.23433451432357,-1.73108248793767,-2.69723114816687,0.31317846534756,-0.46348469253995,-3.29594387457238,-0.34824011181231,-0.132280176006571,-2.15328232059148,2.24348645507097,0.434280296405259,-0.827566990226977,-1.21729810225637,1.32505690512948,-0.153522517627793,-2.06176184745383,0.873874906113317,1.37081615060534,-1.39425978113291,-0.289097824931823,0.382661017294551,0.806317236371573,0.250735845097718,0.142951048417505
16.41,-3.03647812728188,-1.4906326726792,-2.5226798835269,0.0877434575530081,0.280486360114873,-3.85701037466815,-0.423209206556682,-0.306247501807938,-2.11132366749741,2.26103480166563,0.982387629272394,-1.00561067375067,-1.19308127241425,1.41877594783003,-0.115144302709552,-1.78849456698201,1.08690166597935,0.692913736644683,-1.46013413144083,-0.260131783559665,0.408770203445715,0.691778310732067,0.169613283221949,0.147091146531348
16.415,-2.96549887308249,-1.14877560834702,-2.28686119474812,0.160739493296158,0.894922367876112,-4.26233378998611,-0.555993276151418,-0.346375642147408,-2.02277862100241,2.45517413105831,1.61879079367545,-1.16159295966134,-1.28770895578616,1.43226150902405,-0.136826867477917,-1.25456174983605,1.17567004021702,0.675343782258947,-1.5774068991849,-0.226083159026585,0.425731988689687,0.588721316752609,0.121644997499667,0.134759569934584
16.42,-2.94479204522174,-0.757349388344817,-1.94433057503096,0.261310298128585,1.50870331810911,-4.56506131299307,-0.57036579889601,-0.253585096414779,-1.9032061614056,2.6811184492604,2.04310942011416,-1.22476076449402,-1.19467010067553,1.23294197930137,-0.147877318296436,-0.853861912127954,0.80419717654507,1.29998364048475,-1.65762737490934,-0.191528082440397,0.4452369209185,0.472675432329151,0.10563310601206,0.0969864594615505
16.425,-2.94567096472204,-0.479315542499068,-1.63241610392464,0.38425196263318,1.91825563199699,-4.57825356514656,-0.699038055215193,-0.0961894755806296,-1.93427639861835,2.69767365051397,2.52227301952028,-1.29271614857844,-0.963030714998317,0.89642820724504,-0.19567614398595,-0.319201530324751,0.48269603017017,1.68617173720708,-1.70554901371535,-0.135658080181337,0.508718017413031,0.3353663563271,0.0789430378012626,0.16982681857498
16.43,-2.95854031569433,-0.0918587849079636,-1.33990570380206,0.467633189638184,2.24017525316344,-4.37970702032281,-0.76250292837434,-0.0137485138958737,-1.91879667662422,2.32055854668394,2.81525788795375,-1.29902257135205,-0.709981072311185,0.74300431416513,-0.270586098045042,-0.236010735086813,0.265070072042038,1.60434886482566,-1.72768721151335,-0.121409529887707,0.580672616422006,0.416456053224436,0.0717599194410712,0.00958711057315882
16.435,-2.94902731943182,0.344299944360513,-1.10314534571624,0.290033662408655,2.45414464078646,-4.08008309617966,-0.826723880704356,0.0116302461875966,-1.92306258562597,1.7963797961396,3.1377202824664,-1.31425557642979,-0.49357864702599,0.700082735713759,-0.349931601148082,-0.348411441902815,0.130386329315814,1.35178094571273,-1.74440294687079,-0.0751439199102147,0.637421871468143,0.400133666335139,-0.0481742868576445,-0.0665793869441222
16.44,-2.89526506754425,0.627141657640746,-0.931095699045835,-0.160986932812717,2.60526374483478,-3.73665133875426,-0.879305690727076,0.0030064480195845,-1.87733032229391,1.54121431029258,3.33020220253472,-1.34792305040626,-0.2978963693237,0.685993528451542,-0.491414653056935,-0.607177619100538,0.218223544120864,1.07833999693959,-1.75292583903235,-0.0400651835132104,0.635223875859287,0.188672120357533,-0.151660950874531,0.0502082459640844
16.445,-2.74392877237906,0.530426499614521,-0.733699640299373,-0.773432894047073,2.77602895615878,-3.17853029404063,-0.995718655338978,0.0273760319083554,-1.73958923770153,1.1103440608134,3.56061992149305,-1.39834031939613,-0.0990804510824291,0.627596290504882,-0.626583796587804,-1.61782051508002,0.306824560525722,0.823211895677562,-1.70495980759041,-0.00853340562965679,0.674757008152242,0.108111422185676,-0.205265645879813,0.0953709959365046
16.45,-1.03174458333537,0.558700908152145,-0.507538692452671,-0.636964228526935,2.83123945577996,-2.89815255957525,-1.40855153448779,0.659117476019381,-1.04196985114667,1.7292048967365,3.67654240995117,-1.478481300236,0.0432225165408686,0.599136336763067,-0.703512666918529,-3.57687201243261,0.617144920262059,0.149320264510428,-1.670138450604,0.00353461111347121,0.713561604129139,0.118583619985841,-0.28010201409163,0.10219688372032
16.455,6.47370554039073,3.92668056013949,1.18651516935439,2.38114333141809,5.34948475450976,-5.54028818422556,-3.77344393684227,5.91884515879208,6.06831151864045,15.0659286017909,2.98828856540682,-1.50163812120928,0.127158422860457,0.53440510296099,-0.547626589571309,-5.16846772011408,0.929670893647931,-0.553088956764357,-1.62640681906805,0.0238033536804936,0.695882612754421,0.135004169438781,-0.383969390676579,0.158140918554091
16.46,7.77788023130248,7.27767957736531,7.73796205379326,11.3072154090153,9.50851381699445,-11.8558056253242,-6.32587109366483,5.8790167064966,5.67941654636012,14.6106745091265,1.77514890274694,1.24436917736923,0.193556821814827,0.379079905025862,-0.233103439395564,-4.96236061226916,0.836251297871671,-0.896618909892602,-1.57915244434751,0.0725495259208551,0.560066112743878,0.164043271434947,-0.39800543476744,0.244668070409483
16.465,-4.12126247123845,2.64062512533829,5.32834373533767,-2.25976201173372,7.10519468048778,-4.39919163781033,-2.17381963155661,-3.94089932606658,-1.54936840852608,-10.0227939203731,1.95913444630186,2.29521195426724,0.374736701915319,0.334724197353907,-0.290442606977001,-3.05068899469505,0.534687388255042,-2.25524538207442,-1.64649299430649,0.101464610181371,0.433260980852731,0.172707882607791,-0.330542813648348,0.251115215672043
16.47,-7.89280887758476,5.58150398409977,3.63861785726758,0.631525611365466,2.34501582600182,-1.40734873137961,-1.20899309858583,-1.62832215235797,-1.17914213856229,3.63926155722166,2.33655269270988,-0.539011780710275,0.000474019936432368,0.458920519557535,-1.33449591557738,-2.04582092722486,0.562713950848654,-4.08669719791582,-1.77243141926164,0.0722196995334699,0.260837018873376,0.125711934846961,-0.186063401892261,0.16846855677775
16.475,-5.77402847435251,0.377641756213338,-1.39021889615951,-1.59633317752476,1.48351474193116,-1.95168245243545,-2.11248317425432,1.91437343722951,-2.40782620423466,5.00708748475484,1.43915260512943,-1.87836442720533,-1.49329902693734,0.441419467208572,-2.00360630682955,-1.88490216362352,1.19237646987583,-4.93702210846553,-1.80973933946132,0.0352834389735671,0.0740332944798749,0.100454449397108,-0.0461289976913472,0.0881154136844997
16.48,-4.12669005867607,-2.40043783476162,-1.77347438258564,-1.5429142331523,2.04845440454017,-0.759597372262727,-1.67367216346398,1.6053634573377,-4.12726310543151,6.10930307615911,3.16420857940487,-2.21508726234656,-1.96454187221051,0.213305256618046,-2.03752243674764,-2.04725354745574,1.75797772983375,-3.5804424287004,-1.78495949952212,0.00241857622920169,-0.131962150122056,0.198337864231132,0.0852004101617564,0.0512688469437951
16.485,-3.62387289287597,-1.57725192908645,0.210207112013905,-3.01301489257075,1.43613741488572,-0.35933152923051,-1.78541585893031,1.05625242660348,-2.73029835472738,1.05952103264698,6.26764171731717,-2.27330785300912,-1.97085724889764,0.177180349913511,-1.7254465192916,-2.23822390296254,1.45836449999542,-1.2882488798745,-1.72334685404834,-0.0967807237634031,-0.245652670427322,0.267689399434447,0.101587494504128,0.0491877234978604
16.49,-2.16662887508428,-0.0617167502828881,2.70057170965896,-4.59761198989084,0.354594063491377,-0.604481773427141,-2.03791411754637,-0.000510652578205706,-0.917706304829367,-5.60373737817771,5.01210271321723,-1.89577325025987,-2.0038048474338,0.707159880481611,0.566171715931609,-1.94369336620064,-0.254014900623593,-0.213177378110995,-1.57843147852999,-0.254060647752796,-0.305861864821412,0.0863041417151866,0.0277550475320509,0.0510986521840096
16.495,-0.0171432346905362,-0.486697846170635,2.59824293402671,-3.50700850666347,-0.0172406824048721,-0.917932496342047,-1.76774550618143,-1.31944770144007,0.407248898469382,-5.07380827448744,3.99982402733796,-1.85761146100091,-2.02242191164132,1.41548359444454,1.97601200742995,-1.85689124766361,-2.74642003181522,-0.267238124665266,-1.41573702284023,-0.39702604494257,-0.30773731436169,-0.1940760645774,-0.110235155671224,0.0679422592138234
16.5,1.33834813731424,-1.40279007195679,1.45816891440638,-1.75130843478466,-0.170924425383184,-1.74155892262079,-1.31360091842216,-1.45743664671153,1.05610029677815,-1.77854325765631,3.7868579306858,-1.64217674674622,-2.02311824659467,1.2536644651127,1.97579194866207,-1.30988166542341,-4.76420988591922,0.743021754513102,-1.2632255306208,-0.478430929226779,-0.28022158364458,-0.491915350005727,-0.365857794905474,0.138888411958258
16.505,1.19507529190519,0.0430221051851901,0.721576501933117,-0.266226771129362,-0.135533967963505,-1.88176723873137,-0.0690662932891039,-0.579716312543961,-0.716898505134966,1.07234211214461,3.50405894425616,-0.930417115576665,-2.02843429857591,0.0181758857884787,1.97411185550077,3.27621139218535,-4.99742051590267,3.37653273426105,-1.07528667182123,-0.5556715032488,-0.244181142519092,-0.68756381947232,-0.77521463685967,0.26873556570827
16.51,-1.14695635582404,1.22782217762899,0.614919867553686,0.334629525920154,-0.0645220871083905,-1.27859191474675,0.442548291270823,-0.530882148620478,-1.17919597924654,3.37918963415139,3.39913769295406,-0.820325937052276,-1.94990580349878,-1.21975594063205,0.845804261921852,6.76057897520831,-3.69150797519724,4.48341376078041,-0.922161209345797,-0.516258838666457,-0.207229611345547,-0.817944070448807,-1.05681726712442,0.406439786134348
16.515,-2.1875267512802,1.11278641213105,0.732900078152195,-0.164338969275551,-0.0639941960145834,-0.670397261452127,0.203342676849353,0.164216525034337,-0.995256002676659,2.35085533156692,3.45113432164864,-0.86226344897059,-1.401453250544,-1.93961519928262,0.0599003243672452,5.8584232980936,-2.17736061524281,3.6034435986546,-0.858914958845149,-0.33580840229928,-0.19255077399337,-1.17401950933393,-1.24639623823125,0.689193597641307
16.52,-1.4768704803994,0.291728163690767,0.329089176955917,-2.91605800948059,0.0387393076534389,-0.667048069515083,-0.391319406790954,0.57634010028167,-0.953693528189236,0.222706346644246,3.20610344085241,-0.720266233722541,0.0136901980878889,-1.98768598341328,-0.71581504069502,1.37773490253379,-0.217702135532631,1.01942742822565,-0.917032205259073,-0.047020025932424,-0.317640965557738,-1.64917477133153,-1.09539768638453,1.25495763224938
16.525,-0.648185296263446,-0.610902765254636,1.55343032771369,0.479760523012835,-0.796088024718781,0.0275717161075854,-0.516483750883068,0.372554652317081,-0.835931906911285,-2.26830497323655,3.35922381370943,-0.759720704597469,1.19988979728243,-2.02708835869833,-1.31126745647635,-1.34287625068315,1.30481378606301,-1.23927794397331,-1.00252386349214,0.0284804250004445,-0.524985990294891,-1.34332280340217,-0.484019445825778,1.31239373259843
16.53,-0.464930082425518,0.191774865840599,0.85333283334151,0.560867121475378,-0.172781509292701,-0.0922665146336878,-1.20611620539184,-0.114605290341749,-0.228554732833629,-0.271047037445156,2.47801184107368,-1.18013641053555,1.90613793006916,-2.04996294467463,-1.62986201161355,-2.17142854653522,2.50913393550305,-2.71136678919524,-0.664338890194444,-0.130390036293194,-0.414616199266372,1.15939083895413,0.878720869489773,-0.134370418379025
16.535,-0.452129439041759,0.399168393653929,0.821416756237421,0.00849782287306265,-0.295840716980174,-0.366526530420471,-1.66652765571914,0.448664640375414,-0.591026411349989,-0.778693633957883,2.65235660653395,-0.996827291424264,1.98019698690046,-2.04285293912752,-1.07907246481588,-2.93776911438368,2.84079119455402,-2.75577513109568,-0.446732150964125,0.0507200876178171,-0.263002550392588,2.40165475265322,1.24469547674867,-1.18183582591777
16.54,-0.683490302226341,0.579164391576766,0.615672332228142,-0.00304775882715457,-0.197703306834205,-0.282317306290683,-1.64139575820427,-0.19338832302921,-0.591913323501789,-3.31242146071506,2.93907168235663,-0.40713231018619,1.95891422808475,-1.53032335701029,0.449064478134862,-4.31412820217751,1.88043758206123,-1.43679657537709,-0.767011299844379,0.318119715575548,-0.290284791390661,2.25460448977665,1.36136672320126,-1.08165557159099
16.545,-0.820356342221697,0.344537887125715,0.72061795472661,-0.205736478742044,-0.218149196010668,-0.0888486526122592,-1.22540101455326,-0.668304531586618,-0.843733406615311,-1.29875512860256,2.52654159976478,-0.357872713036763,1.50389284849267,0.951832775078627,1.59067414041893,-3.8004638226978,-0.38639136564328,-0.503412030358525,-1.03169952415411,0.309178104196175,-0.334241066098785,2.45306985431531,1.33651955691214,-1.20861549987702
16.55,-0.76121105835147,0.0434714508029143,0.821802796821654,-0.0512248206127608,-0.127924218583553,-0.011274424633076,-0.883605983586577,-0.539752513658601,-0.758402747632441,-0.420355297576609,2.26951497261586,-0.341543928256537,0.612275450973403,2.00982800742274,1.79662999935588,1.6061319722225,-1.80513479316908,-1.92205640741913,-1.12229392529107,0.476718185529307,-0.380251944870037,2.18362990232006,1.59400477897897,-1.60937011054049
16.555,-0.617631200822036,0.0448940210378758,0.79025256430746,0.188959492894002,-0.0852197425036921,0.0922798517335627,-0.804326222163079,-0.366959340466718,-0.622571715098204,-0.310968765330935,2.15095060548691,-0.222836254022864,-0.238638872891743,1.5935698518771,1.09795699696425,2.21830410227694,-1.72700794176613,-0.845272227180772,-1.20153835110564,0.567432469570565,-0.487025139716465,1.61483879112299,1.59250036050656,-1.50813784543541
16.56,-0.556108256422681,0.257768654845311,0.834392435318436,0.179205358930795,-0.0625917212405337,0.134239751327901,-0.968784735290246,-0.193849400931405,-0.622362889341844,-0.707414195967061,2.09827571604828,-0.105243555298191,-1.29230792253115,-0.929253252839065,0.431732178755195,0.578059478440596,-1.29444846999927,1.09047420672509,-1.25434651047298,0.586646404310375,-0.580059051432209,1.12160534594461,1.0493341838311,-1.09777226724331
16.565,-0.609598670737368,0.413860207982264,0.749072528848635,-0.00284855282997568,-0.0418771994707694,0.132598074519462,-1.06991869872269,0.0907099202672673,-0.542115108633083,-0.196868518424862,1.90686615507644,-0.136198651911136,-1.68489170709376,-1.92734087363093,0.377853523443069,-0.430497727499048,-1.07566074077765,0.143982138934363,-1.26937679254276,0.504408101081353,-0.563718204280301,0.753227144212655,0.413608725313506,-0.88363308692191
16.57,-0.56659218432601,0.471151305796866,0.744017148785285,0.0455037694407766,-0.00589679928940986,0.132270207006817,-1.02298999455277,0.264993997079598,-0.397469254355673,0.181071239584855,1.768643417868,-0.18712235816411,-1.92659313152154,-1.9274565337479,-0.00118512403635929,-1.33292202440529,-0.86402512556198,-2.13285922763379,-1.3165518677853,0.358676211623854,-0.471803152333114,0.6751449815354,-0.181262153418405,-0.528773618917457
16.575,-0.497579405996992,0.363960002400029,0.781259599303292,-0.00353629180747266,0.0114300171360895,0.129464279261797,-0.990596560553657,0.247077770846155,-0.355999264868874,-0.0974165226052403,1.67820890860026,-0.195209031544578,-1.99348798004777,-1.41261132762613,-0.700773541409961,-1.06450428234915,-0.698066942503066,-2.82605219474633,-1.30968320346492,0.112474289435705,-0.272331034494814,0.483763340928171,-0.763418954511195,0.0619228239551126
16.58,-0.497260868933967,0.393767782634776,0.797951967214567,-0.106566628085436,-0.00523772800119295,0.0987238399793758,-1.01418862010749,0.264214865590991,-0.375976060327191,-0.58424576995563,1.6208287011467,-0.177281595803855,-1.97732052377084,-0.145898644357195,-1.39598435607825,0.0152720586245629,-0.436549252153363,-1.98865710519663,-1.26235942012769,-0.130979312410691,-0.0986746666297479,0.728900807773228,-1.20401563877377,0.31268585973554
16.585,-0.540364282498377,0.410310576450486,0.773166471588439,-0.243768232187414,-0.00273355538191284,0.0662924442974494,-1.04458793694892,0.278602659412986,-0.420127746734775,-1.01380393064253,1.55931543128926,-0.0909546673505536,-1.96984928608027,0.484234271411638,-1.70465420319605,0.352012421496342,-0.14245342529759,-1.17621509780511,-1.23489663722709,-0.336944312644738,-0.0265089510574211,1.31455925325084,-1.476261946076,0.156769097092452
16.59,-0.552231636449138,0.394391505125066,0.7826256621874,-0.311807238029314,0.0409787480620881,0.0542026754249589,-1.07586835134361,0.215508846382425,-0.477832850693116,-1.25071337189106,1.49467623050011,0.0611069791561389,-1.97648174481821,0.689572761720391,-1.21560580724791,-0.0186721962641001,0.512642583625575,-0.609260558749539,-1.26810442345459,-0.471671227915161,-0.0245871052604017,1.86275245326507,-1.54611097597482,-0.0642903917645412
16.595,-0.5667185005629,0.303928018833759,0.776502228775071,-0.351682654519719,0.113217151623408,0.0669854347858832,-1.11498209585205,0.0483755653741441,-0.483690085365395,-1.30188384728835,1.39310233229097,0.216917105794248,-1.87034335350112,0.509119740688812,-0.158135680316424,-1.60220471945317,1.34482124869237,-0.288477375765723,-1.34011465818394,-0.509025813448482,-0.0200861139366014,2.19915139923973,-1.25708582783026,-0.161476404891649
16.6,-0.544457571786514,0.27736542727481,0.806334541433584,-0.340486250370906,0.156138918030353,0.0852111075061381,-1.12097282954683,-0.0771071974993674,-0.509096554214887,-1.07730436918614,1.26006829873928,0.305928360217397,-1.50923393945042,0.14482896610098,0.383092828484906,-2.33390618003996,1.60027334850329,-0.668998314412084,-1.28176514115569,-0.366748003330347,-0.296779331499412,1.94560757239602,-0.777430758751594,0.346849186065444
16.605,-0.613484724022377,0.320921687418171,0.807190137293615,-0.219154100786536,0.184652265476144,0.112583096597208,-1.15207669635968,-0.0211772855884316,-0.503644277156236,-0.803461594673315,1.2142543888307,0.280909333297377,-1.26714584846538,-0.140402240663833,0.353366187357458,-1.35834381809299,1.38327552092475,-1.51125236379634,-1.41857860641688,-0.406323570809467,0.0355481483822135,1.53939898861723,-0.039691476874134,0.0350960514443316
16.61,-0.601584948983995,0.314219287993413,0.773408402418493,-0.178410905006899,0.198401476156246,0.13091384040901,-1.14798218578028,0.0809163020341545,-0.503833686300906,-0.548866820537435,1.11105678978779,0.266488125192526,-1.0932969074991,-0.304680545046825,0.339448700518483,-0.440874987427005,0.88428315328519,-2.20313189765886,-1.47438654968425,-0.364410116888236,0.229544119917098,2.30124993665421,0.726178468508674,-0.206058292472975
16.615,-0.601540270346191,0.255475787267368,0.769902606517713,-0.223443026404349,0.195068184908511,0.141431965416217,-1.05084052042718,0.0709159179113207,-0.540813907697976,-0.538432142255474,1.02621724764186,0.310480000594221,-0.934905635260779,-0.294875310111819,0.19791602857472,-0.326184716615903,0.478516915878388,-2.47345777330043,-1.5101290425251,-0.252291884187851,0.253941214932009,3.08595367261487,1.12288011637381,-0.804695527132767
16.62,-0.596603330116856,0.306220099714635,0.752714426071081,-0.117556169164209,0.18049918115139,0.172299407972811,-0.970227001855062,0.125645436821835,-0.541562333371846,-0.344656982613656,0.902245738271518,0.32490438710015,-0.763126332717322,-0.241992732901711,0.11197253309555,-0.133599753689858,0.29517448490326,-2.5000583873791,-1.61034316271011,-0.130463734389765,0.125716136126216,3.18028063916584,0.879366734442697,-1.13836763076846
16.625,-0.620198183760742,0.405168882035834,0.746940148326454,-0.106789083054902,0.185491129627259,0.201138634468893,-0.973618415103239,0.22903653474415,-0.536721995613154,-0.221363433965865,0.794351273557719,0.344902694225311,-0.516564468074117,-0.291720180123075,0.0295970149637316,0.0497691042814698,-0.169545685540857,-2.31087967612659,-1.52099909371536,-0.0370131069639259,-0.0268585991489964,2.66971134022774,0.14137620523461,-1.29510290463803
16.63,-0.5773669494573,0.399169218948622,0.748503232109406,-0.124253750064617,0.208738030308427,0.209609374838877,-0.992991666994289,0.30246925156282,-0.447075892817003,-0.227035948557698,0.700093530696341,0.362134447860983,-0.40927033222431,-0.421307845407309,-0.0900940299232191,0.143778009692811,-0.40507280801768,-2.09055023034965,-1.42818849635466,0.00435066704091361,-0.0993947145081394,2.39473319624659,-0.4680293674002,-1.24873076516737
16.635,-0.565251954690261,0.388609223579578,0.748139355730566,-0.124551643362406,0.221374663848145,0.215169697574205,-1.02413276158738,0.311969556127262,-0.421068559426795,-0.28993619346911,0.617892977451664,0.381561291029138,-0.376602000367217,-0.540181766520452,-0.11647001088627,0.0816489035802861,-0.384766277548851,-2.15645683992031,-1.32392367087552,0.0768924845578395,-0.144029384382289,2.06244542627549,-1.10028951225144,-1.02690163385311
16.64,-0.591413944563478,0.418737621387472,0.73762675045958,-0.080397560385162,0.232892090713521,0.227316399842831,-1.02828003413971,0.30654125040674,-0.415060303195036,-0.225849031188866,0.547050259428681,0.374970296341014,-0.389280398839541,-0.464495684821244,-0.135411791096441,-0.350483208386266,-0.442088299204331,-2.50949675895115,-1.23832642280568,0.116476317094983,-0.176968545553992,1.59047192372015,-1.61469235464251,-0.694809583631224
16.645,-0.599799484351743,0.431851940039814,0.730779056127538,-0.0573666527038364,0.229054553461866,0.218101530304478,-1.02053080078185,0.305269448009268,-0.380302534017991,-0.0579463007030537,0.456822133460542,0.363228112459183,-0.506309874456283,-0.199239931339832,-0.114793923934799,-0.926806183955004,-0.472717486024148,-2.98061879266157,-1.10325836789043,0.0865147866616657,-0.0923996392731174,1.30353637288421,-1.9644786255099,-0.358941802862119
16.65,-0.564698841722193,0.408170811571851,0.725957003840301,-0.0208979052197137,0.232588842244662,0.219927336031937,-0.997152302145386,0.30670783673158,-0.361100455440277,0.0390811541810497,0.396167136443383,0.359905212223532,-0.693921130947218,0.074186496016299,-0.0456767970485108,-1.54272125929839,-0.439679430732819,-3.391454931933,-0.909773772595001,-0.00320736584056357,0.130938864365346,1.30837401706472,-2.03718513586556,-0.274997372471981
16.655,-0.566705522171798,0.410441032356903,0.744049069666913,0.0842218544193972,0.236038510395928,0.24289827783095,-0.980611258060248,0.346187186735438,-0.379393820777519,0.102739068227247,0.342869622019144,0.372738515370726,-0.849982485009824,0.165891274054299,0.0312195789009079,-1.99348437170297,-0.328510252495404,-3.5657445585961,-0.718076910617258,-0.147335665798779,0.353726106287517,1.59516559314064,-1.805441035771,-0.38198993224512
16.66,-0.520311028106061,0.469172023079345,0.743570780331994,0.274763950125802,0.212440232395391,0.175178933129807,-0.965187342618518,0.456773584650447,-0.16980771119655,0.372031157324131,0.285382527485158,0.427168385219075,-0.956581603298113,0.134191637242098,0.0466057172710623,-2.26047860229399,-0.210908826149186,-3.53039688135384,-0.568433436414106,-0.272158250443713,0.356556978243119,2.12538310496809,-1.24596275610623,-0.501686113817712
16.665,-0.475506019969559,0.299517981694609,0.781994819269384,0.173686924861299,0.187739493804111,-0.0169349793385371,-0.917204300834689,0.412937785323198,-0.236521804637872,0.290075038573323,0.207068251921429,0.478867556616818,-1.03196329988035,-0.053726616094867,0.0175918377477294,-2.31113697039095,-0.0338217107050162,-3.25658028352227,-0.525643117131581,-0.321491206564334,0.24104841243443,2.27466081496594,-0.839355738814433,-0.415145659594508
16.67,-0.475565846855807,0.485683533071924,0.728368099123711,0.464851761194415,0.206154778599739,-0.00854903548194416,-0.921055651683672,0.329795028790181,-0.35421977116077,0.318744145008795,0.168730940328669,0.507838842596064,-1.08473372713401,-0.181745558659955,-0.0228347599818582,-2.21865917115674,0.292942538304256,-2.87026768906863,-0.528725446150872,-0.357335330275074,0.0450759921931387,2.0149051413209,-0.489950866734911,-0.18373506687397
16.675,-0.56631227999777,0.483309193818483,0.757873538630521,0.461562206301173,0.221101651353965,-0.0863700040759881,-0.945979003493306,0.361283295841087,-0.306932659541624,0.848596518422644,0.119872580395034,0.494484484435792,-1.13736297007387,-0.29999225511888,0.20765049114773,-2.51982377090623,0.49568591809138,-2.55246536236732,-0.549067636888945,-0.462313702721577,-0.0691789522797588,2.21329997341051,-0.360093217758968,-0.345476557452427
16.68,-0.495883680735871,0.49541001565373,0.701510297089268,0.594225612767996,0.207708134016716,-0.165743401299449,-0.961252021361007,0.450945827382594,-0.225202437205533,0.978984767227507,0.0758252176758001,0.530924896612845,-1.14077648365963,-0.322486461362691,0.44129860614992,-2.68485466099945,0.604770743243106,-2.54869021564325,-0.600172128733836,-0.467751562875247,-0.0193725111165192,3.05208289530731,-0.273905470076996,-0.472254345368811
16.685,-0.552053496607354,0.422323608229188,0.739802249069826,0.584247317967951,0.212708191803391,-0.202414475374581,-0.97561609135353,0.395141001797405,-0.356674083893382,1.13047909925868,0.0319312516380353,0.532343852575854,-1.25253091817495,-0.101004493209237,0.347113452552053,-2.69069256841586,0.654115735833321,-2.60473268540569,-0.616277548931411,-0.401735875568421,-0.00627874411159308,3.46124185552257,-0.360834967876204,-0.515625254071413
16.69,-0.554525955413856,0.473333188349344,0.708012370510443,0.716658892808472,0.210349511257801,-0.223388721196727,-0.946181209144823,0.417620179299792,-0.329103802229374,1.36460012642312,0.0212601979663806,0.476770862903503,-1.26105536282379,-0.0486255929287428,0.656611004602742,-2.98603675851389,0.576879036940231,-2.80143261099527,-0.671280008520198,-0.350903431838999,-0.00242529421075699,3.6173276615143,-0.513154544221407,-0.54382827778577
16.695,-0.528512058687032,0.46192302254611,0.711845412106661,0.721686436783296,0.2338884827384,-0.25595342447181,-0.987637138263708,0.458989275206163,-0.244509343132396,1.58084018158291,0.00464317552079833,0.413965009266212,-1.27235130743003,0.00250326356233562,0.598261241212249,-3.11883712828354,0.399789938573101,-3.08109536749756,-0.754508044107325,-0.299055276271623,0.0105558833127406,3.60948665283625,-0.79335683945984,-0.561885051544149
16.7,-0.547097045713376,0.41669394186325,0.708532465176807,0.704655652453622,0.25013986634409,-0.270981853715941,-0.999091898142355,0.462602581917526,-0.2981679110274,1.49470448413183,-0.023748857691257,0.398253996611312,-1.21020513738425,0.11186196874785,0.579094567525029,-2.12393369578793,0.409395742975831,-3.15111869368227,-0.84556344809342,-0.225555303410879,0.0496893619818778,3.49320206482338,-0.951452969294339,-0.500272961354692
16.705,-0.550444372199414,0.41477339082079,0.719975590534255,0.765006139309721,0.277066718716462,-0.275205676994491,-0.991794125587902,0.410776658720292,-0.254956883986348,1.56429745669495,-0.0124363126320638,0.433678904328216,-1.07252003388321,0.053918636105015,0.631598284958367,-1.58261436134261,0.290125271963698,-3.03554930191005,-0.911759522163282,-0.150748924167758,0.079333058601097,3.21807206836097,-0.97034487905408,-0.296621867232841
16.71,-0.555508217511512,0.421930678048606,0.728008980941184,0.764027682757713,0.314611265871718,-0.254415155865705,-1.01108856663086,0.412438576600441,-0.233071382811538,1.55817139632376,-0.0127157052338434,0.434632009243103,-0.89692800820874,-0.0709556201211489,0.596517313105675,-1.24552734118803,0.0824978740789687,-2.95440767892848,-0.948973125353467,-0.136112592194637,0.100281420981619,2.98986692846375,-0.90640063413806,-0.155809226419534
16.715,-0.569327971079298,0.395342109938002,0.728359471066848,0.77981770563454,0.348206601781534,-0.24484957754612,-1.01901693244643,0.377872151865153,-0.21429349733607,1.54069068289875,-0.000703079425575345,0.241316228168429,-0.773733039505786,-0.177810878920242,0.532867389483675,-0.897507303250171,-0.091723769399246,-3.05450374370405,-0.975520585649848,-0.123849791306203,0.0662284103221937,3.12296237796395,-0.964555974424895,-0.284453160883305
16.72,-0.560629174787909,0.397900911384599,0.732264407377359,0.786073417976741,0.388721154290877,-0.216548025408973,-0.994279431258398,0.359672656827035,-0.222581554418444,1.55418878981432,0.00614609566031806,0.20935749989266,-0.703721187435804,-0.119452661800204,0.345019957013624,-0.641281809071323,-0.184088619240749,-3.35287378072365,-0.965290036594524,-0.0842324435084035,0.0867152253988388,2.98761183258199,-1.03645703471615,-0.340082993848172
16.725,-0.554691078671871,0.399544938320645,0.721834135812316,0.828006074776894,0.429122833729041,-0.206926580272991,-1.04256588412165,0.347255297238821,-0.173330869588104,1.68275673604838,0.0367468567059302,0.172600845691758,-0.741474052837121,-0.0320096022379455,0.28458687947977,-0.853732557521796,-0.130463045003432,-3.40156862176343,-0.925097941592446,-0.052411546201867,0.0588309445737061,2.8425341306921,-0.857504551984341,-0.29050753906985
16.73,-0.56197108838213,0.394060871823343,0.725861913109425,0.846359649405655,0.468939110268665,-0.18733785497321,-1.01234509338184,0.294601238688891,-0.157559098135037,1.75313944050633,0.0632309732511176,0.151994092390901,-0.750864988937421,0.0847483175457182,0.213570343349684,-1.66243012401058,0.0523466468512481,-3.39164365966289,-0.853748384513755,-0.0666011010117994,0.0316510432128376,2.90136245642614,-0.655029643394508,-0.30927756765488
16.735,-0.567325941827862,0.371613347218813,0.748670556082112,0.877678024049395,0.52829722649028,-0.182543143630028,-1.01512063585735,0.26125321552844,-0.147951548462224,1.79040563106537,0.125836462758799,0.134290848395215,-0.757550778948423,0.140753053022831,0.140312571919943,-2.21390868153393,0.325891064961366,-3.61815679189838,-0.843220477849829,-0.0833576083504389,0.0171765218732918,3.01771823748103,-0.501704512439712,-0.293077544076899
16.74,-0.532194629138139,0.350063967765223,0.718921648824097,0.979995208916184,0.574305679555732,-0.161493781344871,-0.961982842601044,0.25500660793598,-0.108388221489771,1.85857242286621,0.205387845552194,0.106672264635563,-0.837527572206954,0.0909530857993648,0.12664180398066,-2.33580439639376,0.479235752675553,-3.81585903429524,-0.78286734508267,-0.0490853152252652,-0.0098669619964664,2.84136443695104,-0.349945265279158,-0.175360083789378
16.745,-0.546288288200485,0.366008967635233,0.719265796851249,1.005840843436,0.590856851436687,-0.137603875621638,-0.969243068394401,0.238135425363553,-0.0540291492680801,1.78401699928012,0.251970338673356,0.101598667543424,-0.955110032601371,0.0692519222746627,0.124259549220082,-2.43149647714679,0.421473817453023,-3.84421547931463,-0.729688770494003,-0.0463524823715091,-0.0201875989209556,2.56901857147446,-0.297633646371653,-0.191644481410087
16.75,-0.564373650395499,0.360669817279486,0.706018163023184,1.06091756835336,0.624158246382387,-0.0944249602172217,-0.923847762559423,0.249761654898605,-0.0349348297926907,1.80323359121356,0.324322440201632,0.0895685404539108,-1.0437075705836,0.10565048217542,0.0760853680242243,-2.43879380680813,0.261347142061411,-3.71700928241639,-0.660948903478958,-0.0871028584546202,-0.0760631511145343,2.64803398022406,-0.343160861309298,-0.219038476002426
16.755,-0.56200493891741,0.374994184535248,0.694103675965992,1.09418494866153,0.651713418772968,-0.0753938866724981,-0.892810060107915,0.25707084243338,0.0186831402899566,1.80315298816967,0.424102663430403,0.0534545419002717,-1.07368525429771,0.155475302990904,0.0918880674943787,-2.24879086542096,0.27239693453559,-3.50815530088806,-0.533392076043567,-0.0718460866866013,-0.0958085846267194,2.81519418840088,-0.406524675103019,-0.360682863004649
16.76,-0.555701182288826,0.416719737862832,0.701437119089928,1.11490222672652,0.674127417050365,-0.0389622215871748,-0.932398463550937,0.268843825639228,0.0467160262260675,1.83411059258798,0.503613416506998,0.0209749862606265,-1.03372003027761,0.161528811224718,0.168138182719038,-1.95469274888918,0.314814916016097,-3.07655717813509,-0.45426128372277,-0.0537524545593928,-0.0755764430146474,2.66763806094484,-0.133409826040833,-0.536579283102045
16.765,-0.537788774467838,0.432409670111008,0.707171471588264,1.10347828380965,0.715144058716497,-0.0129911502963052,-0.932868247962919,0.359794782531151,0.124200708650693,1.76079404872871,0.629474531293692,-0.00043899756560806,-1.01508286719958,0.153746783834183,0.265239617899173,-1.68759460167327,0.421153221450888,-2.66700018267335,-0.453201756612646,-0.0425936795440989,-0.141416720462113,2.61202309992672,0.204213300222073,-0.560764407904594
16.77,-0.530021297819026,0.46586565845364,0.70311316078994,1.11400166950577,0.748016001898345,0.00627106345700091,-0.911458074629874,0.405839201342572,0.140144834387646,1.59651214567926,0.757110528752142,-0.0216829728526211,-0.977754165504655,0.190278703787039,0.357262939308344,-1.41147392214695,0.470714594672145,-2.27474475782194,-0.490310704695739,0.00490707398083916,-0.164216593533245,2.42359557691299,0.466548581875137,-0.57172587058491
16.775,-0.52107050281692,0.464235921616716,0.703990514306088,1.06018144472442,0.799077768706125,0.0127523987548666,-0.932980371392297,0.418074879755888,0.115472810373111,1.46914654593388,0.848144880951325,-0.0324740812021318,-0.965341898626637,0.311602472045,0.354938591410171,-1.51752739436813,0.29887862239448,-2.14736497230136,-0.532475316363802,0.0474303247020499,-0.17418227177408,2.14697854420312,0.390884274832833,-0.540828091008584
16.78,-0.500031021877426,0.458362699661598,0.71690909270692,1.02287032299967,0.826729986054349,0.0207533383477251,-0.939097967097474,0.409301042180487,0.123145815380621,1.23514792414588,0.985344777345323,-0.0503532990890143,-1.01379543822675,0.408980640089601,0.331403397034727,-1.68696293423102,0.172296220578949,-2.07053662004169,-0.564813281088677,0.0744879064355159,-0.156684060739686,1.9184215812772,0.127233361623226,-0.338606740436944
16.785,-0.49969906815313,0.488403719189065,0.700594561329889,0.991676699449963,0.861739123414229,0.0269792211395335,-0.939996536108095,0.407597490336007,0.121173407292359,1.04919513937992,1.09299500758745,-0.0747738283488586,-1.09302676316805,0.439363417382595,0.349466113605611,-1.88415833602939,0.0268077250014191,-1.92972583786537,-0.56449134450024,0.0915350554643808,-0.118040653303212,1.81033161945562,-0.0733292917863631,-0.149721711276686
16.79,-0.512331130811332,0.507944230009342,0.7046075896863,0.957406485201409,0.903067237169511,0.0242887233430191,-0.941443785132367,0.400015736376906,0.0656861058593372,0.858283520165009,1.18545328448601,-0.09681044685791,-1.18225784825862,0.437489112885237,0.374526019495689,-2.02110493618787,-0.0780568403772582,-1.72916239615293,-0.555148094269935,0.127111200929322,-0.0637618189480678,1.70768711494642,-0.156575972738881,0.0235406575935656
16.795,-0.553049747747881,0.503745295168428,0.70788968264762,0.926966429431704,0.947321767211633,0.0136682461551268,-0.944247558465418,0.387546448243637,0.034736505200252,0.779989465985883,1.27002026073751,-0.113916310525589,-1.22693125848413,0.437354154041995,0.395250934629449,-1.91860710379417,-0.127678679248336,-1.55590492057379,-0.548965830282314,0.164369008389193,-0.0244363793123089,1.52195002075444,-0.16285343398417,0.185533540016457
16.8,-0.545898152951695,0.479474973410802,0.703592223629741,0.944204606277077,0.994029282806645,-0.00514917889470806,-0.960923689321316,0.356327526439198,0.0225001214677721,0.712637990489302,1.35211540584447,-0.115248927698379,-1.25749283431111,0.426371359875494,0.365974557966053,-1.74299886963093,-0.175290143806745,-1.32374326684222,-0.558054916987917,0.188302184954196,-0.00332444714857507,1.3531740783001,-0.107064849188913,0.285259860874482
16.805,-0.528822285731916,0.518536139608654,0.693289836757612,0.987024621550771,1.02297387904924,-0.0290738052605997,-0.942532812155919,0.314693398486858,-0.0394205682151749,0.714221312837022,1.43059356458195,-0.10223750025034,-1.23625488458897,0.408817376669821,0.316940302848959,-1.66334791497538,-0.177024371774869,-1.15148838483717,-0.595130342404031,0.198335786237983,0.00729953959800127,1.25404467837668,-0.0255297739742591,0.322999178809345
16.81,-0.538785414643944,0.524283284532328,0.705185562873426,0.996522100380902,1.06238373750899,-0.0633299430477734,-0.946755676687696,0.297034950701362,-0.0880172938732504,0.750822963327181,1.52475794688864,-0.0935917321130003,-1.17997602046185,0.370904318430808,0.252053803928078,-1.73681396327419,-0.145493055353171,-1.01844200335329,-0.635270597741996,0.198255897940716,0.0156256908018108,1.24485342601547,0.0348462718726004,0.294812595079493
16.815,-0.495133680773026,0.529962706160825,0.723073601407503,1.00926584358005,1.10619478045192,-0.101676792899198,-0.960230634619872,0.205168952604037,-0.206595571024854,0.761254937675261,1.60429168899858,-0.0775736710931144,-1.067141076547,0.291906344372934,0.155431855952506,-1.82128376263755,-0.0861350520117182,-0.959203361965858,-0.68207220252453,0.179445995653571,0.0421030071226821,1.3230915771161,0.0868221967468484,0.205641791694622
16.82,-0.53382553093619,0.476725524809057,0.664629027516602,1.12883970982916,1.12477041146416,-0.132443300210955,-0.973958467926745,0.342039563691454,0.0293597427005178,1.00963772647633,1.62324387376445,-0.0851725284989586,-0.954246009621516,0.201304051118223,0.070942929182247,-1.82589739781629,-0.0173423225081384,-0.952417203249081,-0.712007083171128,0.166586431004662,0.0572510199567696,1.40096621641769,0.14288175875584,0.0948253466376292
16.825,-0.60057022434903,0.624677943788133,0.666549874220054,1.11148552092096,1.20857878108691,-0.139022098252854,-1.01545355771747,0.229972540797638,-0.287478876939369,0.77140763560489,1.62508010690998,0.0249893454425757,-0.89505731945087,0.123899969920356,-0.0177722338149105,-1.74763723561923,0.0917880493831237,-1.01041967404544,-0.737709282413703,0.158142567669173,0.0769080712707181,1.37437035758031,0.227532598385456,0.0464375150831477
16.83,-0.595842493702659,0.525665237595698,0.643236027815069,1.00745369593895,1.26881920428152,-0.214355513010252,-0.987142908413376,0.214837969186583,-0.311124547211387,0.943967564283884,1.68113543751108,0.0385447564165849,-0.87254164379224,0.0756876442886204,-0.102146671320459,-1.5784557315802,0.250624264574859,-1.11759486132656,-0.75385224561461,0.162149513766885,0.0966455197604918,1.27768378146388,0.283876672443253,0.0704131306113835
16.835,-0.578753266054747,0.563882980155027,0.638294323696694,1.15363443264516,1.30919420016598,-0.192139799755407,-1.00323251949697,0.26388692800141,-0.298504328404688,0.99145112760316,1.68524211129682,0.080422346133241,-0.879025361530544,0.0590227739986741,-0.160129382207233,-1.41141844586568,0.398874537980222,-1.18938174619084,-0.760949323102138,0.16276769804732,0.116282139833031,1.1457156066086,0.302148873187799,0.134123897079326
16.84,-0.583561861898832,0.556690022054562,0.684487925914019,1.11008998433461,1.34805054768422,-0.258124917668308,-0.984945950036825,0.249757886073272,-0.243215827639102,1.01738605759303,1.70789481676855,0.135697770484743,-0.876338164727819,0.0195724926906489,-0.19796559973315,-1.30605910819426,0.529011072173791,-1.26834993424454,-0.753771686681064,0.160335745673005,0.133761982483348,1.04404639620935,0.268755510478569,0.193036822324526
16.845,-0.592984339555696,0.543398711555646,0.62162799572868,1.0367695520274,1.44385287781866,-0.289628318370225,-0.988137578267124,0.197935810936294,-0.342779277722695,0.766514659578259,1.73386323451996,0.201396812164217,-0.836275680722459,-0.0616323207200289,-0.24363117367556,-1.40672602549921,0.505681288045076,-1.3130163597731,-0.7607765383904,0.157614219834989,0.16887760309719,0.977988593287789,0.180691271183169,0.274842506290362
16.85,-0.598420545386257,0.585733231439834,0.571467203587961,0.875467787832523,1.51314585157174,-0.324322495360963,-0.965918062655423,0.168408993308267,-0.255869244770035,0.806432175156163,1.74048109599572,0.237547433809955,-0.805198876839631,-0.171218694262826,-0.284601634773544,-1.53765010007481,0.471879266701247,-1.40331264140419,-0.753880584538761,0.160324421624058,0.210354642341151,0.944627774974195,0.0522229875715214,0.357583995999723
16.855,-0.669515828114543,0.50146050814332,0.6393323444721,0.555449155470891,1.60730610908132,-0.370849099360708,-1.0036973279125,0.190419680429527,-0.521844426051052,0.569862164713703,1.72958229835177,0.314700648827846,-0.778620406202311,-0.25467535868569,-0.310941253481071,-1.54042264546659,0.509083323004255,-1.51008613162505,-0.773629271883155,0.143725802621493,0.24215974322007,0.947657220037915,-0.104571456523176,0.400917890962041
16.86,-0.634500366111077,0.534677799685838,0.636913434291096,0.469601172608133,1.70444533431287,-0.392952379052919,-1.09437841504928,0.195709024732302,-0.314189759819515,0.770994931142728,1.74722561166634,0.280381858693846,-0.790793314655132,-0.289487384599292,-0.302926781648684,-1.31000430342034,0.660275080445721,-1.54418830806662,-0.800607207611213,0.124039757764997,0.291003976250768,1.00789802220253,-0.241695158698353,0.362225612804942
16.865,-0.660849974799391,0.468725384189295,0.645665959884857,0.301988361466703,1.82119032053038,-0.403507710703328,-1.12470577459811,0.1586094837468,-0.438457482210806,0.437931730980553,1.73797726849554,0.308126723621984,-0.874310099910005,-0.291044578445706,-0.25373590123169,-0.652385672313894,0.914147205580581,-1.56918788463995,-0.837819839162967,0.123994152228446,0.386276159229475,1.15397545216542,-0.362127638903432,0.225340859053249
16.87,-0.646337793757698,0.395348299463401,0.6679181563226,0.262362942666565,1.90657059775742,-0.40649803322885,-1.0989241005841,0.104705962582265,-0.425593727341458,0.449763457445115,1.73417196295766,0.341398581156309,-0.918181225893161,-0.306057959516614,-0.197550940056202,-0.3667936960994,1.09406685158008,-1.5500300381621,-0.855387272263026,0.103802288307028,0.443610961055589,1.1415942214676,-0.432834458349562,0.136111230537393
16.875,-0.650175386383657,0.388072104642606,0.666104300665935,0.278032114205541,1.98070112003679,-0.416905118192035,-1.07066178931746,0.1209553745357,-0.418742522080171,0.462912356853485,1.72091331481934,0.359563034772873,-0.898997786528539,-0.327865702807054,-0.125563781018119,-0.557981135433068,1.19501007591754,-1.44319218812443,-0.893998089210285,0.0702984484234382,0.495096333736541,0.991368713036364,-0.478356392637647,0.068183341049824
16.88,-0.647169955560175,0.513357569933438,0.682358474642733,0.358682724377853,2.12627891559302,-0.387422064069409,-1.08420241575637,0.205307224942337,-0.351205489178854,0.585012506215869,1.73776131951995,0.353081770595897,-0.89217251569902,-0.385925007428736,-0.0500894554448588,-1.47238802223094,1.08462723216544,-1.36299837199267,-0.929907653191379,0.0535107897109179,0.511544213422924,0.854624363141141,-0.472526584619711,0.0464200104975902
16.885,-0.606116343043276,0.580372208037212,0.706555870257337,0.344466375449011,2.28266521519009,-0.42353476371496,-1.14658742475869,0.297069333650803,-0.293105477010831,0.610767509534159,1.74978076823676,0.344765224431715,-0.940889191448462,-0.364034680903683,0.0276896098531977,-2.18548883870832,0.798699364548914,-1.57208066828069,-0.961808778606774,0.0332586892122849,0.494921702166143,0.824496285559341,-0.429882111679569,0.0218243491253987
16.89,-0.582075479245015,0.575351692605919,0.740486400401558,0.348616705517313,2.40403751380364,-0.469141311875897,-1.25846775317935,0.38269744260232,-0.245850456964173,0.68051057923939,1.76374658863168,0.354595507504126,-1.08617849807132,-0.240085853233614,0.131501349934414,-2.55770811787232,0.417666257284675,-1.95017080805819,-0.976650601952865,0.0305245191063267,0.498619157231996,0.779849771574252,-0.374811890329061,-0.049156471805019
16.895,-0.57134939281613,0.61366748759613,0.726200514576522,0.48236717563148,2.63481501961717,-0.551554180777404,-1.35161264958471,0.418201696389332,-0.225898250787575,0.756025475871899,1.77879044831208,0.367612557810876,-1.28251438506214,-0.0654698736169324,0.130312435331133,-2.54363237930652,0.0599039941932939,-2.10945496645764,-0.989324486456478,0.0359608461683077,0.529541129250767,0.695960626117672,-0.318515958205902,-0.16518168741466
16.9,-0.5958442660707,0.624305560027728,0.733551793016986,0.551890692366918,2.79457118585321,-0.592796388451607,-1.39407770655231,0.484551530514325,-0.189526981430324,0.743293324097472,1.84094031521076,0.380644887074867,-1.38830806100112,0.0736047891113835,0.0408153691447554,-2.30271657175413,-0.167026283898719,-1.8977250620708,-1.01586808101872,0.0265818182469311,0.59469108723015,0.6614764752137,-0.273810325753174,-0.333931244543443
16.905,-0.604824257555199,0.55094002666584,0.80143061551354,0.682208403047394,3.0369951618435,-0.697660819160877,-1.42801543320272,0.425453444627029,-0.154792975644678,0.267999687272269,1.84031414223114,0.500268448211127,-1.29947977257464,0.117135975380031,-0.172494398036312,-2.17849119541355,-0.146506104566317,-1.5470618215599,-1.07020193859465,0.0498736562842568,0.64491700319713,0.704947053179065,-0.288654051487794,-0.344220605007918
16.91,-0.532164591387995,0.529935716564379,0.861246752688519,0.866573083531374,3.35625583528494,-0.798112373267137,-1.36146751764381,0.095339260419291,-0.136979533679622,0.941221785358592,1.94073731296846,0.481970339342315,-1.29891352199557,0.0268742086446426,-0.220142220286789,-2.21551250661325,0.278433370169786,-1.73628739290483,-1.0441255002559,0.0360286133381182,0.707386492784471,0.65662754893379,-0.318762717326858,-0.247752781430124
16.915,-0.583255330005787,0.549435209268078,0.817633161945467,1.36159002770722,3.53903365007734,-0.798690823670198,-1.37131791008594,0.101603472806371,-0.0778787570649337,2.13631740212179,1.94105700200012,0.367166453336353,-1.41023968579498,-0.0709360755044429,-0.148424134199756,-2.26841299578461,0.20557966384514,-1.61189129243924,-1.08288351415501,0.025241594830031,0.796568685368279,0.527606448061199,-0.38654475621747,-0.180497123131944
16.92,-0.633104953450271,0.437760967019387,0.781558156299725,1.47081948048177,3.8655489870495,-0.856055691851537,-1.34807028118508,0.141039499969486,-0.147704862851073,1.95578989941504,2.09901389330175,0.416752168635232,-1.35829961333098,-0.0097247051062959,-0.143470942181782,-2.09900714709755,0.310367023375974,-1.27680565266064,-0.968620637292631,-0.00790519848064341,0.821575226727388,0.0266163374424597,-0.439105851708319,-0.0839570782235848
16.925,-0.645920776852641,0.445197642845088,0.742590176437698,1.57436901110139,4.0520445783357,-0.858338708347898,-1.3606319959347,0.0645178616476737,-0.0437287607874877,1.92877982272359,2.12964761934294,0.447208950045132,-1.39538623734941,0.0293123486905729,-0.0508496671317046,-2.17193311046057,0.236798560317484,-1.13558000738485,-0.900710835739475,-0.154556766772912,0.874449173658228,0.0151152118076993,-0.170847247727948,-0.612414173117078
16.93,-0.615986072127758,0.394078752657481,0.744047228735911,1.69787036110582,4.29078611210933,-0.83016546821935,-1.35869778733351,0.0758342381237758,-0.0102376127191098,1.97792983355584,2.14886857929645,0.495492506842027,-1.35583791259579,0.11472439042965,-0.0563125334679445,-2.12394677170577,0.295440795576567,-0.988030261982902,-1.1373018633328,-0.0752243534172927,0.944658383536082,-0.067807438839567,0.129304175252042,-0.477345062326776
16.935,-0.627905695225768,0.428271565173514,0.693928528096379,1.90437199206841,4.55213051566815,-0.788118200115827,-1.35191671184074,0.0549648695812407,-0.0516827917527005,1.88444155924454,2.18812517364056,0.53721239324604,-1.26155836560085,0.250009139933018,-0.164969455037905,-2.61689138108347,0.173835733120948,-0.981036099407425,-1.26222941101301,-0.101190691161021,0.877159542026038,-0.217445845539188,0.0820733634309723,-0.267281416707607
16.94,-0.675434730116557,0.477078299652601,0.812264091700284,1.98224680011923,4.79109888753618,-0.759520704283643,-1.33954398436082,0.00433749990068921,0.00208729811418617,2.07011317735575,2.252524134405,0.532927524582272,-1.24632358989329,0.371277805089126,-0.299611376763731,-2.82462732117269,0.215791962624056,-0.922160027159246,-1.31370358957412,-0.222535561182963,0.783905735753152,-0.385276639726174,0.170250403104804,-0.361719954907249
16.945,-0.60090512652474,0.379785938202187,0.77739900701381,2.08461350774063,5.1121672866125,-0.767475208643633,-1.3904338477435,-0.0453636552256719,0.112504305826282,2.46057446955626,2.34263487301719,0.490974789274016,-1.19758130388638,0.454884713105203,-0.36976107662935,-2.51455370558128,0.333909461110974,-0.693543414827347,-1.40021089149593,-0.316137572424844,0.796850298215219,-0.506538900679537,0.183520063851154,-0.638022900096551
16.95,-0.641402198830427,0.346267034204643,0.773879262379245,2.22179041969475,5.37359247247945,-0.722978715466327,-1.42162201625353,-0.0709107366873391,0.124570544351592,2.74610224386774,2.41381040491361,0.444918525546695,-1.21372402639736,0.493044910318457,-0.474560324650041,-2.61467291238842,0.208687663472701,-0.651947984415119,-1.41041650168997,-0.362674615365025,0.758976414915146,-0.540374665655222,-0.0251851119532435,-0.771840885873807
16.955,-0.670711037849563,0.378743732074501,0.819327639575653,2.44233346949803,5.71976327916197,-0.690669943735116,-1.48012265320517,-0.0699214479824381,0.219481595054087,2.92069306433304,2.46076544916565,0.433105320930476,-1.28817366854383,0.556561804117466,-0.541537919957897,-2.96896090998632,0.0968508986964301,-0.713495968343311,-1.37638323800028,-0.438106801801882,0.610929388918673,-0.386515227480245,-0.452760956433871,-0.920534427451566
16.96,-0.647625181287062,0.279421093610703,0.875972685217712,2.51232498779282,6.04311931054584,-0.676781585125179,-1.56860395581411,-0.123516173020675,0.365111987500348,2.90020612254398,2.50638472158217,0.458962293718403,-1.29654669598414,0.630799732279049,-0.496971320016601,-3.32771238060245,0.187203680354226,-0.589125819936555,-1.37262693669118,-0.448143559956979,0.423307568855312,-0.272312709029793,-0.781928603482389,-1.07199414413693
16.965,-0.642027978687045,0.269534489644072,0.928660649497496,2.74659720951915,6.44119130690676,-0.628656217701901,-1.61651924018631,-0.148962340921202,0.366871094009933,2.82555960805856,2.54411452102236,0.474661867465931,-1.25004109995788,0.676756816836387,-0.301713375525421,-4.04102246835475,0.264763559655608,-0.327266332317947,-1.36184825166678,-0.435967115394007,0.186312731417404,-0.278180474777595,-0.835085658793445,-1.18163939963519
16.97,-0.509206869784506,0.430135016372547,1.03368940135059,2.9244425468432,6.95116967742985,-0.565959447941705,-1.77563714977065,-0.0229440824694471,0.768755158023231,3.5242335871749,2.64046005677445,0.313230944521628,-1.42671704923609,0.656116159408613,-0.0348311584508879,-4.8179314542772,0.295381319743063,-0.113372350135018,-1.45435156341119,-0.392470283504854,0.0221090190566647,-0.0306801204360977,-0.714442485002693,-1.33590139455983
16.975,-0.546779778056701,0.404003257043595,1.00868297402511,2.87490191051806,7.44113587359149,-0.568730651986915,-1.91230465185807,0.168682929687839,1.04646950898742,3.86467204948823,2.74331319674859,0.205653547231008,-1.78691437113521,0.51528734299906,0.241367691475065,-5.35148364927881,0.264133925772221,-0.0224030900257267,-1.59882453605506,-0.31772466354989,-0.0565492240312813,0.425152416425165,-0.564616685097265,-1.42485462969546
16.98,-0.429214296203708,0.283368463554014,0.563656848452477,3.17335235009225,8.14322961306593,-0.670319208005233,-1.94212224038067,0.105490695307417,0.888641241587998,3.57719659442568,2.78963208077638,0.172947313357498,-2.00384654347661,0.354552963320463,0.497639281496394,-6.13478607029256,0.110954357967966,0.158755422915747,-1.71826196891659,-0.28386107026527,-0.147099042994638,0.796749910035056,-0.434902734323196,-1.43237730579811
16.985,-0.513226768868169,0.302897964911908,0.271641994781135,3.89463087540972,9.07014812918775,-0.597468883011143,-1.92205779687869,0.104016862991867,0.880751026193811,3.70593480617987,2.85183055856133,0.0408680698532482,-1.92364445748478,0.384334731364908,0.871022990243516,-7.15265138701803,-0.0964263957611842,0.653651304816775,-1.71333937951436,-0.292342650902638,-0.365493472685342,1.10058543312955,-0.226289910279704,-1.37392389847036
16.99,-0.559980066152822,0.377782432690923,0.629310282746254,4.46709172609915,10.0905516643648,-0.643933820473616,-2.00399642668142,0.303809314585217,1.07096522349031,3.91264173086221,2.96573144083815,-0.0968338544155052,-1.72029978601473,0.504889641133893,1.13572946336122,-7.02938137072464,-0.45264954075521,0.886859994054593,-1.65176473489817,-0.319090781733936,-0.494273476903552,1.49729081887772,0.0165687032120073,-1.29172784863831
16.995,-0.379641139305607,0.442193199803192,1.24335868834366,5.47188325597548,11.2778226948484,-0.905016209285717,-2.14273264665782,0.468362315816121,1.40316220947596,4.16700196549078,3.0769985463835,-0.175921605128812,-1.64486404917222,0.717631018470359,1.15556434323356,-5.33684525116303,-0.956370264260156,1.06053882245687,-1.57689357020079,-0.363970205826378,-0.515814366239908,2.10758822340792,0.238425297791048,-1.15200547898019
17,-0.156528527229661,0.415173287070538,1.06258537856414,5.96945262816469,11.9664799115504,-1.011569667905,-2.20499078395518,0.458247175818195,1.41438654628616,4.09098523901831,3.02401406248194,-0.173016153882574,-1.62647222901871,0.878238158545421,1.00330188534035,-3.04972006224094,-1.19337839645412,1.48945296083364,-1.57779612257557,-0.424145273417288,-0.423981209052364,2.48917388807527,0.226636814348085,-0.99880519588184
17.005,-0.942415899590782,0.496989324370338,1.39661799732303,7.43678909262269,12.971936576954,-0.956452191903717,-2.10414040318205,0.327170969982738,1.40738619183876,4.34049688171647,2.79712066975976,-0.221695497065162,-1.68746762626503,0.8558878267234,0.796243789254509,-1.5133183445236,-1.13850171077754,2.25390990929072,-1.54338598012979,-0.461852738909322,-0.304367815130196,2.49894759393026,0.044951922544971,-0.878042682011493
17.01,-2.00757671041105,1.47007980911853,1.25052943935973,8.55644120041215,12.8063254764589,-0.746940093962464,-2.02227892359844,0.249436065416162,1.28628436911629,4.34797579972374,2.68161437759571,-0.270723353675203,-1.63861958227902,0.673622840347285,0.65985673852134,-1.20332231818375,-1.28227993187532,2.962828262736,-1.51658493538755,-0.501552294407217,-0.238998292321039,2.46237139588346,-0.0664392048519907,-0.83065989105725
17.015,-3.51932725765819,3.1691402448575,1.17410660946729,8.78891859831684,12.0685148077036,-0.663395700843353,-1.83341593853953,0.714075581681248,0.495280406309551,3.42561071778798,2.54734806591289,-0.336946506533783,-1.47310342459998,0.101792030362453,0.328750935486151,-1.9255938531098,-1.50535123884354,3.91066356340736,-1.31585075210696,-0.691933678111835,-0.0809682119317129,2.50450126587179,-0.0973149910569191,-0.658399152295743
17.02,-4.62725206510385,2.04086063226898,1.17547234539139,5.89923449867011,10.01183469883,-1.06755577380567,-2.02869874373563,1.14189731951631,-0.219063101774715,2.52981794168982,2.74109679058709,-0.364155101538753,-1.4174279224536,-0.178660022622343,0.105657367986098,-2.08102855680382,-1.53909723386055,3.81971036570598,-1.17831407413324,-0.839307622236183,-0.0477976398247908,2.62295257214597,0.097842106523343,-0.344357789053313
17.025,-4.66630022624651,0.529087708027013,1.126671122132,5.17471007761879,8.75128104336914,-1.76779839313643,-2.34710559734068,1.29989900005377,-0.871326513775425,1.45802709383507,3.20671046754997,-0.462157063388595,-1.55124268135095,-0.181260223817647,-0.0125275993854369,-1.50582060999418,-1.50171298276579,3.56172001132524,-1.12920857208847,-0.876351948747013,-0.101073680131239,2.65182813466345,0.171418224449528,-0.105273151038067
17.03,-4.31665634393816,0.922497396835472,0.96980940170341,6.39085165880721,7.68615087801134,-2.39931875628404,-2.52132637389675,1.15662742359484,-0.726113941603789,0.922766202919976,3.71482931264543,-0.697785479319733,-1.75796250438143,-0.169416268350179,-0.141859840619211,-0.949989720082299,-1.50582366960755,3.52761925290644,-1.12807182732503,-0.830008210379614,-0.157197513928045,2.63696549878148,0.150429237026491,0.06219655517252
17.035,-4.21798583117511,2.12506582996436,1.6198724476331,5.64762604782983,6.37243912887636,-3.11043784596993,-2.57424745172219,0.866963312526547,-0.62520239986578,0.210152691037452,4.08516669681662,-0.697255770985117,-1.90093349698536,-0.27133176140922,-0.240627971046309,-1.04605429974402,-1.63158425366876,3.86386072336685,-1.1307507444085,-0.634062773775393,-0.235042278009323,2.73852070140516,-0.020148137411837,0.198340357877901
17.04,-3.53187277282212,1.44560975985971,2.46401571313025,3.11962916063317,4.69051179477203,-3.95718346776663,-2.50652599691479,0.44799804702131,-1.09185711625805,-0.88685546538087,4.25772591195893,-0.675877804747144,-1.99619151947695,-0.416551106497185,-0.244890388681196,-1.40315171342146,-1.67296760764163,4.23138010512298,-1.1157592074105,-0.460410132405265,-0.296048549535178,2.97135162288563,-0.152381398099082,0.239773398563847
17.045,-3.91806207212984,1.08319036827291,3.22932881707417,2.81406740393529,2.99252600714005,-3.6713283932111,-2.30390747507104,-0.0948008479915238,-1.69729525260759,-2.03608175825489,4.13216178751798,-0.826199659099762,-1.99820865316916,-0.489025853593238,-0.134094186983322,-1.5931078725754,-1.56707890415746,4.25418027765281,-1.09715380842861,-0.217909668253422,-0.335557509799544,3.3230560867265,-0.229206559652144,0.198894625227924
17.05,-4.79724455787157,2.15178309405631,3.94659203127907,2.4313059038588,0.08861479056321,-2.42461513994857,-2.22505027494021,-0.649598350972588,-1.75816791293771,-2.28753892966173,3.79935099706331,-0.920814805917899,-1.99975896690632,-0.520906552791598,-0.0422363660417656,-1.68296711632754,-1.61559680528207,4.17215445629515,-1.04805024142974,-0.018709805842242,-0.357035631880734,3.53213983104926,-0.276244722257514,0.0849583603133798
17.055,-3.61645978753711,0.846817785544526,2.96556273841891,2.59446536918333,-1.5292619617028,-2.18568676843681,-2.45594050577305,-0.728954253545407,-1.19175136185778,-0.241075825425923,3.50277205109249,-1.03520048228216,-1.99915132505194,-0.525607144143424,-0.0830823470283613,-1.45244627812484,-1.64566266487306,4.24472735575073,-1.00607714827998,0.14026036742364,-0.345223777383034,3.46846747842158,-0.319358195780368,-0.0746021567875348
17.06,-2.82276171393414,0.739094309445054,3.06507229060491,2.75909060684284,-2.91672048512256,-2.79083406469622,-2.52154385067156,-0.430268591567251,-0.653729117001026,2.72484319101668,3.29673185044633,-0.899180027620268,-1.99776276728525,-0.553698807784087,-0.181273872643305,-1.11516131899345,-1.60738230932171,4.40461932068061,-1.02791937014839,0.238969511469673,-0.280035241427487,3.31668986759787,-0.2636190745832,-0.196903121833414
17.065,-2.80842674854299,1.19505719360452,2.34889721737622,3.29432673443105,-4.44096973052827,-2.9792873583278,-2.36298980991202,-0.268052213719029,-0.189492174562034,4.51534686444698,3.04221522055145,-0.714250220896306,-1.99466862903233,-0.601003886077301,-0.395787707687674,-0.736008883864393,-1.50962882317072,4.80558755989846,-1.14436676814638,0.245736017622667,-0.199524771445613,3.10532675540538,-0.0917379667194355,-0.216294650946577
17.07,-1.93594837418244,1.21099774965486,1.95268023447262,3.06212310187383,-5.37973155474335,-3.2109327325456,-2.04728931382629,-0.0726951955930207,0.141891835353553,4.83097881173911,2.67433654185554,-0.528672910063446,-1.99075657786913,-0.590161458248048,-0.647150092928766,-0.413253250192599,-1.38584361870914,5.25743158991693,-1.29241524450668,0.2100442684866,-0.195395193274363,2.9361873984881,0.0902429467250702,-0.10649536088163
17.075,-0.894303531926893,0.837986482094259,1.67724717564662,2.82233860817733,-5.87719363331208,-3.45012061064391,-1.78877809566238,0.158146117538846,0.129763868639989,4.10756453080485,2.30582392633041,-0.212237964110776,-1.98679296981445,-0.547849090249113,-0.893006885175006,-0.0186659677035828,-1.2328945347235,5.45380161727375,-1.61173280917109,0.122246697875036,-0.245692037290744,2.41628286510933,0.347326526419117,0.0565011169210753
17.08,-0.492592258057924,0.652186049531318,1.49954737654029,3.02587348951169,-6.0244517847513,-3.78777173758989,-1.67340149231205,0.155947347591076,-0.0157814880745504,3.33408447277857,2.01367758269312,0.0161895838012619,-1.98209345209737,-0.485435291068259,-1.18106664654961,0.466294240332408,-1.14454341852668,5.27909313947127,-1.81926266359277,0.004382592063436,-0.343586516885343,1.99875576984496,0.449471303416595,-0.107790100784963
17.085,-0.754327194505957,0.777062526255721,1.23397741969911,3.52043073778044,-6.11342500014566,-3.78334891629492,-1.45131920428711,-0.0344936016210141,-0.235754967958091,2.73947760537978,1.6812150179213,0.10657755867368,-1.97794005302577,-0.383851456037677,-1.42259966807105,0.715110001471542,-1.2529811728612,4.85812023551857,-1.89085948456284,-0.095572133690104,-0.414833842171434,1.84683673330948,0.529608210788785,-0.517985348279593
17.09,-0.869476399481958,1.06837306108362,1.01434990470685,3.70066916993026,-6.18762443194798,-3.53799785791924,-1.2832545326891,-0.332363176526791,-0.258520512368219,2.6759598800969,1.3126109226632,0.155889168362821,-1.97504288526154,-0.272323320112217,-1.57964361498014,0.899139843789437,-1.12908197178382,4.6030975357615,-1.83201782301247,-0.113221589339078,-0.423658587914214,1.71995330561467,0.586303898032318,-0.706690197526659
17.095,-0.788686090250341,1.50249055729202,0.812570020964154,3.51738549969455,-6.18572012531542,-3.18152997051584,-1.11875422532943,-0.522738802599385,-0.226485733135577,2.96470390356609,0.947153422660169,0.230486748073015,-1.97368287929034,-0.166580180915267,-1.63834914765415,0.858811547069037,-0.638892816381647,4.5790600178525,-1.74433008998824,-0.0589492202332384,-0.398292752788045,1.60402084982507,0.524193119312792,-0.653995582358701
17.1,-0.539975585457287,1.6472280002716,0.679641931307977,2.8666920319198,-6.13316888543318,-2.62161120062352,-0.948325246631861,-0.473879229871892,-0.242500712728954,3.46199054506473,0.564545637490624,0.40779010773565,-1.97364208985789,-0.136362040126929,-1.63250471956797,0.483064375922992,-0.185653780444012,4.68344141298558,-1.62614823524477,0.0461141308543332,-0.331246735714987,1.58482992649078,0.0680692250568831,-0.403741997331924
17.105,-0.317008306357293,1.47162368261435,0.571589370057903,2.34069354031754,-6.04712241843857,-2.17118582541563,-0.806627377302055,-0.329999201438092,-0.170624314671678,3.57182849143537,0.258293832600538,0.653105592684523,-1.78748916065419,-0.101147679418153,-1.53321263577476,-0.189365760490589,-0.0317303335881451,4.70632850598521,-1.5333010355684,0.0828326486524839,-0.26047422637388,1.62804873463522,-0.622995524267168,-0.239093413297124
17.11,-0.117040772408879,1.23475462375136,0.462500832366055,2.07234309808812,-5.96420534915197,-1.72075467646705,-0.690169644626579,-0.214634467260476,-0.130151339018264,3.52060502758135,0.00463346891440759,0.888092398653916,-1.65843720323409,-0.0709056114820287,-1.37613598979039,-0.662369113728683,-0.165582382539962,4.47442369497299,-1.48601517063219,0.0844735140734617,-0.153070748229956,1.69774034758245,-1.14554693837273,-0.222289134380614
17.115,0.0822719630613024,1.02807287591445,0.35554914243067,1.98933303524348,-5.81811436844849,-1.21515454773631,-0.580371669547276,-0.115144761915985,-0.0759313359496289,3.3054867604753,-0.285856353953538,1.15046164329441,-1.56861688680854,-0.0434141053282684,-1.2185287945457,-0.955893592211586,-0.378468633777463,4.19922682523617,-1.43748403498252,0.037627383158727,-0.0156992587782361,1.74030578976576,-1.62011865276416,-0.178356022467124
17.12,0.278544355356982,0.847959390378525,0.271678488665094,1.9852857904585,-5.56171542777867,-0.674332421363492,-0.514266935665147,-0.126336632168758,-0.0248424023076826,2.89137773687346,-0.593125255353156,1.38642736149329,-1.51955430058684,-0.0453137353777922,-1.04651147284971,-1.37343495651996,-0.567843052538816,4.05445275280515,-1.20964462609861,0.353325186418124,0.0951201440740342,1.65635495975831,-1.39219628601845,0.243286148812073
17.125,0.406866513466334,0.686799518359182,0.228514710244278,2.03869048514678,-5.13809954830492,-0.0170502008833301,-0.508690113929688,-0.180281077240155,0.0335557253013567,2.58011731799525,-0.915981619874615,1.56717808188101,-1.4760652349557,-0.126828040318382,-0.845184405423546,-1.78812488953555,-0.579823480337314,4.08196091309872,-1.18171048556695,-0.0361669442162029,0.248139977508156,1.03168621120325,-0.921546688191104,0.2319990187038
17.13,0.444757357588338,0.595494462994405,0.23638936765689,2.07349394021386,-4.75779000253636,0.49340922673289,-0.515253411154065,-0.252088041447813,0.0301421636259746,2.28848221377084,-1.22514214847579,1.77116326440743,-1.45548440652981,-0.258864974345835,-0.600729646907847,-2.55992767102743,-0.601464182382581,4.07528839509007,-1.06860456669048,-0.0910321386391119,0.2009183216301,2.95578120605145,-0.13452429640782,-0.0525913083770044
17.135,0.390645208205076,0.512603602891079,0.325404416957208,2.17801690303964,-4.28618740392159,1.07778355874098,-0.499941304570514,-0.296739712806127,0.0192483293091746,2.03841435394583,-1.51294218948712,1.93743658626889,-1.48524430459443,-0.346371832500626,-0.41651500267674,-3.06347361228931,-0.663656065312509,3.91087827487775,-1.02918817946549,-0.0386932090696829,0.0969072712313486,2.97565466937943,0.0674273733856754,-0.128007131160007
17.14,0.245376986993212,0.482906467737225,0.494292736075661,2.21653676852182,-3.95022539006814,1.60397880744572,-0.456358994670311,-0.395969878071012,-0.0438373102442777,1.67836469588722,-1.85651223869154,2.11887411744617,-1.46219749588931,-0.354193504299163,-0.322517838455952,-3.47958779639799,-0.86706252475369,3.68693270950528,-0.995243024123877,-0.0203407074491092,0.0585346265955475,2.74334753829309,-0.2226633331241,-0.170621490510729
17.145,0.00629083863527446,0.452167639754908,0.718712454976961,2.13584336236468,-3.79322559759103,2.17645719909132,-0.415688249147429,-0.491521515517543,-0.147085449062526,1.3284823322499,-2.11851986492657,2.22598501631963,-1.47941454748485,-0.345982395597123,-0.227045372278803,-3.09862157728871,-0.65554400204326,3.74716540975828,-0.941883225942704,-0.0222214025627888,0.0726849274446627,2.23039476779497,-0.508409407898825,-0.276557163917697
17.15,-0.264370870097407,0.427480426024318,0.923537956902322,2.01272822026839,-3.84867287090048,2.86438635450149,-0.33785777768831,-0.596110223494399,-0.182254081407805,1.06300697148798,-2.39192991854757,2.32874269417301,-1.47748997102274,-0.406730664385582,-0.178766458777245,-2.45898717281503,-0.368086424266113,3.83778262825972,-0.891331343523153,-0.0190245992879471,0.0982849960379254,2.13881132487419,-0.593008816727361,-0.262777100956006
17.155,-0.422012042209392,0.411994301373704,1.06838821603599,1.87570301495923,-4.00721345472894,3.30268017842506,-0.286603656675038,-0.629388742981036,-0.155953491787935,0.943374799027609,-2.59293224838768,2.40120415068607,-1.43743655868797,-0.439369483696269,-0.277709884630228,-2.07287310067184,-0.21717953822169,3.79186962026552,-0.83830380916634,-0.0106404920042345,0.15691573608076,2.26039226974445,-0.538841369273005,-0.187075699284079
17.16,-0.50767187052044,0.358563743362337,1.22847989096356,1.64232657859164,-4.33630256804785,3.78932084807256,-0.268321981060971,-0.625444638067293,-0.127254874916262,0.763554068538872,-2.85192129024337,2.51638849493822,-1.38457141039353,-0.412250027696641,-0.419592341764991,-2.0761808803869,-0.116667753413214,3.65155901810976,-0.819771576023734,-0.0135797501327506,0.186058670413729,2.46509049177057,-0.37525934921345,-0.149497764219976
17.165,-0.482836372387461,0.196972304966786,1.26795401491586,1.32141941581028,-4.75265513323728,4.16506579594495,-0.33454359208858,-0.508229391447504,-0.111305976831571,0.727611787368527,-3.15548761652787,2.61510834176974,-1.3115142819291,-0.36683876451799,-0.54735182248151,-2.44542649438456,0.0126109305722139,3.38910858479432,-0.798739964942221,-0.000570644415075028,0.191290860752825,2.45144774031062,-0.255836027134091,-0.197908889475984
17.17,-0.452281596773269,-0.0371238223607024,1.27000043319749,1.10696273903903,-5.04268095273121,4.2702685284096,-0.416561763455247,-0.402541103639925,-0.0863179392419479,0.78438893380903,-3.40972719661056,2.68340164994223,-1.22107267303251,-0.395755741469562,-0.582720225346596,-2.63931729059729,0.0631042012885731,3.17406014617036,-0.768481694190573,0.00603442116346872,0.175930920321819,2.3223455711852,-0.0455682064144318,-0.260715206812912
17.175,-0.408835975270001,-0.282532848221439,1.24714830907909,0.888283512040014,-5.3296225803888,4.24377187522773,-0.512381156251667,-0.307461933358072,0.0124476081509462,0.766710210349304,-3.68730676255074,2.76794880370625,-1.12166501988076,-0.465283026510446,-0.547386671223803,-2.67961748686633,0.064473559761246,3.02281927431951,-0.745662780896199,0.0342961657628854,0.1521882583715,2.13483892832317,0.164824853792976,-0.294640898704529
17.18,-0.403032328953267,-0.522839992348777,1.29826495208528,0.837598733104436,-5.51742147625143,4.10373105844786,-0.586544598932542,-0.263639763868751,0.0638556922440859,0.536139914051246,-3.93690547955729,2.85606294614086,-0.964219944856283,-0.540623787701891,-0.602163806627987,-2.4774937902627,0.0481176839711727,2.98797222294814,-0.743836011607877,0.0688279205611708,0.138666887952409,1.93704706671952,0.267140039027065,-0.256221042288073
17.185,-0.49009708962467,-0.672026578688196,1.32975324509472,0.793392192433601,-5.73499275890661,3.8841116559168,-0.622862253984918,-0.337202521231822,-0.00656230997956144,0.0281275939390427,-4.21205075354124,2.9279846195019,-0.856389589125421,-0.556866847677586,-0.592571568954636,-2.21673060748203,0.0766115855804371,3.02051576260161,-0.729959116404363,0.083728369993216,0.142926851867289,1.71166892177146,0.295877693292232,-0.139437301548542
17.19,-0.595337801163175,-0.803585447753998,1.3982622029276,0.814129092520939,-5.98713343239161,3.58598996255553,-0.639515367082269,-0.421922850320382,-0.0536614912014784,-0.33704360989782,-4.42354633762597,2.92384213135161,-0.730938490147226,-0.562762984829493,-0.569087162271496,-2.04892952255994,0.113999263175647,2.99605908136108,-0.696215878772916,0.0808908163752134,0.127408664160908,1.57083937673627,0.249758476052985,-0.0485452072064009
17.195,-0.673680994705223,-0.876333086931116,1.42531546172255,0.919293392598761,-6.21643543978108,3.30428533931096,-0.669561371785082,-0.525670500199409,-0.0536840794390255,-0.647560709023757,-4.66088145473856,2.88705580795156,-0.626217288240236,-0.546455847364233,-0.466873065388159,-2.05317999588374,0.131221656070593,2.8670490939681,-0.667699518860953,0.0827285631693434,0.103891052171774,1.55351340168864,0.196800891032073,0.00975276185354458
17.2,-0.72264536907428,-0.857526535203877,1.43447420930306,1.05632847065668,-6.51901170036505,2.92956118967299,-0.68612983467188,-0.585041217298484,-0.0512228956212412,-0.830075513491242,-4.84752412975213,2.85887127903021,-0.555611878143091,-0.508204571025664,-0.422438005373479,-2.04562113274556,0.101340479431611,2.67247160067936,-0.620307634151338,0.0721207262261939,0.0949313319416414,1.48706589191434,0.147478408510803,0.0129419820180083
17.205,-0.727299035714116,-0.824610202224225,1.42778779763508,1.0577515825568,-6.76860630596795,2.56679652810555,-0.712123900171224,-0.702741261414602,-0.0582261985490115,-0.784134232049107,-5.05921923438328,2.81255234670047,-0.54442204556745,-0.504411537161076,-0.297679385857369,-2.03113252807062,0.0884050352495456,2.40760055544289,-0.594355229964354,0.0687459023918801,0.104452128174254,1.57377136623701,0.122466218268823,0.000947276401495446
17.21,-0.698672476472929,-0.826069250785571,1.40801333476681,1.0029962556045,-6.97011770107682,2.19493200457799,-0.743528884375844,-0.761502201798811,-0.0557994644192555,-0.57509275533999,-5.27540101573792,2.75571836132203,-0.513081962409611,-0.500316592458115,-0.270648677923462,-2.06234543144123,0.0901491326672806,2.30411326345901,-0.55907888568985,0.0652599950240165,0.113995971892236,1.67664871286951,0.0707964001710205,-0.0197390864492041
17.215,-0.673859436189875,-0.840119106672309,1.39483421455164,0.995944848889125,-7.11154134199137,1.80689393344595,-0.787735856628834,-0.802138259592966,-0.0342520772456005,-0.245426080851912,-5.47400052569479,2.70137559548341,-0.457498162235281,-0.467893816973546,-0.226568515855727,-2.03559816306602,0.102045749416926,2.28114131627176,-0.509239119252045,0.0643710175151051,0.13633561261772,1.65330611760018,-0.0408074075786809,-0.0299886811119747
17.22,-0.700985339025484,-0.804180184661675,1.3983707619102,1.0940246713718,-7.2090231408051,1.42761137660191,-0.829119255489941,-0.86681099088147,-0.0397011599586048,0.108800233954717,-5.68716641692354,2.66070477290698,-0.406472518013343,-0.486603228931284,-0.211890496499102,-2.05031079365969,0.106458225530634,2.25563206625731,-0.463486037360307,0.0623141182697261,0.148994253773788,1.60425418219271,-0.102662395548055,-0.0149771424945325
17.225,-0.755833956971619,-0.713354358877004,1.43168879906143,1.17053461418235,-7.27121479089872,1.14486351355869,-0.848139384498839,-0.896421350189641,-0.0726883731991573,0.519351036856894,-5.8528083638739,2.63680821429688,-0.388015910445926,-0.546415493430842,-0.200497363455562,-2.19288540976366,0.140905495483251,2.15290316118629,-0.418283334122405,0.0560902529091658,0.163220106262782,1.65522784491264,-0.100088290003819,-0.00901089117538573
17.23,-0.908487646194,-0.615744900390377,1.47023182732834,1.2516888818633,-7.36959564336396,0.891496276529563,-0.883994451749334,-0.905218310990852,-0.132000283303481,0.907792938601662,-5.98625315578389,2.62118290060278,-0.374358653887321,-0.522046427950891,-0.193053941463033,-2.28503714304947,0.143767640066368,2.09115728725285,-0.387804809112246,0.0366527338029112,0.183368001688185,1.74970659395039,-0.0466565565678295,-0.0234098215402638
17.235,-0.986501754938993,-0.508326919620068,1.4929792781348,1.33164192753923,-7.47012122856441,0.695627046098053,-0.925366042472118,-0.864134308639101,-0.183415309798209,1.2384059905742,-6.10094223199541,2.60534837284886,-0.369894988841031,-0.492380018107494,-0.168596114279084,-2.33609721834482,0.107365204121702,1.98233870502091,-0.358593311081884,0.0235122517294068,0.192292409405881,1.8173518685548,0.0235329873849206,-0.0619470887795718
17.24,-1.03728385743306,-0.422022646611359,1.48051090952048,1.43410410670494,-7.55527227896949,0.583144442080459,-1.05835374962479,-0.783924381557688,-0.43739911768167,1.5478819586909,-6.24037192553107,2.60784488084505,-0.38676267972751,-0.484846283747371,-0.139629237284145,-2.34023683535212,0.0956835401086116,1.92054241757036,-0.340024856383314,0.0215940802406398,0.180564397461992,1.82794713973999,0.101339241969663,-0.122000030260944
17.245,-0.995013281355794,-0.203257912085336,1.45786960848421,2.36773825847028,-7.57755552343598,0.831186106689899,-1.07562545879652,-0.278287151795067,-0.00877568627780751,0.349923952173391,-6.18840487286152,2.78657063564231,-0.374552295351201,-0.507765746737903,-0.0997721116924991,-2.27638049639252,0.101447571689068,1.81829303452376,-0.337033858512801,0.0165322339286683,0.166245201552657,1.83189802427892,0.129847949304689,-0.150047487894002
17.25,-1.07520430780444,-0.0157511062693368,1.56010196651723,1.29465578334791,-7.58271659108805,0.604068230806218,-0.940250676355421,-0.720251642910524,-0.211193816794377,-0.946072061851817,-6.75916726871034,2.8788665246869,-0.342588448029249,-0.521566749858015,-0.0658542234808382,-2.15554790252658,0.101751814954104,1.74109756542866,-0.346919784131179,0.0126700093871818,0.141667436091829,1.86467049927259,0.121767115964507,-0.177789620354228
17.255,-1.20026590812854,-0.439715966470573,1.33991366039878,1.72117538115198,-7.36880823471794,0.711212068378769,-0.95581285295506,-1.20331814227051,-0.513591860880382,1.51842169439008,-6.78765882117176,2.48247964020058,-0.280737215066909,-0.517773036650776,-0.0402112570022533,-1.98551924574874,0.0946698739194421,1.66595750352019,-0.359543455998212,0.0121325308927771,0.127158730234358,1.91967019501343,0.0630467567775192,-0.187986756495988
17.26,-1.07884108416704,-0.200500587290629,1.4305128985101,2.37682847646376,-7.55861572743369,0.949064800802362,-1.10698547849333,-0.927484568894355,-0.350785829537234,3.9327436175678,-6.77260448455808,2.09179327312737,-0.207863571380638,-0.508663589992477,-0.0404959958640953,-1.8678926803086,0.108243804006026,1.58292517895002,-0.387551956742276,0.0233524650382287,0.119603592191823,1.94402277197899,0.00831052387233697,-0.197282056616168
17.265,-1.20996159851798,0.0399623454083016,1.32141223430633,1.91807203383399,-7.51648513597921,0.952492622483994,-1.14817887292712,-0.706966990582129,-0.324673819099113,3.69869322502864,-6.72946161065958,2.12618109643718,-0.107100189819687,-0.517073717978586,-0.0701376288792497,-1.90199998633514,0.17459318981657,1.39051630517479,-0.401526784185172,0.0319759392950165,0.118614942357567,1.93543347326667,-0.0393507935255324,-0.213835146588567
17.27,-1.25783018398568,-0.114001556846334,1.33445547575987,1.51348754296309,-7.56947251687056,0.992420493217396,-1.11520738345431,-0.734588721990795,-0.344989591913143,4.13636536639482,-6.82121123495448,2.06412843037291,-0.0161095721203998,-0.53568851163827,-0.102312137610801,-2.03169409952396,0.256368371795207,1.17851440191421,-0.420652093734343,0.0378106491987029,0.12442913139413,1.90464700409344,-0.0551372426941248,-0.225713890761064
17.275,-1.19945071236881,-0.210468299632739,1.34610811473781,1.78584827399949,-7.44215819585767,1.16373377796924,-1.10888579087123,-0.691872963620264,-0.392222423248761,5.09709673785924,-6.88660598143935,2.01476626374032,0.0891419802227915,-0.56213038956511,-0.116810233367373,-2.20115699414111,0.351425522018804,0.884387974412554,-0.441028069035521,0.0525697910143831,0.120050237468162,1.82219292814782,-0.0582792598841523,-0.226604545299221
17.28,-1.18106121882802,0.0328354008693152,1.35031834158396,2.00471336233654,-7.29312087123837,1.39850640042313,-1.21578946397805,-0.225560105113583,-0.433791034755323,4.83898578196266,-6.9298123099319,2.10176705028034,0.133860627076255,-0.582992894737579,-0.106839109876817,-2.25351075593349,0.397457234886193,0.687182866134531,-0.455661159768529,0.0712476364981195,0.108416089204903,1.73573044649234,-0.0557890836466057,-0.214114423682266
17.285,-1.30698109460436,0.274404661193389,1.36371573585872,1.63169600789419,-7.09682219078116,1.45344511039867,-1.37161604599915,0.0450331851989433,-0.479637094404049,2.68670155246942,-7.0461123435266,2.35110654208816,0.172118675464947,-0.608803468682934,-0.0572974744707889,-2.17244598502367,0.397861335653147,0.449007615885731,-0.464963114534576,0.0849237873203664,0.0985262891683375,1.62760813406101,-0.0702534149880253,-0.194256350651473
17.29,-1.44973185342009,0.307372410779673,1.32302709962566,1.24872936856265,-6.82317340694534,1.58148372287444,-1.45311196073216,0.0473307888398782,-0.525853912341715,0.681104360280495,-7.23052743038227,2.48697192392625,0.168357665065289,-0.62535218084727,0.0056075686832503,-1.99586440570858,0.349592608839112,0.339064539364735,-0.470218267218053,0.111436852802853,0.095327252151076,1.54057096922262,-0.0963738483522639,-0.173790076187843
17.295,-1.5666050193164,0.202555004005627,1.26467765921799,1.04823915145241,-6.54631254441457,1.77869323977657,-1.45577384510363,-0.0492460567543998,-0.585660788997563,-0.69224153868018,-7.3667348935323,2.51990522340198,0.137192073927715,-0.644481996632326,0.11722290268155,-1.65104165228797,0.242176099625959,0.28510299341712,-0.470601952073245,0.134720598032981,0.107100059616722,1.54665689474673,-0.0887322238982852,-0.155171121466375
17.3,-1.72502224686112,0.151148583707378,1.18130556681131,0.666623319831837,-6.1533979434969,1.97707896811113,-1.46756094554331,-0.308507698485146,-0.691550543615986,-1.36190946074916,-7.39972432539758,2.42354801553975,0.112779237077262,-0.653393479962038,0.234244147084117,-1.22148655543227,0.113330531208542,0.288116362721228,-0.487710742128905,0.168391953834993,0.123560974656097,1.58687517450375,-0.0295637419366198,-0.134805376758706
17.305,-1.85271199089796,0.137709742295786,1.14135355909109,0.531378756587401,-5.88919200084429,2.03707572244766,-1.51481084746591,-0.621442790561929,-0.825993317302929,-0.828409113773156,-7.33569406656609,2.05403895600774,0.081983296210368,-0.647307838301573,0.363360029401294,-0.566265455943105,-0.0546643037973634,0.353067499141239,-0.521986790698742,0.183996444403822,0.130206876157714,1.56907856544668,0.035269442242248,-0.124536055159457
17.31,-1.95415794115857,0.182290102441765,1.09411429668136,0.460332210092493,-5.64039346703021,2.03952680519658,-1.59515820843645,-0.615587789101471,-0.900226658759721,0.248125141613603,-7.23630198123868,1.71267369018928,0.0730399745348763,-0.634784845247942,0.447354331074641,-0.0151724337523119,-0.176616941539419,0.409425833021116,-0.544423830514511,0.177658906560292,0.142792845208954,1.48305049758382,0.0973916909937558,-0.121173354858661
17.315,-2.07826016840446,0.179932230627158,1.04449246175198,0.236633900072435,-5.39863423823689,1.9528585399445,-1.64826022042803,-0.478037208120096,-0.997852676409815,0.605691114533639,-7.20694449365445,1.56077157918236,0.0587226044831791,-0.636450977085564,0.522416886189862,0.47612692466046,-0.27537435051461,0.423228242171539,-0.56907701656043,0.156444388868117,0.156468655865499,1.38689185542797,0.152842506995623,-0.118716895580292
17.32,-2.27123738333807,0.107486922416993,0.997148699651558,-0.0316358399153551,-5.11877154591372,1.79595630424235,-1.68226770445189,-0.293408801261591,-1.1324723289281,0.265065548980092,-7.19018691268782,1.47813826469759,0.0298711877947121,-0.644043631225523,0.59156206157975,1.07621208682742,-0.422204505189379,0.393539699151339,-0.61413490511542,0.12893530776443,0.177215735288419,1.30895023606654,0.182786074594635,-0.120049597653236
17.325,-2.45305150318317,-0.0188466366212418,0.930672150166257,-0.225281200976685,-4.86128393377383,1.64498204636836,-1.72770770061591,-0.235910449564266,-1.27330962058415,-0.563169698775687,-7.18315727162047,1.54285337150881,-0.0358405321435607,-0.645533334424535,0.65269256006247,1.55915481780816,-0.573409445185518,0.358632406543517,-0.670618305698012,0.0980834561177544,0.205007630700382,1.2933536844738,0.158703950239713,-0.123996226531114
17.33,-2.66931586354286,-0.104033233536017,0.858981575242809,-0.31583755250746,-4.59497940028806,1.44927971347067,-1.75238384722228,-0.342997594227543,-1.4684781803899,-1.49602846498846,-7.15403564932031,1.61829163549232,-0.149400541528163,-0.642580505963108,0.69858658914413,2.01956338163883,-0.791971297946494,0.278521058932417,-0.726895222705268,0.0886347569418517,0.242057399357253,1.34177532746053,0.0459982333251926,-0.130212345749038
17.335,-2.90958104013709,-0.133515212431191,0.729262790985616,-0.208084758193253,-4.35373270620481,1.29910864849691,-1.79696546857746,-0.528212478788971,-1.62624383416966,-1.69429169718986,-7.05732346662299,1.57874016606371,-0.22947170239805,-0.573881062199076,0.685206116317918,2.20365853131008,-0.90933932492091,0.221765016302223,-0.792129046987343,0.0685853208174187,0.282772494056352,1.38300561224628,-0.0665074454940496,-0.117608296949418
17.34,-3.18124120441982,-0.143146237781835,0.573939557149153,-0.0491513252031177,-4.13128443240348,1.18898415241403,-1.81122002171706,-0.733180852409694,-1.79496831728913,-1.17679394268327,-6.84574040596008,1.46955372109505,-0.329508347722528,-0.397140632033348,0.599169162069192,2.22682744550773,-0.955031542351072,0.228602802135422,-0.841727356228469,0.0669232855564408,0.307450417319154,1.38629161634471,-0.171976400524304,-0.103736032611093
17.345,-3.43143577774556,-0.173021982895263,0.396127357740032,0.0911107021030155,-3.94392979390394,1.10751725766191,-1.76590294949458,-0.855842775397757,-1.9323346955721,-0.244746452725555,-6.54539923460568,1.32882402981095,-0.381920847214131,-0.116131247881076,0.450231819465607,2.18789060500066,-0.882567048086452,0.318687185643059,-0.897973985893918,0.05959604996701,0.341116381604259,1.35878917930289,-0.25267295852155,-0.0988703918152614
17.35,-3.6035927756862,-0.168936053150422,0.1856696810955,0.304354234735236,-3.82129959106443,1.05425151983896,-1.68924313768729,-0.783465563739687,-2.06041895245569,0.753093306325584,-6.20961162996159,1.18078588794233,-0.36596192178565,0.148347836554763,0.289012153761811,2.1912567228736,-0.7035336232611,0.450791368212246,-0.955542717112684,0.0538198358664742,0.398893785308667,1.2838151202496,-0.328541753385347,-0.0987962170485758
17.355,-3.75410979229972,-0.142810435227041,-0.0296677266472017,0.513296886486382,-3.70070845368965,0.992379624963213,-1.50955856926768,-0.53108804483438,-2.06175089555889,1.38766486246474,-5.86758235079435,1.05422625822799,-0.358759116748872,0.358407390193057,0.0796335896834886,2.33072932594574,-0.474354690578566,0.445721823974029,-0.991985175014827,0.049062177209125,0.460235478177897,1.18166205659858,-0.37478669180125,-0.104631730448399
17.36,-3.96698249933731,-0.0198732207201716,-0.274755251568108,0.642974935435131,-3.62112246972679,0.933229124177511,-1.49384427880986,-0.192062316909297,-2.22350471001336,1.43586049262991,-5.32641024381253,1.07364560226567,-0.375433377137022,0.469135101578043,-0.0687304236940491,2.55243772683196,-0.287120627781588,0.357253937597499,-1.01975228371765,0.0518620458228219,0.52323733993115,1.03336613213081,-0.416143016090266,-0.116262089075076
17.365,-4.14214553732888,0.00953453093675972,-0.505764735974725,0.631515601176806,-3.614774257806,0.790309684067197,-1.3000794190914,-0.0559988707931541,-2.29504547673267,1.26546207174702,-4.92407175782331,1.12421985366989,-0.548853642518339,0.645428000554976,-0.173980052422489,2.78614985402929,-0.155217163485897,0.188545194432139,-1.03641498937991,0.0678006723170078,0.553321267872976,0.911110177692103,-0.427024584678444,-0.115508342958053
17.37,-4.11530489887333,-0.119113140969384,-0.734275232260385,0.5592111604958,-3.61785735397232,0.645883710977549,-1.15969534784195,-0.0768628538540627,-2.44250719944543,1.01036224454035,-4.37312037451342,1.20992448675285,-0.732727219877856,0.890924820749996,-0.157700772461869,2.74562646551351,-0.160590454450635,0.144297681077103,-1.06026612089783,0.0727539647413546,0.580680860044034,0.830308980419276,-0.40788008441711,-0.12348789502997
17.375,-3.89103899602099,-0.414873929479443,-0.973078624649884,0.505424931015117,-3.59832364946416,0.508410646059183,-1.0110661159209,-0.174085451717085,-2.56787202273533,0.661614659415272,-3.96530110750042,1.27006573598893,-1.00528386097786,1.33586045742717,-0.0845086937671466,2.64094452246263,-0.234946744023834,0.223279714955481,-1.06847051830103,0.0628742443527619,0.590478344069044,0.7784071276117,-0.374866713411823,-0.129712134599686
17.38,-3.7064634484826,-0.900335675470174,-1.31557623154484,0.683602164750689,-3.45798238628334,0.390975798234687,-0.921517905465335,-0.298601859231439,-2.64260859449533,0.601796894193975,-3.48914104344965,1.23519151141819,-1.24303622638537,1.85740807908549,-0.0238325228300456,2.30979962207352,-0.336374221364523,0.459754670761326,-1.0954962157911,0.0708020574250953,0.592733066283216,0.757025229803876,-0.33662607222025,-0.134023637089631
17.385,-3.69639170329226,-0.985869937225919,-1.66919479389936,1.35093217754577,-3.27417389606208,0.292632430934326,-0.763120870208844,-0.416537012619778,-2.49627663478829,1.27513310819551,-3.00701362254376,1.12961621724662,-1.58206509534418,2.03713446987442,0.0976194876516452,1.41842867320763,-0.433306326262308,0.765971860365951,-1.14844694098382,0.0614479325638059,0.571766255397328,0.725594798208395,-0.267853058240822,-0.139217071436409
17.39,-3.63960572014176,-0.800781385311859,-1.95715521496592,1.82742066679687,-3.07687746737483,0.0911654841585435,-0.537560278799195,-0.369024050662055,-2.38102251378583,1.56343979542494,-2.35099760097757,1.00877228178909,-1.82429295572805,2.04412634305322,0.154435833270151,0.207350181449626,-0.504551208021829,0.763819321299027,-1.19644545609479,0.0412423675612599,0.517433074138238,0.620861292301099,-0.192051535867874,-0.103587680926578
17.395,-3.59252126398069,-0.716440272940842,-2.20901394410884,1.76834733584358,-2.69675824753264,-0.149653834656297,-0.413301604744706,-0.20030245970994,-2.36955393965264,1.80792536082847,-1.72304623881796,0.843967107711276,-1.9762161296074,2.04645684627026,0.0638360636893204,-0.880602535483394,-0.481031514707718,0.660833085944954,-1.24943230325719,0.033452667169874,0.464237313155874,0.456535571794804,-0.117941100232559,-0.0552000677894632
17.4,-3.49240716053242,-0.711579673573482,-2.46652951857718,1.38233396661572,-2.04267354270113,-0.454803854936082,-0.413304089892543,-0.0174371552295286,-2.43045296945124,1.83925694633433,-1.08347869682262,0.609184488696252,-1.98787711448596,2.0441851703066,-0.0936773904603206,-1.49390521188645,-0.328586799356454,0.561272365613886,-1.30535244755113,0.0150342846959026,0.410647562561074,0.24664845270377,-0.0643361363761059,-0.0084654223927211
17.405,-3.39698567237216,-0.70638453846204,-2.59861454506449,0.885998753817234,-1.43216363916075,-0.672354129088202,-0.459171860274157,-0.0145426883073941,-2.30782167177324,1.55156967971184,-0.516627476573702,0.388097774141095,-1.98870989752517,1.55021929546764,-0.178408301093248,-1.55480044432037,-0.0024584579634183,0.420993480702848,-1.35206050512691,6.24782743589383e-05,0.403491202475623,0.0836766261176832,-0.0446750170214681,0.0174783067098088
17.41,-3.3489590196509,-0.705867023144866,-2.65959127968829,0.208694287425743,-0.697475508559075,-0.867517761619799,-0.463909556560506,-0.0405471333325237,-2.24422183038084,1.08792925955256,0.0397554261464709,0.212945574783668,-1.67657630668652,1.3687331461853,-0.118200715606228,-1.43184893437943,0.237924260369227,0.315496776226472,-1.40229125138085,0.00690424496452795,0.452461036285554,0.0275885153791172,-0.0343106827631445,0.0376132776755716
17.415,-3.32516609100246,-0.720843208835199,-2.60263224452365,-0.343651870718659,-0.0512034905046294,-0.985332023384323,-0.413030689061034,-0.0825728078142224,-2.19282980287384,0.409402275314185,0.712348023371263,-0.00247841458718694,-1.20880582201587,1.19756343358997,-0.040922700048131,-1.40708969823492,0.414427163178141,-0.153625173919134,-1.45653077278046,0.0231081577396648,0.541856733585196,0.0416021956173633,-0.0141518771651031,0.0545116220954902
17.42,-3.2790574419088,-0.753307366340459,-2.41218060220629,-0.737960690127763,0.613349510609046,-1.05982191419113,-0.396357895527255,-0.202276894810098,-2.15618015789536,-0.165433597985317,1.40305737942249,-0.200471917571247,-1.25034117188735,1.18318859971244,-0.198076750383669,-2.34561714725162,0.543542814013725,-1.65774359544802,-1.47164873816678,0.00372092090954276,0.633387054977917,0.115271824140725,0.0161124336553632,0.0874091543824722
17.425,-3.19942809657278,-0.734169835467558,-2.12268547136718,-0.942255153237171,1.25935899152852,-1.08251860100487,-0.473018868459895,-0.27832074980561,-2.13761462949504,-0.548594055754252,1.96471691657847,-0.341348703251486,-0.862463453805272,1.37976898207823,-0.165729359911718,-3.27497185771194,0.76384390761067,-1.70175102604206,-1.50783673667896,0.088274641888706,0.722864599240569,0.240272465523463,0.0430518540093724,0.134392625239245
17.43,-2.99951633975905,-0.599784764371597,-1.73664972345217,-1.06794434427394,1.83913307338087,-1.04264391161199,-0.567604613836872,-0.338627170555357,-2.11029783866262,-0.79522487375628,2.42384421574939,-0.489416842359759,-0.677440797486362,1.35798234619182,-0.0111398775388865,-3.75527916892933,0.931958523360224,-1.38815776406206,-1.50418574672089,0.078965618503597,0.740857255538879,0.177308337431982,0.104528619105218,0.286914389576423
17.435,-2.2153898425542,-0.0896622515138511,-1.43099962895758,-1.12015801966967,2.28632635674373,-1.10630690294261,-0.703733954136226,-0.323097432831482,-1.99968021642011,-0.918663234275273,2.82664303828814,-0.655988048532079,-0.542598429038936,1.19854029075157,0.224650211313499,-4.50396889237384,1.00797085383914,-1.23020315196134,-1.44081773654247,0.0437198670744038,0.765141391402536,0.212708112669018,0.17448927132027,0.309786594290781
17.44,-2.47036039305855,-0.433846905375854,-2.06066087888564,-1.63719821118199,2.78652225839262,-1.50889199709307,-1.04225654824945,-0.294764898471305,-1.26312839027957,-0.717215414854594,3.09205069122376,-0.84997151058136,-0.456401945931092,1.11030373057923,0.589472324930026,-4.49742890981687,0.877380189444483,-1.21617931381815,-1.35422348916664,0.0482680023831453,0.841136519097568,0.511667289756196,0.237450999913716,0.0229812034380692
17.445,3.00460018613185,-2.01576918169105,-1.18331037835646,-1.17643229196944,4.21494463894999,-2.61360869640103,-2.49740943131274,1.54266474813606,2.90826302206852,5.79179523646492,2.81528023650829,-1.24665101704845,-0.295393805830355,1.12796238094554,1.1174049779963,-2.60394991054883,0.29072860595439,-1.10357613993097,-1.32092915415888,0.0712517085783041,0.874058693510269,0.24207470498275,0.19037538074633,0.12656053749841
17.45,7.89392083318156,0.23686418726046,3.77120596021628,4.01498792906586,7.79160166211376,-6.02702466295446,-5.30637420137368,3.41306814267525,4.94303177834518,9.95212990416135,2.15151584028798,-0.347379784699355,-0.076585661671405,1.12645880951287,1.28732941512484,0.706046245084961,-0.416007710847787,-0.878220754769451,-1.2937939244935,0.0867665681910801,0.730140213130146,-0.162021203197871,0.248651452076091,0.325531775874924
17.455,-2.19487709615288,2.81664770115383,3.8650786897195,0.973903435919586,10.2140233263175,-6.19951117734481,-3.87697169707963,-1.50208766022271,-1.56279830852671,-8.7176195750623,2.83133478613511,1.40930747138131,-0.0758639621152172,0.95544775051692,0.746059781569235,3.20417098880577,-0.861465746794548,-1.69470461760837,-1.31097994184473,0.0989875312452215,0.610579060112105,-0.24347193774973,0.399260501731358,0.271117927545998
17.46,-7.96315394160384,-0.944250640460412,5.26198664575923,-6.5168774786216,6.27725281683475,-3.19523629787012,-1.6335937820858,-2.1401678111091,-0.831807752805001,-6.70288871524564,3.39206167799579,-0.121040493786567,-0.757442992764462,0.396962619674105,-0.391755042884371,3.17524783208923,-1.1537024859843,-3.68698986922233,-1.45374360630412,0.11558328337823,0.458282883549737,-0.202850291897451,0.57099495033226,0.127815571094492
17.465,-7.65783317547907,2.79225505523469,2.49046269122575,-4.04678565272069,1.97876354230706,-4.92314754828236,-0.748857464310823,1.18167338648192,-3.37509758014518,-3.52136252470114,3.02126267419156,-1.64982204895518,-1.97250996483919,-0.321146317760303,-1.75808726817493,0.672172009934848,-1.03290227450131,-4.3450966022382,-1.59795272766799,0.101339617354306,0.271607662292441,-0.199507071623899,0.749982010564611,0.0743108466267586
17.47,-5.55418413119489,0.27553580869779,0.147247499394935,-4.02298101784882,1.37846676666899,-5.28382689167911,-0.595941606943368,0.919738230579606,-3.40726661453484,-5.55844177825186,2.51726059218655,-1.62292390949335,-1.97185775926564,-0.732701008335054,-1.91622615280324,-0.421518647755819,-0.759423598238681,-2.67855688325353,-1.62979786989064,0.0613935872981055,0.0832590284348135,-0.283649727307912,0.868963408169758,0.100831675868197
17.475,-2.93139277703819,-0.448690349236212,0.45609755399837,-4.03296682440236,0.881051693311219,-3.71072596355744,-1.31655036213134,-0.526763185599864,-2.08350893246033,-1.04312754959533,4.8372695061846,-1.27306370593965,-2.00047860834976,-0.647610573938504,-0.0310660128533391,0.670212098834811,-0.957645020606784,1.09459579287266,-1.57002930645537,-0.0417941212003199,-0.0937228771318549,-0.42261549821984,0.864600568870644,0.171095065510447
17.48,-0.591797484935483,0.522884729784241,0.797164547432872,-2.72103418697261,0.211017330883931,-1.69199034039443,-2.07544330000066,-0.753192457389501,0.0361834950991323,0.892689592803502,5.9715772913313,-1.30315120125502,-2.02624467252371,0.0328401455567024,1.83583690221315,1.50297983958346,-1.44040348872804,3.42924354627339,-1.44910620842807,-0.165096913524973,-0.199915850307487,-0.39770903576682,0.755414030880752,0.101174363613263
17.485,0.305919965367314,0.850829387151839,1.66879790598473,-2.73671238745875,-0.238238581653995,-0.672708312074885,-2.43167146655921,-1.53074887540815,-0.461762770919638,-3.48797953027435,4.73017370837265,-1.10210109797296,-2.01967568557192,2.04377003188644,1.97407977780463,1.41197989233719,-2.93466821133937,2.39241858664402,-1.333680905628,-0.272483277128806,-0.236749770256159,-0.35457599804491,0.567463636426173,-0.140213397885233
17.49,-0.243933621555043,-0.944370839321114,1.53425606999839,-2.84464442376649,-0.734984951898577,-1.0574356919622,-1.7195460208223,-1.16870234187536,-0.210616422650898,-1.12235354826341,4.35870942300878,-1.42445005246276,-1.85977020652054,1.80844918816994,1.13437540990936,3.40613563205168,-3.08239908253888,1.2648173171713,-1.27548632000305,-0.329020386880186,-0.163528529760496,-0.522358732500976,-0.152476707871172,-0.177950542116399
17.495,-0.419450861834836,-1.69816838712589,1.27834255342547,-2.05351509721503,-0.507494037547779,-1.86983853921984,-0.559673918498326,0.433820451137952,-0.194354895945707,1.68294956299291,4.1813058862896,-1.4228391463422,-1.45670939747541,0.0867321037605144,-0.588785469430483,4.70671869057295,-1.78673574917343,2.48979475061459,-1.27547898067641,-0.335274898940873,-0.0555580969387928,-0.678902545668972,-0.716016853541939,-0.128295322859938
17.5,-1.20604192437601,0.147532991085547,0.86595473345105,0.673986520339337,-0.295483624208311,-1.68926117418793,0.352387457258878,0.60916147180646,-1.81943092833692,-1.34720147403639,3.38591913049237,-0.796552204397323,-0.767556192099643,-1.84310283670458,-1.31557943477436,2.98977281697591,0.259127006848653,3.3352283821106,-1.27191846417146,-0.307587974156226,0.00270730554689071,-0.638066597085026,-1.05747327885786,-0.117372599927871
17.505,-1.77669189916886,1.2761992625647,0.37813044444417,0.998924352335062,-0.226556009625135,-1.19019847614186,0.11951622879778,-0.369481843626291,-2.18333752992513,0.00615717830240298,3.34738608434988,-0.709083909333705,0.0777850345913487,-1.99859368563686,-1.28732733934397,0.764906356865376,1.45856690857061,1.46844443551761,-1.20467949278993,-0.176544017795316,0.0103304529279542,-0.521869406713431,-1.23456061017546,-0.204853908098647
17.51,-1.4122554234332,0.516044725605938,0.665782851116409,-0.478995779036215,-0.318577685668594,-0.678059961448593,-0.44190363457562,-0.413977473587669,-1.1653325514949,0.810746585107253,3.32376406399118,-0.740050597444236,0.874570275991005,-2.01649299374803,-1.1609182884078,-0.291159986100895,1.88491085747379,-1.48417261274996,-1.20032647405579,-0.0707927706859566,-0.028532475795025,-0.492779304146945,-1.18631294643898,-0.372209928259663
17.515,-0.779514628413443,-0.406924161083498,0.890746591380095,-0.79037840297183,-0.49117343337574,-0.378113220048789,-0.957681375584657,-0.490499947289337,-0.73451594671984,-0.197942888957608,3.00753165986163,-0.713794849738208,1.70240244374028,-2.03951309491666,-1.30135450192008,-1.05368347495717,1.89981387880912,-3.73657181880394,-1.25751608781845,0.135783979558583,-0.017555230541341,-0.74886097049819,-1.12827175711186,-0.631418403001403
17.52,-0.618890368531768,-0.602313968173095,1.03721134903865,-0.282741290690972,-0.589740408488097,-0.332903343656022,-1.37981647739637,-0.610740947541564,-0.688372219681148,-0.00319653211695266,2.7770130410343,-0.995114086519346,1.96199510311968,-2.04564796893517,-1.27880453993315,-1.26410602898915,1.84151577503852,-3.48183162601038,-1.39471561454617,0.331548772672048,-0.0949602872898776,-1.49463781266493,-1.03593564568812,-1.09781395230792
17.525,-0.565480208871785,-0.215299584223787,1.02769223945604,0.304094623116825,-0.520864549125046,-0.5244258001807,-1.47495109867404,-0.510310948281081,-0.58681172137006,0.223590848626264,2.54162344250113,-1.0938913307273,1.9119460835094,-1.07250931427287,-0.504970061805808,-0.516035028243872,1.4524718640883,-2.39328350540918,-1.50164347011133,0.294512879130038,-0.136717672054456,-0.136505006564708,-0.557150482355087,-1.10982318308563
17.53,-0.596704520281339,0.351618835104136,0.763980563573408,0.514770820507378,-0.477059461528648,-0.363580338744676,-1.45457956810448,-0.289427965978381,-0.754516413480684,0.245630275155001,2.39755461608741,-0.916603224549967,0.891091585075147,0.910154986897582,0.450797615733191,1.19222263293937,0.399401499420813,-2.68018861549858,-1.5900827964129,0.391388668457898,-0.237572253662366,0.828614315566985,0.175961437218944,-0.770790806346665
17.535,-0.858855049554519,0.655173668942054,1.05368609703656,-0.547120738595122,-0.401635017273515,-0.387150956218935,-1.53675091397676,-0.0915397000960358,-0.98229335810241,-0.0186402641027953,2.73250269828925,-0.541896751266479,-0.395897779644922,2.01839973165631,0.771877645018608,2.95677084128034,-0.699824136284755,-3.69258517192346,-1.55194893189128,0.484278708192201,-0.457576908202486,0.109164848141285,0.538166539352066,-0.581532449685518
17.54,-0.507933697726838,-0.344299489418563,0.838960421698289,-0.237668520323478,-0.160616815366239,-0.570015833489185,-1.26539400511267,-0.496039809089156,-0.241694674731302,1.22552821517154,2.09738256677478,-0.552666757684081,-1.31860595964074,1.45836498811312,0.187397629769005,2.72701182294481,-1.00639042555864,-2.05654013490893,-1.47028867500833,0.485119950021047,-0.647680888384005,-1.07214944289745,0.080420298919806,-0.0974532487588751
17.545,-0.553168505600533,-0.0270508264419847,0.893927281638398,0.700909248453028,0.356700831374017,-0.106234541707087,-1.01110784733471,-0.201318731961377,-0.469330801294194,1.58965894083761,1.83494061301859,-0.60750540942872,-1.92967233597067,-0.428864025630772,-0.145703008538652,1.45487658551341,-1.01338254782926,-0.0550882871805353,-1.42950061266191,0.447463570299232,-0.685480123785591,-2.15567730524782,-0.645283243903131,0.348922389322701
17.55,-0.679738755296285,0.26708422534528,0.756154711558776,0.30660397609839,0.0686801820057558,-0.149459979462163,-0.908744336109175,0.0312791826637114,-0.644631196617413,-1.0683013634131,1.67282428541257,-0.281185448962227,-2.00294737041992,-1.75749537066521,-0.182597643526191,-0.0635736280318134,-0.777646323175293,-0.348572234316058,-1.46397618011898,0.338350170825479,-0.653363702422479,-3.25323849349894,-1.74318116563491,0.978936676449736
17.555,-0.68063136491607,0.221200408595589,0.79834950453204,0.20812752095525,-0.109805233027876,-0.129873929498102,-0.926107629765725,-0.0238385009121786,-0.896784582459563,-1.19594925035671,1.71932001417246,-0.235599751600776,-2.00242338060691,-1.92985356611742,-0.265140626054914,-0.555244431543548,-0.189712565197123,-1.89825796744659,-1.58965790810768,0.15645357810857,-0.479113230671642,-3.23552901767083,-2.25780019642087,1.38341897036676
17.56,-0.650205254624528,0.305179128369295,0.832003222533276,0.0834618827618766,-0.300551280976947,-0.055862462526332,-1.00933660903937,0.000625068928217032,-0.627468319179896,-0.362599738323077,1.83036269672746,-0.31462693984945,-1.99900171147469,-1.26535600822633,-0.300817265589979,0.0995804595759795,0.334627093247896,-2.54559700409096,-1.67586949789968,-0.0980711131801568,-0.217198397741089,-2.11024082217509,-2.33267561431842,1.02809594054537
17.565,-0.560907908077306,0.126199497264438,0.769653444312007,0.163988606021887,0.0239485727331477,-0.034067525207782,-1.04758850885605,-0.0237811876869901,-0.461962497633856,0.261518554259874,1.37963548803585,-0.421965146581463,-1.99689430800859,-0.0197905580508691,-0.087630275100739,0.681871186003383,0.597534274382113,-2.24568802719813,-1.47878683929427,-0.227400503876375,0.191633059721362,-0.557465450292579,-2.38172069981805,0.293906096248647
17.57,-0.531777241055918,0.152550385878308,0.94633158485431,-0.0148252555200112,-0.0274399567045477,-0.0379682115262241,-1.02574159030804,-0.0340449575139404,-0.509180187061561,-0.357788117624161,1.25503099516904,-0.306691778954906,-1.70740650586233,0.961704426029853,-0.0255978597548998,0.712543763433175,0.97370955020776,-1.2341341823489,-1.33307117826812,-0.185968227792071,0.464187557704433,-0.736455759327793,-2.10674079899202,0.444572083285914
17.575,-0.568553188260605,0.12524196702388,0.889197509565615,0.306485368474845,0.139372957499153,0.0127513192209079,-1.12048982930548,-0.254234839185847,-0.470388642165642,-0.112231251418194,1.19021063785868,-0.296055844742389,-1.34422278484379,0.495209995304614,-0.0802379974547542,0.466240579723727,1.23208252454051,-0.998772993315221,-1.2675637608613,-0.224992555146012,0.367555797151741,-1.05328875947136,-0.7721963685297,0.493451183307459
17.58,-0.555642642643219,0.251684019487311,0.823743997691482,0.51262185353752,0.169712111102789,0.0619984612371028,-1.21097442954007,-0.132234458087589,-0.458165965723536,0.616770679742487,1.14241521166856,-0.332182646379195,-1.19459851899589,-0.173117971235417,-0.047710025752312,0.286887348183161,1.5082040776432,-1.25521735765982,-1.13082598088849,-0.278045763899625,0.322563662063705,-0.806431439822192,0.689489270835104,-0.181559808755101
17.585,-0.542963197683276,0.257935135653448,0.835437928961842,0.174839869150014,0.238412491556838,0.0165978027547926,-0.899613245689768,0.0917318599073819,-0.426864311434363,-0.469203513821598,1.20176782518473,-0.107915593489727,-1.08173831656311,-0.404055528865654,0.0247742226381264,0.306733235021493,1.48859513837899,-1.70205814263852,-1.13359266244537,-0.27423393781604,0.293667300880954,-0.54735984153613,1.69945049901911,-0.55359918270623
17.59,-0.522110243442627,0.202970211731916,0.790651222086409,0.237971574287096,0.259470547831467,0.0278205769483739,-1.04215167184233,0.0755944942916763,-0.269004489689746,-0.716310667658555,1.04853099816876,0.000261956030386271,-0.81135957391889,-0.230034080332966,0.0706523653652316,0.351912898258731,1.14461243201544,-2.29134177487517,-1.19376879089333,-0.225246005369441,0.272191417636935,-0.00514818418770641,2.4233470814769,-0.633271589987776
17.595,-0.51932405995782,0.302366811308196,0.805899906824326,0.450091561311553,0.270304111287908,0.0345871253365687,-1.00358150806255,0.14658283095063,-0.259019768372312,-0.327926743630526,0.996645887593053,-0.015573493460955,-0.563753451347868,-0.0110161763375482,0.038166621250431,0.314239225871745,0.897641670998778,-2.38688702450148,-1.17299522641119,-0.160391730754685,0.229510225942743,0.294911113495085,2.40015693291922,-0.6884869857894
17.6,-0.483813608070169,0.450531310092281,0.740092660408402,0.378101661296093,0.265627808617559,0.0221348522940471,-0.988456405131235,0.230223852128338,-0.226587535627649,-0.278396703175521,0.907524592809263,-0.009900546596058,-0.353768762080344,0.0147757244290445,0.0890097004092495,0.222102193492579,0.645976588059968,-2.17882868155259,-1.10578835181171,-0.114082662709167,0.186386749741485,0.296467051501528,2.10808687008534,-0.775616830705188
17.605,-0.473254950502039,0.487180918091927,0.706913112365119,0.23980950777046,0.178439027297482,-0.000401269522678266,-0.938820447425124,0.251044020529313,-0.279028186434643,-0.115068002671562,0.908890298098162,-0.0252162348101164,-0.225510729059545,-0.0845295485677333,0.116092092616488,0.197212038531388,0.334085834071778,-2.03104376869984,-1.05829592992091,-0.10362500543774,0.135637431240225,0.151785601474378,1.80355794982779,-0.758075756720524
17.61,-0.461463020735129,0.49373696429,0.723223824185322,0.244965212402619,0.0888996047675051,-0.00758903586177859,-0.938978558848833,0.302989661141373,-0.291328426059108,0.0424425162210165,0.888575464699083,-0.0942121959146736,-0.162066571783799,-0.223787411377654,0.020600085804881,0.30255502802843,0.0966514999270653,-2.11346627823188,-1.00488216326644,-0.104749447710179,0.114656445281086,0.0926999797195618,1.58918859771284,-0.589786402909039
17.615,-0.497792935436608,0.503225917747069,0.725464796968221,0.167342570884034,0.0494289872544655,-0.0340721394160981,-1.0191686613805,0.324602022667541,-0.309697444558414,0.259479109418058,0.811421725454694,-0.138828995764809,-0.225283166558399,-0.232276758103434,-0.0507136974051088,0.366464857103557,-0.168381596513424,-2.36132381462486,-0.947356963019863,-0.110496423211359,0.122706329688616,0.0877979534389641,1.41136421285962,-0.415968184657695
17.62,-0.479834238659953,0.485999676527025,0.734285906019486,0.129612614058952,0.0501995274800381,-0.0749190331311361,-0.983831852236896,0.455421983239148,-0.242363124310459,0.243761126069864,0.754055706951309,-0.24473506956016,-0.327544753749905,-0.0986729405150249,-0.0760540272186815,0.0986382849772244,-0.27087393933421,-2.60291789754373,-0.895900319358913,-0.0945955543955572,0.11255191815287,-0.00700426284802875,1.11065188932959,-0.261435428185362
17.625,-0.467847668045881,0.497943014007149,0.711938289468809,0.122926748621083,0.0642903490756901,-0.0721499175123712,-0.971064202084735,0.397414206250294,-0.268084144974883,-0.0745586996051926,0.670475545186325,-0.213250180367543,-0.442631060639421,0.030429417363604,-0.0322995969938387,-0.248912722671626,-0.27462231636597,-2.78843531109109,-0.804051567811471,-0.0904668863611175,0.110217663148878,-0.129816526398547,0.526678478181749,-0.0905865812245998
17.63,-0.487447080460347,0.50064377416246,0.72111279846247,0.0578853612923235,0.0736151605007285,-0.0846891620058994,-0.998371325371734,0.302190597025914,-0.228555928930536,-0.053778048752591,0.628388580619765,-0.182704801200365,-0.648797245956512,0.092549965246594,0.00665173195980934,-0.489578932994325,-0.21995285319277,-2.95348984742647,-0.725038513175117,-0.0855508664987574,0.105597731697221,-0.0602862362122035,0.145246138495704,-0.0174379794072935
17.635,-0.47251352650154,0.452931452167107,0.746168416303558,-0.038355097653568,0.0702526268694185,-0.0961878635765872,-0.99021357941903,0.28228060374923,-0.196291948456,-0.119974510710157,0.613631652661902,-0.195778830596417,-0.862677447698196,0.0931072726291543,0.0414437508899502,-0.651260938861211,-0.121542285074732,-3.11491440120233,-0.644731667713412,-0.0869729199735311,0.118573940241005,0.064394501070211,-0.271262528443355,0.0119874491473275
17.64,-0.460544611554573,0.389047666868322,0.763149679405126,-0.0433063951901253,0.04169239273881,-0.102318022200874,-0.998614145715684,0.16653244783,-0.13060876804688,-0.164535309448566,0.576297655113091,-0.169706678753334,-1.03670793951577,0.0705425812444261,0.0921813926285995,-0.750784793418205,-0.00836234254971536,-3.24448575127802,-0.546419351952811,-0.0761650536876608,0.182823469629762,0.254274490546334,-0.638521875227657,-0.0413356904666552
17.645,-0.463594845519137,0.361011126900149,0.771493236195023,-0.0532522994461907,0.0250728804150943,-0.11382197288986,-1.00927747300272,0.127498022720582,-0.131132878017974,0.010828025017765,0.55106742329876,-0.179906192802555,-1.20683596792465,0.0440606116084492,0.166340999783033,-0.843248750454035,0.144715871158797,-3.2967909415731,-0.475708232242191,-0.0792920445363622,0.25717264923929,0.436050453422818,-0.699735610617695,-0.166307535044178
17.65,-0.461312840770607,0.349745163797983,0.755335855200341,-0.019920564702213,0.0203283782507946,-0.124159471974855,-1.01441411827615,0.122714949001335,-0.131183170236214,0.0196574996074322,0.535637073241868,-0.177095775313547,-1.29055313238643,0.0536252610292042,0.222817183672869,-0.840992475341169,0.30520381935125,-3.29404556067065,-0.41105176832289,-0.0731565610958346,0.295861894901038,0.605019880097136,-0.563252675148256,-0.333607084126723
17.655,-0.439766583015626,0.377414743245226,0.775604409103445,0.00132122556042739,0.00636188952949505,-0.111491021461226,-1.03917806330361,0.114611627977328,-0.131507158878595,-0.0499597014317774,0.530494213104248,-0.149891766866,-1.3160972370292,0.0988039233961016,0.283559841205339,-0.740790318250822,0.51304718690902,-3.25524627990161,-0.37438003737608,-0.057987061529871,0.273976194664992,0.647301943412631,-0.362500897546943,-0.474101768775621
17.66,-0.425255416330568,0.358166458530165,0.817717250019453,-0.0443791659266729,0.0158490293446373,-0.121304699057049,-1.05185315658185,0.117707386632678,-0.0887391014641466,-0.0675789287062271,0.53065563226409,-0.128670874037129,-1.33509133178744,0.13034740073436,0.301946293875281,-0.358611558411372,0.730093521305052,-3.18934615823103,-0.354317744518605,-0.0382695527750147,0.21810950058275,0.584880995489004,-0.12647854586333,-0.628728278673781
17.665,-0.438256234685191,0.315859787791039,0.808829820005574,-0.0358474813390615,0.0284720472980383,-0.15355893499388,-0.944892862906804,0.129206161543157,-0.0432971859077406,-0.156057275094745,0.536071947121485,-0.10223750025034,-1.29981672913417,0.0985727554623737,0.344658363038801,0.108522346907531,0.958872376141398,-3.0550367046301,-0.349037720317268,-0.0223352277764313,0.183495175114449,0.477920846299207,-0.0367966597843944,-0.696311091071356
17.67,-0.482047356732844,0.288257004274481,0.810960452494463,-0.0328917155710587,0.0397386812156533,-0.195105923642697,-0.996157866480831,0.0652934231390276,-0.142209174258334,-0.178337301081906,0.549206561691863,-0.0591276658389864,-1.21522788780101,0.100798710316843,0.25698164975833,0.382826640184369,1.10559136115963,-2.94510100578966,-0.33736956872122,0.00839077801796424,0.14418418334704,0.273055704331136,0.0242187738378041,-0.716191747772985
17.675,-0.507002329715342,0.301579587637333,0.799999865918363,0.0074341949731831,0.0375609323382378,-0.229845611731106,-0.979967604593894,0.0872471754869063,-0.206851768035058,-0.0216079573089356,0.566944584886381,-0.0563954504780443,-1.08310586921964,0.0866710943610403,0.168565604891125,0.521982414999698,1.17421210197906,-2.86303812277914,-0.340086915763859,0.0374258013387221,0.133117692906454,0.0961054841943634,0.0186391541713498,-0.586743648206053
17.68,-0.515499633603229,0.288916458226909,0.781881610408223,0.0211495164767717,0.032908090025551,-0.243799448213316,-0.960673585294935,0.0500986276205335,-0.230246795784367,-0.00874055167268587,0.563192946252667,-0.0291815636535678,-0.918783586495508,0.0314159911867566,0.0857349671174231,0.212671199000712,1.04226846137477,-2.89622315171314,-0.359102172242523,0.0571040191827148,0.123612473831172,-0.0167128819415703,0.0099640314785221,-0.391352057524844
17.685,-0.539995562433527,0.28824440035025,0.784956856601083,0.0292810272744612,0.0314524583518505,-0.242650953804825,-0.927737257468005,0.0524264045568031,-0.225353296416847,0.115722999733914,0.574670145299176,-0.0494410163734916,-0.789578701051207,-0.0237738394870051,0.0103182810158247,-0.0459785293340588,0.842082076938922,-3.06988017955209,-0.386794231519333,0.0683885237575902,0.0897983567967438,0.0243957702902024,0.0465354660088675,-0.193457446946822
17.69,-0.565125557669051,0.2763014206221,0.77835561321002,0.0368814828949623,0.0163729973525531,-0.253680835306848,-0.920298504618092,0.0572989168575479,-0.220782861037309,0.178129050608252,0.579145484225084,-0.0549294394817387,-0.687424111977252,-0.0452923909910578,-0.0301759472946081,0.0246077497164633,0.755758931617171,-3.25450523258596,-0.415666924246727,0.0631588179673407,0.047129316380473,0.300382223468817,0.114662077009059,-0.134540889163424
17.695,-0.568869496563363,0.307184630136298,0.761312562006716,0.0696221158180512,0.0336150406293233,-0.240604031009084,-0.915945748519129,0.125780904012251,-0.241712021437353,0.295662540319226,0.594633186007096,-0.0739858400302029,-0.632893570483548,-0.0213149380355842,-0.0808235681308059,0.327585240791615,0.844208072644496,-3.2427792732049,-0.431271135072763,0.0747392269169481,-0.0172309366036737,0.554442176390245,0.153420183964814,-0.203452825576885
17.7,-0.555521761785687,0.340626154453611,0.747233865325636,0.0766978156933769,0.0511853654158097,-0.228665260525709,-0.909378048941581,0.170874676587085,-0.266470617845534,0.318351419706031,0.601130834421986,-0.0715611596915193,-0.629054574183008,0.0607986921421371,-0.14192009688807,0.936888361704718,1.1516966820518,-2.97276731139287,-0.412409816327554,0.113549602832973,-0.0864447763092017,0.642930367112145,0.16248974260358,-0.232106456922021
17.705,-0.550811109990556,0.433631379396666,0.7195787225219,-0.0632619860858868,0.0516737534258576,-0.231361929264911,-0.892687817123372,0.238043611240321,-0.327434499745153,0.202724690124918,0.624570872409449,-0.0362721401349619,-0.629775734097147,0.101854938003216,-0.141251745351485,1.3846772808984,1.27034131976956,-2.60190308841899,-0.40589474851828,0.142195583397752,-0.156760705032012,0.605798391271058,0.157895817303461,-0.0884937540728143
17.71,-0.514145277835071,0.188923004393337,0.750896444231263,-0.0506969495454448,-0.0152210109515947,-0.245583291761806,-0.920624814855596,0.16461195344918,-0.250659768251492,0.113471567509304,0.629667105750184,-0.0393308462913977,-0.616382298266721,0.0772566636207135,-0.188029945588714,0.938451203217626,0.933621688099801,-2.6182820622202,-0.482204818010059,0.132765899724264,-0.164080965538545,0.666477192171122,0.0996369126974017,0.113146670044477
17.715,-0.509983231251796,0.363189408022226,0.792928442632921,0.462585102927232,0.241602023016792,-0.132323912599144,-0.908020501933733,0.144887241138903,-0.186184172616367,0.399974001425556,0.590636337373229,-0.0606998838484287,-0.605632100979069,0.0555087321415866,-0.223759090179806,0.130330916501107,0.66674361354688,-2.99471719238668,-0.508558970918026,0.122284113965503,-0.2278685350742,0.606666179942989,-0.0788237435800951,0.0492265308720736
17.72,-0.593575815501793,0.385025545892397,0.657004692000444,0.0845221517512392,0.179368192776267,-0.171982293967557,-0.92527972579937,0.179631514215881,-0.313859541736683,0.267606556434236,0.450274645896555,-0.0370363983427205,-0.625791473055746,0.0551645939507259,-0.220587335512423,-0.409590359031428,0.622225150404845,-3.28819442251893,-0.456514587191406,0.128952927848067,-0.257283860000527,0.449309161714388,-0.0895021897992857,-0.0510399365141152
17.725,-0.55583538300802,0.23583192282977,0.768574539352442,0.0148105110045389,0.125085691275297,-0.204790168497656,-0.951142642971593,0.15176591716445,-0.314172566820217,-0.123221109367718,0.608298347955089,0.0150259900631592,-0.707906925488627,0.0491878160149172,-0.146671430365137,-0.778954976618457,0.5316434580086,-3.41328154387619,-0.429269832602356,0.148614228928525,-0.164248260511853,0.0405783678992739,0.274034696407573,0.0944745885322068
17.73,-0.564416791497861,0.245793168693314,0.764855135917842,0.177948126828536,0.0263790150420492,-0.171822144732529,-0.986661174474907,0.0589625301075288,-0.210122478769149,-0.184812725020724,0.670509145692472,0.0571500056009846,-0.741432894776971,-0.021695562087029,-0.117958137430807,-1.04288424104811,0.478471417904864,-3.42463519983045,-0.46420516753163,0.136810776153297,-0.0875959515799072,-0.0865058264938649,0.536792834355461,0.281272936553111
17.735,-0.490788243576427,0.296502273823705,0.817118881755273,0.152712452275063,0.070454158538113,-0.211635610574926,-1.00518584934622,0.00328922465483874,-0.123160668784497,0.219300082755448,0.654393224831135,0.0556150213194856,-0.778956745743638,-0.13879878635736,-0.11386544353115,-1.40449053176494,0.455069482954102,-3.36619945658002,-0.490387297287688,0.117265911545154,-0.0520563569301584,-0.0777657811931206,0.60245504261977,0.411836584714225
17.74,-0.536445188274162,0.207004069195893,0.794564309263917,0.140576515675292,0.130098390307279,-0.256342926179761,-1.0170736110313,-0.0381281785639298,-0.208418538899025,0.593733654961214,0.664171801096559,0.0696670334708731,-0.836226787797069,-0.261166133591291,-0.129608059408179,-1.69428081648295,0.567068631963594,-3.23927782185829,-0.509288697603456,0.102934817826484,-0.0351439760461065,-0.124033630347846,0.480524433121008,0.53535337310803
17.745,-0.48574861968723,0.273579920618981,0.822062537894933,0.335935546076926,0.132517968914999,-0.281304853396148,-1.02499662447762,0.0265785178540082,-0.167511730261493,0.851461703909713,0.741013095015377,0.100395252768558,-0.967807866486416,-0.387995909385076,-0.120677367590706,-1.82085225812233,0.816855258848754,-3.02730766202594,-0.512947125965616,0.0887398695686524,-0.00112387867408475,-0.232748902620562,0.348383618004774,0.645529532089746
17.75,-0.51393477369136,0.32989630361169,0.79549344440253,0.422319651774777,0.150499438438071,-0.333227487389349,-1.06074339421376,0.0929239516357527,-0.135306198721217,0.978226793830878,0.831520989595973,0.138575667108893,-1.06250545113307,-0.500212351704119,-0.149804457645142,-1.6642687555687,1.04761439693882,-2.70745212394022,-0.507392657773246,0.063720365113505,0.0517411649104754,-0.288708663956581,0.276850672735107,0.696834301778318
17.755,-0.495678159895718,0.40581063921439,0.807882124102239,0.445887336020909,0.146965262416162,-0.402092797021963,-1.02183564804125,0.177293382865843,0.0175308123996015,1.06740919367251,0.928848954079735,0.221617318556412,-1.08523006247492,-0.51132311994738,-0.206315077051906,-1.22317607652782,1.11127125926002,-2.37321714160891,-0.499928704154235,0.0245650572420002,0.106043300452712,-0.248974664994126,0.315952907176841,0.611887232929022
17.76,-0.486366427121247,0.303246986111524,0.826232143210073,0.414624160406318,0.181528485107052,-0.510839515491238,-1.04182352982927,0.188144494039675,0.0134407387561967,0.962313318038397,0.980047207553217,0.248415897594753,-1.09566149556718,-0.396876582009888,-0.249395884270244,-0.523043668228923,1.0613445583306,-2.04232843831487,-0.501542852810576,-0.00036403995748,0.160946047791516,-0.208242982348742,0.428784480824089,0.402273752751127
17.765,-0.478062308699119,0.369114680859296,0.813249182845707,0.472267682166472,0.207575076616909,-0.53706086790291,-0.95789433575087,0.198175112255754,-0.0305754087349936,0.98352738537785,1.03669063133436,0.245413965497447,-1.07678417574851,-0.232772238683986,-0.260971292601058,-0.191743399525609,0.946506070986303,-1.81957628897376,-0.532014184112504,-0.0188612989133881,0.242260533874526,-0.301868983835637,0.523250517142563,0.123713935290119
17.77,-0.536610793450515,0.378104768094732,0.788467624709119,0.411462302927152,0.229170336971429,-0.573087070097507,-0.992805957018317,0.209197634659241,-0.103634385170905,1.04784070875911,1.09874120961295,0.180627673003415,-1.04860472078576,-0.0514711138229953,-0.24080724401995,-0.238175486953232,0.827997456437305,-1.69435717826089,-0.573715383573091,-0.0422433349243418,0.296505741241673,-0.475296272431396,0.456480829000762,-0.0329850998948082
17.775,-0.589190870620516,0.350625275041391,0.776217284038234,0.366264511976512,0.251177794112575,-0.554470154294287,-0.990399858880148,0.226592127865174,-0.130668490708569,0.95001216830855,1.18116928659881,0.125134549337695,-1.01250845334167,0.131862756937164,-0.18897327650285,-0.518775356933329,0.71156904116481,-1.66348142003129,-0.61985857726089,-0.0827356654120519,0.318495453239845,-0.589314549584715,0.258814637028223,-0.0985108329128037
17.78,-0.534892750306524,0.367614389932411,0.758404067447956,0.302104056071427,0.279884904261491,-0.547670998360033,-0.991354472509541,0.217797106686458,-0.118946117363741,0.930791347276367,1.26037623542779,0.0792645982301955,-0.980261406349261,0.282982132376775,-0.134457951718756,-0.829692914019998,0.626794073557338,-1.70072781638733,-0.648472369351247,-0.131316299782393,0.319282623584768,-0.56303076353996,-0.0311246373843326,-0.150256835389892
17.785,-0.565199453717,0.366172355034706,0.755279513999315,0.256071798393022,0.303252759457342,-0.511264261565325,-0.981420785676926,0.191771634801949,-0.149141665647492,0.749714604001482,1.29077129440256,0.0417074156325443,-0.951169650982815,0.408387930589289,-0.0379030213661106,-1.2692077474115,0.539220554456546,-1.85354972671408,-0.670963323639194,-0.162015761413328,0.331545239513702,-0.484638699328389,-0.252192202520665,-0.210672180518207
17.79,-0.536098990966871,0.275885138546866,0.797157420145799,0.135504380042254,0.338240393186252,-0.485288282437061,-0.940272805895171,0.121006885372336,-0.200922474466033,0.600478814765008,1.32036592172812,0.00235862816367506,-0.941222883746219,0.395279257345214,0.0274533925594967,-1.60112955228751,0.473251224692967,-2.00484748891747,-0.712862791578434,-0.203064669688414,0.359875281018782,-0.444420364539781,-0.396665661859384,-0.282617092640789
17.795,-0.628810002309965,0.23373730763198,0.788735520686401,0.103074811787633,0.386033372342327,-0.441811794475132,-0.98072446971997,0.101690898409192,-0.29471401932666,0.402049223565721,1.34432045295795,-0.0255892171221213,-0.962154969395084,0.317002396053019,0.102810949913284,-1.88000778576926,0.41970278834795,-2.18041064719578,-0.76498122539357,-0.236102796591118,0.357129452016765,-0.439565381093506,-0.511470415396757,-0.397708654111944
17.8,-0.516484564854311,0.301724929230127,0.81591601986503,0.136521566789437,0.433522121856826,-0.364271059401992,-1.0087981318625,0.11807519654056,-0.205310564712773,0.409335612111182,1.4051701124197,-0.0791369554444508,-1.03397238398799,0.18689133872784,0.143441243052202,-2.08952374071839,0.375011333333821,-2.38567408940694,-0.808990461058292,-0.265222007099607,0.327128835436148,-0.405211718300703,-0.593314520998495,-0.505402696746339
17.805,-0.609110845056131,0.233586603123275,0.826122093278287,-0.024952301072909,0.481042365392201,-0.37495194686291,-1.10284997258449,-0.0126782753259106,-0.338577681469052,0.202721663018555,1.49369110597911,-0.0882460320139929,-1.13293277951207,0.047669125791012,0.139522026442365,-2.10260472853088,0.366491375448721,-2.4914814017386,-0.868366307747233,-0.270579970656427,0.263645437154881,-0.229239579010375,-0.697032321193205,-0.647676338960038
17.81,-0.489554684203501,0.278376837751405,0.881163878770935,0.227580945363088,0.619815828394809,-0.297477758729986,-1.12911011558919,-0.0206946491260654,-0.167570679100643,0.43291609961094,1.49341838984561,-0.105635843645128,-1.22638811780787,-0.0878885055827768,0.143868656220436,-1.94808626918627,0.365382078892546,-2.42162244286652,-0.913982371414811,-0.262764638151445,0.230503012752301,-0.0577489621032068,-0.710670176974986,-0.659793650023857
17.815,-0.51533189302757,0.342778294848016,0.839148994897641,0.22522267448372,0.81975971661952,-0.290052264928818,-1.15045936505575,0.0240753638467383,-0.133385817803476,0.687408808933012,1.46808539249571,-0.120562918484211,-1.25035608290955,-0.122141426250197,0.100872525049652,-1.87982394520435,0.364673362016346,-2.31735922281653,-0.947662020576578,-0.246995556570525,0.218085101777543,0.0699841361739877,-0.637619266943143,-0.591306410874057
17.82,-0.543791365450541,0.346393223480534,0.836589190260339,0.192702272914131,0.868849990317029,-0.311007316861419,-1.1251267824881,0.138002892623875,-0.232863467564112,0.721664424054259,1.54779168160936,-0.116963183134894,-1.226555014766,-0.0863136214361433,0.0493906243653013,-1.90572791587384,0.4036385837654,-2.3364391418344,-0.978949749708823,-0.233836718302572,0.204652505372858,0.174943152350822,-0.498671134876917,-0.502228317046182
17.825,-0.564979494483231,0.450404696251547,0.834706180462288,0.261279337707475,0.954162458634538,-0.3381615245653,-1.15305781688619,0.249879377947742,-0.176437653105713,0.692186795109541,1.68560125020289,-0.119512127845054,-1.0915034434128,0.128549069829635,-0.0735964985711052,-1.92699297166554,0.551304539105536,-2.45995484841482,-1.00380008255184,-0.187418956620324,0.196852745227442,0.261046390639024,-0.27354940156301,-0.401374020395333
17.83,-0.504815692136061,0.411415153822003,0.864613994262029,0.253137816505741,1.06039469010876,-0.420181297859776,-1.19755456330348,0.273567624813267,-0.0717679247577895,0.797600682337899,1.76575907993373,-0.128654410660581,-0.998021002830227,0.363148138718535,-0.198419255624788,-1.7211396874345,0.648625753686457,-2.51165801156665,-1.03706997689115,-0.144673603324732,0.209629992169124,0.305163456863314,-0.126216583513077,-0.342114806134887
17.835,-0.503395437984891,0.456953392103179,0.908540405693824,0.254013943806785,1.24422027186038,-0.467994573817406,-1.21687075183865,0.262149415200174,-0.0508075004817559,0.828518491368496,1.81589543786532,-0.16986304160021,-0.989695639074035,0.552626327041386,-0.361731257208805,-1.34202266023234,0.690445831589754,-2.36389713396972,-1.06012735113941,-0.102023109903974,0.248117097377935,0.399878566599984,0.00916680299501333,-0.301028310582872
17.84,-0.577763908765303,0.37993817107537,0.934393723901444,0.257730314893767,1.37540085851517,-0.467301074967606,-1.2209190628481,0.256592772736884,-0.0955987473196837,0.823458759869472,1.88432716093943,-0.2284065653481,-1.03203970337758,0.580859885156699,-0.447120999810516,-1.10703093604338,0.678545558859061,-2.11237462780808,-1.08956138815951,-0.0715476897253316,0.27462095556151,0.483783309751194,0.0775349400519679,-0.28507619516532
17.845,-0.568871944557882,0.486385585680759,0.854467368922876,0.306979322232071,1.59681124280946,-0.542252965164757,-1.22896706466509,0.274324503402434,-0.106310414694142,0.909791564298759,1.9983922753379,-0.292525656164102,-1.05937576131661,0.468811701240826,-0.446843593516396,-1.18139854921447,0.670205712373577,-1.86673979359043,-1.12325007904239,-0.00689543407197014,0.316627247046929,0.687627243290662,0.146477718625674,-0.264301277418302
17.85,-0.553183181388757,0.41558719588482,0.922628834186311,0.260457037113153,1.73212849325364,-0.579357548358549,-1.2447564885288,0.287284911639975,-0.071321273657542,0.856458631899747,2.09955368832742,-0.327721830379792,-1.13114780048032,0.286640320370193,-0.325613010390544,-1.54363723381386,0.683421339555409,-1.67953054541275,-1.1528439273885,0.047571125681269,0.364905133126882,0.774212145886964,0.144040143977057,-0.242133657666492
17.855,-0.528957022939591,0.378475175015871,0.956691410047194,0.176782014603115,1.94065600498107,-0.680731197063064,-1.2812374995492,0.222302687577894,-0.0633732702634107,0.782050080132813,2.21689022098321,-0.35165742949338,-1.2285109351725,0.113458193291269,-0.0868429317555679,-2.09427833037503,0.663866393413872,-1.58741492381893,-1.19394446146694,0.0847240859129172,0.421766426563478,0.725291795811516,0.0699735499728436,-0.232952857063007
17.86,-0.552123238273557,0.320290750827504,0.973665565243092,0.100054470234581,2.13675473473435,-0.693813585350874,-1.31369478423092,0.128488419076915,-0.0715951947131396,0.721095838134982,2.33135284361045,-0.431972317650492,-1.33018643446265,-0.0172433937737474,0.144215424916448,-2.75653540947524,0.571174805314332,-1.55937549530399,-1.23463823353877,0.103666820805709,0.495718331527853,0.603387207246395,-0.0573035983557299,-0.233532677364389
17.865,-0.529882527127002,0.358898357185039,0.988841460157297,0.0840939334379648,2.39793358565094,-0.726197242736816,-1.35859123817393,0.10916491608742,-0.0612174465830225,0.902524114573421,2.42198609991416,-0.512682415543209,-1.43726404186361,-0.114689119543433,0.396332268210663,-3.33609529184036,0.329653177256361,-1.57525059188636,-1.28619596551325,0.108148426896398,0.59624730781773,0.451924199695877,-0.254865517098776,-0.250762647319743
17.87,-0.576164007358542,0.313291776032666,1.06198004131081,0.0511346593852861,2.65457340270932,-0.729561382568617,-1.40377318209743,0.107896717892971,-0.0683733587401881,0.946624975722231,2.52228489617718,-0.5842780537905,-1.47983300724194,-0.121848735513226,0.515907630930662,-3.50369683750545,0.0996966990564892,-1.56476973785987,-1.32250358539448,0.114332761282089,0.655262448973306,0.366850954075773,-0.391405291568213,-0.264217204562342
17.875,-0.522914864413916,0.326573831197059,0.961033878804255,-0.00259271945291334,2.90973149367435,-0.813206299793388,-1.44945837314489,0.134182620509088,-0.085782054984204,1.01519296801527,2.63237226779247,-0.648358167321726,-1.50476714816567,-0.0630137460652594,0.571596600435179,-3.3891499917635,-0.061486391690413,-1.45223748169926,-1.38481874228201,0.101069277824006,0.70264506839961,0.265248543175473,-0.532607862899716,-0.27387210726738
17.88,-0.543459643277712,0.35328391985691,1.0731790673197,0.00176528244936221,3.18112539982652,-0.739976372582736,-1.482906526302,0.136835436990022,-0.137158876678499,0.961671128725656,2.72882416121322,-0.701051780468756,-1.60605637389705,-0.00460799770035153,0.57811984301364,-3.12140470665304,0.162364393265798,-1.38769564729068,-1.44805298927949,0.0898270626042623,0.719851104502457,0.170137419994003,-0.648920507904401,-0.269137492037853
17.885,-0.5607663785567,0.365493794805176,0.995615142550597,-0.0696787165656777,3.46699459493314,-0.850837714310261,-1.55208995278766,0.142496023638827,-0.0948296791002008,1.05878026081994,2.83778567375787,-0.780879105067595,-1.62526274581532,0.0135307537344629,0.495742634359264,-2.58648635317127,0.389075447453691,-1.32820635035593,-1.45110136904991,0.0749008502586906,0.725997910480045,0.0635021140141963,-0.682670598596745,-0.223826023297031
17.89,-0.542026105576937,0.463760605408165,1.04418746504761,-0.0651217397194402,3.81570854637446,-0.870518223068704,-1.5820667096623,0.132401337536569,-0.0717329269937015,1.02121989976461,2.91133513192191,-0.818260564033081,-1.62837280268379,0.130255042196394,0.38355961632239,-1.9524055327918,0.29155318834851,-0.959580073243363,-1.40991183571623,0.0552375539361635,0.671764226257451,-0.0879146189508449,-0.551288216799154,-0.187966490784604
17.895,-0.540159514805226,0.430222772474637,1.04993064610601,-0.053723056895078,4.11652175405436,-0.920680012194952,-1.6098709738278,0.108207294886934,-0.0571333860087111,1.09740624693118,3.00055408622266,-0.834102620909709,-1.61857291840447,0.210190571215414,0.283642172808125,-1.54104334672518,0.333155863554218,-0.727833352939301,-1.35860904874494,0.0430491687559855,0.606877576409436,-0.194470505790762,-0.313959443955435,-0.23629047476092
17.9,-0.528482586985483,0.455619422642103,1.01211059366416,0.00213951793310368,4.43567405567701,-1.05211582024679,-1.63415751935059,0.0930119213783903,-0.0444879450400464,1.11792830299535,3.1024061456144,-0.850014117203449,-1.61303589875603,0.225083756004326,0.21948274950829,-1.34538920529056,0.382627730262471,-0.551991052198561,-1.35776123511261,0.0775820471954678,0.562874662485616,-0.292213384850496,0.0723993075315583,-0.333163932730001
17.905,-0.501573418243023,0.490286602643668,1.06721061636809,0.122580751963995,4.81079552183683,-1.13623797493113,-1.66848985920374,0.0544654931194099,0.023514144177191,1.26929248398355,3.21999661190264,-0.855245377127312,-1.58460763636241,0.287621605204345,0.120902175478207,-1.36721168616359,0.453802670284197,-0.421660005417587,-1.36376099303637,0.0886783394548718,0.535229230461573,-0.349381201621188,0.265144828151964,-0.422862410842924
17.91,-0.487816384578986,0.46164667049134,1.00394453723488,0.179214478764505,5.15292090295588,-1.27882296281764,-1.72143452779331,0.039210436291042,0.053215461168645,1.35748693908609,3.30818968636089,-0.845278083405794,-1.57436869284874,0.369199297475078,0.0534782529916188,-1.45093409882368,0.581698060970758,-0.300063116698433,-1.37574988525192,0.127345258893016,0.536067289994042,-0.3572664105198,0.397481788250343,-0.495538651972615
17.915,-0.470027946305207,0.479798855416432,1.03569546987554,0.31706428536034,5.54409951623245,-1.40151310313241,-1.7429134450766,-0.00395794833483267,0.171666981062793,1.52924988841833,3.42740394715826,-0.818265968040333,-1.55896999791233,0.489641970018294,0.00543219077188629,-1.63043326031745,0.618306125429803,-0.156416935438943,-1.40490071474111,0.16890309273666,0.57685858657215,-0.319529163439848,0.437188586704741,-0.436133989336835
17.92,-0.411198848501226,0.510466581698552,1.06656318816074,0.41114373490879,5.98548308677322,-1.56974662722395,-1.8439056227343,0.0155079737381302,0.28158198631021,1.6789978747329,3.54133367800194,-0.796486042402702,-1.50607382378381,0.612583042771706,0.0135148451833712,-1.88870334056143,0.540732592795015,-0.0825310887856048,-1.41330088517546,0.163873135970634,0.577194715714402,-0.237446202217019,0.276215646470151,-0.320844782905119
17.925,-0.429376861776362,0.570118980676249,1.16948989483508,0.56482892806479,6.49189101175436,-1.69086510632783,-1.90585518821096,0.00371546820927876,0.27438431309103,1.81420075765797,3.58666035313283,-0.799559175990676,-1.46673821763685,0.696608663910266,0.0549577101805304,-2.01288468612933,0.367089921148605,-0.0248585477141672,-1.40875457052086,0.169248850660728,0.500792906411211,-0.0870770825761007,0.122993885989145,-0.251305116641663
17.93,-0.391798415623428,0.590535501842059,1.11716742889158,0.541513190562637,6.97704152924422,-1.79965380559507,-2.01446909375557,0.144782999214155,0.463431316051773,2.2573293858828,3.71300934468896,-0.918094452731759,-1.56545264157646,0.748078129413717,0.0865610980211852,-1.85773556708737,0.289327977306252,0.106007833280582,-1.46190874673592,0.189400412935072,0.386831378085842,-0.0325714267685249,-0.0530597291121936,-0.148220400935775
17.935,-0.30650711882211,0.633023815104202,1.02819512239263,0.522494420734604,7.55573461244675,-2.01012730479669,-2.07900573913324,0.171012984401655,0.567043584124417,2.20634469816491,3.80917038814336,-0.938557755735274,-1.71071623301,0.744986585131345,0.160521128982298,-1.65908134437605,0.286225825548172,0.3451340186469,-1.53626121462867,0.183923121155061,0.274723361297855,-0.0481850939863343,-0.124946360466714,-0.108738901461272
17.94,-0.345057919800767,0.83786213890091,1.16692043063131,0.630003735159294,8.26328157622013,-2.25596616999354,-2.14051579310645,0.103027744174746,0.552639700167586,2.12778917836038,3.84265006166582,-0.891004080277277,-1.78526278691757,0.723611806177197,0.258795693801002,-1.72787500253099,0.270056823473272,0.657249331207494,-1.57558698850706,0.148549403140972,0.108686035287035,-0.0695623601900603,-0.16020514359991,-0.125946026170853
17.945,-0.427199211987245,0.851461535271952,1.25510264343333,0.421674959621632,8.85863286155805,-2.48654220581924,-2.21268868105909,0.085370689927992,0.704986422131489,2.41721297396399,3.85061181793114,-0.82357125044937,-1.81637787587218,0.689108409760236,0.340347271087948,-2.24121172636802,0.221046190698253,1.02622234128626,-1.59679741728213,0.118792379594351,-0.0839263969229131,0.000898603888590976,-0.146572420243266,-0.165640513169414
17.95,-0.275022061031498,0.754502512964626,1.28712030703877,0.386887753054893,9.61657148687208,-2.79653509543715,-2.33937110387102,0.149494424521776,0.878878131310449,2.67232821342325,3.88819694210624,-0.816986626703587,-1.89873665252867,0.705064822734456,0.392423448111364,-2.81255900460479,0.149298396679337,1.44154310006651,-1.6077884704493,0.0982977368921464,-0.177461527174639,0.228110723768905,-0.100134345493047,-0.182205425806228
17.955,-0.189640200941545,0.874576738539633,1.20262938168315,0.589863785447279,10.2874528350185,-3.06732729725642,-2.56983400743397,0.142433965122475,0.937578698355527,3.06451590842644,3.84380275325971,-0.793285629422903,-1.96039746034564,0.78388183947398,0.427213682005036,-2.75127966603614,0.0179418917530861,1.8299767736513,-1.58247123918742,0.0432654908452824,-0.138641473939455,0.555672442812134,-0.0580494855238101,-0.158793007044483
17.96,-0.110561133472336,0.983054373584094,1.21453994447489,0.484401742548576,11.2539384651984,-3.39130345935667,-2.71763217832712,0.152209362840694,1.16318861099123,3.78734251641295,3.80728726225312,-0.79304645700518,-1.94672225474323,0.872337846190555,0.345161442407215,-2.03465901485696,-0.119832184702008,2.23170866256544,-1.52952617514694,-0.0241369507212845,-0.0167052284147631,0.686419743270376,-0.071965580112338,-0.116613591481272
17.965,-0.166973647365649,0.99390356712622,1.23825719823626,0.524779766585021,12.1922633838878,-3.62728685459553,-2.76820003757717,0.168171321755705,1.28919787820974,4.51289145048255,3.761375733602,-0.738454613124672,-1.79626312903657,0.939975069650165,0.143800903312492,-1.33489975057602,-0.320019808657049,3.0839417931645,-1.4292125319464,-0.096483519572487,0.124251015657228,0.605843424678341,-0.111597506734024,-0.0500378338794398
17.97,-0.314592610616417,1.10809276299489,1.11059403471053,0.532447773324201,13.2127852320189,-3.98290150699991,-2.69512159010031,0.293266133540746,1.40866781099405,5.58609981948728,3.7115942384388,-0.839663471648723,-1.53108788089013,0.891833086559088,-0.0385870053344223,-0.91185539750812,-0.453899812552691,3.78287662515288,-1.28009789209934,-0.184759798688096,0.242724021782543,0.488267609361317,-0.139008396024495,0.0375315674917951
17.975,-0.822948819174508,0.739717892680835,0.0238066539420798,0.729069662023653,14.3095615674403,-4.28437996025284,-2.52263529740508,0.516812672170873,1.40038494807169,6.000340218666,3.61794794974455,-0.986838609379677,-1.35227530830949,0.637159706528886,-0.175239243957407,-0.828332003089195,-0.47630701682231,4.30053453139133,-1.15736056743852,-0.26150196685898,0.277148655669322,0.528813830569842,-0.103034311531769,0.108310961391477
17.98,-2.226821360636,0.0396503678017115,-0.00208170012978331,1.47707952851166,15.5439602176622,-4.55371805086562,-2.21740174562286,0.449454167084958,0.965281814651239,5.5264984683914,3.33829460802839,-1.13723320157863,-1.2524992150918,0.182756816470273,-0.416465386538161,-1.02625195889909,-0.429266867072898,4.51076178410475,-1.082935976217,-0.366132940578275,0.235097515965696,0.67949392867073,-0.0416065606146882,0.17276692129659
17.985,-3.72425548880163,-0.815684814920277,0.71669731396525,2.27685143781096,15.5643465432548,-4.22133627953846,-1.88136976416889,0.332011320628303,0.218483521253571,4.03440433156831,3.27697019579823,-1.28410208049645,-1.27013438619148,-0.0672133583322681,-0.607641080479469,-1.30372541660264,-0.354575004551624,4.36810964557049,-1.03466819254789,-0.498038748769482,0.0827144683132886,0.869191625516746,0.0624702882869433,0.241328594897555
17.99,-4.4077272940188,0.00222066638931312,1.61241725045255,4.01493858937649,14.3606959125824,-2.73259479164682,-1.72160264641764,0.484303174527947,-0.0192754411992125,2.73073951929224,3.53364657346731,-1.42164955903412,-1.38301219894506,-0.165677604536523,-0.674594436505736,-1.5996942847088,-0.347365799233993,4.01562383986338,-1.04221850735101,-0.560313762135099,-0.0823912307176928,1.00979556288696,0.144376254627739,0.307307094557469
17.995,-4.41876423800073,1.81853145987043,2.24196735812405,4.97080136454307,12.3525527824244,-1.8276225873556,-1.91069742074667,0.575752456090005,0.215179916689649,1.79146662881257,3.77797014251669,-1.52144094877325,-1.52182794295634,-0.205971379724375,-0.65543419245163,-1.85004703859767,-0.475063603910708,3.63755836545056,-1.08110374902135,-0.612791721649337,-0.243270347885434,1.19236276814696,0.222782630535614,0.411640591161624
18,-4.29137922235437,2.32638490920571,2.11435742600837,3.39037795906226,10.4522454571236,-2.75959433623903,-2.02968289095337,0.72602992868705,-0.111494779117637,1.08086604712678,3.70724547913617,-1.53617738250172,-1.65702021724456,-0.429513484406933,-0.607343676537924,-1.75123448360304,-0.85034897776611,3.47626484519744,-1.1734180109626,-0.667240933885999,-0.372174885609343,1.48022718422927,0.229240171090339,0.586348981236624
18.005,-4.03384505846119,2.93322746427432,2.08390001259463,2.3129601883167,8.78815967204853,-4.02765126191089,-1.98532984799757,1.15737671196166,-1.55193674962249,1.09461948673438,3.54826233297115,-1.47693420082038,-1.70237464734936,-0.798666571343485,-0.514978416540709,-1.36030889360816,-1.27720016002651,3.43878126137201,-1.22856619137101,-0.69054349555902,-0.372317364134598,1.58838963031227,0.153663216808195,0.676614021746852
18.01,-4.22715309321477,2.24796026365083,3.47078029520297,0.0236405206066023,6.87716136429661,-5.14218710471707,-2.07017465260592,1.65523201922366,-2.31726937711697,1.22357802396592,3.44229442711158,-1.4706705908081,-1.75829251641915,-1.17705390285317,-0.377725736830442,-1.18213655828445,-1.51746513331882,3.39686615838494,-1.28768781270627,-0.640595693265307,-0.300870881625546,1.56454770243893,-0.0415310717518366,0.70006622343924
18.015,-4.51697317243031,0.266314294733322,4.90329817778465,-0.671743186369094,4.05933423509789,-6.22688126075402,-2.10758391990518,1.91353903455912,-2.34722658676699,0.789046552213307,3.5188037875511,-1.47753697802504,-1.8915483548752,-1.30593896146327,-0.351813416344958,-0.93868842128155,-1.76510636218596,3.25504486066099,-1.31926722580526,-0.510573689914619,-0.232195893318672,1.48263273277059,-0.18370888343687,0.579463112727796
18.02,-4.2183814133909,-0.173294112057651,4.44650329647269,0.373530967881914,0.774391502140252,-5.97866299193704,-2.07693747718614,1.26937162013386,-1.7677933004151,-1.63563509573934,3.57524088287498,-1.34622457278435,-1.99606262495579,-1.05150572192282,-0.428123497746908,-0.668209769768157,-1.79554734933022,3.14789775584584,-1.3423869593065,-0.353916036235811,-0.188779527434559,1.46025828364702,-0.245723650780092,0.348820195034754
18.025,-3.16579489719464,1.37509584922514,3.75111282271934,3.18369504579634,-1.65524813798569,-4.2926148525287,-2.0445185196271,0.121911367302498,-1.2133420177942,-4.27510684203179,2.8404658168303,-1.05440246401544,-1.99388214939173,-0.512431220547339,-0.422037182461911,-0.355495681527242,-1.75396867464891,3.20192991486368,-1.33590886642643,-0.197150821005395,-0.162440848430651,1.55608043042036,-0.236280410576346,0.0105100513174223
18.03,-2.25751728332524,1.98023213970493,3.33343899011476,1.99238376754189,-2.90534373242254,-3.53358381494801,-1.94702008526558,-0.54261952543868,-0.811052234434058,-2.52989296964166,2.44442260456744,-0.897151534932098,-1.99385746907183,0.0265504017946062,-0.27208414130066,-0.103935570424141,-1.79934901116169,3.43004149584889,-1.33614814585116,-0.130707585669272,-0.136995144519829,1.6002325594281,-0.173690698833767,-0.201444886381362
18.035,-1.68183175247601,1.25663662674635,3.02434048377099,1.34359675376475,-4.30524651071186,-3.30200173030251,-1.89394808068052,-0.914372855058973,0.204392918406994,0.170810550403621,1.94735438289998,-0.837189622151589,-1.99536466512753,0.16957899919532,-0.13385616644254,0.0718284971789136,-1.87991820677062,3.73704148443164,-1.37279338610521,-0.0728020540772602,-0.0587624840058271,1.57560173584756,-0.0809738045760482,-0.373790758330726
18.04,-0.859928664512163,1.25693175109963,2.33083631450252,2.51279789586899,-5.16869589972548,-3.20667150729856,-1.69005231440809,-0.782843153338291,1.03052198569472,2.43731815717509,1.65726613314543,-0.802204423155359,-1.99619314229482,-0.0906381674233568,-0.153149905975593,0.347490288700462,-1.93954268946242,4.12526333258192,-1.42853096922634,-0.039586718133104,0.0359246140567781,1.45390360275206,0.0176909242299109,-0.403011586539537
18.045,-0.153480114097376,1.52168811168656,1.67785638543358,3.01418662071228,-5.39014592511021,-2.9237726272326,-1.44271023497592,-0.346889580039803,0.901717176019337,3.03595699082919,1.56166910455302,-0.740868225432615,-1.99610911434613,-0.35960019722804,-0.234236841350836,0.635031348137631,-1.89857486897507,4.31368763609169,-1.51217847144287,-0.0158341371993962,0.167975333916946,1.24060024763934,0.158800830615537,-0.294511836751773
18.05,0.420231101714885,1.58808943470289,1.2076317124476,2.82823396790721,-5.17565908713567,-2.59416079958428,-1.3050301818216,0.00850826672282324,0.652925415176519,2.90119583570832,1.28615169003358,-0.547757114055157,-1.99544588356807,-0.484273225177273,-0.31242149027838,1.07857003084025,-1.78307783156693,4.31727404887984,-1.54944699436902,0.10997705848918,0.31292907910987,0.217305381111523,0.590522414680932,-0.186648647128468
18.055,0.607371517359373,1.64095795359601,0.990121952601078,2.22606037094421,-4.91468968922648,-2.23952356424309,-1.20079632690334,0.223949472918334,0.530554282022085,3.12060664334439,0.901271390195657,-0.391241086971032,-1.96922453258704,-0.487853542393974,-0.400192444544452,1.77072341105742,-1.57128415863028,4.1536728574274,-1.63499648246342,-0.0607972638683954,0.209234210788189,-0.150866290392404,1.04556782202939,-0.118407957011482
18.06,0.589193149655367,1.59405268136144,0.902015226003566,1.53437515397717,-4.43665951726479,-1.68302052675968,-1.04881310631552,0.196321916940433,0.319907542086923,2.91982139746362,0.447362066670533,-0.244148492914526,-1.94274591220912,-0.399016012333032,-0.551483234716713,2.12546414499842,-1.42009892644418,4.00996961774555,-1.83285915210781,-0.179216430508312,0.060604982351066,2.12628634335339,0.907385501039897,0.105668495481301
18.065,0.302713663892726,1.44228677550613,0.962544902823707,1.25622668969232,-4.04470884216664,-1.15557599735727,-0.842639584622904,-0.0447298986578215,0.0514420216286326,2.08467086690135,0.038066125824483,0.141932158801221,-1.8875041268655,-0.286848391660027,-0.651891349843317,1.90836321420384,-1.36910722770248,3.91582977464979,-1.84542465706656,-0.0153212717282169,-0.0278025505218369,2.58287522886257,0.508308798766297,0.227149977049437
18.07,-0.000968285138322044,1.2875435259031,1.02015696664952,1.06041062548983,-3.94826253811466,-0.477296524454381,-0.755032023731391,-0.160287814807871,0.0238832577259304,1.7975987828441,-0.329327074716939,0.339159547079709,-1.84902853075779,-0.230616618141202,-0.651477625336957,1.51752106454856,-1.30352324562698,3.80043749845462,-1.74876622813216,0.0958422598682225,-0.16607451413083,1.78829815714815,-0.0133018927534709,0.267931765055639
18.075,-0.0757790706120272,1.20610004163961,1.03244782461235,1.23525142695633,-4.05571424347274,0.210147068786899,-0.624744492852213,-0.0813799331423237,-0.104563507743766,1.81995746058659,-0.739342622946832,0.375114951522461,-1.76495767136835,-0.181990531701072,-0.605660536210735,1.07350324554892,-1.18006893376616,3.61459571888363,-1.60471697235263,0.0974147223965274,-0.240757263408734,0.727914746049428,-0.647500026394013,0.250424084848038
18.08,-0.0522923212467528,1.31009948977438,0.951446098094017,1.60524111249181,-4.25180177122176,0.921891624215836,-0.525678222172347,-0.0284377668581704,-0.0876630834413538,1.83085837241231,-1.01365858152728,0.477353590523217,-1.66124901277562,-0.125479593655241,-0.541546360410918,0.702603168592117,-1.03990872817884,3.48731096935426,-1.39764117468648,0.114271348020033,-0.130654823549692,-0.176583018489555,-1.14380223112424,0.185528869979143
18.085,0.0540201796793714,1.44268114327225,0.842599123591435,1.59695889155439,-4.45035117638059,1.58621534822413,-0.425164838372444,0.0904912016075506,0.0102159097529807,1.70160538788477,-1.37405081420773,0.647857347366082,-1.60592738310153,-0.117220959979316,-0.530850351031624,0.307148952341032,-0.888078447382206,3.48299979898369,-1.24034044364929,0.0575201191914036,-0.0415048649207881,-0.384460073897523,-1.29639092707377,0.134499868372182
18.09,0.158381809869324,1.28010993891237,0.721339628950854,1.42126927322975,-4.50050287499727,2.01659748567942,-0.397740031614515,0.159144071376313,0.0248607400580837,1.71362700101257,-1.65305438582979,0.750335798652568,-1.56489136668178,-0.177359574230517,-0.479241558801103,-0.220084461026103,-0.784967672240917,3.44222898225926,-1.09892477571647,0.0376267952812926,0.0230229653780245,0.258563715945175,-1.3750582780283,0.166557092137279
18.095,0.233749563414625,1.10329335187241,0.628315659743312,1.24103069627803,-4.48299069267127,2.4968624961168,-0.398517444706869,0.309534029408518,0.0620867013967558,1.56214771148509,-1.97917657155933,0.925000648083674,-1.49268992920448,-0.229542688077474,-0.421235503227771,-0.678698938324437,-0.833906634782229,3.2894493283322,-0.976105800438109,0.0370144390088058,0.0601430994432866,0.904410170637413,-1.29277737354101,0.249710819858508
18.1,0.247331127009355,0.990513344218527,0.588017893361722,1.15536639855359,-4.40835940959849,2.8771606476922,-0.429117364122375,0.362381393109403,0.109358607990131,1.17113621090562,-2.24943977029236,1.11137669652475,-1.45314752168876,-0.213441799905164,-0.334081595194442,-1.07763131402161,-0.860902220265435,3.19447605891398,-0.84181240391117,0.061525349900964,0.0983977395254132,1.15751962786744,-1.05521228174554,0.305778080016677
18.105,0.168680193348994,0.863782866356341,0.60369175766082,1.04028095158002,-4.31212809003597,3.22126186293686,-0.472086900079096,0.341445444283837,0.104889957141445,0.694024094976997,-2.50628811889498,1.31636881476939,-1.36447824044893,-0.218890013157775,-0.348482469110624,-1.15430320249668,-0.842950611725829,3.14330363091292,-0.73442656105866,0.0769375416194003,0.108780477353935,0.97857034506299,-0.637999796884725,0.30301646462184
18.11,0.0239200503989501,0.783309696457515,0.663706944385481,0.988050087630059,-4.26734166228183,3.48067179319758,-0.505268197545573,0.295680029161955,0.0457639609222133,0.193323877746851,-2.77261134616497,1.49988684532583,-1.24730803481265,-0.260675515219004,-0.317599958834298,-1.04579839289936,-0.818006557413607,3.10189426757789,-0.66171815853042,0.0654333645647692,0.104111843930431,0.696006997252183,-0.133981380189525,0.256282239908907
18.115,-0.145090583900608,0.646435494635566,0.769187096996704,1.04285483703392,-4.27043081878009,3.71736860390112,-0.508303603084328,0.208110218815156,-0.00982129252866658,-0.141845127227717,-3.02005393223045,1.62004569460049,-1.16574946902686,-0.309417094563747,-0.303173212310783,-0.898026318249659,-0.800463895488783,3.02596273979532,-0.630542926704892,0.0364159273621787,0.0619581290859318,0.55390698297359,0.414934773840501,0.198785737139686
18.12,-0.337086957811528,0.557496735095069,0.87171689880099,1.18685542897751,-4.36796106441101,3.95142215209408,-0.476147494000184,0.0636249005353669,-0.0929841311657708,-0.524853404240284,-3.25092964401515,1.80467973275334,-1.06083472989557,-0.336603527396166,-0.293049814349321,-0.822434050685086,-0.794984532820919,2.9129059240692,-0.631162215405454,0.0414665853728835,0.0420040140449345,0.561560324793782,0.69713424462524,0.167667724925382
18.125,-0.455613370968439,0.573510780001649,0.907774511453245,1.35417268871494,-4.62662158257423,4.19018088807047,-0.456303481649076,-0.0761850568504117,-0.167822254459846,-0.684484365299971,-3.44339436425444,1.96163376673823,-0.981330195449311,-0.328451305245435,-0.277605259057609,-0.70046404584369,-0.768975735297965,2.81501097278155,-0.624894795234072,0.0429728118540035,0.063061534239668,0.634683599542531,0.702009004901553,0.161339885584982
18.13,-0.42812977286805,0.553585673038566,0.88747408473664,1.36302750744347,-4.85977348028752,4.33834486802991,-0.454123837982528,-0.127086277264101,-0.118581558397489,-0.744090318851017,-3.65703636444592,2.09254127908247,-0.896567482473128,-0.326571997491847,-0.283447264208399,-0.489789506294062,-0.747993750956731,2.69061827972015,-0.613676721866234,0.110689433929819,0.0919182895912405,0.500890938310748,0.606835234728664,0.341613051631275
18.135,-0.357616051022923,0.435896924940012,0.840888623267563,1.29980332711852,-5.0676604246686,4.44779096487738,-0.470787115508147,-0.11287711741577,-0.0070034361757261,-0.627998355799845,-3.86020010818747,2.25161082807985,-0.812745821459198,-0.357389499973301,-0.317705090006055,-0.112529864965272,-0.724984129009218,2.56054940632304,-0.554993715793073,0.0464853330484099,0.185181116663963,0.245639488325835,0.339085844232988,0.302896992755281
18.14,-0.304021092398142,0.310518916015844,0.802361378540164,1.25980501118027,-5.15079447371171,4.47154581543143,-0.521011952742037,-0.0956987567149843,0.0739130269719692,-0.548660416497868,-4.05100969839038,2.4035804704232,-0.72463285621381,-0.403144992439589,-0.382033525313897,0.0999707281836895,-0.683055487956666,2.45976367381254,-0.537341280379806,-0.0782354077524926,0.219904694546065,0.677110708669045,0.396923673807824,0.217318727157438
18.145,-0.300139867145547,0.177759719284804,0.789688396057354,1.2390832276646,-5.19127300050486,4.47733064981895,-0.570819367815842,-0.115635988821583,0.0666149570634524,-0.568604383112911,-4.23683493874552,2.52068955539516,-0.601188119397748,-0.409264369184718,-0.4621497425035,0.0506498966426094,-0.598024141694841,2.3968741895993,-0.514321459652339,-0.00980846038829416,0.208186168259717,0.866127912985325,0.373359042799112,0.0630790840828562
18.15,-0.342658309850889,0.064686273150931,0.802774959483557,1.27707042411695,-5.20014436138993,4.43233298856902,-0.58803005480452,-0.123745713439457,0.0802872280422626,-0.516084625548294,-4.42454682108651,2.61750082373113,-0.512640729836278,-0.406819072389046,-0.475428308814013,-0.0236529023883814,-0.548800386769075,2.33176385934455,-0.461293103552082,0.0649905877048359,0.269668287658651,0.455605896068443,0.218308696588763,0.126177254212349
18.155,-0.431916463074696,0.0248314795800337,0.848781669901146,1.30532915487304,-5.22143062228957,4.36603511443473,-0.601553876867919,-0.132056147757243,0.0817837972633694,-0.539209167257925,-4.55691773548675,2.6776945339309,-0.387188860668344,-0.424532953473053,-0.475747173208483,-0.0636612337476332,-0.537294026589716,2.23283492876859,-0.393603450594967,0.0311456597606109,0.268747084891781,0.128673566639901,0.146821544365077,0.200616613628413
18.16,-0.542250887436072,0.0192495469745434,0.923360818414247,1.3074734672568,-5.26438845469376,4.27217154273072,-0.628312109662155,-0.175905570668428,0.0202810700927614,-0.820787709696464,-4.69176757679966,2.76310886223208,-0.295124865851841,-0.428063668903918,-0.484604274221203,0.0863637731330719,-0.482161355134305,2.18860139034214,-0.346428729382542,-0.000897367231990937,0.246194939634166,0.172567111114901,0.116494700992289,0.213584020733833
18.165,-0.632057041672773,0.0289834450462053,0.995135875246232,1.29937217907109,-5.33044331098529,4.17227306583804,-0.674440920276195,-0.216239857842248,-0.03670720556939,-1.01171896271767,-4.81956597219143,2.81709328355749,-0.199615640242862,-0.429488052049579,-0.461178371821808,0.252694231054562,-0.423450260427922,2.19943941028275,-0.299231866909853,0.000107047452066992,0.231370035158073,0.325928361931117,0.132201940819816,0.215220869074237
18.17,-0.700628212396877,0.0185510945556859,1.0647600671794,1.22686011148148,-5.44252768722348,4.04209805001514,-0.706960519173835,-0.251477187241811,-0.084798016754357,-1.05146564378844,-4.94590190951131,2.82118990963845,-0.100432731308337,-0.434670331224256,-0.472705364911185,0.252988270850283,-0.433784400545639,2.19952250808149,-0.274812014643907,0.0144019023957798,0.205475566711017,0.433298717876586,0.141491537169955,0.209203831906825
18.175,-0.773051781603806,-0.00186187521789176,1.10254722408148,1.1806511766786,-5.56421163790845,3.91805075422237,-0.720818487550525,-0.278834830472299,-0.08327763169752,-0.983252450263122,-5.09162734498187,2.82776768070052,0.0105141338625632,-0.433990025549079,-0.460365894079233,0.147938794981345,-0.442496517395173,2.14406939337998,-0.2568142417251,0.017603296051426,0.155802992286607,0.412520705483432,0.130611598902821,0.211140632629395
18.18,-0.809309704563297,-0.00927118653514602,1.13545872524654,1.07934628956372,-5.71830836060721,3.74957770822298,-0.733799842684639,-0.307829271662753,-0.0777220628881614,-0.955893064135023,-5.20130069254239,2.83912266727967,0.0742793499238589,-0.420478079694942,-0.434212554153168,0.0292464544615954,-0.456419495109124,2.05282980072303,-0.241581232067382,0.0163189634674424,0.107103472283726,0.303362368380333,0.0643533148840589,0.202807695384761
18.185,-0.803282088966075,-0.0465193535836651,1.14073241923353,1.0015623337534,-5.82210407059269,3.58726348464996,-0.76410781705625,-0.322550833164303,-0.0586808024811415,-0.943680107415412,-5.29119723116881,2.86579398883987,0.120036155512531,-0.406721877590071,-0.415044917919926,-0.0336812022616145,-0.443479758500853,1.92625229386584,-0.218415085257699,-0.00687267638703684,0.0573510903400805,0.252900031205185,0.00493442989847223,0.182355818722804
18.19,-0.791341112415495,-0.0609483799192916,1.14024280896828,0.951390340671932,-5.920412163183,3.42056765475772,-0.807022189433328,-0.330773822341773,-0.0522498820800809,-0.883052081091388,-5.39715662345739,2.86820283975186,0.125717236633021,-0.390427505014757,-0.4133995451241,-0.0843396846676144,-0.411005484317082,1.80032166557295,-0.214835645523311,-0.00909184181238091,0.0360257028342979,0.24895059020245,-0.0214511082819229,0.16355791380737
18.195,-0.787244599908804,-0.0774229453918684,1.15210807757275,0.885650790463764,-5.97067324820225,3.2704969972022,-0.849746952366062,-0.375146602060901,-0.0487432027422344,-0.898225631465436,-5.49117522124489,2.87517310685376,0.120885850697273,-0.386525560069872,-0.421975051500157,-0.25584457959416,-0.357984701729393,1.67803765535005,-0.214365959338797,-0.0193745437843726,0.0373285775639051,0.212173903663676,-0.0553570060753845,0.136440314083785
18.2,-0.800770908342446,-0.145439734236184,1.17097823590088,0.806949468710075,-5.97619804966579,3.15318047084587,-0.88238835704108,-0.444195517903922,-0.052246051877286,-1.00404919625832,-5.60609154449075,2.89238617689288,0.117850216166389,-0.395568285859022,-0.432155435741947,-0.444063244923811,-0.304675603249335,1.59026046505056,-0.218180142474371,-0.0196488579620738,0.058570976278276,0.141034508507239,-0.0801779977568424,0.109847072496827
18.205,-0.85551616485647,-0.270666419583484,1.25619187336762,0.784791147941938,-5.95942105569885,3.06769887271985,-0.936598668602269,-0.557115576480937,-0.0979150744545399,-1.0688067233223,-5.75747759155278,2.89923491646607,0.0931133258076724,-0.397808440639297,-0.428378187906174,-0.593887271310634,-0.237451176510497,1.51755131141526,-0.223187479967126,-0.0338011156221013,0.0849052233131913,0.107698241642789,-0.102618058435907,0.0826254081302357
18.21,-0.916942885743512,-0.282922918668172,1.34470027446321,0.940413429056487,-5.96290655904514,3.01603482782317,-0.98182617027725,-0.636546832526375,-0.118897610698796,-0.932957100077019,-5.84954844148919,2.86391130088155,0.053486408368962,-0.394554349542219,-0.40442511222693,-0.704516007609271,-0.178979627449712,1.45312691404891,-0.199801348847609,-0.0444200367420858,0.0991973435366804,0.123968114876386,-0.101423206942952,0.0489021545435586
18.215,-0.995609282054918,-0.156158841724144,1.40662067793896,1.14820381936202,-6.00775809629762,2.94332398591214,-1.01672171441692,-0.66974215879411,-0.156254047699612,-0.720248784239083,-5.92725519910599,2.80162434578378,0.0101711538371521,-0.377028334674583,-0.359030904566522,-0.763275742200627,-0.147597187861982,1.42513862355791,-0.186548680322795,-0.0444600988369934,0.0791834122868343,0.166045654177572,-0.0533051750694449,0.0343976782292882
18.22,-1.06104764618866,-0.0785594511050877,1.44967260353783,1.12148576184574,-6.06737659524481,2.8488432423625,-1.07526488758423,-0.643790761955168,-0.195540282564565,-0.353173154898438,-6.00041788012396,2.73901479220533,-0.00920856156436741,-0.352332419388129,-0.325618664410136,-0.781999411852617,-0.136193231851283,1.42282712459564,-0.177000827913874,-0.0343894413913958,0.0465779641159175,0.182432390123285,0.00631313674508864,0.0342464328774033
18.225,-1.12239435465666,-0.100478019988237,1.46102029777881,1.04079066396714,-6.14256278702334,2.71538551164253,-1.11889993838663,-0.597741473773368,-0.201874901927304,-0.0501523948549333,-6.06987571814247,2.70900785239508,-0.0405235382921956,-0.312512696419001,-0.265248054780035,-0.762940554510185,-0.157753721917834,1.46002113952781,-0.152091984723523,0.00601823771484126,-0.00650249244436434,0.182325542336756,0.114016250446182,0.0510949054403417
18.23,-1.13489859623147,-0.105709360113285,1.4437060041406,1.00609278496244,-6.17183446518856,2.64065963798339,-1.16090474536539,-0.582052848534825,-0.204501434253316,0.154670107557189,-6.11653483872523,2.68747519298568,-0.0507135621003865,-0.274901714119753,-0.229397298939511,-0.728298160623492,-0.194255561446972,1.49368536472321,-0.153066840347261,0.0240464010676198,-0.0263871655754298,0.163104776852035,0.210114897267067,0.082971365037705
18.235,-1.15582327835879,-0.0951128828725393,1.43326392300667,1.00850027583024,-6.16247772252142,2.56110788782953,-1.21265480636096,-0.554918378711441,-0.201941943402362,0.285127246883647,-6.16527207400251,2.67892382621892,-0.0451478745465627,-0.237025176519611,-0.202766216950169,-0.728687963211484,-0.207338765263557,1.48720028476745,-0.150417727936366,0.0419422884381384,-0.0289180046631575,0.172712502393482,0.270832180574229,0.118185050392002
18.24,-1.17955429702263,-0.0698952469500242,1.44760554675922,1.0147145713402,-6.10195456835917,2.4893479624432,-1.26466865066774,-0.50746371575715,-0.219381689261973,0.278777807770803,-6.20391488867107,2.67050547151656,-0.0408665244009189,-0.225958809703684,-0.19792423969281,-0.825417001871583,-0.197729345553827,1.43226125378983,-0.157078475198477,0.0680037942980179,-0.0202236769259565,0.203410555668259,0.325256086509801,0.146954610674629
18.245,-1.22013665207827,-0.117787309337155,1.44547194796558,1.27030095211269,-5.96350719737613,2.56204486577288,-1.39006453747607,-0.1459979169395,-0.23904043395627,-0.438309423568079,-6.19780433609625,2.71295755684662,-0.0259070701790661,-0.235926510892344,-0.186921239686698,-1.02966110997013,-0.164436884704341,1.30583252996792,-0.202313812084663,0.115043044878688,-0.0240570535835979,0.18302836309536,0.356203446582471,0.247625311211703
18.25,-1.2412103414752,0.105667956891738,1.56074161567202,0.86121261376672,-5.92677394012307,2.44319500873522,-1.43243849653756,-0.356255288134938,-0.212884902456642,-1.81856300462418,-6.48759650130618,2.80783798747284,-0.0315904372373643,-0.268331181667048,-0.162658794422531,-1.2816781603181,-0.137655025643363,1.09929387404664,-0.216787474565991,0.0999931155474052,-0.00565453904580024,0.233323575301781,0.328419869438796,0.257614404916958
18.255,-1.38922255939692,0.0692537651547702,1.52841898046811,0.569770526114435,-5.69537264864944,2.30076139053782,-1.43947092670373,-0.659869417444765,-0.409658900590723,0.0894610649855274,-6.50843900614809,2.42026419704364,-0.0580111164402124,-0.340986645923653,-0.121128406823517,-1.35616076510347,-0.13036645023455,0.89657544987884,-0.259846068796356,0.113428985160008,0.0217446476402379,0.319353414063252,0.346916207247876,0.19176865393651
18.26,-1.42271457849536,0.191705518360189,1.63607245966249,0.779599611333145,-5.72565955031367,2.31024196638973,-1.59326555935405,-0.604624928064684,-0.440491040798932,1.8566040859812,-6.45530529210409,2.08564798742939,-0.0982523457036198,-0.42501979999497,-0.0708365615444629,-1.30325897537169,-0.146700196787725,0.714403705176133,-0.322207512560808,0.143764084680574,0.0404276365199493,0.317667065124754,0.348514943672897,0.159918028893997
18.265,-1.51336708917887,0.350785492711963,1.65060075549962,0.360400339598615,-5.68250932677786,2.17605838069162,-1.69120957409025,-0.375411005425625,-0.412632564818102,1.71472206666005,-6.37629358723508,2.01861998621596,-0.156389729196302,-0.484411568976253,-0.037046316195639,-1.1626751535643,-0.188618469599209,0.605676616236863,-0.399509389968612,0.168398264239353,0.054457811586384,0.0651098952443331,0.291702985369171,0.204352688142003
18.27,-1.5542819906019,0.2056495217184,1.69303788205531,0.0659777900825641,-5.68526472514824,2.11490100389106,-1.80508654132096,-0.278509547897714,-0.367379637036978,0.722434107366903,-6.44059684287059,2.08292675828448,-0.199455626828565,-0.527692572370368,-0.000283791505634446,-0.985263320168681,-0.212688528650627,0.579824997686064,-0.446661573141808,0.159457774310004,0.0871280565079362,-0.097265126303695,0.254365966739566,0.211450488037551
18.275,-1.55497956626901,0.0903635275906391,1.70559089496796,-0.00722272067332969,-5.55592172142873,2.09658788026828,-1.85628349932676,-0.200761248165776,-0.375959212423625,-0.134816619478024,-6.58626420945165,2.14706695771738,-0.233557930360762,-0.566071496586367,0.0479675994995477,-0.777292172132649,-0.218334019184113,0.59582379372484,-0.509489939858371,0.141552416038297,0.130218552253144,-0.189100463036217,0.199380806797791,0.181905929147634
18.28,-1.59045244882397,0.0871283632053924,1.67474375004121,-0.0611425989940011,-5.36941698912086,2.08083538768446,-1.90419529482278,-0.148475721346002,-0.419005441285379,-1.24629560749516,-6.71559800062935,2.18623386249006,-0.270980957928059,-0.599404566615702,0.113733301734887,-0.446956928734499,-0.235082048968993,0.606608138990273,-0.560666155644731,0.135418620153344,0.175282023816924,-0.183733791627732,0.147436193955677,0.144655249417192
18.285,-1.67611257203234,0.0489823454444028,1.61983542239159,-0.274662031139027,-5.27128967921869,1.98164660774943,-1.89698944550494,-0.303545641230558,-0.484887766207643,-2.26509626692404,-6.80240720040324,2.179249449918,-0.296844470455958,-0.620972376891322,0.160789011973953,-0.170904285180546,-0.260919747565293,0.595482160071128,-0.616880926024906,0.123241415581258,0.227152334992266,-0.153124710344552,0.0932404212483086,0.131693596446219
18.29,-1.72190592444902,0.00173653620684128,1.59002976899691,-0.332070369215139,-5.17349954290332,1.86576509291261,-1.89139308961753,-0.55917053716547,-0.563499448705166,-2.0353855431253,-6.77087753751358,2.04247051385442,-0.327869681278183,-0.600672921285074,0.22222543346821,0.299883875729089,-0.365481918164583,0.551821210569263,-0.6953458739982,0.095812656554851,0.316179952893648,-0.132541377580432,-0.0111171707575009,0.13400549005456
18.295,-1.78682771007894,-0.0264616349487044,1.60078100921479,-0.395253842857478,-5.07194623069002,1.70199027962031,-1.89172544431181,-0.692065964362255,-0.594652045006412,-0.936134121388239,-6.67685987912516,1.74936857022448,-0.363194394723829,-0.539766602301572,0.263670065571803,0.605046166916333,-0.475007776614285,0.516682740440365,-0.743459833801795,0.0606987615894063,0.37065305855775,-0.119622329347317,-0.0704360632307436,0.140846087179148
18.3,-1.94990477930623,-0.0381830686316147,1.67285365384483,-0.413232059754045,-4.90784190611942,1.49878398697756,-1.85405915229843,-0.729131287493481,-0.546133140044887,-0.208059128276954,-6.65074924755872,1.57842055909788,-0.413391495249015,-0.394415924829833,0.294977517207751,0.839718407550957,-0.591347630408923,0.54108303824884,-0.798754495754109,0.00937520754395065,0.39839485355727,-0.0988177594849833,-0.108065935378786,0.149984658125113
18.305,-2.09713141095102,-0.0485476237182804,1.71735514728172,-0.367705899988957,-4.84317276800913,1.38996954156435,-1.87458036191986,-0.643759205844567,-0.702066905832985,0.626074768720702,-6.57940945271148,1.382999310169,-0.443652004795904,-0.280541465069909,0.315202667244096,0.891438698458812,-0.663055190746205,0.606366888433282,-0.818365573595322,-0.0386085409978735,0.433814439500905,-0.113019754988406,-0.11753114702625,0.145721774376204
18.31,-2.33213502084858,0.0198442479957591,1.69459487260989,-0.213691877467503,-4.86779849330378,1.24672300400933,-1.8591506512567,-0.486214938717356,-0.8467777819079,0.72070654318717,-6.52779438633606,1.32695535628639,-0.49029656662229,-0.087410443726854,0.318098957392055,0.970218144364712,-0.758979734681484,0.716026831784072,-0.854231818690517,-0.0935690329082781,0.468320612443769,-0.154037555879842,-0.11071830698884,0.148596938575606
18.315,-2.51349412060005,0.211794805759173,1.58004296406759,0.011682567571064,-5.00639178130513,1.12979257223963,-1.82925463581156,-0.325442121039824,-0.951201042588526,0.58251660362838,-6.45168808182294,1.32163563174546,-0.538247224122127,0.163090710553628,0.306643036041875,0.977990732593636,-0.811383346764256,0.809880250005632,-0.904397851146989,-0.13150615263143,0.508635243411382,-0.247410002416716,-0.0913250007798971,0.143250527450052
18.32,-2.70212034107023,0.433863876611994,1.38771980210383,0.27151368838894,-5.1901220952431,1.00407062524378,-1.73565635671321,-0.199029401777517,-0.982282415268966,0.246590034897896,-6.36280021932859,1.399573482022,-0.589938579102655,0.46318510075526,0.273707918101809,0.971480348210568,-0.795030896461872,0.901540359612583,-0.968012994691381,-0.155193595409065,0.52733965223623,-0.340034024386403,-0.0727641652350959,0.133504562521456
18.325,-2.80783462078602,0.449021335764136,1.09668742947072,0.270898309752197,-5.40807539658584,0.930852296220836,-1.64627259559407,-0.170622777190811,-1.01422530492999,-0.128911771186816,-6.15618365221643,1.5031260211769,-0.59529060437074,0.741987742116977,0.24578356385837,1.11626905439132,-0.731588719532228,0.964151259701198,-1.04183273563578,-0.142316728834287,0.533656181643904,-0.374732551129123,-0.0556355358922661,0.114449468154168
18.33,-2.71990696095378,0.333691879351053,0.814112582214345,0.37133308497067,-5.44283284026744,0.950560062903155,-1.58016631074795,-0.250309718186737,-1.08380631332069,-0.280848808246075,-5.94284454385482,1.56182669384378,-0.599782371017362,1.06859029190834,0.252785672717663,1.4496157463362,-0.644112317677078,0.906097412034503,-1.12742396555171,-0.120270052529421,0.548924080869618,-0.362850882255237,-0.0399381794929871,0.09512248420719
18.335,-2.57239332324746,0.271384492424787,0.46620006075607,0.771884532422743,-5.29011220036098,1.11356643241553,-1.62959465648624,-0.35980779463899,-1.16656763592074,-0.153517472244367,-5.77571092214179,1.53198394540499,-0.645463067830002,1.42019885278828,0.311217649131397,1.81196175216613,-0.577980285185644,0.617713855690153,-1.22315450452053,-0.0802038393052951,0.567134287338362,-0.344021011855936,-0.0205315030391868,0.0920437443501087
18.34,-2.51908033352155,0.342472659896346,0.202875443509515,1.23504053001766,-5.00989918904655,1.34294736122625,-1.69251477376298,-0.407821003910357,-1.23067684122221,-0.159370512003583,-5.53665263142688,1.54453015592859,-0.755096302552343,1.90649601096047,0.428562498638954,2.12772364225467,-0.54598999709557,-0.00572498953082425,-1.31355035357117,-0.0330147143720546,0.597617800596962,-0.334623323006536,0.0213836869393444,0.0842898831764975
18.345,-2.58978036272553,0.385745450086601,-0.0339358618992106,1.36025719392357,-4.58972091851352,1.64902670312552,-1.72538844560295,-0.420468987258591,-1.49309317722421,-0.505611717620044,-5.41013258443546,1.59312250443027,-0.919946493311582,2.02648660709624,0.462307052764503,2.03339844457122,-0.52138200649067,-0.468622939275682,-1.4181491649484,0.0136963904021721,0.620219691782413,-0.364058448597238,0.0916890738225756,0.0914145708084106
18.35,-2.89433170126534,0.251443410276867,-0.307764574257309,1.25142261145547,-4.05698508783018,2.04962094485542,-1.68907163264676,-0.425756165392896,-1.63160696013386,-0.631569932703709,-5.16998730579701,1.59642717151755,-1.19001826211176,2.0108274969677,0.495305134507276,1.97490383885789,-0.514284616581729,-0.510322002700516,-1.51173999076417,0.0590480101523256,0.628199013739,-0.392083771080858,0.151976318909237,0.100036387743344
18.355,-3.19919255960891,0.128481345065928,-0.620159324460301,1.26710607889571,-3.58870043206339,2.38536277161737,-1.58433953314715,-0.516244253550536,-1.75849933420152,-0.749701508063464,-4.80674457405839,1.59661085296272,-1.40086189290831,1.92902503715355,0.432884326066172,2.41641523092987,-0.482522645026896,-0.12330012253603,-1.59588145638761,0.0844444522590132,0.613443702416671,-0.399274465462924,0.217353035540008,0.127034239385695
18.36,-3.59406924199024,-0.174266032044488,-1.10154139161807,1.14412675502948,-2.98896552168096,2.75328795591334,-1.17799449744415,-0.646968950086345,-1.91139750940134,-0.752758929001356,-4.29829305287825,1.47902723819413,-1.47912719542114,1.81721649930874,0.217273091337584,3.07324757760265,-0.418486909681195,0.360397996108346,-1.65561593310383,0.10069580014315,0.585985268597178,-0.387108794727696,0.291485733271154,0.155828292505156
18.365,-3.90654169641676,-0.553535794662479,-1.53485226518106,1.02838613383212,-2.42303803742932,2.96840738376991,-1.00817948057701,-0.693436441610948,-2.16669499407135,-0.804017926032855,-3.57368770965269,1.25762343058421,-1.51924560747277,1.7627632254293,-0.182657986482632,3.3479786635182,-0.223288467655257,0.644678118622376,-1.70727406263713,0.104634579899513,0.567837223849847,-0.36729385451108,0.342095553013785,0.192071981025576
18.37,-4.12294736649141,-1.05731204366124,-1.95960579605835,0.994247017357857,-1.8575186166571,3.11640551506776,-0.821698942314385,-0.719846221146052,-2.22315604501676,-0.7092266257672,-2.87270922729883,0.989616222993178,-1.55116036536156,1.77421704668271,-0.549711670287661,2.85572226292722,0.151362624339304,0.557056086420891,-1.73220059345268,0.0840503000320668,0.568351718740749,-0.385238486764747,0.349825203418732,0.222189153036912
18.375,-4.15233245002174,-1.43525872560379,-2.2946889483332,1.06859053379678,-1.15218066395597,3.18938994821927,-0.665164509752431,-0.666765367995324,-2.27040731220971,-0.591036045642756,-2.03652376586197,0.679130535281911,-1.58387877877127,1.81059676128746,-0.665535261300319,1.89749823799337,0.510059223613233,0.251868380162043,-1.74143436153284,0.0507967292232307,0.582962802536447,-0.449952070029195,0.321861811107004,0.258071459154995
18.38,-4.00888052920803,-1.49471736944488,-2.52783062811334,1.07542826147641,-0.358296043337853,3.0714108392398,-0.564053615103862,-0.458257106409441,-2.33640688419968,-0.329445942487402,-1.09582962071689,0.420023932911647,-1.6841441460389,1.85161110656427,-0.553376933204135,1.0083640117451,0.801643980163508,-0.110003618584491,-1.75096719370675,-0.000735548314236361,0.61843080784114,-0.535614328347637,0.258638256853351,0.281622039982939
18.385,-3.89035748523004,-1.34807959876315,-2.56081895743349,0.696512400536489,0.425336847498023,2.65535815861205,-0.460419451499967,-0.199536606264379,-2.2336979611473,0.042114639920459,-0.282985999480328,0.100070433749534,-1.83772956032294,1.89152816508433,-0.327504789801273,0.756199641656583,0.86587273150399,-0.190048932497205,-1.71970730472329,-0.0941086538598921,0.686756499605327,-0.619821786615568,0.178803394308214,0.311543038367383
18.39,-3.76715532531156,-1.17598381871956,-2.40796920535045,-0.0664149778014445,1.19608083137486,1.84679005432761,-0.557121808826319,0.0927238659663926,-2.21324801946401,0.244366274697398,0.574274456869445,-0.266159992847865,-1.91689042151164,1.83970838345558,-0.0947950959641113,1.10053675493383,0.766772390425562,-0.094815123447354,-1.68838043445085,-0.151188325623765,0.733505516572372,-0.644200929883215,0.117436139983396,0.311303334728363
18.395,-3.63322466151419,-1.11330101690953,-2.17327723785167,-0.822871077382338,1.78177985248297,0.994010658135103,-0.662814349688928,0.360094131196948,-2.22815528668265,0.207128744025728,1.29558552468618,-0.602256366237028,-1.99138576356027,1.78219246555147,0.0608321170789294,1.34932706305781,0.526358832222942,0.0135570371227465,-1.61577712821285,-0.223209672687441,0.789568893494888,-0.575173618859873,0.0706470339641212,0.268370872380179
18.4,-3.50389642052331,-1.06559091110525,-1.90467730841839,-1.45914950175586,2.20855948696987,0.0999651550234518,-0.744896703257726,0.481726499508657,-2.2234408643558,-0.341762165281084,1.83835886999643,-0.820140780505136,-1.98992301084413,1.77806311907422,-0.0354573229308402,1.2007211366698,0.131924485389892,0.836127787186715,-1.57015879436554,-0.281518658198952,0.819896535943008,-0.487349941378144,0.0416940613036968,0.213055786175263
18.405,-3.37168148359509,-0.947539172360478,-1.63212266027365,-1.79647715336757,2.4992403474584,-0.703329312448553,-0.748432086853553,0.364183068199709,-2.01830590649032,-1.25709548898781,2.56179639064355,-0.977720969294398,-1.98811957154029,1.56420297182158,-0.212866396969735,1.14222933090073,-0.139227089284065,1.53743290191817,-1.49713095957993,-0.287154334768641,0.856699367984349,-0.417697979064784,0.0191143716153056,0.152724082923146
18.41,-3.24873996753484,-0.766023104654508,-1.36793287151612,-1.87567788419821,2.71720188661656,-1.32311711978711,-0.805239906748704,0.245371526626111,-1.9691266922411,-1.87669028707834,3.05339002616068,-1.0968885634771,-1.93765102193644,1.31645251403077,-0.381583655906732,0.963506137609211,-0.30512351859529,1.87932015719186,-1.46184403777755,-0.310353509852308,0.864220732495882,-0.361358702554268,0.00873507411536897,0.0575869137578653
18.415,-3.1602771151193,-0.433611932715738,-1.03584338230195,-1.81243017412063,2.94001328910533,-1.80481081634877,-0.80548576200553,0.040225051600057,-1.88032435479502,-2.32440001514057,3.45520818039337,-1.18124734905374,-1.64094828667807,1.10866455928165,-0.487675804808186,0.758111166111989,-0.309638181018213,1.97236143564888,-1.43383240507788,-0.27234212731822,0.907788422124444,-0.258518852697326,-0.0477585599202566,-0.0863892951759809
18.42,-3.13605354236437,-0.110343582401364,-0.710121942854005,-1.76716113127239,3.08275270388589,-1.95717239306436,-0.801265514389212,-0.122048409009496,-1.90264530405734,-2.36362927955333,3.91738884037463,-1.29252363730242,-0.985339325289022,0.875566436377042,-0.516929367434224,0.469466095356193,-0.255781720067841,1.72363038846479,-1.44369980646139,-0.173404123641802,0.896420645243084,-0.322613179060764,-0.198443594915156,-0.0738046386365404
18.425,-2.92879441645149,0.210263393026719,-0.39810237360019,-1.79153582008375,3.1024202982397,-1.94427792072407,-0.901547044972774,-0.199772621047171,-1.84457805555054,-2.32833456510918,4.1809279584407,-1.31831917327274,-0.734834697210058,0.720946770589649,-0.479533215380117,0.249133692374309,-0.137950700414085,0.936939995012343,-1.436459721472,-0.113649181626682,0.863988048148424,-0.31133557037492,-0.235057778901457,-0.0270564610250426
18.43,-2.2944079590862,0.593493913669939,-0.260292830715608,-1.94711040639385,3.18002686167725,-1.92739150581907,-1.15587787132547,-0.10929299766438,-1.3537143159669,-2.02045211390067,4.48481414964546,-1.35320904128044,-0.55272224686891,0.663263343949983,-0.411458742111484,-0.201054249319822,-0.00415199581592385,-0.0281908872936872,-1.39916869658422,-0.0604644760037902,0.814411310893096,-0.209571152268351,-0.166079560722737,-0.0692282721842139
18.435,-0.129957341923564,-0.0540331822602047,-0.6363749344345,-2.37360614411021,3.36622621308736,-2.22124320350174,-2.2573443361409,0.935269282123651,1.75650124132779,-0.00338858610711829,4.36483915633544,-1.48910843192838,-0.434055481687516,0.795085663103605,-0.459415880754613,-1.63593297598606,0.0309826070055137,-0.750186912707702,-1.34318885348547,0.000500379557780627,0.810616949492043,-0.0934278735010978,-0.0828801690386054,-0.14297971786686
18.44,7.88065270726175,-0.542166137141198,4.89946126804044,-1.78869007355425,5.28254899715701,-1.94639985583478,-6.22380442019767,3.84523073393252,7.70698069525158,-1.1440975701733,4.00360744933549,-1.02496317613819,-0.260454794897493,1.01807418553036,-0.280125158206988,-1.30561580248892,0.401827611055984,0.535000825701163,-1.28261096870705,0.059795217061192,0.680759842824226,-0.094788938637283,0.453646689372876,-1.63721480118858
18.445,3.63085210774618,4.98653656886271,3.51958272934124,4.50711568268895,9.31792151936368,-7.95448740633224,-6.16198097611306,0.856657372487424,-0.82299358164787,-7.84262508884902,3.17427798721353,2.54557543549637,0.00749138581348645,1.11228083632694,0.280945261353703,-2.71951030868965,0.162099890804073,-1.39114411722269,-1.27826769580174,0.131393132718138,0.478946360474079,0.135146682432907,0.0605443614197792,-0.216348777334681
18.45,-7.102073090897,0.773243188155307,4.1670298143204,-5.93315438145529,7.58016923287497,-4.650264890844,-2.124628230434,-2.13645553228733,-3.11142813387358,-6.83535642299936,4.32144670744361,0.64202526463869,-0.137154625470712,1.07461900160863,-0.0372558456199296,0.355910141112067,-0.116395085561193,-3.15646272551008,-1.43244254197739,0.16128601161917,0.300535795713416,-0.0332719043832673,0.00394755114506062,-0.232983683902601
18.455,-7.95308159190794,-0.822183840621762,3.55160719928343,-7.1013184340085,4.53360189188428,-2.93886092747237,-0.785875476794847,0.347517918968928,-2.50909599363878,-0.22566204217163,3.66499328000273,-2.2526784350691,-1.44015207054045,1.16777579980543,-1.13532518298421,1.58874643918772,-0.128250892698394,-4.04388881981124,-1.53726785959957,0.104581393036068,0.0531976598977028,-0.131456346018495,0.00529040403090305,-0.226614950689908
18.46,-3.36763441904944,-0.90245796321634,-1.66074625661012,-0.742388709261741,5.3476950522312,-2.24920776007877,-0.024298767757889,-0.240682420869717,-1.86839116762381,-7.23710263225811,2.00798805339215,-2.27092276339221,-1.95698137474472,1.51299772183125,-1.86533843042191,0.810505374697622,-0.00324714129701908,-2.77620614897039,-1.66235468430061,-0.0739776331839874,-0.258221570434276,-0.0341251573920869,0.0407126516408179,-0.0686082041062688
18.465,-2.8998601105305,-1.92967666456302,-2.28625638061054,0.356089634996879,6.03216719711472,-2.30013509033847,-0.306736078988559,-1.8821601402626,-3.92953743545079,-2.31836501336775,5.54012625505188,-1.8595629238391,-1.97159930082263,1.59105322092135,-1.27963804043283,0.886245558692781,-0.348983801100848,-0.620852441982156,-1.69385159389332,-0.0446036095828901,-0.34210416496431,-0.501777077425716,-0.499566252157653,0.238292423723514
18.47,-3.66323677866062,0.569235479748405,0.419744233025137,-0.0667631069663585,5.30333847437571,-0.73286683271023,-1.28193984355115,-0.405506999339551,-1.5120125446134,2.50444269827788,7.25307054888402,-1.86179161195603,-2.00518999818257,0.514956355924546,0.602199476251854,1.15845357961453,-1.14156910612181,1.82538315453352,-1.54834024038436,-0.0324284267053174,-0.284406680474291,-1.21662617174085,-0.632163196708885,0.45763564817605
18.475,-1.61727006061295,1.75142572303651,2.37673923124078,-2.52412923469096,4.28728312127065,-0.0538103254195293,-2.06743841658483,-0.128641623174752,-0.626907565086499,-0.991302091190664,5.50794934226254,-1.64267358761858,-2.03163649600935,-1.05794808420449,1.87975849236888,1.28020578032264,-2.0113394742571,3.14470397167163,-1.30032031076055,-0.042622823995592,-0.153936228042947,-0.65621677660187,0.164745147619395,0.795396033176833
18.48,0.801902544258072,-0.865900575333502,2.06284860961402,-3.17168029968395,3.30672443008946,-0.605753414499741,-1.8308609901688,-1.00005180690201,1.62247702396761,0.162680624732783,4.91634688906582,-1.25904605830055,-2.03486358669463,-1.49869730907471,1.96569167563036,2.35239440537098,-2.97454335636096,3.05352233144762,-1.22351989294311,0.145322099075457,-0.0498127907213168,-1.33207023867636,1.1529379030676,0.92487358287054
18.485,1.6546808656566,-0.517733786382215,2.1642025259947,-0.33563867648238,3.60088603986952,-1.6976019211821,-0.99512812714924,0.528554529213706,1.05099538879664,0.678424115243295,4.83565135549913,-0.930576037188564,-1.85199467125429,-0.58979065162798,0.13748991651777,6.96810097888846,-3.03527152198383,2.69118888121567,-1.15328960240644,0.198417653148538,-0.0926189977478089,-2.37535851663294,1.64500511092266,1.062938533494
18.49,-1.86293180826242,1.38813060788179,3.67126510475374,-2.06053334695101,2.43129877999948,-2.37331262962281,-0.188343276550154,0.608625227102752,-1.44118905762778,-0.720617195342953,4.23851775073404,-0.584441995940937,-0.950718153834808,-0.751963817817219,-1.12249523341168,7.90542150161243,-1.53576034056669,2.59838556500097,-1.05469134766971,0.170624368844728,-0.362412370574277,-2.03657005216282,2.1215902809759,1.07388675275736
18.495,-5.80969341509899,-0.238107488952331,1.7334297064845,-2.82278987178762,-0.609404833204756,-3.06168486744696,0.169673927084481,0.0678108124463903,-3.43892683795388,-1.02860408666642,3.83808260704925,-0.423609828069846,0.0738448494553955,-1.76690575286098,-1.62438006847361,3.75078452954489,0.517079981653066,2.27421029925256,-1.03624730153403,0.160035191536367,-0.709671250572365,-0.0434683880595402,2.29015910318414,0.59595616713364
18.5,-4.56084782342161,-0.707844835679842,-0.702130840110841,0.869032634856984,-0.785409303488002,-2.88629765552985,-0.080577148240271,-0.185929323224294,-3.36520577137366,-1.54753646032737,3.91637936790263,-0.356320404912175,0.694226734119013,-2.01862189639689,-1.56923513347448,-1.02749551791315,1.9297844284205,1.42423300535627,-0.93669233162482,0.199457696399467,-0.683897938599095,1.68156038723373,1.83086784682176,-0.241633500722494
18.505,-1.39088607158827,0.631645125830396,0.991773187427542,-1.63065948887567,-0.38344146128828,-1.72016130793144,-1.07339386657868,-0.469254567357259,-1.54277024463495,1.22630177809736,4.34479924245428,-0.381346676761037,1.30600747441853,-2.02875642334429,-1.25046695581019,-3.4132734076584,2.65543697872247,-0.0475445315367969,-0.85409837157052,0.332650043748368,-0.445116633744293,2.42218630166196,0.690695186603388,-1.02354386268018
18.51,-0.247687065796199,0.446699478273667,1.51218925065517,-0.709943896904744,-0.543716148268533,-0.929218007810139,-1.76085203171089,-0.307599868720783,-0.0901626925465483,-0.327797379343429,3.76998096613726,-0.459116403359321,1.58995899958534,-2.02736523340197,-0.728053453067024,-3.35006751356635,2.11427990796892,-0.495215802950033,-1.00707133380375,0.479006196495116,-0.336958578436356,1.90333641052757,-0.2154800302665,-1.04915549147695
18.515,-0.476091757181323,0.208419941091851,1.34671867824353,-0.858264457735281,-0.204702067038904,-0.786551475417746,-1.99454314011601,-0.27809478357263,-0.34953689938308,-0.282414645049102,3.50980662594826,-0.636543102902445,1.76636778223132,-2.01794200679569,0.122344437368639,-3.64718859782973,0.816246188314644,-0.785727541742526,-1.25976355849233,0.597133751953091,-0.317565063602666,1.01244808335344,-0.613611685533991,-1.03471974392429
18.52,-0.968693146501103,-0.838989889806929,0.916656867860982,-0.741884991067092,-0.0708591704330105,-1.14262120752197,-1.79371009302789,-0.690819969677287,-0.749073638347105,-1.06409464727786,3.41622292410871,-0.632544984601876,1.94419400084191,1.96046190230108,0.813260144016574,-2.83567137276237,-0.516079396861311,-4.06437885352901,-1.55671519514296,0.653193515750053,-0.408593971409647,0.45964122513934,-0.369182745814354,-1.22070975939431
18.525,-0.804439705396167,-0.308593150163786,0.66168486151829,0.427314629289226,-0.00412979145362295,-0.572958846378975,-1.43533762163869,-0.965431909872468,-1.27855087138467,-1.59889903771011,3.20181704726973,-0.505914574833924,1.16692868860017,1.97896977402014,0.754281234171416,-1.79573334713126,-0.7850997466726,-6.4845349481471,-1.69219223583203,0.682993106882976,-0.488141216280105,0.148786882618157,-0.170803495142615,-1.23694009963555
18.53,-0.821192532881738,0.190556346143045,0.759883928240613,0.418276397967914,0.0238350635121579,-0.212422159540606,-1.22146612613105,-0.937570951314185,-1.15317857161662,-0.117450623784015,3.08256120282377,-0.395537208827376,-0.75843022494692,1.52329905549588,0.255959432004543,-2.5788690356485,-0.909938536744478,-4.34344225732235,-1.78290478709581,0.627549258683432,-0.549930352146999,-0.420922480722213,-0.219956906922791,-0.918034517028936
18.535,-0.778996683657059,0.308362587207675,0.979910145110484,0.378254834689442,0.0582839375564642,-0.159445944451547,-1.03219235330062,-0.224180100839948,-0.383232798096625,1.42774980490802,3.09715477345072,-0.422913352224363,-1.84704199841904,-1.19056999957004,0.384336901660826,-3.03501139763892,-1.14877409605859,-0.454182703532552,-1.81429886167579,0.43907144147157,-0.566911865764194,-0.792107345526389,-0.564633737827601,-0.332799309785748
18.54,-0.505588783261182,0.465981205371205,1.03111699710643,0.545429081151468,0.153424475119324,-0.166163495926109,-0.858237507908578,0.200579226466786,-0.244976163102178,1.36571487090322,2.97471228856895,-0.440170315615853,-2.01336283426627,-1.91794567837501,0.449613110249211,-2.55382311538225,-1.45684882593923,-0.932374566266302,-1.73599478798792,0.245276910605412,-0.520648355230884,-0.777811650659083,-0.934325139033488,0.134501472089834
18.545,-0.511115034516563,0.359743682495465,0.807821982006245,0.465047040178484,0.374122469661734,-0.149378672504836,-0.783644279415467,0.0207008808264368,-0.504296005138405,1.34921708236851,2.83444140689344,-0.50441956138362,-2.00811516200939,-1.92365801229618,0.106742414411083,-1.93292395316578,-1.46156082370652,-3.05859512942247,-1.6346603315418,0.0913680053936398,-0.43831152167077,-0.736600167113354,-1.23323885205119,0.70258369765335
18.55,-0.655586963969027,0.183326541228793,0.659633262774484,0.433969218963147,0.380854402661122,-0.110066991406321,-0.828389220144927,-0.146546658562644,-0.79885340858843,1.53053888202679,2.65276768637085,-0.581310100057695,-2.00447802603681,-1.26373835903989,0.0557673089839157,-1.62803755507673,-1.23822761740694,-3.2722159247223,-1.54706227784022,-0.0772772269266227,-0.247812612481326,-0.659909930471807,-1.34930873224436,0.980647667870003
18.555,-0.679792978990376,0.182681762831813,0.666593317155524,0.521271954926688,0.245798448263556,-0.0361265096667947,-0.84639835380291,-0.0432255059819564,-0.819207135302366,1.59425702265895,2.4591545711484,-0.638423205171456,-1.99817459080674,1.0384485742552,0.293186186063956,-1.39789624607889,-0.759574351562561,-2.7709224567371,-1.50257088333944,-0.243085284507458,-0.0371085372565642,-0.437164079008959,-1.43032842306935,0.989260237557494
18.56,-0.571893530920581,0.282660084252932,0.80623632446571,0.506604716689929,0.101965300594008,0.0142446455573407,-0.876732430265514,0.0939387603276571,-0.603804734970897,1.29282648276252,2.25039473671363,-0.609002132309603,-1.99360255222156,2.05049453472798,0.4143917483555,-1.12780897136077,-0.202754705463151,-2.1350735019303,-1.47075220949811,-0.345715413145107,0.125640028795729,-0.13575132617763,-1.48706453372041,0.575936760967087
18.565,-0.525707397905731,0.366890652111712,0.895341463964278,0.493253349776955,0.0683623733808795,0.0162500024313406,-1.0608946624338,0.260011887376144,-0.372294642565286,0.684751060750884,2.03624128362443,-0.527290519572763,-1.46480158828869,1.28363606104877,0.391443570557762,0.0776833423650565,0.950448361578733,-0.456244568344172,-1.45177668958071,-0.301083715489785,0.21638906346842,0.0654187996754144,-1.41247828101583,-0.137420126860873
18.57,-0.487968912375128,0.34583678435633,0.924970216657487,0.490343225049162,0.132926774190115,0.0268653394998272,-1.16556145153507,0.310551911320404,-0.310615733677255,0.0272373403320183,1.91016777651046,-0.487173785595359,-1.27743078277271,-0.0894523604120502,0.414519236075234,0.936452149969853,1.48526981899597,-0.361599713531035,-1.43200601041985,-0.182633490122682,0.237760389174848,0.0502463569862297,-1.20801016417442,-0.615287004979956
18.575,-0.464266792064896,0.274981357687819,0.872778589055434,0.506465960310986,0.23602358858865,0.0430987194143031,-1.27824367215758,0.223139738809983,-0.385400398236592,-0.850002060819754,1.78551603566386,-0.46713189453572,-1.21052001814109,-1.02089661314738,0.339278003179344,1.32495423084285,1.67380803295013,-1.68647072335128,-1.4099313787822,-0.0511181106004073,0.23111713445881,0.0135970621640435,-0.690626149624605,-0.863126586731711
18.58,-0.465846376853841,0.230987721987091,0.776828427194616,0.527455902963616,0.322808620426361,0.075291115025667,-1.31295036143343,0.0448568160760549,-0.498613641909014,-1.39254796013364,1.69052483428516,-0.437573197963435,-1.1115873409829,-0.957950371464413,0.268351154025454,1.3184670987768,1.64301128820749,-2.62487491177653,-1.40008736728382,0.0646399400482504,0.18155350029541,-0.0160627290735127,-0.103402834956118,-0.94405683940842
18.585,-0.538411554910618,0.243376446679638,0.748367087231294,0.524824409953204,0.339545055861993,0.110155955362657,-1.19118828045191,-0.091585416306525,-0.604258598906039,-1.58793513018444,1.58149342697712,-0.374670847961112,-1.0599402772637,-0.530532396579645,0.273002406880725,1.23637719104872,1.44496188556705,-2.85724113232427,-1.38383505567859,0.131062256294207,0.114819326727677,0.0115962409139672,0.226919181019725,-1.02537960683029
18.59,-0.591246156062773,0.285047839441532,0.770848811576396,0.514126626955986,0.334966803365843,0.151147684738433,-1.0798933245965,-0.0882297434147881,-0.578944099587073,-1.32447338780358,1.52396223393891,-0.312073466970456,-0.912946189305648,-0.00166819218787963,0.274926233280826,1.12985774319023,1.12987139803007,-2.57564549116509,-1.27927901000095,0.138001163850495,0.028175180805562,0.111060973328322,0.0806520641882838,-1.08554140075169
18.595,-0.575087723112166,0.347381779951108,0.80074163276172,0.534577675818731,0.312247472822607,0.159531310200691,-1.0597504695102,0.0178687822586986,-0.39883485238871,-1.07877684886649,1.45164100360181,-0.299748387497975,-0.695546144895927,0.0659160160715089,0.211664103681419,1.02673612292344,0.841041928400799,-2.20298531279325,-1.17019021476554,0.136655229688893,-0.0198424861771356,0.0963327967814348,-0.280965337837507,-0.983136954707689
18.6,-0.478717117140976,0.375120701267759,0.828417743323869,0.523656945643567,0.297423683861327,0.139483721425097,-1.00981818942591,-0.00602559768742735,-0.36127070103087,-1.12594378881567,1.32817042527902,-0.143486492043015,-0.504160506194682,-0.10968200253263,0.069248719661862,0.836055857641864,0.548471467572024,-2.04758821347499,-1.05435316595785,0.149359437888555,-0.0359278268892789,-0.144242198964556,-0.693204308134552,-0.662422948555896
18.605,-0.487063019362602,0.314958691195802,0.818751923484386,0.468296313329497,0.269326617730278,0.0915650951546135,-1.01729557027267,-0.104520125904698,-0.426043485476719,-0.909928218976216,1.2709808589424,-0.210657060380972,-0.441165043084038,-0.351415144351598,-0.0712169640722857,0.848051595570544,0.324739908506344,-2.31316259258359,-0.941095056067638,0.175104750338883,0.0116550100667556,-0.502282980134408,-0.783487194580903,-0.304368987990869
18.61,-0.544486947456942,0.268399781307527,0.797489476550305,0.469547775814633,0.239808331686959,0.0645499650656568,-0.994405302184246,-0.1486492245204,-0.492936321625326,-0.767142322756634,1.18542429499984,-0.203081430198709,-0.495882427999395,-0.44545248411615,-0.14617016614996,1.00900788276744,0.190456810908896,-2.84358733015079,-0.841274801923535,0.173000695528581,0.0691115307263198,-0.893575628950433,-0.555023536115304,0.111983349429574
18.615,-0.568531473524916,0.330879821446353,0.764681060316172,0.519717109765178,0.206468782174913,0.0434458098897212,-1.0031154959965,-0.0799719527808769,-0.531007441293911,-0.350555743019311,1.0954597697691,-0.198268142913617,-0.554465002392022,-0.3117960120927,-0.255060986696374,1.1967143212282,0.0242608358833298,-3.34023996560811,-0.810919392189306,0.0745460601092377,0.0840723184758931,-0.749990685280903,-0.0854479838239938,0.149645137763656
18.62,-0.577593584723491,0.386511530193547,0.749813879683806,0.527899571774126,0.194272550791477,0.00948040320356681,-1.00018121895276,-0.0318997197534707,-0.505797038738268,-0.0107763984676085,0.983125348808761,-0.175846073635615,-0.595267834807917,-0.115825376154016,-0.356717155298462,1.1858902430691,-0.154980855169829,-3.67442243336368,-0.786575613198694,-0.0690891108734808,0.0929579620772964,-0.00446198501723731,0.350020392490458,-0.304336205873449
18.625,-0.572686144692681,0.374157813332417,0.779084120663197,0.463763657862968,0.205102717419908,-0.0185306050607201,-1.01629383917079,-0.0210973371182788,-0.42523088694092,0.304668170112792,0.929063889093728,-0.12334449585425,-0.661534654057847,0.00619590811726454,-0.409432904378814,0.804792396674238,-0.222796998849814,-3.86702036754676,-0.733781864637931,-0.0839642529179901,0.103649552157315,0.343506078493899,0.327978944386745,-0.50485968653272
18.63,-0.553257419755713,0.370806014075101,0.789754934706465,0.454637538722692,0.209015373553711,-0.0308939977766767,-1.0664557715098,0.0332114121215206,-0.355256508628867,0.543568520353766,0.853542184527236,-0.0976978018833874,-0.755200622001008,0.0261917897616966,-0.451660285608083,0.397201379781989,-0.0722231630696313,-3.90705035013707,-0.6742860470111,-0.0638898784424677,0.106196119631886,0.322289961312013,0.141049862871874,-0.44864063464325
18.635,-0.508565390591758,0.394636593566902,0.791676588302138,0.458602287988966,0.197402406359789,-0.0686299233843073,-1.11825741594615,0.0638340639198552,-0.274538220600308,0.6201409232573,0.766481223091472,-0.069541784139277,-0.855433492734231,-0.0351612548351238,-0.445174465279565,0.349638712524387,0.210727979588655,-3.79179038624336,-0.645474482043813,-0.0474198982310264,0.102908640015498,0.176277808575404,0.00582025719504399,-0.357331696298904
18.64,-0.507435971735032,0.400572280490674,0.786924841297675,0.42592459544994,0.184683348753055,-0.0948800310702764,-1.1838699451758,0.0561541797651663,-0.24233086284991,0.513318087206567,0.681757476855136,-0.0438751164616807,-0.975022413276815,-0.160887187129439,-0.422202925783865,0.491050756050455,0.51656761681157,-3.57173513238155,-0.638894634299099,-0.0452114064321726,0.096538278286461,0.0954398841443226,-0.00065664748782264,-0.315337465742358
18.645,-0.516977914816847,0.351451653190342,0.818033800499964,0.359936983127446,0.156279006676957,-0.164909806182838,-1.07721675700969,0.0185033809369363,-0.262078179954667,0.470575302993422,0.629362801905443,-0.0173137396225202,-1.06935038031902,-0.222866458158924,-0.502538901163763,0.207709954370763,0.50551145459338,-3.48926793401838,-0.641197147286055,-0.0562975285779453,0.0925737321721446,0.178700838189783,0.0480872783568813,-0.33844094836375
18.65,-0.537885910530098,0.313329164136152,0.818077905622071,0.361872939028561,0.159553370533518,-0.191521366970978,-1.0500844561841,-0.00356044681590885,-0.281231311669816,0.477286903618968,0.606466139954461,0.0100667932706751,-1.12183063920266,-0.133889322671544,-0.572604114312195,-0.693051748087376,0.316302014945172,-3.58292171991116,-0.647322257302446,-0.0520369970306303,0.089269078430662,0.336418401888751,0.0197551746973425,-0.378240170862473
18.655,-0.531689456897721,0.284609947374793,0.839802896496143,0.364234208715322,0.195839034948212,-0.210176885646041,-1.04051010685265,-0.0380458395699995,-0.246545591775122,0.491743424077399,0.593717707346683,0.0257344401373311,-1.17466006286413,0.0580441880903176,-0.590559535064769,-1.7364235439906,0.259588632453916,-3.68078175711309,-0.651417932083752,-0.0534182404088219,0.0825452357527377,0.507829676489752,-0.145324472270478,-0.458180338370606
18.66,-0.533952886594466,0.263111952586229,0.848432082506102,0.39671034262708,0.24331225169586,-0.23346429631937,-1.05886972625141,-0.0961038968157037,-0.221334401695233,0.67509923073122,0.542239439861573,0.070727866009034,-1.17214644332689,0.232942344144828,-0.476737864243781,-2.17926044456318,0.473965725002001,-3.60452519576023,-0.633426511209723,-0.0573295862427954,0.0654125017646946,0.650349335755202,-0.416861077931797,-0.58362596581936
18.665,-0.526674070258968,0.279310999695175,0.842778892860845,0.447024133692963,0.28692842234358,-0.236035610138841,-1.07215442237541,-0.0461249414378238,-0.193714734002197,0.427862606717781,0.551137295154905,0.0984504211663166,-1.11916957444083,0.164877133431272,-0.047595960834447,-2.36385127942197,0.623506784975836,-3.47941093066554,-0.587259034170828,-0.0550195016486009,0.0689047659349064,0.793232694419734,-0.612836453454684,-0.703893229032961
18.67,-0.520275664091979,0.292336996715196,0.829662967872236,0.500618031737532,0.330630575185957,-0.2467499055316,-1.13385346797268,-0.0707878764150026,-0.167403416484104,0.504836439564538,0.522857381946212,0.167838905415996,-1.13310529955023,0.122525089889087,-0.0495258274621049,-1.93987505356955,0.663525659350176,-3.5661659608436,-0.559826587750975,-0.0551795320314763,0.0899935750832514,0.981266496066984,-0.68799389072311,-0.819780040476314
18.675,-0.497725503897497,0.296300419879301,0.843127663146291,0.517027396671398,0.381960179783259,-0.235393229911972,-1.14110253614032,0.0115673233591254,-0.199201233297401,0.542058214855309,0.495869607661787,0.180023287880362,-1.12442574563263,0.150143079447064,-0.00252892882125514,-1.13566402414251,0.787915853962016,-3.613651380719,-0.542165640502004,-0.0323623380184919,0.11885452788596,1.13485914876399,-0.609004608829152,-0.939084131978809
18.68,-0.494577236318244,0.303934336386912,0.859280791292184,0.602585666768768,0.450186018716801,-0.228004721936502,-1.14910987460678,0.00151025662002429,-0.219533369133356,0.361997164976987,0.465204271908078,0.16919409317096,-1.12988540972236,0.173808097498908,0.0827498576635604,-0.947951888542738,0.839569748269604,-3.61908955639462,-0.531777212417124,-0.0113995405393694,0.125907966162286,1.12861749004051,-0.490160684082844,-0.965326176816204
18.685,-0.477099249928279,0.369591298534496,0.819921957488725,0.671882659902058,0.500275186581695,-0.238959260109103,-1.19932627401034,0.0606224040438066,-0.224071140954755,0.536768580381095,0.51482157969235,0.0689615141375936,-1.07006452223611,0.16482078715258,-0.0123636706466523,-0.85305470795645,0.877884032526094,-3.64818799931743,-0.48950402818125,0.0306278908692051,0.119142830445145,0.858234919825955,-0.234033864623041,-0.835306464850574
18.69,-0.524621431146896,0.411133990688469,0.788362705261664,0.685050775657875,0.547095203285505,-0.263832384502354,-1.13712736838211,0.111019888854094,-0.208203913481751,0.689706755480662,0.484962195809446,0.0798856720398163,-0.954726823339377,0.105751351473111,-0.0765202274895639,-0.513682420260565,0.971629281561767,-3.65254825005489,-0.448968922701282,0.0364645606755731,0.0863292215489109,0.595117538595128,-0.037943650045,-0.711947874775089
18.695,-0.541472168030438,0.434316577195189,0.763965165608761,0.695246234300189,0.596778642722765,-0.289282208476861,-1.11047585649112,0.123128258796865,-0.258369185624324,0.663262911271504,0.465430081258161,0.113125518439027,-0.868964327030424,0.0203949548449523,-0.118592564460385,-0.325010354211877,1.05461372869336,-3.72163202803539,-0.407377186471582,0.0379777504531307,0.0551894265619332,0.288390478113838,0.140885808782445,-0.570409251791236
18.7,-0.547369381514709,0.456147542315309,0.75857706208231,0.692996098218133,0.645646657019614,-0.322806634015601,-1.10243910884418,0.145600972472378,-0.260631635985982,0.876841765948545,0.5072344492685,0.13205342688487,-0.789167433839407,-0.146887297017346,-0.170766063160384,-0.145556907746853,1.05414796709221,-3.86413085452112,-0.380283338924348,0.0231645265154802,0.0516312545888829,-0.0398164015964758,0.240609727433648,-0.42854057391084
18.705,-0.508056526163868,0.4514687737266,0.720296687390459,0.703580143279223,0.670262338125568,-0.371421789536687,-1.15318566640461,0.214765574503855,-0.251256869458627,0.995231604255593,0.524977432044946,0.137658568969807,-0.747867133161371,-0.23975378147096,-0.181575118709441,-0.154766710956067,1.02662318962642,-4.03044262339167,-0.353720774162324,0.0062440115387718,0.0376439719996772,-0.353880012073133,0.24480728646557,-0.306917434707433
18.71,-0.538818034172043,0.532260032653822,0.749162644863132,0.733490820638544,0.682675170207032,-0.440945779991437,-1.136569475534,0.230256997535437,-0.153486884412982,0.957860650404928,0.49448144711476,0.131599018671486,-0.738004272964143,-0.262031662025492,-0.152926576633557,-0.305924748513466,0.953026477724461,-4.222928045445,-0.32770213412055,0.00309211331255596,0.0267515010290652,-0.552556885668538,0.187941013080585,-0.192441985613503
18.715,-0.502843228682469,0.418910664658232,0.77013774744,0.52910424854575,0.715394016239823,-0.531242505755413,-1.07488326439431,0.155942450912436,-0.252846682690711,0.731032516006899,0.493517600164727,0.160264083064628,-0.739493230487618,-0.246878864522712,-0.133799834940093,-0.581511359088005,0.883543352981651,-4.27312076677585,-0.327777131380137,0.0156199179807352,0.0139673177998994,-0.508319077158065,0.0820737578774216,-0.125389881473735
18.72,-0.588166590215059,0.372236716367881,0.733326177797529,0.569172341008815,0.737550305262887,-0.561239317098189,-1.05657860830793,0.109128322723592,-0.244027301286207,0.856447767098959,0.524861141243116,0.130774300481024,-0.748332582558745,-0.233328678764602,-0.097087873559071,-0.979510834191962,0.825714708834147,-4.16684115961048,-0.303494396380023,0.0291859342667351,0.00308301826956167,-0.370193838863685,-0.0279201409998467,-0.088250714916774
18.725,-0.588148088637048,0.401598863680068,0.717163754743129,0.637793806558415,0.758566867488768,-0.56614617217489,-1.04425192097651,0.151103266718713,-0.167665131422847,1.03542422713513,0.57205752919717,0.0938251782385467,-0.779685930778172,-0.266797668286286,-0.0500974598252753,-1.69132075183736,0.78979101417887,-4.00888136686988,-0.289197147234381,0.0320352767589514,0.0126111205346841,-0.244715768975394,-0.122370594105246,-0.0998933312423151
18.73,-0.573016859130792,0.396493378094625,0.716201026041501,0.57548296150747,0.779175306510804,-0.590001208162247,-0.997988677784902,0.14042378627362,-0.136323635907766,0.968995998765256,0.611316996360967,0.0933136032563555,-0.800103427122689,-0.328463757591133,-0.0256371043124694,-2.18028947226266,0.779381419318116,-3.87098639669535,-0.261018246206308,0.0289361935084088,0.0389942284091126,-0.20507391955657,-0.183334046013648,-0.131677152446467
18.735,-0.560699265665432,0.388866549333507,0.711768720185328,0.499119075059302,0.799300663165182,-0.599595099489677,-0.951473328412232,0.149306898952019,-0.0701140753347081,0.965147971746876,0.667559696743044,0.0788979890280402,-0.812530588870785,-0.42153168997935,0.00907610338892823,-2.58892041629804,0.788386276328672,-3.7051266361001,-0.227638991032483,0.0146454567945153,0.0629961605171543,-0.231996119958764,-0.228806800275965,-0.202728968914441
18.74,-0.549345797859029,0.387888304231964,0.719667260725088,0.487713854365122,0.809657591598681,-0.597927857654885,-0.899226880522689,0.200899617236184,0.00885486399019404,0.941852709761196,0.752516216409446,0.0354581782100642,-0.809708159428236,-0.430057447873918,0.00374789561181865,-2.60715396047976,0.806152446755578,-3.58794353818544,-0.205019449929865,0.0065398025410855,0.0734908554986968,-0.286776068824678,-0.251734874580307,-0.294295148651369
18.745,-0.555819427097297,0.388381809522079,0.704878283523181,0.451640911274229,0.824335212909969,-0.590137613791232,-0.860927890323567,0.224984185800502,-0.0229044520044527,0.848727359653649,0.823089323849629,0.0105615250880617,-0.819312417314405,-0.280861382078495,0.0336027382493517,-2.04843463277517,0.888409601966796,-3.32383735828529,-0.173506725630709,0.0265302790334486,0.0725049978750722,-0.329675397584983,-0.261818161095382,-0.400117033640356
18.75,-0.584096600654047,0.389332301046208,0.678685733935421,0.394796978930032,0.835199663623212,-0.580790027024668,-0.811125518511171,0.232405532491596,-0.0297335424004933,0.69907474414162,0.901768965652024,-0.0272183715433314,-0.811977424105922,-0.104899328325136,0.0614368403277032,-1.17153864968911,0.979523663393801,-3.07911410819756,-0.157319777206853,0.0421574448901319,0.0630127911541676,-0.386952811950131,-0.243436077707692,-0.523322848897231
18.755,-0.595151710604547,0.381860335733988,0.661593197596865,0.369662355603818,0.821724653925765,-0.577720325860898,-0.76506351526005,0.241386432267644,-0.0132525901933507,0.515467583245226,0.98778886839156,-0.06309216887668,-0.822570190148096,0.0537961597846508,0.120267605415802,0.0203264015121086,1.0164375230191,-2.7892893404239,-0.183682267768519,0.0508341073473433,0.0728925347427368,-0.452804829966685,-0.205700946074072,-0.589414126137403
18.76,-0.59957059538405,0.388023139816206,0.663762471755654,0.311906377512784,0.809692441472366,-0.585684367397927,-0.758639892030362,0.223123398521058,0.00279134351591007,0.34797811972115,1.08820830533039,-0.0907216727738242,-0.84291113177532,0.128271284397238,0.165087569086614,0.983641614746008,0.947575865085796,-2.52605813822134,-0.230621741720027,0.0578061785380739,0.0896057902280303,-0.532875842955269,-0.165475268306439,-0.580655751239113
18.765,-0.562872793963545,0.384473449576995,0.668638458383783,0.235351839115144,0.794416857015761,-0.594207842837173,-0.780592031657719,0.200883303269263,0.022937298866472,0.249465157771435,1.1933557175312,-0.107875106868074,-0.873081217561093,0.163302157785204,0.193762050675637,1.70713117983859,0.797572702886258,-2.23283237215146,-0.298238371633917,0.0438799729575041,0.143605651717972,-0.616860514244691,-0.149544861769843,-0.421990350603223
18.77,-0.554040409728939,0.39966711420756,0.689781275542865,0.187273559258114,0.768604596082984,-0.613331000383081,-0.806792299791762,0.218523987150034,0.0182426024297716,0.140820947179997,1.29620045681748,-0.1617329719086,-0.897231893194118,0.233206302550575,0.152394582747044,2.00709146608148,0.638897258650577,-2.00046849992183,-0.337051573123682,0.0335522030127859,0.207054627820597,-0.545270835311683,-0.211545433413747,-0.201935657803336
18.775,-0.567873203740272,0.388091636006792,0.684928806653007,0.109643882973197,0.75706714401187,-0.640750506723802,-0.792854677477201,0.209734488059491,-0.00680221860213224,0.0595056284987338,1.39563723305098,-0.203751740724139,-0.91112850220733,0.35935969110792,-0.00352344486892587,1.96103781569618,0.484525626276665,-1.7575560045753,-0.37485287543676,0.020591630370686,0.260085901016423,-0.400463021118491,-0.341000893626473,0.0779744365020561
18.78,-0.617985154823483,0.341886598077767,0.676853626926414,-0.00952282005264451,0.743678551862371,-0.682233381730911,-0.82561020893259,0.218681988697827,-0.0582095679640989,-0.0226252558034547,1.46792367777735,-0.241053115879234,-0.908024815513404,0.425504030302842,-0.0786549016348787,1.7711744816997,0.379167067523707,-1.52280563643198,-0.390467979640912,0.0161984449358263,0.274929294502064,-0.324128476185658,-0.440931315019295,0.302461407246672
18.785,-0.623878021343627,0.350245775050996,0.66536101842607,-0.0293974731639849,0.723719160232729,-0.699171800048466,-0.825620449152323,0.147439583981941,-0.124073932192003,-0.223243388682043,1.5556564523539,-0.249101244435766,-0.909687462998646,0.444276194497167,-0.140320299180606,1.1185029973625,0.305471502353531,-1.32773294572715,-0.412063636814971,0.00466128005491228,0.24694287986215,-0.253637123945065,-0.553960926727878,0.60391688226869
18.79,-0.641738848508447,0.321539438870574,0.687912979885843,-0.100578666954551,0.722498501162295,-0.707212476544714,-0.85991842902426,0.113844663991036,-0.163191216653769,-0.263196706601503,1.62353581940299,-0.259731935643096,-0.81195694291974,0.41358188918958,-0.102708369059414,0.494123623225329,0.276970006507218,-1.28213011449025,-0.475771103017968,-0.00313925995014559,0.193033632070334,-0.180557139698869,-0.605880726179059,0.720014981244609
18.795,-0.641763642440235,0.280661523094281,0.718513403356731,-0.170662912471408,0.742902569771932,-0.726684260810019,-0.913621059111077,0.0840943016960828,-0.180846418589943,-0.390393921986977,1.69706016751241,-0.284547803910128,-0.809019804406855,0.371898984784734,-0.041310870136638,0.0344523089317553,0.611240021299246,-1.80724425502893,-0.511515591062901,-0.0230380128569888,0.124991470265449,-0.106972477967771,-0.63618701974058,0.687147493364556
18.8,-0.644098797927549,0.2567108741058,0.728872488743328,-0.185989261742512,0.773283795740739,-0.740288682610608,-0.951972721272961,2.27296725525388e-05,-0.22984365383771,-0.46880531297239,1.75297144526407,-0.296244419222057,-0.972028503088695,0.322307416527839,0.175393138347296,-0.121753976518786,0.651320760085325,-2.38391021963858,-0.51675723909547,0.00156262686214979,0.107945232290598,0.0137495243794761,-0.623714303699538,0.609278257406658
18.805,-0.672053559086681,0.261368446264036,0.728471726171223,-0.177287952663764,0.803614671463369,-0.756305406877691,-0.977121072989445,-0.135270316486613,-0.301443733115879,-0.313087348613774,1.8185341121867,-0.298177274858775,-1.03059952334862,0.25335218157828,0.147996524151819,0.246885319900351,0.576743874944565,-2.26555341150094,-0.49367087691461,-0.00543869199182994,0.104670710656762,-0.0958472764255536,-0.501128160224398,0.647187074561985
18.81,-0.664463066348905,0.263123401287862,0.744200861214021,-0.163457589692264,0.864399539181676,-0.749961297405544,-0.975661448025095,-0.155781906690847,-0.289457495195169,-0.121917678950827,1.84878863711897,-0.303353177632227,-0.994577736292425,0.109564305196486,0.0487966547738524,-0.0981678798256063,0.550244498784072,-2.29493480551516,-0.49940845620001,-0.00405575245490779,0.141125113319606,0.0893742175078171,-0.314336992951338,0.270732683357533
18.815,-0.643717212900734,0.250276429130318,0.759417575881064,-0.176522006161866,0.937742013008821,-0.732060206353574,-0.98744935294694,-0.131910505120771,-0.25526662499821,0.0962505884733266,1.89743569838851,-0.307809002404478,-1.05467655130071,-0.022733662839848,-0.0483789422148572,-0.865787725660156,0.526985110202431,-2.37669170345814,-0.564542084515918,0.111615493423866,0.24414715674255,0.35767325410136,0.0838749517339767,0.0674429149227826
18.82,-0.644612474601525,0.257344216959081,0.76841322951877,-0.174481394272767,1.02052547537043,-0.709229729384849,-1.02760279132868,-0.0965810170193119,-0.292782468154011,0.288809005968358,1.96088719992115,-0.35392853184414,-0.915234914045861,-0.144451182288896,-0.161820805846513,-1.51273448416542,0.531844658161126,-2.24906815979834,-0.418139902395835,-0.161368875886983,0.21643297293267,-0.373139810811351,0.274038313963596,-0.288908656954246
18.825,-0.659834775320195,0.3021500122488,0.757543552825202,-0.216950902476511,1.1022440873409,-0.693263134743846,-1.05987825491784,-0.0235020935625114,-0.232584659559924,0.382514458430693,2.00413971996176,-0.385362761836287,-0.979858137111769,-0.2502922509116,-0.222059458856803,-1.90878276698974,0.421578463239755,-1.99102964887829,-0.586916860867624,-0.150516267196949,0.369416211717212,0.226417401027343,0.263902074840289,-0.993211852281397
18.83,-0.648676325657546,0.344919172023004,0.755720068843379,-0.295559038943869,1.18232429269911,-0.708570104627662,-1.08453233172103,0.0709116530607915,-0.204980593875385,0.372864898793897,2.07157123018151,-0.415359999418961,-0.806638420967493,-0.171030001825585,-0.314815065205274,-1.70610532140644,0.517681638957172,-2.02262294666892,-0.863616497991368,-0.13233487040774,0.189282728722625,0.280574708969785,0.273989982204024,-0.918524795489254
18.835,-0.635366481588166,0.375471760487689,0.773765179341971,-0.398941699713056,1.27781690184456,-0.734453427190817,-1.11291819250518,0.104787481883017,-0.216477664109819,0.225797394163423,2.11863337413387,-0.426177761056557,-0.799417885784371,0.00709419273377093,-0.429136353087449,-2.25260003558758,0.372855073751004,-2.13883989005648,-0.967956890821359,-0.0682406855617564,0.221383869076837,0.375306706839444,0.363494701714273,-1.0904141257173
18.84,-0.62738939667211,0.371286934524485,0.786806082407247,-0.504623152862821,1.36575558973885,-0.754583091757504,-1.12748772649242,0.111941179595899,-0.198224744903158,0.0664282579099721,2.16227324427112,-0.447774594440651,-0.83201855291568,0.159120600000686,-0.419399819124846,-2.33689667266218,0.282441410061769,-2.1985511171055,-1.01527239837605,-0.0247272769475129,0.272412542445936,0.10841409851617,0.561325056851247,-1.09105732810796
18.845,-0.631023368960032,0.32406124273178,0.827173600057146,-0.593353856521818,1.5028199102288,-0.756152867810559,-1.14829716789645,0.0589646384642276,-0.182592994164402,-0.118910230336138,2.21652515525408,-0.474007022645442,-0.889688680973474,0.22592546651939,-0.264143722132043,-1.82412310311627,0.473964157098177,-2.08478292538938,-1.04180155820571,-0.00659454157742096,0.400798223728305,0.101182638296964,0.552549205024718,-1.14105157399487
18.85,-0.639054842654219,0.260616260018522,0.892972046854989,-0.700135927419834,1.68558102297542,-0.732181922751144,-1.25543339447312,-0.00464555281931184,-0.241509648810024,-0.255230875965745,2.27211780666417,-0.541291700329163,-0.993825203585857,0.149088490547519,-0.18312406201607,-1.80529222359119,0.484098235511864,-1.95560534073138,-1.08241960130969,0.0265936191798402,0.432544598405398,0.196777239249891,0.327739228930737,-1.19672250638676
18.855,-0.648167201869708,0.220741188983825,0.939041610743375,-0.704891103456024,1.88801677446668,-0.71935418312318,-1.35689331199336,-0.0897913990192886,-0.260341867654753,-0.337009045736305,2.32232547726549,-0.597258359941783,-1.15397655854619,-0.00212302065207217,-0.0468954038263241,-2.17658362384473,0.303800592567278,-2.01427228931177,-1.14450305976515,0.0876008029614295,0.388530154643936,0.328423905507412,-0.0263169674431116,-1.25057265708973
18.86,-0.63180475887482,0.294076091758491,0.956664584111715,-0.754565609161333,2.16499747195409,-0.698160544540133,-1.46582326656092,-0.162373625548805,-0.241905539726168,-0.188871783870839,2.38381594376608,-0.652121045593201,-1.29252099317949,-0.136138821939993,0.117090453721849,-2.57088942888152,0.0346084532636642,-2.24889345219159,-1.18896921987933,0.159499814377852,0.342431833495829,0.343257761499862,-0.416281623959441,-1.29356359809052
18.865,-0.607916543048787,0.341227850363086,0.936584505009471,-0.771573540453584,2.42808602534455,-0.726063670949158,-1.49722116007896,-0.143708095917157,-0.170058728532301,-0.100435430109539,2.44146888732907,-0.657277748584751,-1.39647833830304,-0.191202683719573,0.212142792361923,-2.85684937272874,-0.119106378374221,-2.37753459553339,-1.23050344439359,0.250358701466564,0.323081015584966,0.209911552996928,-0.702445873977447,-1.21186853421609
18.87,-0.633765550899859,0.400758262749981,0.948802080852946,-0.792715568490467,2.79406380676211,-0.766253505103431,-1.49660193432578,-0.0354247029797976,-0.169831410586742,0.106263923306357,2.53881644256196,-0.657821048792659,-1.50707546705026,-0.114552189309085,0.279599288740289,-3.19934997252227,-0.00850733958885946,-2.20323321047722,-1.31066356860808,0.293370200077804,0.400970656524906,0.0215637328010977,-0.95487682930729,-0.940031396574208
18.875,-0.62230754720681,0.407246494063654,0.956048718800878,-0.781239411803522,3.11152072218197,-0.837312914281908,-1.50956606981808,0.0626456216817516,-0.156994803912353,0.278287759402611,2.61712236716264,-0.677129738716028,-1.60606498400029,0.0208118792204839,0.279214968850989,-3.40680528695662,0.360613260407357,-2.01315734824202,-1.35092466750725,0.315195170314289,0.473227386740121,-0.09399436323598,-1.14933514275002,-0.625138099146434
18.88,-0.586708825438969,0.438644850110001,0.977093025140079,-0.730870858768849,3.4614076555275,-0.890844353957542,-1.5673236152136,0.132642855206168,-0.0791501624000719,0.336547201988366,2.70467407096913,-0.695338741713346,-1.59353670766235,0.194522587869557,0.236706010916587,-3.21399307706405,0.630743682384491,-1.90973295006255,-1.30092035031439,0.321618411641111,0.5634893146354,-0.341429131896929,-1.27184813062691,-0.180800981583532
18.885,-0.601957678038781,0.445153849462065,0.919127699654378,-0.705515069763414,3.75323609586961,-0.983522525972541,-1.58480577460321,0.106174784482787,-0.0786022563657734,0.33646202885998,2.78541585076623,-0.70298988629106,-1.60860275449339,0.308242527018329,0.179377410705281,-2.6171720864593,0.595566738015039,-1.70497124084841,-1.21920769172354,0.305821018945154,0.602875296183157,-0.692917564718225,-1.25486866705209,0.0649941674463598
18.89,-0.725632134172959,0.429181741412651,0.764656658409851,-0.661409829457597,4.13339180903363,-1.08233311437211,-1.53206597682981,0.0891888741176785,-0.0371101709008256,0.461572135121589,2.88977927210504,-0.724679579981573,-1.53666707655404,0.405935674555714,0.134489125243466,-1.73564224625593,0.592254729353504,-1.31999829780621,-1.17695292727806,0.223515908649817,0.609978694392933,-1.01470591215608,-1.01758796763886,0.0938238720345236
18.895,-0.679726424291292,0.523095717322184,1.09017136949766,-0.599726762766106,4.46952430019341,-1.18816958907645,-1.53052296206056,0.115712713236577,-0.0698138089522144,0.511383277643529,3.00148969717577,-0.734684261942229,-1.43296297311133,0.405342172007492,0.110304893531538,-1.27454837992456,0.593962555936384,-1.10761383415037,-1.22171545693327,0.180079294887638,0.647854055686126,-1.14524985580567,-0.744467814601992,-0.0391747624873676
18.9,-0.402104026108981,0.366976641754229,1.07031311342673,-0.587288728147191,4.83308508774307,-1.21235420862966,-1.61947842616104,0.0884130795608452,0.164483609288983,0.650564065009084,3.08505917957849,-0.798451399803152,-1.4459781341286,0.314915613981876,0.0851703817405415,-1.24830559535636,0.540441059087715,-1.06632412475244,-1.31196132627706,0.14495405577489,0.717591932543748,-1.12976309199972,-0.497403671196506,-0.184170909171315
18.905,-0.485194437033556,0.458398274449119,1.02554675824338,-0.395837038864243,5.25702117852748,-1.28833890717835,-1.70220080811142,0.0661708258240974,0.121334488581835,0.649176501988261,3.10623868737,-0.80056265027854,-1.49271359852537,0.228950077893041,0.0332481986472755,-1.46921354098286,0.513002826605774,-1.09340472039045,-1.40251541223501,0.149549005127775,0.755827839372985,-1.13198234792363,-0.315982814351493,-0.205875743902282
18.91,-0.591510917291783,0.402367154478507,1.02598343194569,-0.448621258651467,5.76116281000162,-1.44177494699398,-1.75120673566601,-0.0698295657735727,0.146979981449859,0.902148189859207,3.18951756698565,-0.868649126784251,-1.55639360789508,0.153436054215124,-0.0068896702070301,-1.74864396562543,0.538942552871932,-1.05978627154667,-1.49377926791528,0.201597611836322,0.764343533790046,-1.17792471213999,-0.103925170213953,-0.0344121064561197
18.915,-0.546284030236015,0.453337385900468,1.02300490609657,-0.272740500303955,6.2228409159691,-1.5168023635314,-1.83831414342158,-0.0313608077519784,0.194029394799353,1.07196940559661,3.29460184248553,-0.906223681885217,-1.6690710718757,0.0868111108715677,-0.0582550694003349,-2.11365652567777,0.608562077705418,-0.745540240667889,-1.51006970575497,0.205364813108236,0.790103661360383,-1.14845692811991,0.0600386354668063,0.173146523543508
18.92,-0.49515755708759,0.499417128602167,1.02422654031078,-0.0809514012352881,6.72574003790671,-1.61799758150071,-1.88251670169532,-0.097057378424303,0.227892634533453,1.18336114362625,3.31213716389478,-0.875880424048131,-1.72796068278316,0.142471573049684,-0.180591485113793,-2.15731605133277,0.619458209209631,-0.416881861655096,-1.45127912111426,0.170441708405308,0.838070132756474,-1.08430862323138,0.242136496594393,0.293542906726799
18.925,-0.435104479745062,0.51443986430537,1.02720102744906,-0.0441536654949193,7.30007515085209,-1.75952616168273,-1.9222887742661,-0.159483995720779,0.312650402954258,1.43964117927963,3.36279036141915,-0.819976900420246,-1.63616166677113,0.305046288536228,-0.305029162059127,-1.84325519694728,0.650791675820717,-0.118641684716401,-1.36456011898034,0.107203693113831,0.889864481366209,-1.02837455272675,0.473650703560818,0.292426276534952
18.93,-0.358935733656623,0.48212289978707,0.964158614388113,0.0247937699810841,7.81251636846611,-1.89535817406112,-1.90742481863137,-0.195895557476834,0.3675848571547,1.69430956539427,3.37841243207842,-0.780615570225537,-1.49076182300027,0.54792375690279,-0.448292077944242,-1.202845783817,0.779912992841223,0.228175622087148,-1.31677309752853,0.0412428582673603,0.919419741290844,-1.05475877393838,0.626665432849314,0.156334112279108
18.935,-0.364879331785251,0.516872488021013,0.941964456088871,0.342433114342155,8.43185551979211,-1.9625123006543,-1.83127101749168,-0.2127773505694,0.476934712826633,2.22239351202304,3.38819359041444,-0.7406470695876,-1.39086922711202,0.709528283517142,-0.52144054742353,-0.855329608849063,0.963651815134398,0.472550692745514,-1.28987119545443,-0.00936766305306314,0.939027917690759,-1.16990692466979,0.696009155258934,-0.0406600143685963
18.94,-0.339312467502368,0.473589848694657,0.886508202150375,0.557302696710064,8.90417256520223,-2.07980651582584,-1.80065927735223,-0.217691460670655,0.524179789572128,2.60766037348176,3.36574139819588,-0.692168948651783,-1.35067120463586,0.780786246664971,-0.513291697949505,-0.785998213595226,1.19158289922316,0.640863082014541,-1.20298352533003,-0.14165195828422,0.926479916364569,-1.34256263510816,0.649344123531113,-0.343854815752076
18.945,-0.332574737886352,0.470965539581057,0.866571996286642,0.831514935812826,9.48644703593464,-2.18628977036974,-1.7736896738392,-0.208887963454127,0.61572857663709,2.97991654704253,3.34099761606268,-0.658411500606248,-1.24360807664019,0.821561690663658,-0.466993918099905,-0.790016712608555,1.59277401900744,0.799051976347908,-1.19995931549839,-0.153809252775898,1.09296232452639,-0.796901728289572,0.524702339999043,-0.680623808737344
18.95,-0.320795937061836,0.412728452413061,0.971505275552435,1.03766946426985,10.0662350374969,-2.26535716859294,-1.83456018184492,-0.178858413218354,0.570087330384187,3.21158943736087,3.261288497935,-0.621779060504437,-1.04003177686541,0.766930029067139,-0.320892995100017,-0.737907440335421,1.99463243344038,0.637559005850756,-1.38411927259396,-0.205066504005656,0.819069094246297,-0.59255387944524,0.215474202159016,0.406989358805047
18.955,-0.247784637691084,0.530014962333273,0.943357808490891,1.14279769324396,10.6795901723611,-2.37039884190916,-1.91907498785129,0.0865826735130509,1.08277674486882,4.11042774894044,3.19751240340321,-0.782585478724064,-1.50590376583793,0.665457905009695,-0.0637432362883035,-1.44210121362994,2.74983943692127,0.645485155871734,-1.15259635417726,-0.324361929816071,0.372811043552352,0.654474719337804,-0.132595048973485,0.0352466346617256
18.96,-0.0970198664039703,0.717917704368288,0.956708313656458,1.17705671659089,11.4441196263969,-2.59785218641524,-1.95928278593317,0.253180811082911,1.20651828603925,4.30631850803133,3.12902157309168,-0.862896229501962,-1.78084854722671,0.555889003373007,-0.0977071691359946,-3.29530915134237,3.10482723877392,1.81890953611572,-1.18885093972852,-0.150093428602174,0.23049739111679,1.0436183113678,0.0874940842033712,-0.125844644536702
18.965,-0.132114910836379,0.639549086025688,0.951223248514494,1.09213378438736,12.283744581006,-2.8873901607084,-1.97178339467434,0.219962019013265,1.2328072764002,4.07577392454377,2.96251237066381,-0.885238556879063,-1.52321371141079,0.582610399552363,0.031699249703162,-5.97176550534095,1.32888875755836,2.03902665351625,-1.2609084278127,-0.112943689440486,0.111266722549464,0.293050809561054,0.67231970369444,-0.638753980047406
18.97,-0.400783350587213,0.58541115888999,1.00588785858877,1.137823799625,12.9396871953299,-3.09763803708074,-1.98055991018878,0.245002669607759,1.23038726003433,4.16585521467302,2.82174943476968,-0.931388865087473,-1.34312487115445,0.37484899631872,0.335661191202541,-6.77902846876508,0.589955444153778,1.48889810779492,-1.45650562494663,-0.127113495021875,-0.0158763861867634,0.614048403403426,1.0416039094945,-1.06460856948111
18.975,-0.843955547139805,0.512837814878112,0.902594662811093,1.22567895401465,13.5659617162872,-3.38155538988879,-2.02349767360049,0.448728802419147,1.52740008425178,4.56329774315659,2.62382202766183,-1.0882007219944,-1.56984381197638,0.212748817527668,0.641012532803207,-6.18504714269332,0.411297981040257,1.44062132936662,-1.55921180924679,-0.196971990369056,-0.275441531501118,0.939580542277521,1.50301553297246,-0.762919118493509
18.98,-1.23217320401837,-0.0300957589988849,-1.11942805565252,1.98064265522682,15.2132150263092,-4.10213614784999,-2.10067896516028,0.803618681206694,1.61942592586166,4.81213567834801,2.46836331536844,-1.22155912823589,-1.5592846578264,0.282296716691124,0.870303707783908,-4.70943004153087,-0.0656224225892584,1.24716634791468,-1.53656368710159,-0.22324793644643,-0.32647009143633,1.36311366700769,2.02343742832455,-0.26571938305096
18.985,-4.0106475558107,0.0913385405595508,0.910499219296723,1.82682281035654,14.994334753302,-4.1002498652001,-1.9999231452673,0.816118727866916,0.686895319834447,3.36792043965406,2.37534327887133,-1.24676316530582,-1.45229276661511,0.229821386304737,0.895544135724446,-3.23701681206721,-0.16234108745929,1.4543441775669,-1.73756528377175,-0.204679874301952,-0.149403279773849,1.91379507804961,1.87597242804122,0.35452103332628
18.99,-4.87022560193101,2.00830887019826,1.04671505395825,3.25083003120882,13.2168795925529,-3.25562463905397,-1.83317707387304,0.341464891586896,-0.928312015275113,1.27508858499543,2.52945582954044,-1.44490909919024,-1.62701256271775,0.080428101701367,0.912122878027473,-2.64793490345674,-0.383379492549295,2.0710649019505,-1.74332638049315,-0.290756240368315,-0.235557010600501,1.78431949160294,1.2738469714313,0.526288866648017
18.995,-4.9232611911032,1.60455083254154,0.740909893636985,1.34501889497714,11.2185980476651,-3.48599434111056,-2.10430969285992,0.6960267280207,-0.991464124193078,1.36245679445899,3.00177186709546,-1.85721822552834,-1.73718428414652,-0.192238039790673,0.838691222977895,-2.42736954700988,-0.759537356386644,2.81546122197401,-1.49650071324442,-0.335169021732138,-0.361667976581998,1.74930206468561,0.69196018713838,0.25563805257042
19,-4.74054335733358,0.0916643800399305,0.893754966744682,0.317391204809004,9.74252503276079,-4.08798449708374,-2.39434158798723,1.52937186675888,-0.573977119656541,1.45214297063442,3.34056285472403,-1.94561592552012,-1.87017610002367,-0.476589319918748,0.752976035693894,-1.64505093319649,-1.0843607383201,3.54024619324021,-1.22882831537848,-0.373339010931972,-0.362817472984069,1.4538942088689,0.413372443733834,0.0574857447548343
19.005,-4.50509612246721,-0.176757158126505,1.22567621326316,0.884009464668045,8.5948068849268,-4.26263041278536,-2.51750957805448,1.78514247989801,-0.430881495887282,0.306562362599852,3.6705548131475,-1.82740511255784,-2.01167330327264,-0.680703498547396,0.687624064313552,-0.301501043517668,-1.2939714066388,4.13857449697179,-1.03371510913839,-0.453667474285759,-0.187672778976092,0.664849896600353,0.198287688790384,-0.0209273862596176
19.01,-4.36680928416232,0.347090702162397,1.58584718412546,1.97038462483524,7.54907952289377,-3.90383518116376,-2.45112483679246,1.04255901146483,-0.576655895957754,-2.04658629042823,3.99537990006485,-1.79793287496696,-2.01020984775022,-0.685459896067255,0.676562392679907,1.0702965122497,-1.33774400793192,4.35073276223464,-1.28813501339552,-0.607066227055263,0.162703862897802,0.285763152722326,-0.0966701718637212,0.105772729581924
19.015,-4.22291239086193,0.383179589524101,1.77392288252546,2.8140219091694,6.46861052853154,-3.2764302295446,-2.36957969583851,0.0950454439022687,-1.16572066341333,-4.17995901049125,3.98826867881188,-1.81418713745704,-1.96271052977213,-0.432189576686192,0.525898834084513,2.00590127081376,-1.71617964455058,3.88542663183214,-1.54175563167637,-0.776827079285524,0.206813952491307,0.575962673695214,-0.797292965705511,0.515492078684755
19.02,-4.46112097792733,1.06739806250631,2.51278869999236,3.08953549560218,5.40309385865317,-2.70861542900511,-2.42519586479518,-0.629020823566297,-1.31132500993006,-2.9048266929421,4.08392923191473,-2.19167862521206,-1.97423979485148,-0.330613670262686,0.338225291511476,1.66231048168622,-2.07993302273747,3.3604239576982,-1.73733396982002,-0.843548452705261,-0.164952627378815,0.96165049020862,-1.36394158178861,0.934575379014976
19.025,-4.43632206045014,1.06129817095414,3.16803009444167,3.84302012602293,3.58424959348335,-2.44629994419807,-2.46192784866077,-0.443334490102312,-1.29790408038639,-1.56558303499671,4.00756982611937,-2.51726561574417,-1.9943501069127,-0.421011046043561,0.255447499637904,0.904497463639157,-2.31746062034502,3.21795238660076,-1.79078911080402,-0.752364251314599,-0.437890566344162,1.29273130280613,-1.6843012918316,1.26565655365487
19.03,-3.54600751384498,1.47631136949058,2.71195870149925,4.6301031898651,1.19337125417497,-2.70232912959724,-2.4000316184366,0.0576951892253623,-1.49991250598001,-0.588920032498462,3.82722484490649,-2.61751741587175,-2.0054741003236,-0.668315801866793,0.287955461139037,0.401541979159032,-2.42977345405068,3.33368262285841,-1.6651257105434,-0.646933307307995,-0.317172360265574,0.753743993011489,-1.23284231178868,1.47422826643867
19.035,-2.79484538696977,2.20381636384681,2.65958188621709,4.46665002002643,-0.975446999814952,-2.91825486660928,-2.26054599397974,0.402998552314216,-1.56969003165017,0.303137021320155,3.61936866269154,-2.54159707840093,-2.00782459310484,-0.960249436278994,0.358729412474646,0.570885459467566,-2.46009657479547,3.43247298468815,-1.42293721323545,-0.82001373774188,0.0228730439439181,-1.47346183553368,0.734057979793293,1.56454610186015
19.04,-2.90725226097541,2.7169923010289,3.44644016749021,2.70872805143944,-2.56338139600201,-2.76331856698119,-2.12867821432717,0.481023510245952,-0.786231770298072,1.43503383840189,3.38183912904879,-2.43811584656526,-2.007776423548,-1.07631742416777,0.322968505510711,1.46249014469408,-2.42584271140041,3.50702530272517,-1.68758974261711,-0.849908936436893,-0.241196073695863,4.23358672780782,0.994888332373721,1.35205494585217
19.045,-3.35235309155943,2.35732924961737,2.64509370817501,-0.279771616186595,-4.2026593994695,-2.63611893214112,-2.00084588593194,0.759778326961344,-0.34458358018484,0.183916708609872,2.74758518614569,-1.95628743770097,-2.00281261120274,-0.866210768418443,0.059241865319925,2.38290612990415,-2.40290909526233,3.96045514582612,-1.78341676336254,-0.249599587517068,-0.284030669139258,4.07166347433804,0.261416656206879,1.2471371459324
19.05,-2.27966805591148,1.81200949935159,1.92496165239858,-1.84499328833454,-4.96760976972301,-2.75721925512834,-1.86495034423195,0.714157142164839,-0.0341966680601663,0.375103580660994,2.29629423908526,-1.65880576783585,-1.99732956643349,-0.646512169767585,-0.2355422203511,2.90764405219686,-2.3346532931925,4.57862362379692,-1.80342515313969,0.225123895860557,-0.397791072451413,2.12349628893501,-0.590983869811016,1.00837614281968
19.055,-0.904037858292802,1.22816127109884,1.63671877936554,-2.38617734401163,-5.35833402428668,-2.58687296111258,-1.65139266876236,0.431500155848879,0.0814590276855982,0.128144468688235,1.99892357217978,-1.58612043273627,-1.99293675769186,-0.567540185091297,-0.498999168163705,3.14037568358768,-2.29667227112421,4.95587370215775,-1.77157046571626,0.385878582435924,-0.47620953178326,0.163040548451465,-1.1814419361695,0.721718830727333
19.06,-0.199994858802916,0.556052720750609,1.50104566092617,-2.09013203830693,-5.47124156011266,-2.54248226468577,-1.48363784372602,0.0925775253368849,0.140427611809936,-0.226324509342326,1.70536453054986,-1.70413293228375,-1.98991939509095,-0.590292839920977,-0.701621273880246,3.3075577370088,-2.24711470802275,5.04593160501265,-1.65669450246214,0.286176080487418,-0.403146106186157,-1.1002096570974,-1.5425481617543,0.443807159605238
19.065,-0.110805246764252,0.141100565463559,1.35880429358189,-1.25331041815275,-5.36388383884291,-2.59539732740138,-1.40456469323681,-0.192225481048804,0.194658162452224,-0.339667337578812,1.34140798954541,-1.90593313680343,-1.98794036414771,-0.58491878748858,-0.828818841354836,3.6614295073565,-2.09045859848954,5.02357217789447,-1.37303625798664,0.270397921199819,-0.283690771809647,-1.71491863596415,-2.3720588444422,0.000345654345767568
19.07,-0.140299131140678,0.33469043382879,1.14426730328303,-0.285720364398193,-5.10246502046753,-2.54093162455803,-1.26238704727993,-0.450252733331769,0.0900962893059752,-0.397657825383678,0.993465160277184,-1.95692474655952,-1.98701858734144,-0.454006647085,-0.851951379705274,4.37247911897274,-1.82343978432823,5.28659025041872,-1.25403063242264,0.278608652477847,-0.0787314842719607,-0.222243028251611,-1.83771923005067,-0.121782568063154
19.075,-0.101177413244377,0.966543004482334,0.984713187878796,0.327559325681082,-4.73489997055015,-2.24889365584494,-1.09282312651399,-0.552795900707799,0.0729980674936254,0.499501978772275,0.594864419010325,-2.04331724652841,-1.98553090109947,-0.359322505118542,-0.92206600503547,4.97707453465022,-1.31413425058972,5.61406597933267,-1.1667742722129,0.184848410432743,0.208298547233557,0.747765451030815,-1.02019712786238,-0.303170721706608
19.08,-0.0880448986142754,1.43589096475625,0.905110256608384,0.315531837085604,-4.47491258683433,-1.9269488199734,-1.02504984028226,-0.434754770217313,0.0660045560562737,1.39757643206687,0.236982719335799,-2.03863202668731,-1.9029470828726,-0.400452840723228,-0.999054900325571,5.11701407288387,-0.742233083595442,5.3777549331084,-1.36086411202129,0.0613831165171456,0.364217845953851,1.19444293315809,-0.0221288218607258,-0.353603924357661
19.085,-0.107825646437953,1.6579669297578,0.873857829139608,0.0644269518783911,-4.33055220384426,-1.63292074132209,-1.01052774245442,-0.195008300670299,0.0203214243413076,2.15483749136809,-0.0631918318782745,-1.96064388709143,-1.72083320509682,-0.492594539309355,-1.07541907371224,4.40345289646455,-0.581502598863821,4.78150167735351,-1.72723379077862,-0.00722001510920343,0.27473812896256,1.00356960059947,0.986361750768429,-0.0614959562258387
19.09,-0.144352347027741,1.72459589084226,0.877620971716327,-0.295734257903937,-4.29489754002613,-1.34884966080947,-0.986058171391299,0.0680254326794309,-0.0736189007352222,2.55774219850417,-0.363574451396574,-1.78639150766212,-1.53743562239655,-0.516710360971275,-1.15662037891352,2.87554223276289,-1.05470404263795,4.21611581845436,-1.86264039042977,0.0461379915818906,-0.0479569180826173,-0.0787935963467762,1.7574989812586,0.691723501935923
19.095,-0.178019763722859,1.71637728749477,0.88379233224934,-0.67060308998184,-4.35212199689514,-1.03067133287996,-0.899823526857539,0.269853121799104,-0.182854877875835,2.41716202564936,-0.747905171251897,-1.48680028616763,-1.674160599458,-0.393379263313023,-1.25907510026029,1.56113125418574,-1.6188990001517,3.98307855831159,-1.68222463725086,0.12276203989375,-0.274305792748734,-1.30841181556864,2.1282226628466,1.09819204141844
19.1,-0.195801253649939,1.62592656135881,0.840898671506484,-0.9979289722558,-4.48222967179509,-0.627139721819033,-0.82411011150433,0.406297222856522,-0.213514000944912,2.10094293048784,-1.10037863927613,-1.19475083842565,-1.76271738503214,-0.318815073201663,-1.1206510909569,0.831632563569785,-1.74116763492668,4.14070954072818,-1.63815347103192,0.103756275400422,-0.216531267345991,-1.52406444833889,1.77310283631319,1.13847143415176
19.105,-0.164826723267065,1.554779318176,0.790924223468805,-1.06646114049277,-4.6356598857842,-0.124911646598557,-0.752752858918665,0.468531775121992,-0.20702810196625,1.58239408084361,-1.51210185911187,-0.905751547029305,-1.74146608264729,-0.27497081563991,-0.946131881443413,0.822216332463346,-1.66523140597736,3.87752417716589,-1.51658651975027,0.0458534886995511,-0.0671462613129301,-2.06870145307353,1.19214156941178,1.32995273267887
19.11,-0.126021976136971,1.4473845897527,0.729961203502484,-1.08325783064598,-4.76595620640281,0.353023251816816,-0.677534507662067,0.443111194297678,-0.207759775370359,1.11913869673257,-1.90919667553081,-0.678961430379556,-1.70731177660173,-0.216816850210104,-0.80080377805215,1.05437490071971,-1.52421279907285,3.6551104540704,-1.39917145126653,-0.0974386127960561,-0.0799880744714228,-1.87328860916479,0.294269391257997,1.16597128175366
19.115,-0.0809762870750148,1.30958879817066,0.668045709869061,-0.992135727480178,-4.87807886219391,0.861758241836238,-0.60515883511782,0.376595259569512,-0.213056647514989,0.739716535160443,-2.25609134593632,-0.481298393039879,-1.67748085929288,-0.153618652636708,-0.720775429870845,1.0492871066062,-1.42311348298244,3.59719068544263,-1.29338364659684,-0.252885310310518,-0.163077506588962,-0.594874519346039,-0.831105216775151,0.543034488546674
19.12,-0.0421636810055032,1.17294810623041,0.6034688339267,-0.801265295267561,-4.96728411911851,1.344125097001,-0.535378881524056,0.310535945507358,-0.203657728731399,0.460901570526443,-2.54205343444993,-0.304091926868602,-1.63987498525538,-0.115377078009023,-0.699801668589924,0.58762357086434,-1.39593809704465,3.62341337881271,-1.06260159506077,-0.218450214257859,0.130733984482761,0.579184377150951,-1.77776585731936,0.105654215689771
19.125,-0.0316715658331593,1.06854419896405,0.542314405442411,-0.552119871125398,-5.02842567812527,1.76009971742009,-0.458953734257241,0.267370011564663,-0.159477477967352,0.317283984530412,-2.77573974525632,-0.16534472781199,-1.62544233373122,-0.123734362614801,-0.670863576466411,-0.0999443375273258,-1.37156341912021,3.6254445359063,-1.02203546200217,-0.149739058514322,0.123006088684926,1.11825954456377,-2.30465851492515,0.202098919893896
19.13,-0.0822142453966022,1.011192538273,0.511270809839407,-0.312880824200581,-5.0617376043693,2.16488804333309,-0.358349594650066,0.212234824903518,-0.157954066604342,0.254762275454185,-3.0268351126747,0.0212119851509359,-1.56480612699507,-0.167430253227472,-0.604821161234395,-0.784722108103153,-1.41371220667168,3.56200582229784,-0.927396237715879,-0.0779149285587717,0.149373709891358,0.597898951162551,-2.58851911623281,0.0307855276591376
19.135,-0.0938719878730199,0.986093147586763,0.473063681863734,-0.0948271254752086,-5.14456445469717,2.53343021674772,-0.288338664544155,0.205183021104449,-0.197940831249632,0.0767495982747519,-3.33007584686125,0.241968985435198,-1.49897660808791,-0.208374573318511,-0.471863392366893,-1.0220770766675,-1.39934453984474,3.3994842615127,-0.860645951641581,-0.0728768732457433,0.236846211700938,0.0398890396057186,-2.42718192066734,0.0412134548601926
19.14,-0.0841703370360037,0.947228897219112,0.438605934146582,0.131029988449826,-5.20657342953005,2.8459403749201,-0.261822380575369,0.21004242337211,-0.208858553201527,-0.0611702111992906,-3.61443096341644,0.434820844378026,-1.39979958101213,-0.228321941982004,-0.377590377909457,-0.844831303235229,-1.30413928171272,3.22292379857299,-0.810195348852002,-0.0897841866472349,0.340244848576294,-0.157451777621584,-1.89028548594986,0.209298982232772
19.145,-0.0666367396153519,0.914840448107674,0.416910705588755,0.188996158645519,-5.26889634653596,3.11246723814425,-0.271356505197485,0.21943857415775,-0.18259204601516,-0.156373620174526,-3.87519952893015,0.615599671786179,-1.26317854771357,-0.251542410063781,-0.363917266504378,-0.713508902286555,-1.25856929452463,3.07545763025645,-0.74763532660033,-0.070167790892241,0.401266334450359,0.0330385869526753,-1.18059453116224,0.395635433341036
19.15,-0.0713918660595381,0.861237922805223,0.410818155450992,0.139575125003644,-5.30613629270927,3.31383453704721,-0.297149162898692,0.231247106220453,-0.141858027668526,-0.215209704936895,-4.10761033900033,0.798974709543714,-1.10699031621793,-0.306566948276301,-0.401210159098138,-1.05428489453302,-1.39039024637364,2.93027989614489,-0.676704554820044,-0.0113674380275463,0.393529427358509,0.382063471920206,-0.510153241302112,0.573564424221884
19.155,-0.118515286385017,0.775724718961528,0.417403447178065,0.130032893031184,-5.30085219429934,3.43949112806553,-0.314466195318322,0.23862314111855,-0.124898419307098,-0.220822199265111,-4.29365821487171,0.977973890237728,-0.961419071865819,-0.346075975026691,-0.393248450313297,-1.44665419158628,-1.5153747519517,2.64240593077228,-0.627059034669691,0.0561058169975762,0.291107190032373,0.298067589943512,-0.00412931403694002,0.777408079267567
19.16,-0.188993298794742,0.729928009952426,0.427317462716228,0.252087401235629,-5.29891488097936,3.52861018738723,-0.337790700305942,0.201838119930527,-0.133127906294271,-0.259255796677442,-4.47621774984261,1.16822018688123,-0.86958524022221,-0.343976297781702,-0.327662436206863,-1.29628672295123,-1.47164784213042,2.38264032538336,-0.57611084791225,0.0911915503300239,0.202922663166366,0.0380005291906822,0.378098133546053,0.875832399031841
19.165,-0.321520695407014,0.703321944435252,0.513036591519336,0.295260743928076,-5.29972387012486,3.5836909476946,-0.358332789472161,0.182198471084824,-0.186758171358413,-0.274004252392301,-4.72416353953364,1.38703615950792,-0.773441236050395,-0.352609424575261,-0.224377714879904,-0.864674208835616,-1.34709564453089,2.25342360316418,-0.532861019644245,0.105756075312988,0.140427796304567,-0.173377951807324,0.688414111636498,0.825509713755429
19.17,-0.469503255704052,0.69895280025158,0.603571395787614,0.286878612997588,-5.38775344224293,3.65025102922576,-0.364871616702252,0.152905510435693,-0.279039052393462,-0.265146711249332,-4.93517599591034,1.57717797509518,-0.659992368781201,-0.369321195136539,-0.173122974693121,-0.259586664273173,-1.17087096339973,2.20110081614183,-0.509571828933399,0.116773174779582,0.112553041301975,-0.272804596015062,0.854197848783142,0.648846952830564
19.175,-0.644264672474541,0.683071132087049,0.68118237623175,0.311372179079656,-5.5957193362768,3.70013873696893,-0.364201175796542,0.112151184097839,-0.362379865919815,-0.23895667549826,-5.09749016380002,1.73252365766754,-0.537349347119053,-0.391407652063335,-0.207118341553525,0.361117359299974,-0.974136042128086,2.17017015467986,-0.519200399969885,0.145745371610268,0.125523422212607,-0.259489657749435,0.73696208468175,0.422560845423065
19.18,-0.811038670758561,0.649424124661135,0.733173594478223,0.412080333816536,-5.89212294638874,3.70926540785371,-0.372891306268773,0.0763529068766934,-0.377561060609611,-0.196016600319743,-5.24133317667069,1.87311816216711,-0.454557673990701,-0.423435140141489,-0.19707972884853,0.744540235661701,-0.796331114434561,2.13341715968123,-0.531858709535905,0.172749004154778,0.1539679259415,-0.16963025022999,0.353825281321,0.29616523049208
19.185,-0.872844522082526,0.634968506052045,0.750188459246006,0.559020249894405,-6.17090038085389,3.67006251490832,-0.404589247030126,0.0920657014036828,-0.334381002194283,-0.0604249739575057,-5.33273189869035,1.99464860240386,-0.376910492962118,-0.434555037051949,-0.274053628900774,0.838340194286199,-0.695118948299545,2.07064239738633,-0.536185942412461,0.151212909085145,0.174656865216784,-0.109551309881083,-0.0779200080932775,0.25384543936258
19.19,-0.920933130933513,0.616224658066324,0.710993579309491,0.591561031795593,-6.42817603078456,3.53379797829384,-0.487754678298929,0.0988315724671182,-0.320428987957026,-0.00780857092953992,-5.47614726152892,2.1747686196372,-0.288291840473025,-0.461099921656396,-0.287201925267388,0.84661659866519,-0.647544166250192,1.94322661448621,-0.532118068175796,0.131232765106264,0.175840291590481,-0.0901132076978683,-0.385566025987863,0.251958526506152
19.195,-0.931288421453411,0.589090515843887,0.692206784192844,0.643280767306563,-6.60089382000835,3.38298722586815,-0.549473345642249,0.0843117221803799,-0.30550158017268,0.0703241329624166,-5.58627993687983,2.34449677139116,-0.204722271063998,-0.500458562608988,-0.332980513071698,0.883585498726967,-0.628620632644412,1.79256309986114,-0.523174883562926,0.10682539236214,0.16298291009333,-0.12950378092109,-0.525544532833649,0.273392223657931
19.2,-0.95012001955166,0.552330013637783,0.694441407581552,0.719459170575697,-6.72800738516281,3.23997248759093,-0.597857781839676,0.0653207610539448,-0.303217887534009,0.15324900752252,-5.67041372060915,2.50683348008409,-0.145111333704947,-0.543355115608443,-0.409037398419784,0.866288192254494,-0.608864919581888,1.68320358226463,-0.515168396752835,0.0690756242634497,0.149519376961605,-0.221671114120545,-0.530492588175167,0.320279578265078
19.205,-1.00445012226102,0.529898275514747,0.709240318751067,0.81981698076856,-6.82241697353602,3.11841707359861,-0.645927795964923,0.0529075761307539,-0.317578524139116,0.203173934075321,-5.74800369383835,2.66211025800865,-0.123613935520353,-0.575260308533485,-0.45455102444444,0.658277336011978,-0.559273587036125,1.65352209081011,-0.515192180540997,0.0341815445865291,0.159746060182969,-0.299957915174288,-0.494091063979981,0.41381880726391
19.21,-1.08174272065311,0.550682687855963,0.725785538179642,0.938241235284468,-6.88781365240899,3.03420056116632,-0.696104328880643,0.0308561001623506,-0.324659382525237,0.162567089038711,-5.82773987457097,2.79566990167887,-0.100762938423712,-0.569297936828051,-0.468745339751657,0.411224012312374,-0.435288082852646,1.60825021328332,-0.516385289441116,0.0174929296417132,0.194393627782254,-0.270401352321147,-0.478921194255121,0.509756735012888
19.215,-1.15003728830008,0.60964783915223,0.739810106262964,1.03782535360028,-6.93836608388836,2.9940904737355,-0.75851198103994,-0.0135996500392786,-0.31022130985,0.0736867797185636,-5.92368056254989,2.93643495679157,-0.045235783437462,-0.516553759919477,-0.460602034949764,0.258336787604746,-0.262100317865938,1.57720838947404,-0.516227950826626,0.00525705615063141,0.201612196811705,-0.193353237442439,-0.491577931759999,0.582404564721663
19.22,-1.19499333404694,0.678309653827649,0.739757264055903,1.0872874306738,-6.96245171596152,2.99111429693196,-0.823554568572659,-0.0488634833867245,-0.300619220199991,-0.0520842239912448,-5.99693283317325,3.04115839989729,-0.0301666665811515,-0.476999110012574,-0.438790545529703,0.288147419712666,-0.174745260509677,1.5870538269124,-0.504888356581916,0.00069872005007911,0.154594592643163,-0.156000822640552,-0.513569473363773,0.602510100559437
19.225,-1.20550469312419,0.709863815285812,0.724966129703106,1.06818108729882,-6.94852914928847,3.02830672033539,-0.904163157210619,-0.0963440038353966,-0.270004108038233,-0.261281649525343,-6.07489015213943,3.15498293854971,-0.0669063614364546,-0.459690232675961,-0.427074288743024,0.353685122780901,-0.124275288976843,1.56775384894871,-0.480923343794444,0.00994592481663853,0.0916785881767993,-0.171823922680814,-0.515163052460071,0.587036678102145
19.23,-1.20525348292142,0.699157768650991,0.716412809513244,0.990872356967247,-6.86082870539899,3.14718198269589,-0.972242284089772,-0.149918721077506,-0.216401087880655,-0.449855110180841,-6.11255094377428,3.23490206581565,-0.103391447252815,-0.440827437892066,-0.44675928980744,0.307284342926213,-0.0849325286767966,1.50755555311545,-0.45394432911141,0.0167938049611882,0.0153384767764229,-0.249818938878145,-0.539370253516944,0.536249484751971
19.235,-1.22404293348591,0.655144508204218,0.745899997381315,0.922778923257572,-6.7318102507917,3.29916885226562,-1.03034845146791,-0.228689309831241,-0.238055164209118,-0.602833097200977,-6.13702441433145,3.29778380643502,-0.101574842113634,-0.405712996505043,-0.516258738454747,0.201694717497896,0.00733944457097126,1.42985940264456,-0.437591500367427,0.0362335198226024,0.0311390225920974,-0.346782510140966,-0.577627462143004,0.463532452785911
19.24,-1.2515072252825,0.556719477033619,0.832997002546428,0.856142957943126,-6.48002282233884,3.57692654768837,-1.10437773169935,-0.32345773899775,-0.250762077900381,-0.776764063749891,-6.17818398991977,3.36297615139295,-0.0554546560633841,-0.378268470673068,-0.544128448421965,0.0269143615138296,0.148379501177661,1.42348107858581,-0.396673675391885,0.0357057622889413,0.104065201622543,-0.374264148285453,-0.627844578147938,0.378014968565596
19.245,-1.27775608110947,0.517961733884881,0.915786836786858,0.901764909139004,-6.29814005202677,3.78352348002089,-1.16606182887101,-0.35432544661455,-0.287085720441615,-0.782108243005353,-6.21417964892085,3.37837028503418,-0.0261284008356291,-0.3547830052145,-0.612744426442934,-0.140592184686306,0.289577301239672,1.40755696335968,-0.369727838520609,0.0463314236697331,0.150117427874515,-0.308537596118822,-0.634855878394039,0.296400332105532
19.25,-1.31223153387738,0.515626238229579,1.00947129309479,0.989013098774249,-6.12801656972055,3.99296563889124,-1.2249802265543,-0.334067102746283,-0.347790223254516,-0.726286979616808,-6.25695526147809,3.36660869067791,-0.00923249459017202,-0.339539357658241,-0.6741607226819,-0.253389734543967,0.462761919635563,1.37255844037092,-0.326326109571181,0.0454579741534399,0.150258331012856,-0.256030852198134,-0.599987658921278,0.202524898658992
19.255,-1.39690425788612,0.535655338395,1.13568235017798,0.995626444442056,-5.97436259269384,4.21092840691547,-1.26952567586803,-0.310410983201065,-0.301310102130323,-0.694758968967939,-6.28837002988113,3.33510304843837,0.00832111207705584,-0.340743639728853,-0.695089955719022,-0.324512735793935,0.615300111968429,1.30924150434016,-0.291861705650335,0.0492274464189155,0.120351479787138,-0.275963518417429,-0.540064595441078,0.123277818840501
19.26,-1.49259558804046,0.433575206910826,1.24164114541193,0.865741189280176,-5.89537128341721,4.3668243734069,-1.2948522678727,-0.359394120642022,-0.355704342052319,-0.970257053235632,-6.31421470864209,3.35426706197232,0.0271248384325736,-0.341573431546269,-0.66187266666056,-0.33408366750992,0.702575193486614,1.25838965041406,-0.27334340334277,0.0581608659706616,0.11324460639175,-0.313028925837654,-0.458510629890216,0.0843744359359601
19.265,-1.50561631240382,0.0266963510480597,1.32714744377413,0.637397469018512,-5.7682347163722,4.52804142072708,-1.33057699255899,-0.464068522324439,-0.406502389564637,-1.17013043200032,-6.38985007052533,3.37818524279543,0.0375660512636948,-0.332746524493963,-0.58733343664179,-0.303792211153922,0.724619021847668,1.2163183807373,-0.253724551800862,0.0420540733091423,0.136091941955227,-0.352001214459922,-0.385743946843107,0.0664249882466872
19.27,-1.45800177445895,-0.126279307823517,1.42084952531548,0.961030020887517,-5.66497779306144,4.62588944711879,-1.37011918680009,-0.511129797012217,-0.36559310622048,-1.04586254857254,-6.44664917554645,3.31778490377648,0.0350989646090715,-0.307433474789101,-0.479395831029551,-0.186976159747856,0.685981242600982,1.16145904180878,-0.232018669522076,0.0202199273670416,0.17420313687751,-0.363895126888997,-0.310711855585299,0.0595109440778718
19.275,-1.47625043817906,-0.00961323245248442,1.44984845400622,1.28889321270002,-5.6214781724055,4.5963892519121,-1.41756216422749,-0.501298005070361,-0.39462753841568,-0.711523431227877,-6.46583619068041,3.19380572409001,0.0229449540502893,-0.27338160069665,-0.336728464206215,0.0564055975396159,0.588095297463817,1.13704405589537,-0.207404171853805,0.00522492313396658,0.184351806142079,-0.346875231688224,-0.22079573790704,0.0562234097407908
19.28,-1.51496641367769,0.0679620991203029,1.44158145774916,1.24934148700117,-5.60798498872733,4.41184412091802,-1.44465923702875,-0.414948146345666,-0.385253101726024,-0.470742916946121,-6.50409961746003,3.10223887462428,0.0114081658098699,-0.265211454965576,-0.20384358652369,0.381626472922728,0.447229474280855,1.14137540970448,-0.187166392923167,-0.0240455910044785,0.178853670071947,-0.311982039716489,-0.153168096805151,0.0644710758602088
19.285,-1.5450173412579,0.073814043955709,1.44747765124497,1.06264351801742,-5.57390991218946,4.11408602284083,-1.47233599634951,-0.322590459016947,-0.392393584657405,-0.4661322241426,-6.54407642224672,3.05366160532591,0.0011288523418712,-0.286031572795312,-0.104438762723768,0.778115828196823,0.307146055559249,1.12420482314529,-0.168976978449453,-0.0632382312219018,0.174960268259825,-0.300354672566978,-0.0977665199982811,0.0906329736207312
19.29,-1.56244018221503,0.0566416736810826,1.46936337481104,0.842976073815167,-5.49948699059912,3.7723798352543,-1.529777530881,-0.293875529491152,-0.399380136147634,-0.404221976743105,-6.57961284288235,3.01598744807187,-0.0147710552266458,-0.321718116844141,-0.0190712225968424,1.19742745120657,0.177927136446544,1.06679009172656,-0.174127274690263,-0.0754895192026345,0.172264346246003,-0.27540730556394,-0.0733497844348124,0.111080810463926
19.295,-1.61084363097222,0.0663745732615644,1.53172255833954,0.640344118310969,-5.39064952119266,3.471299976125,-1.62230760732528,-0.261935668383757,-0.398968415991205,-0.564920407834689,-6.60787492041048,2.97360466514229,-0.0316834386703582,-0.359029392507758,0.0262008069179652,1.43170047432162,0.0886118446347222,1.00656665575666,-0.195731015724279,-0.0829950709213495,0.190300766818387,-0.248257451007944,-0.0767653292012886,0.116468621100055
19.3,-1.66974967743227,0.0560114635836966,1.60479506379938,0.413706251769236,-5.28681519936879,3.18996069082336,-1.74220621273059,-0.311712585681183,-0.492547937452895,-1.0364603744536,-6.67708841755718,2.91662774781711,-0.0644168224326213,-0.406224372156872,0.0675327792031396,1.61816367211704,-0.0213099790140778,0.89915348716026,-0.229211959551089,-0.065085406497414,0.194622132209067,-0.146995781733511,-0.0777678862214088,0.122584415524237
19.305,-1.73371478840617,0.00392347228816809,1.63270042975512,0.245206855194071,-5.2061877653897,3.02254140200492,-1.88740768643443,-0.408056285603324,-0.581203450804896,-1.38525665526168,-6.78380309886913,2.78665722897385,-0.0952512389499474,-0.429758052024409,0.112390561561432,1.62320559893474,-0.172026053395732,0.704870341530718,-0.270671682832759,0.00354948457463449,0.153936191995999,0.0412845380680168,-0.0530078384635472,0.135558654946207
19.31,-1.85795189495236,-0.0863185302788319,1.64261092572028,0.0251964190316587,-5.03869866313766,2.73424631658909,-1.94030003587656,-0.534164315514092,-0.608296454683581,-1.43555375098063,-6.80008332941858,2.60085133924392,-0.152446645409137,-0.421052107075498,0.163542999444135,1.45114373833407,-0.27279573852527,0.544316385955094,-0.316111734726624,0.0364165769493311,0.122406548569971,0.144321148741098,-0.00450995597501118,0.154462712433646
19.315,-1.96440183582302,-0.109330728705748,1.60911159129931,-0.0531499943539278,-4.9232966221584,2.54402087918822,-1.97487532126248,-0.597483857668203,-0.64425913619779,-1.39492462550264,-6.79712017968634,2.47652665185902,-0.199051981898656,-0.398130213117386,0.194354495049627,1.20911659687323,-0.367405967862275,0.408744686046031,-0.358054764841041,0.0656452372162367,0.115395979167884,0.159620307914505,0.0577908707380883,0.16557326114236
19.32,-2.09291573251937,-0.13888777986104,1.54294012723445,-0.178790897127761,-4.78146177022139,2.29961728110033,-1.99659990181526,-0.686361101872215,-0.735719956425978,-1.22541739438024,-6.75168333395257,2.33469228389442,-0.240156224904809,-0.35370257557608,0.212773182450234,0.890571883819391,-0.413166646610004,0.32603775180841,-0.431548155316094,0.086907024660438,0.136530881929977,0.0717413204194109,0.157119685050282,0.168684671796722
19.325,-2.21341508045332,-0.213965555163049,1.4630776103849,-0.340116199445175,-4.6188446413284,2.01915944687417,-1.97071650101841,-0.693466999824166,-0.815202436157363,-0.714264163885548,-6.67913043890155,2.10791410609838,-0.281134080241109,-0.254303399964255,0.229858672823501,0.378685992357257,-0.453499976775201,0.237660556387894,-0.509698773871149,0.0679215210693198,0.205427565029669,-0.0350687098574402,0.247032871067201,0.154196260262245
19.33,-2.29873961144333,-0.296189771655902,1.36660969522287,-0.432914251571432,-4.43980556609328,1.72688821944682,-1.95077609820754,-0.646336693174064,-0.883231443075336,-0.148947091134414,-6.5957300866907,1.89666569799517,-0.303909079108962,-0.10457409817502,0.233771719363385,-0.084503639050736,-0.46593953391951,0.19675075157177,-0.582356684284543,0.0548062183946989,0.263764441130249,-0.056365669164079,0.243300715652034,0.147937701456785
19.335,-2.36478917357692,-0.346011516942684,1.27241558476511,-0.442359274925049,-4.2714845922012,1.45369334783328,-2.03187728025115,-0.534810261216954,-0.939684220077392,0.32051542376028,-6.46375757641068,1.65208963988004,-0.328514846638555,0.104884964580032,0.247691057661463,-0.606235550553156,-0.45771251269554,0.153683011310862,-0.662709233981404,0.0574716958276377,0.323057250754471,-0.0587371440343217,0.172822279066933,0.150055915117264
19.34,-2.40519254846089,-0.37336364153318,1.18177566756959,-0.437551411560167,-4.11644139047051,1.23385584268705,-1.91081366117384,-0.477185065367312,-0.950284271907211,0.499689836338982,-6.4063812120364,1.5609755973517,-0.336309745680924,0.223815045724233,0.262690457048117,-0.841568214490856,-0.442329163432765,0.114116381658706,-0.711240140770786,0.0315258481310537,0.367887050742646,-0.128060690575354,0.0776997180206739,0.157252031875512
19.345,-2.41811156887613,-0.379481097398004,1.02552205851133,-0.33434267350237,-3.85820760000208,0.940003363749744,-1.87595609891272,-0.410135173214276,-1.03700105816798,0.542504640125772,-6.28611724300078,1.34779897941515,-0.384816526691037,0.320904516962258,0.272529539978586,-0.871748902944583,-0.438361929004193,0.0143650895674687,-0.740738916833964,0.0129770942195607,0.418276010287044,-0.276016684633902,0.019464784766355,0.175716958097581
19.35,-2.41924886316035,-0.331925811937307,0.871543589150216,-0.207001610442454,-3.66039657183833,0.814995857271664,-1.92253175450986,-0.418123160347982,-1.10749131916416,0.412702776311082,-6.21225689756837,1.21892757846112,-0.452695201703593,0.351048289265528,0.263246880357513,-0.616080102465092,-0.436462492728401,-0.121243696855688,-0.781362344980206,0.0140027926025136,0.483507407484169,-0.470700225228484,-0.00744363226105875,0.187196265253386
19.355,-2.43139433121929,-0.187288768181909,0.572447096049437,-0.03458266483938,-3.47841172992796,0.822049676126302,-1.86268775643945,-0.344120743577604,-1.24232584044092,0.611576568040527,-6.09714249326377,1.09551687406451,-0.57219479593211,0.352868050454855,0.212376557773645,-0.121892535030843,-0.473431975832432,-0.28199821815339,-0.829583546121757,-0.0217146085706505,0.606355465071269,-0.757052629086191,-0.0167066849414401,0.201731219613486
19.36,-2.4448708794282,0.386058711283693,0.0858630005204755,0.365691137864424,-3.4201809148186,0.283029510228994,-1.61430558244792,-0.0590636146131129,-1.07359933869526,1.38737881338507,-5.88350340102128,0.949810841683472,-0.67592475040986,0.382378168655409,0.113654873940917,0.431252726152435,-0.515404506252444,-0.388071855932785,-0.859397998898751,-0.0266569808970547,0.644890572679212,-0.892535473488689,0.0492978391564478,0.223210278409536
19.365,-2.73725689779187,1.07991242629963,-0.0381638241851048,0.525712428994577,-3.36877505014294,-0.167993916128051,-1.30143588537555,0.113440841777633,-1.19211285853148,1.15820593941429,-5.54012705419334,1.07633174413767,-0.814715589243579,0.407223751085146,-0.0384284637483129,1.10086708443132,-0.568579228459656,-0.395142530508327,-0.862979051952447,-0.0318190722708696,0.676434182686471,-0.992123204668884,0.124294815499847,0.242075046831582
19.37,-3.12815424463682,0.531743217088042,-0.215717552971356,-0.610169837880251,-3.23839176822921,-0.453288925661223,-1.14218309067247,0.138527939087862,-1.55631489612629,-0.441813180138379,-5.20676502253097,1.56658945529497,-1.00744712473773,0.510645797879834,-0.196646312045225,1.76094654149421,-0.598494921732098,-0.243792281324098,-0.857749092483839,-0.0368275420873596,0.69712849467781,-1.04999475885375,0.198576132535123,0.226433356243932
19.375,-3.17588227468861,-0.635821052507042,-0.333137825211963,-0.596498871905264,-3.02962391083232,-0.207919006491417,-1.11508142451936,-0.35623397190652,-2.09386188464837,-1.04886751366341,-4.95328043571262,1.84156496979301,-1.23028433992517,0.775378775893444,-0.278849118285384,2.13973234976148,-0.636702755165736,0.0171696339041775,-0.854687925945808,-0.0433233996700862,0.730413676607671,-1.0765637068328,0.276279381809892,0.210597623383631
19.38,-3.39760898126636,-1.12959105639409,-0.555727522028204,1.1452845115366,-2.93600822039645,0.332565709094136,-1.11434960112501,-0.92960321431304,-2.28113259741475,-0.505944491063637,-4.66592640166551,1.79711868220739,-1.40746362388616,1.19744930418366,-0.277406748696089,2.29946851161723,-0.685349126468633,0.289303236715095,-0.870710791019201,-0.054591370388443,0.712591740231852,-1.06137769895307,0.378477287904214,0.215113982004133
19.385,-3.7117442546543,-0.946851406493241,-0.898795796311558,2.70936387491722,-3.00251402232838,0.784335879390802,-0.896391828810472,-1.29443213202492,-2.2736079257107,0.427662428975772,-4.13765981160778,1.76924642582526,-1.51456128893375,1.70338463299856,-0.20225185531499,1.99523114596556,-0.707259764971487,0.445375533072969,-0.896118479883397,-0.0457016203830683,0.613975736329089,-0.954304381605305,0.507991757530064,0.246661607347946
19.39,-3.9001293545813,-0.861931872967534,-1.41435568587609,3.66743788681517,-3.09401360829371,1.25149904364299,-0.540763618623677,-1.32704528247378,-2.20557113320338,1.69669666658583,-3.35899530646426,1.61348583509453,-1.59200506545205,2.03416527704222,-0.100096908177901,1.03285181140377,-0.668173179237297,0.494058116113184,-0.921736733063563,-0.0197470488268037,0.491368955403086,-0.738269409930183,0.665975188026885,0.273634553273326
19.395,-3.83791659799126,-1.003382082203,-1.91763020126272,3.99329891571171,-3.01598567317438,1.62614533448616,-0.422320738363981,-0.975385384096691,-2.08983355319778,3.38162611856875,-2.50319970109831,1.15528103904262,-1.70503790648139,2.03975822148326,0.069578087539798,-0.30019747124259,-0.568181706921057,0.565203826379385,-0.961946938544652,-0.00198886781926812,0.410072422811695,-0.494439889499101,0.834599828633097,0.288213647389028
19.4,-3.61909808616422,-0.967622921111154,-2.29069833285815,4.19147596893347,-2.48546014492822,2.02381315598602,-0.532181773349343,-0.522499817054776,-1.95822186490356,3.77699548643864,-1.89625561456246,0.778257748246584,-1.79806702746762,2.04372247765319,0.169980460472073,-0.968881312739016,-0.48105220812611,0.763540118725233,-0.997593280211996,-0.0178500368119785,0.432319918116285,-0.37306077502254,0.924420947076697,0.290522410921539
19.405,-3.41879268169982,-0.749389640615047,-2.53470255829421,3.75912524663304,-1.75366535727724,2.3164835464143,-0.6476348259666,-0.133868982777786,-1.98732043712689,3.01077426298391,-1.31353792752822,0.48035445948131,-1.9184196226914,1.88833425688118,0.151937449548448,-1.10954546148717,-0.359574637717806,1.06635686623446,-1.06408808278263,-0.0599627339339056,0.486468596806961,-0.258893837117134,0.961209599388303,0.293921073744688
19.41,-3.30161959028736,-0.587163176995864,-2.6216991608111,2.29141059726946,-1.07215685896184,2.24982938720115,-0.652276621691675,-0.00352419976715393,-2.08218505521726,1.95326796975614,-0.619747525203885,0.212603920364902,-1.97739686567827,1.54162432797489,-0.0123673969869346,-0.680583917154669,-0.0925017837891279,1.47002346277339,-1.15587911071639,-0.120530708773682,0.509510072453398,-0.0829465876723895,0.937497871161694,0.302148421030741
19.415,-3.19982439813993,-0.736179150134095,-2.73211107044607,0.584063675250585,-0.426673652896837,1.80704768070557,-0.643799560460689,-0.0379395626429636,-2.11991341381025,1.6472868179406,0.0849890291016055,-0.0742839446735517,-1.90210754954197,1.34606193608621,-0.155093192227421,-0.287016358674139,0.223842941754292,1.76736765459427,-1.24458729195997,-0.184170772922938,0.491621950363447,0.0643694850023155,0.86048555886006,0.315438325449447
19.42,-3.10313299472956,-0.974852785129734,-2.80993333449822,-0.471481016734922,0.271722364619767,1.02831356454439,-0.586577787648294,0.0205606637582224,-2.09085343689425,1.88042981511523,0.774838742645841,-0.379480226638759,-1.72072803294565,1.25116357089968,-0.224620789866834,-0.284395935438048,0.522768716614919,1.89360985535401,-1.31217819090078,-0.230692276073968,0.48693518536305,0.0668935582399689,0.744515574458221,0.326512028280428
19.425,-3.04142975505219,-1.15637923651192,-2.74273670216233,-0.743498833281763,0.943580212275761,0.0915724402324236,-0.499044673673803,0.173741362247707,-1.97255050607693,1.8842293835005,1.39032605061172,-0.604834460534407,-1.508488469429,1.10532596343736,-0.24739799659315,-0.41124120895693,0.759319136547331,1.81904836347549,-1.36040702160726,-0.293307415866617,0.511846849117852,-0.058687975557109,0.594228396185322,0.320049499302768
19.43,-3.10346713811644,-1.18279638293771,-2.5179555177473,-0.481337201649157,1.4816946589741,-0.822215256134766,-0.589195767650373,0.336064113178102,-1.96826499412152,1.52363143402791,2.0213310153957,-0.674078554998118,-1.39810800558223,0.967908698908047,-0.242351599508038,-0.353825127622416,0.898923653829917,1.46233049874964,-1.38537498602757,-0.366957839594179,0.583645441234375,-0.261028303272873,0.351943745588365,0.297617977524556
19.435,-3.27982429754865,-0.993691273153394,-2.14945870568444,0.174418276194511,1.87396921083841,-1.69555777136896,-0.754260245523374,0.465361606781668,-2.14683774719439,0.869932327189139,2.53614845874688,-0.658654613106223,-1.30484432195033,0.841600537831706,-0.222254625014836,0.036732541057188,0.978795273602855,0.925302861445698,-1.39326941170191,-0.38872304484722,0.66632252040968,-0.387012371504445,0.099459483532143,0.279723350803051
19.44,-3.40309181208665,-0.458028325566533,-1.71227509015315,0.926422437677557,2.05649958126833,-2.36911417838973,-0.826190402965364,0.439109873925776,-2.3205879329335,0.0805533739869222,2.95744748677048,-0.678236430818448,-1.23553527318513,0.783641868799155,-0.22283792543106,0.29516030317922,0.533047205640156,0.670782979202143,-1.34247001597682,-0.354326322852697,0.72315059615173,-0.424614091285832,-0.186921642799563,0.256684089465051
19.445,-3.42309017695932,0.0250536110855208,-1.43478026811523,1.20530239842292,2.10701165187568,-2.6698953587456,-0.830342448811714,0.303603048394748,-2.3534703932488,-0.558141121137649,3.44279688453431,-0.775281258853745,-1.14249542283339,0.721099597499457,-0.200244379899474,0.748197028898903,0.395980635253915,0.532465791555649,-1.23497667838059,-0.310557882238169,0.748542080959517,-0.478069774597169,-0.450920348672701,0.225921840170461
19.45,-3.41381479866274,0.570338971509005,-1.18386753051515,1.04577586802363,2.14224754293503,-2.70172791080321,-0.867943772276386,0.107990512398285,-2.31383023926619,-0.982828717483824,3.78344869964858,-0.85212426602512,-1.02134031299162,0.632432413425492,-0.0699287194514351,1.10116241783946,0.345435974292056,0.430237925332077,-1.11650824426168,-0.279511479358056,0.773657945242316,-0.56837434300636,-0.673264728410442,0.162803878099506
19.455,-3.29344603246389,0.990866911023921,-0.987100253624367,0.428167257077701,2.18875916092988,-2.46269478777386,-0.947033636072114,-0.166030044921992,-2.20309559066121,-1.54038235272626,4.06943269221562,-0.925835145098837,-0.866467779306298,0.534355125253983,-0.0789362329544785,0.868227095204414,0.163774333870983,0.277939281906835,-1.02562529066643,-0.251591505576386,0.792230857713907,-0.617897984078736,-0.94492471789077,0.0715423260402515
19.46,-2.9178045151389,1.08166419825567,-0.869840071530979,-0.421957460238151,2.29469352357585,-2.00555577919696,-1.13997808355153,-0.482272813278017,-1.97812397512808,-2.01795467040922,4.20133577876532,-0.982396954600409,-0.727085268905856,0.49030568472126,-0.274002090681684,-0.25248988561578,0.0915552581782556,0.220785104920336,-1.01351447976551,-0.225910131986555,0.76814988262619,-0.632865351008919,-1.06598737694304,0.0292886329025953
19.465,-2.31262940658633,0.928963534733912,-0.746521277011496,-1.21276742452743,2.58257438068444,-1.31329206691949,-1.15970666500374,-0.647373481034425,-1.88540780394648,-2.51807106991051,4.23640708097831,-0.961641161000288,-0.548687188736067,0.663680246195549,-0.37603741466787,-3.06713675354945,0.34340985000632,0.429112992700393,-0.988400774184322,-0.177649132462522,0.783406798135061,-0.578398159653722,-1.03599935858234,-0.00784235753301989
19.47,-1.75995940355766,0.699402608829164,-0.558502614017599,-1.64895044230236,3.00755722425593,-0.488431804443326,-1.12431232403488,-0.825282342320109,-1.69844472053175,-2.90742919315402,4.19288562666605,-0.940812118863838,-0.289567252539471,0.654488151765925,0.225406196558559,-3.744835769065,0.353781841597,0.711125244652228,-1.06209703395526,-0.200720264415799,0.807302112623331,-0.629630435603539,-0.893946209154992,0.0457186498406288
19.475,-0.676617661729739,0.63541529751921,-0.386982462028134,-1.74500239952078,3.38782823150492,0.261688833880151,-1.4602448063518,-0.582370059415266,0.193824624341415,-1.77118475405806,4.07596339035137,-1.05004654565753,0.161604744052172,0.477002519299135,0.888623424087085,-1.02122408602954,-0.218165713385093,0.756127997272871,-1.02815418218483,-0.0713994812370306,0.845832066986221,-0.648871431486494,-0.672240380993463,0.257173099833622
19.48,2.80859772482459,-0.461337324683062,1.55158884609995,-1.90714441971189,4.81259614969368,0.283320419840346,-4.1556122205241,2.43081390899319,7.06256261897623,5.85409533335039,2.86624150967722,-1.63199121062435,0.795663180288153,0.0509029823087831,1.18039118672585,4.05240364027907,-1.45782906984534,0.60835831709416,-1.05939838343846,-0.0604971274116766,0.926876872444217,-0.588057413597718,-0.519639658083667,0.345397955447839
19.485,5.63528179547131,0.455090804598623,5.9325569216706,2.01362064876607,11.6286594469318,-2.58008422429079,-7.54021971851833,3.58927089460121,5.1711860897752,10.7863819769316,0.605728185784121,-0.947117022801526,0.877381089567534,-0.508049568018526,0.582745862900764,6.34945589200593,-2.18627692524839,-0.0213575927799049,-1.11315997445766,0.0578481298254745,0.777272790403093,-0.235229463671444,-0.279742405450986,0.364891581569278
19.49,-4.20746725944579,3.64558647386727,1.62575392076554,3.22888116609622,13.9521576794275,-3.75807759776468,-4.3343725226781,-5.11490934203953,-3.52096454719728,-13.8598927440039,4.18971175725435,2.45146100620296,0.681700881235875,-1.49967043705255,-0.733775564770145,6.05205816031747,-2.0303187000496,-2.57861110640098,-1.27879058937336,0.230282086775672,0.460031142878643,0.149813560071994,0.264767129631469,0.407644889166904
19.495,-7.96730385213909,-2.3304039713724,3.53622036749332,-7.8694033910712,6.69824365113532,-1.46321882815883,-0.832353305197834,1.27597552386162,-3.10323641905881,2.25733169578474,2.67778598044003,-2.71307742322819,-0.654467810628592,-1.98828501864331,-1.78078319253477,2.39148877339647,-0.886269636674319,-4.34958408996447,-1.45389237798568,0.345891251284167,0.213118595761831,0.299926620116464,0.755531581138801,0.450405945878185
19.5,-7.95617867100557,-2.82715051298665,0.49811213598989,-4.57109398865435,4.54683110578393,-2.58362202814173,1.54407379198228,-0.0685841601117577,-3.08551048962534,-8.73592195608386,-2.09919638088236,-2.5609759234419,-1.81816787219159,-1.96332505544916,-2.03800983536202,-0.962382909775678,0.0713883699451545,-4.24064421898814,-1.57568748119639,0.311212180636535,-0.162692419057311,0.600512693032541,1.39472169704869,0.218313440785196
19.505,-7.96771585463806,-2.6430218889146,3.04653821002027,-4.74257537823265,1.48794057910964,-6.3802460374367,-0.213787294397888,-0.724352092429759,-7.21752760022729,-2.74616208096676,4.84447554153598,-2.25273239973249,-1.97525084018707,-1.95943117141724,-2.04049873352051,-0.181403603787692,-0.857433581046755,-0.716784265643438,-1.63884637116847,0.224647126277484,-0.30822987065303,0.659161579890472,2.05046685472072,-0.134176202813492
19.51,-3.2692739944956,1.24244532473313,4.02989036694946,-3.83387143442302,-3.12833402800314,-7.18198460716339,-1.43094375160003,4.74435008640588,6.41674025174677,4.75952886011231,15.7174999039263,-0.455523121614215,-2.01504132531572,1.66620094996617,1.56654784769145,-0.569765826102131,-2.18351847204291,1.37970968976743,-1.65217925934078,0.203677646228711,-0.33881417956603,0.460869713502285,2.43099043955104,-0.348986742290905
19.515,2.32665331261204,3.02838028146267,-0.273084670182496,2.25221811360003,-1.21401028239327,-4.49728424476222,-3.3534035785807,-0.418475296803393,-3.90739040018894,-12.9140204143951,3.9270556832504,0.474748203341803,-2.01956820487976,2.07868146896362,1.9769139289856,-6.45191293101494,-3.16803932640877,-2.4433217361766,-1.6935744383693,0.221209944621907,-0.441734822368858,0.405481952483422,2.59696816284677,-0.477085860549107
19.52,-0.491838780419712,1.89282560295169,-0.0726271525441178,-5.33674206911054,-0.160318168652385,-1.5016949319339,-2.42658423175545,-6.7412763992588,0.0210225729373079,-6.79765304481383,3.86647616264614,-0.75648909654094,-2.01389760483035,2.07250873045059,1.60641488975525,-4.52636276113981,-3.63901387197354,0.0859781905003267,-1.68171029073441,0.203139542744315,-0.507544799506131,0.176950117657313,2.50296460382888,-0.523234536409087
19.525,-3.35805794770601,-3.03797780355347,2.10431055658083,-6.47792949060462,0.0824313527390776,-0.429610356082262,-1.49447326995276,-3.23371906432554,-1.35621260029187,-5.73698296911851,4.92900463680473,-0.995734001931263,-1.99279672668342,1.59889756100502,0.101039965126242,2.55861037772892,-3.69977852241461,9.29387496390819,-1.49809666078287,0.0493716468235496,-0.358478555415107,-1.51271600312873,2.90057137288089,-0.82525784304294
19.53,-0.37499776111089,-3.48789816969463,1.7395931084846,-0.776477136552931,-0.382497515249603,-1.02927300404308,-0.945975440798032,-1.53287760820005,-1.64964171335553,0.467485441569552,4.18055880249657,-1.20322800484529,-1.99696728443427,-1.93579259713499,-0.621625064899879,7.96239228394079,-2.58380221877026,11.7888754746812,-1.9472212787688,-0.0494541247788068,-0.954409920454981,2.68746804396863,1.88827324154473,-0.291758883646154
19.535,-0.757618372389215,-0.369782717155435,0.730455068633883,0.965504064479696,-0.226967951179655,-0.761686429466943,-0.344171270306472,-0.392122092769852,-1.49930776663458,0.0678258958046039,3.76855570001866,-0.762592753719006,-1.68728303635008,-1.94156437739467,-0.499683509470456,6.69671472291496,-2.59652744131449,6.96296405636733,-1.67687080895114,0.518040981578049,-0.573926814501978,3.29501064891986,0.64677886736926,0.18957621663549
19.54,-1.75110492803173,2.23279717401781,0.298723173916752,0.669935557795274,-0.0958694391198204,-0.24230462317239,-0.100582351674127,-0.699116895819596,-0.881944719204262,0.26203665311385,3.81275704251495,-0.300590614367313,0.164637037784503,-1.99323163498655,-0.824253583276781,2.14677215314881,-1.73024346679914,0.775261015202244,-1.57997815150768,0.589969896009223,-0.581181489316209,1.78905414580285,0.64406857365057,-0.00795163908590883
19.545,-1.11059580226194,1.50401237888894,0.574624867497877,-0.0564638942941418,0.21820558133688,0.010250753390437,-0.568368792853141,0.0805433623293221,-0.662943976490454,3.34948500299896,3.87091640103945,-0.863572495582506,1.87790659811783,-2.05000713427585,-1.67601625292933,-1.98742730578544,0.838406341217766,-4.68164148730238,-1.61637914402036,0.690553422950999,-0.586958037729781,0.252118362860701,-0.192355386805207,-0.528621887815528
19.55,-0.451689801477984,-0.248358451549939,0.927476464329509,-0.0229385500572573,0.192994713010799,-0.17840184177495,-0.791949454952083,0.833711442294679,-0.63865149490665,1.19820949169901,3.56241665073782,-0.904642006247201,1.99199697309989,-2.05569739253247,-1.85004335096113,-3.21969911622425,3.34312378766578,-5.52793475668587,-1.64669987159668,0.573468733015353,-0.598700654742732,-0.860905495134241,-1.32155237952936,-1.35329461734759
19.555,-0.720071529447521,-0.104842785657059,0.827863675567796,-0.645769693288706,0.199005444914505,-0.398016504495868,-0.761706653306155,0.12680077909082,-0.85521268999981,-2.72822292121807,3.08656708713906,-0.485641186687691,1.91157077670244,-1.30791067047621,-0.939980440748489,-4.49973465752597,4.08566056227207,-3.92620730235626,-1.782025701701,0.546041189931847,-0.680242912847611,0.112034496105169,-2.01426736698571,-1.72737601879655
19.56,-0.600688483229966,0.425935998895392,0.695092499944253,0.285716209216787,0.0591882037169653,-0.107975793072748,-0.964208821639828,-0.333198827046069,-0.64304626070455,0.187107387389261,3.05028506263201,-0.572374350448039,1.55804571890342,0.736660092895388,0.797098782519277,-4.52129798003772,3.03311178212166,-3.11546778111806,-1.82396311483072,0.819815220383628,-0.692655991084573,0.69769178474033,-2.24544370556794,-1.31142013517409
19.565,-0.483805894427162,0.630280097121812,0.811076994200437,0.741293167083267,-0.208429850811366,0.0783682868201944,-1.21104107786724,0.046078791469107,-0.221247599984864,2.39295709068007,3.04724793646427,-0.661094089392833,1.08611046012391,1.99972980613376,1.90535354172212,-2.54078672042948,1.27231195003914,-3.77577067649021,-1.73094928349782,1.18122964834206,-0.590252011023027,-0.505896875665403,-1.96563086644047,-0.60042436322986
19.57,-0.561163491004149,0.237792610072144,0.888710089928473,-0.348752043514651,-0.194738310183411,-0.263622940614869,-1.26884724093263,0.226076864916092,-0.21967599652072,0.19314501042873,2.83078714638417,-0.413077125095898,0.215355784936186,2.02328048701845,2.01232515007525,-0.286363721345423,-0.134683619593567,-2.34278946030774,-1.6248714509395,1.31911637979265,-0.247232874848702,-1.54071562940208,-1.24618934016534,0.0641036087726334
19.575,-0.551809089886803,0.0902958078373949,0.787715087024234,-0.457242952537625,-0.162128151616629,-0.329371508842008,-1.1285805235909,-0.105414592087358,-0.584571250353572,-0.347677100943114,2.81505991052637,-0.380829459020292,-0.747737212116612,0.14544449242158,1.96214273139956,0.693253563245446,-1.03986020503189,0.0387460612328225,-1.59443277654998,0.923450584300739,0.03485738934973,-1.32834540066693,-0.570620864911878,0.37772298204749
19.58,-0.542579418678391,0.267121618276139,0.749527577969195,0.397095081005906,-0.0713183221849638,-0.0179011614855713,-1.1135541043601,0.0920628323448359,-0.780763577206654,0.0619420633970166,2.65736453523744,-0.477923315029641,-1.49041917625189,-1.62172017908695,1.75961475884257,0.847649170837218,-1.85653289298153,-0.150642829979715,-1.56385008067061,0.515749476142959,0.146699821835206,-0.869327671694812,-0.202691899010202,0.497689861969545
19.585,-0.614767641981713,0.247087874529427,0.863431297173385,0.207951783045897,0.0277554804508307,0.0406168381099963,-1.10690663649913,0.416539185638034,-0.715436266084677,-0.844545864786192,2.36793973262183,-0.430279873922827,-1.75607924622625,-1.90876240517638,1.40972123014983,0.535948013527322,-2.21355670499902,-1.51175059147667,-1.52141047323815,0.311423091036953,0.103816920778132,-0.99153017899577,0.0209284711052052,0.717469907143958
19.59,-0.512069685771408,0.254804390197143,0.851488322051289,-0.15949844172205,0.242271739226617,-0.0210638745335844,-1.05450409463502,0.548226643329549,-0.518216176805934,-2.25007953979642,2.16711331895558,-0.39485757292007,-1.97526309312668,-1.90597676120091,0.655500472587092,0.461992269294119,-2.07718270812399,-2.21421501044732,-1.47738245169697,0.184945781385204,-0.00284030279859113,-1.23169345640453,-0.113805624815326,0.91899863687865
19.595,-0.468334273676542,0.381882225363971,0.794382432040896,0.130921177843184,0.341346955843306,0.0836640237712905,-1.01253273133767,0.519875634353445,-0.337312962519757,-2.51525614849091,2.20298390660601,-0.491417102046419,-1.99511069157741,0.184223593041768,-0.146249063429383,1.57586905163434,-1.38912712604953,-1.91273640034754,-1.35910489469057,0.00224205643242567,0.0211922497000382,-0.978376483384322,-0.63107816724827,0.790039976214422
19.6,-0.576977200900888,0.35763359001991,0.815365588552467,0.0805090048144849,0.30807784588266,0.0509767883623439,-1.12100564029715,0.331393826629806,-0.60772094876489,-2.76962814248985,2.12591947026315,-0.594518863973907,-1.98000802806182,1.35991412912892,-0.79780441554813,1.9961070699014,-0.470050334600078,-1.29671603637202,-1.29393863766098,-0.182525503673009,0.109481363093996,-0.606131355489057,-1.02984917684712,0.52727941788386
19.605,-0.577014919127526,0.300380979419162,0.764549685215547,-0.144603128051545,0.25104258631463,-0.0262886595917562,-1.16091812646893,-0.0321846122999875,-0.863914097475718,-3.1044232451629,1.84534584189876,-0.575032884423973,-1.97107608171378,1.25728457206805,-1.4075116539113,1.00471361216528,0.651856437135602,-0.439501887620698,-1.30694045774052,-0.279026616382324,0.192484841841997,-0.180142279247957,-1.41686996931959,0.0867436084769701
19.61,-0.523277296557916,0.262128483539622,0.823584858540565,-0.0853265539815212,0.162874090403796,-0.0265744252247714,-0.997107776746024,-0.369727284536499,-0.486544583714696,-2.52022017128787,1.6162090336687,-0.532707238642445,-1.97631259499701,0.54211082819502,-1.26807039581694,0.383701384072216,1.19637416399959,-0.32472960815101,-1.35292528934594,-0.270336781871995,0.200881118681213,-0.241753664404579,-1.30503793479282,-0.0890659314433929
19.615,-0.57210064626554,0.23768656587069,0.867113983649394,0.00715367595334543,0.0851808441572255,-0.0414766870252652,-1.17284930821915,-0.46651829977348,-0.334318403869422,-1.88914142054662,1.71952968097061,-0.541971546587344,-1.97115584924119,-0.138464187815707,-0.306040665708249,0.00146795409069289,1.8101808803942,-0.79852665656951,-1.3961977078601,-0.259757512192952,0.165178885892091,-0.551351436638181,-0.88173244717347,-0.193240255117416
19.62,-0.510489861715578,0.287635796152977,0.879355540910411,0.000545477298003517,0.123464304407128,-0.0396792633904724,-1.23346964444303,-0.592745307249733,-0.395714187432141,-1.15046833646642,1.66657091876928,-0.274538961761021,-1.81621011595959,0.0107305089628518,0.199082857247547,0.665724000905595,1.8599689943153,-1.54182515412644,-1.40649753376864,-0.256666730967546,0.097269853798876,-0.722372987194596,-0.425109220007318,-0.177423892488716
19.625,-0.440761770643477,0.292354617475282,0.88409073336757,0.0684113971252076,0.259790320918168,-0.0249445550143719,-1.24037006177212,-0.558109063490045,-0.36310409623529,0.214255339942355,1.61934822955103,-0.248958293083314,-1.53223473848124,0.23738291194503,0.232645304510123,1.64519684243498,1.65291363828442,-2.05963813766808,-1.37667403215177,-0.219297157351872,0.0535519278488395,-0.612363080617268,-0.0932154340359234,-0.0932768904311859
19.63,-0.515942487479253,0.210241086030798,0.881957416097845,0.132157213661364,0.370826208803019,-0.0415205208558324,-1.20733763097818,-0.270141971214725,-0.331386062780774,0.973487705446912,1.50589235646583,-0.253908604814978,-1.28029860567955,0.224755082098608,0.129832350302348,1.5371097187182,1.31296313486727,-2.11902521943826,-1.33029585075326,-0.165346075957139,0.0517951313657056,-0.343446548596175,0.024193275026958,-0.0653214885154374
19.635,-0.541798463576702,0.184809709387509,0.860734662079044,0.144121578405538,0.445954407151475,-0.0418944801548735,-1.13803221131423,-0.0927813478181043,-0.330398975022895,1.16837971461843,1.42856196494182,-0.235616004368851,-1.02829311996006,0.0459891121654305,0.0116708990053804,0.866395904325441,1.01600344505892,-1.98540104621462,-1.26844491251717,-0.110147993372349,0.0721040310685794,-0.105217844809642,-0.0116852949535215,-0.14553860185886
19.64,-0.494193366596138,0.259312572076137,0.851799876423507,0.201409004769922,0.446026962848012,0.0498450842620107,-1.11302286425908,0.0543902544385659,-0.308614524991467,0.776469511120228,1.39292127867424,-0.201186747681376,-0.778861120667384,-0.149103066947237,-0.0560324395726194,0.634932243594861,0.810768298560951,-1.92498006105066,-1.18438035410086,-0.0401276487349228,0.107439198551518,0.0547035364557238,-0.105308993686921,-0.266252431393975
19.645,-0.506871757295868,0.254190936021337,0.882559994727267,0.189752705844522,0.416744843178301,0.064278409981607,-1.10470162369326,0.0796709059750692,-0.331848491394037,0.328361700432442,1.27933278886611,-0.0963737420885667,-0.593383948697695,-0.224541382208413,-0.149859136972846,1.08751963912336,0.640070719459215,-1.95954183488232,-1.0966153431474,0.023994760098755,0.133324242833452,0.09572947760118,-0.231743593497605,-0.269083602281697
19.65,-0.481755239095176,0.206639215527689,0.872931315366517,0.164860902170825,0.363255027662171,0.0336846692189476,-1.02789299970554,0.0231633865696846,-0.357873602084165,0.237387585894403,1.14387201390964,-0.123708826406381,-0.484787981044423,-0.177892102123517,-0.30009790318966,1.71549313662666,0.43644994869088,-1.98203755838591,-1.01497871396226,0.0949709428226101,0.140579440632554,0.0680022008705612,-0.359352402688566,-0.168012784307501
19.655,-0.456202091628574,0.308365961560003,0.794176718897274,0.274965447614458,0.410057667726517,0.0752033771869036,-1.00173010908943,0.00865559648952547,-0.333767879696625,0.333709970015063,1.06056698555057,-0.194957924759145,-0.427878554036609,-0.0926883783811297,-0.487991708915397,1.96598145795165,0.226091071430764,-1.99807390962014,-0.956752453082672,0.152780298651981,0.140013882227027,0.0662739097306605,-0.416222869400829,-0.156896208040587
19.66,-0.666016822400356,0.280010178294376,0.777655344604612,0.285431502630181,0.473783220907792,0.0314258499209009,-0.988105618634175,0.0373107397050828,-0.409135111127304,0.561239005048309,0.975102543258851,-0.288944243048618,-0.385972282009125,0.0230700722716767,-0.711812286868097,1.81260181391445,-0.0449281707123335,-2.09637622464512,-0.903832221104839,0.194313663638691,0.121389588711769,0.138893397572146,-0.406194650348162,-0.25540565026233
19.665,-0.588008443573322,0.211113001621765,0.793616490920622,0.35640701142579,0.519810105115459,-0.0373980330108319,-0.983523738605954,0.00920095833516362,-0.484028328977851,0.685892824498483,0.958063032402489,-0.313156601280652,-0.404174599955216,0.0857120979232765,-0.780640070829802,1.38564280962422,-0.128479569653295,-2.2306730705246,-0.855978855721216,0.219099251283173,0.136553230092498,0.195254368434415,-0.313178299067825,-0.386456282510323
19.67,-0.589639433388766,0.281616626139754,0.775270769459793,0.523444389242812,0.581722409120834,-0.016622973189005,-1.01241544100613,-0.0348222122602563,-0.46393121484907,0.592592113253366,0.917612685614064,-0.304848934291285,-0.455415287625053,0.143307823761894,-0.774842717822824,0.849000195140885,-0.154432572826688,-2.42603337555958,-0.826866938319982,0.202734711793986,0.153238941838754,0.210171545140001,-0.196915533378734,-0.442633990396265
19.675,-0.608641440663518,0.220730161676137,0.83135248182893,0.600861835058127,0.608282002842365,-0.00291600316270506,-1.03633429901226,-0.0994310653903787,-0.355263440210748,0.729793364788532,0.877736282200398,-0.251675727939043,-0.55802510183628,0.194967288966383,-0.699656223581885,0.377369591421546,-0.0882830809550225,-2.55795750700909,-0.8075492038489,0.200829240456004,0.150545945744335,0.205589492638906,-0.0596446915678431,-0.443771476627092
19.68,-0.619530719629682,0.212300591802016,0.793500625170269,0.679764368363383,0.616144682419418,-0.0321449614263221,-0.973443314415669,-0.060615727487031,-0.3549158692004,0.967563390147072,0.820133651958912,-0.191425193511855,-0.692558887500962,0.20318249060016,-0.582337773990333,0.0589087409697392,0.018434181605884,-2.53754170264056,-0.763090385549102,0.149810534848062,0.115925964764961,0.242310055805332,0.145843245753678,-0.401566218316402
19.685,-0.571815777705221,0.303277345767841,0.776273126651318,0.793136451860184,0.644106060294252,-0.0190594611108434,-0.980947040741791,-0.0967118027796662,-0.373229252280481,0.902265541455061,0.831181004645002,-0.143376043428416,-0.805918906563814,0.167081230565784,-0.502016528626234,-0.229363658778165,0.105286227179728,-2.39816432636928,-0.724253976829226,0.108541581086719,0.109702367813258,0.315925866404807,0.266259410201058,-0.368651367029819
19.69,-0.594909941440302,0.341387943491222,0.787666700008393,0.813865602911879,0.649904521704236,-0.0437611515281376,-0.988486571721264,-0.0968652392625332,-0.268588225138592,1.69832928434149,0.830112370803924,-0.0611432579027131,-0.910248918669575,0.0818606309314583,-0.362907824881102,-0.524674762662469,0.105190442826612,-2.30339058462749,-0.673588192707203,0.0438485335462016,0.115916756401184,0.459126735048052,0.337229095372958,-0.363502302581543
19.695,-0.596378458831534,0.345248168996334,0.770703931402744,0.785186317528448,0.633118255465618,-0.129305578640243,-0.965873512980785,0.0483029478291668,-0.199325889279008,1.9477193487439,0.815055953878017,-0.0570347979664803,-0.981222209532108,0.097143035730722,-0.357066981502882,-0.827885155422146,0.127517336728563,-2.3331816155895,-0.628299017625014,-0.0200681684240439,0.123716511984872,0.664411847408493,0.35807885559294,-0.397604445927776
19.7,-0.566309840790646,0.367286730735869,0.733706695194837,0.799908042857889,0.63972565449888,-0.175528381320537,-0.943923997421318,0.0714266834644176,-0.210788324054908,1.99602912554453,0.813998489752047,-0.0653412586881628,-1.04324263819595,0.174305632396771,-0.288983398478,-1.05142006749099,0.198085994964594,-2.37762547956372,-0.597881986159056,-0.0660261426357907,0.120919751785398,0.806226670668264,0.379530391046774,-0.444387925748903
19.705,-0.577750250894451,0.344909200276089,0.734506229064627,0.803154208335797,0.618705469098274,-0.209365348915476,-0.94196536443939,0.0562425061306778,-0.25129363598155,2.020477215777,0.852229458500551,-0.108391694872785,-1.07590640560468,0.243213860263295,-0.177370364764053,-1.09164857203333,0.311131328218268,-2.37142480219038,-0.582868027399955,-0.107064077482065,0.120326442702603,0.862937142911316,0.412283762312492,-0.484717249741061
19.71,-0.586691854628875,0.302422615483236,0.725113485532256,0.79975460744039,0.572329781765611,-0.249601590598112,-0.934714982230857,0.0646005867222903,-0.190262103208651,1.99963501873683,0.880557267606232,-0.145322808150886,-1.07757723866227,0.303823722077734,-0.0437596718601686,-1.0190619692046,0.425802012768604,-2.33821732662252,-0.575728556397289,-0.138822152743369,0.112865908259937,0.808055100387643,0.459038722532248,-0.519339874053697
19.715,-0.573992443088164,0.348403788757212,0.682515462445888,0.875054749754627,0.529070975727291,-0.257432666766973,-0.916000765663034,0.0949205716141359,-0.167538876493765,1.94906462719862,0.915752603852604,-0.145834205422514,-1.05554564710164,0.304427131727564,0.0505892508559847,-0.915758767814586,0.467087167776597,-2.26670623559349,-0.570105735319786,-0.167395446081325,0.0873964149854295,0.664554834555358,0.537472411398417,-0.519966836017159
19.72,-0.558843094079955,0.394273914210355,0.663114695092881,0.847646695734742,0.504819257446511,-0.219725751212745,-0.866389164907578,0.108865120521636,-0.0847405584493517,1.82785951850579,0.976602739166824,-0.172713499591661,-1.02432214712617,0.266538699995912,0.123905084042166,-0.888804988984001,0.439063357592025,-2.20512833921363,-0.581630146336365,-0.176025852136953,0.0650658224809406,0.447979523135981,0.605099167368878,-0.452875950780662
19.725,-0.560659931102025,0.351911227478521,0.689400559676021,0.67906674417974,0.487144529819489,-0.217179758639933,-0.851962725539361,0.185381318048274,-0.0690516508392788,1.51358109385569,1.09112363411036,-0.223125978790094,-0.978836453840327,0.210116839265312,0.162410698938538,-0.829916677363138,0.39100875787462,-2.15372902203491,-0.596424209374011,-0.195630228224423,0.0504348353991198,0.155544108774324,0.650139486574671,-0.295631926179715
19.73,-0.569569867198366,0.339730770826494,0.684340776596463,0.570987790655586,0.486517567748895,-0.240879903229802,-0.860078851312409,0.175414101506204,-0.202454429653065,1.17777311704086,1.16149229949205,-0.243512698579969,-0.952806171970692,0.159556880154098,0.198049674251854,-0.777494961589306,0.363966924309862,-2.13719081878662,-0.610639026248123,-0.196488409898531,0.0560330933497259,-0.049476216726078,0.6162380916954,-0.155048241302907
19.735,-0.550372602745316,0.363489691548699,0.701869654300649,0.506067605902431,0.484509279884789,-0.229562857840292,-0.853200296429889,0.0867641147583064,-0.254487104928321,1.11980134146846,1.21595738874774,-0.306312936865073,-0.883334751562366,0.0983676117100507,0.15672747239016,-0.706805410512083,0.350195481305499,-2.13462135621905,-0.606833487305012,-0.187682230406755,0.0717479891515832,-0.144831624242441,0.530932470228629,-0.0452765124326146
19.74,-0.535593621969334,0.255247861652701,0.730782117765654,0.622892974182319,0.589384004004834,-0.1898186037657,-0.844712574692327,0.0347744326198457,-0.182546987005176,1.16206460116068,1.20802502978725,-0.360524659239786,-0.780270537023601,0.0506121311460212,0.0695979573500412,-0.502535754392645,0.391636825939011,-2.05713192814083,-0.58886316702675,-0.174549421895618,0.0936022522905702,-0.154503456833371,0.394496794693333,0.0415906529410237
19.745,-0.550234763197508,0.332481834450343,0.708664438257633,0.695860832455421,0.584550764763691,-0.143380159106375,-0.835084670231446,0.0995182115135748,-0.242398100112656,0.764230336072725,1.1680417507582,-0.324624827352054,-0.704094297940564,0.0219639857788685,0.020635742089462,-0.329225630215168,0.402688845180166,-1.91614926041499,-0.564566407254776,-0.143839200782691,0.12591035905415,-0.089522622635405,0.219736039264789,0.109987450167081
19.75,-0.537275618911103,0.372505680544421,0.69308756545626,0.612606049499531,0.514352035673341,-0.115087755956023,-0.824177447275323,0.129053345637677,-0.300925603852712,-0.0347859446483521,1.18715469746977,-0.216374986832415,-0.62624195220363,0.0109595878391151,-0.0211025507553209,-0.136729190404146,0.398847749367566,-1.79938225489466,-0.54831996841084,-0.0929076614027187,0.156046640072477,0.0181898492804774,0.0526342470179981,0.13126790293447
19.755,-0.552710439271062,0.354637811309294,0.682586886133125,0.611989999325592,0.413101997711069,-0.102460423321013,-0.81532863177656,0.125834084440806,-0.29699466123579,-0.479475960243776,1.17639967327315,-0.124519050238729,-0.548473847041223,0.023927133758237,-0.0264980165408639,0.0719410186017331,0.401065111160278,-1.76760072593938,-0.535038591966971,-0.0347992899774098,0.17047599633646,0.0980230600739789,-0.0979141107697061,0.127302437309026
19.76,-0.559535545088255,0.418470400508895,0.676102544703212,0.5809620006372,0.356265902691778,-0.117370773288742,-0.781227403143109,0.0986758811899825,-0.36002873785383,-0.351366923961614,1.15004493906714,-0.107429567456437,-0.511375880927921,0.0202675854430649,0.0170166135495903,0.140695694580427,0.414518010160913,-1.82534198970957,-0.525534159782617,0.0241886324539522,0.167174350776823,0.088324561484029,-0.180824614734593,0.103486347960269
19.765,-0.557573531052519,0.411007954782437,0.642668116088355,0.562770530726516,0.320073650200339,-0.155166719826404,-0.769412126157458,0.039712425743822,-0.430264938395867,0.173387788938547,1.17796702362625,-0.178937935413426,-0.539480594533178,0.028755838565562,0.0503730338468405,0.0110924154182784,0.499608865720085,-1.97010050356522,-0.512825027194733,0.110100170303552,0.159607139482529,0.0300518097569318,-0.25445083388392,0.0463746755359341
19.77,-0.572102473331087,0.419814220955019,0.636975561505158,0.572844347633719,0.290340454915468,-0.179253029645839,-0.774966798663905,0.0372112294489856,-0.428941279861239,0.758050476687768,1.21112590559615,-0.256762685475029,-0.602295310884623,0.0341266864797618,0.0994672138419059,-0.11999582158922,0.540593608239874,-2.08899850699829,-0.509029265715977,0.164665053359327,0.15735776208201,0.00285243288760693,-0.313374547551135,-0.00327701794461089
19.775,-0.574979141467793,0.461140366707763,0.608986135931512,0.541509776951449,0.229388792387927,-0.225774594338427,-0.785946110842695,0.112009735840481,-0.414594908325441,1.27221754309435,1.21473787666907,-0.327840501023239,-0.721208483014566,0.0471525016828501,0.168068083834947,-0.20280914758835,0.572983407110818,-2.25241119565603,-0.482413282822926,0.181479469112837,0.174848893983878,0.0615790724031781,-0.384615349471637,-0.0709816538168564
19.78,-0.565712414907986,0.470027341443496,0.625142375365407,0.485230808284728,0.1904804425662,-0.262540646188975,-0.794142073623988,0.2207925038795,-0.380622365207073,1.22608084163555,1.17877668455889,-0.335626169570429,-0.816465891030061,0.0463048687331536,0.204875582252677,-0.18352988559078,0.547011360134789,-2.31782395202439,-0.464422879049574,0.191404710273456,0.185383634355904,0.0910145033035436,-0.423021775115048,-0.118044665690569
19.785,-0.583203728486892,0.42322323217006,0.643517254519748,0.393900931197271,0.113490224569266,-0.285230221500715,-0.810875944462514,0.315494035264058,-0.378278530994693,0.729560005423073,1.1615064329981,-0.317120706993664,-0.912595801615555,0.0345705352744051,0.221591341510488,-0.162742059221402,0.520306182191805,-2.353915868449,-0.450373918156663,0.185639991169413,0.188411786145338,0.0807619229782419,-0.452828109264374,-0.157144945876998
19.79,-0.623898003651948,0.384760987062597,0.647309178248129,0.348618694726367,0.0364260799155741,-0.306397050572626,-0.829332162713701,0.307143073863915,-0.390641165929867,0.0423936912986592,1.10190728165918,-0.277618471294384,-0.99606935231047,0.0159860540843587,0.22780796898058,-0.161357888505811,0.501412933015086,-2.40190270265741,-0.455052622929419,0.167527815810439,0.198042978297495,0.00414851162108132,-0.445657743877991,-0.186577264414194
19.795,-0.588615646820263,0.41266743061326,0.647312379182745,0.288353733159844,-0.0334564296029821,-0.315093930136741,-0.833408034238173,0.19785024144147,-0.402766151672346,-0.226864060266481,1.0660591904155,-0.281479508889348,-1.0522286628293,0.0105014890244323,0.213732506359516,-0.136131127347531,0.488852385095823,-2.50509810740044,-0.483927385094837,0.144891110462617,0.203964265422176,-0.0902305071452686,-0.406401315864143,-0.220488049051833
19.8,-0.57892311855506,0.385931159480253,0.689365698660762,0.176669590275937,-0.0919300248228595,-0.324561873579666,-0.854559467469436,0.058357814974617,-0.403203161438109,-0.198673213008965,1.06311313513942,-0.322368014329386,-1.08664098479638,0.0127517091552572,0.169608225261973,0.0397038093108785,0.483087622356414,-2.58255479079614,-0.529909469608209,0.105782063751036,0.182093673556776,-0.164760395550106,-0.333106140377163,-0.235283464259269
19.805,-0.599839393472415,0.332030256780506,0.695499501303882,0.132821510376092,-0.134258824347678,-0.370287508680066,-0.877801150978944,-0.0281666412717774,-0.393930592271431,0.0435218249444648,1.07369122807683,-0.384412524570794,-1.09889383634342,0.00342207575628435,0.148548909348918,0.262802118696372,0.47142283488918,-2.61228428602046,-0.576626745088992,0.0632647324341058,0.164269582944748,-0.219319835975088,-0.24058797442136,-0.201017010380615
19.81,-0.581854200830179,0.348598629020514,0.7042678343514,0.15913054598978,-0.135912373750709,-0.361617186338845,-0.90503676540644,-0.0695381619640998,-0.401244130260485,0.297988473397037,1.08880108084321,-0.434778044757795,-1.08758722078211,-0.00219407308697771,0.132763356485649,0.478551946669603,0.444252444412923,-2.58532772851963,-0.616212199918196,0.0481223652798376,0.158288481016772,-0.242287081048237,-0.175418481099695,-0.133705615589451
19.815,-0.609889779114669,0.326208372723346,0.736479474886707,0.109496254121046,-0.133385978175259,-0.336717517420833,-0.925831339357253,-0.0477138350050759,-0.396576730282041,0.367033735995398,1.07550682615565,-0.467348193177443,-1.06008116528274,0.0078811889561066,0.0961045686327649,0.744000711697128,0.409815802147648,-2.53054184602253,-0.655365182530046,0.0462858062562771,0.159552571109711,-0.220191597966274,-0.174521362224535,-0.0511380638462736
19.82,-0.618741827479675,0.295393591479625,0.719666445548787,0.0504395921173109,-0.125821021032678,-0.350659330427532,-0.933327709938665,-0.0333397515377386,-0.401370751270679,0.206700376487551,1.05166485583745,-0.449073732284914,-1.04507144343879,0.0225459040645066,0.0538107995261432,0.86009146091605,0.424301492000555,-2.52524466043591,-0.686849927234481,0.0713196598567009,0.165422195600623,-0.197048527943585,-0.233707775282193,0.0457957851846228
19.825,-0.590613576592112,0.322763442542669,0.730721985208247,0.0301809553151483,-0.124196775713682,-0.312002635290405,-0.933653466196534,-0.0588087044806256,-0.383881033861556,-0.0566235053874791,1.03663148496966,-0.403764490355428,-1.02057654713584,0.0515662945034655,0.0171942343503187,0.860071696795146,0.438646858526288,-2.51588416686974,-0.714988321933289,0.105193175413705,0.185206252774338,-0.245161374667292,-0.363501676977507,0.182922912997658
19.83,-0.590680030098047,0.294755390439402,0.737994564542508,-0.0322899420551583,-0.127830062428973,-0.295457930629529,-0.931481067917281,-0.108022725126729,-0.38984493288255,-0.18048184373015,1.03279234536362,-0.388396074328751,-0.987903396488126,0.0770337007183348,-0.0356832679522031,0.76142589753881,0.426305046730463,-2.48872612775767,-0.740524268679637,0.134936724616146,0.218075974959115,-0.348704057802859,-0.499769501228176,0.379954363118171
19.835,-0.611159095599761,0.278635448048751,0.755334294052931,-0.0833525266292928,-0.129918762345698,-0.281634814996351,-0.940002617740344,-0.161481624170191,-0.399909170433681,-0.100172757137266,1.03410417449298,-0.40481158589441,-0.931943046435553,0.0861294890976451,-0.089348494071736,0.622149822934014,0.38799688280875,-2.43806301970816,-0.785852234119033,0.171743992582353,0.23473552431816,-0.512168040888469,-0.697817509730669,0.731096915626627
19.84,-0.591534582247666,0.292656841104065,0.752504489216071,-0.0875999284352757,-0.110500532861606,-0.254206444912363,-0.952955848898856,-0.197609005744022,-0.410609420322969,0.0945589149152732,1.0338254733115,-0.414725544972334,-0.879386885705224,0.0476924120914239,-0.149997123432493,0.490411094890413,0.324183926444856,-2.36355176668091,-0.830092005104307,0.209992475325023,0.244292018363246,-0.568043423695091,-0.888041163117485,1.06226080872125
19.845,-0.602067712791026,0.290223749082568,0.753447316569548,-0.0877338077752034,-0.0903981837758303,-0.234195844205702,-0.952627421657798,-0.186476107089617,-0.418511274408844,0.202477160690094,1.02694905127878,-0.433185570881101,-0.846156584364915,-0.021399458014165,-0.261596399032306,0.290321294596892,0.298464143797963,-2.34439758484654,-0.835754946708775,0.213964563386088,0.225531388507804,-0.486076333887409,-0.959419900305192,1.14525119141217
19.85,-0.609954436024417,0.289830905649276,0.742379022099866,-0.123533383050369,-0.0654663616762609,-0.233443736934879,-0.962171270679345,-0.154900661765052,-0.412534796061512,0.232705076978571,1.01556959746521,-0.413402824706756,-0.816308968031491,-0.0655579315720463,-0.351354298469358,-0.0481551212413241,0.283022908696641,-2.3742813337992,-0.794025632112947,0.217780896002841,0.217274527005466,-0.296767605600909,-0.925690813651049,0.928700341870207
19.855,-0.573102543741247,0.329472530340221,0.738392274700507,-0.137269470306235,-0.0409456159741082,-0.201391485596344,-0.978059644906368,-0.120236046251505,-0.388355082007292,0.141696262239784,1.00616635048087,-0.371549220780036,-0.780520655450873,-0.0359138104913332,-0.450492052981688,-0.478185413128004,0.257720079690233,-2.50145769256104,-0.720936830538017,0.220993527169223,0.258729851993593,-0.22032851731085,-0.771319159739159,0.451088326755228
19.86,-0.572563572450128,0.332448563968799,0.775611421666483,-0.194689690916972,-0.0110415683859872,-0.185519592536392,-0.99938909711777,-0.0974574789695639,-0.354557240511506,0.0548439278302125,1.00855452428096,-0.36502133833914,-0.759015456751873,0.0504981767051202,-0.529889882969527,-0.755073370246378,0.20230311321015,-2.65875458501104,-0.671317550917151,0.208945811564447,0.31042203559113,-0.311293659745573,-0.644526474358697,0.0986552983797174
19.865,-0.576414162373001,0.300743760883756,0.790715334879026,-0.260665415949012,0.0410927234801667,-0.186852402864388,-1.02620783444557,-0.0745547871357839,-0.331620094019406,0.0108469439998527,1.03234580604462,-0.396866212822023,-0.705515843861206,0.133458299923427,-0.598719681216666,-0.909869030357291,0.11635995777007,-2.78617730468623,-0.67695445631992,0.190521886289658,0.369118752325874,-0.351075160857825,-0.562691897289126,-0.158655115297424
19.87,-0.56081190939623,0.335415032480143,0.784564294197658,-0.263289882532221,0.115140867494847,-0.166916599312339,-1.06095270003394,-0.0476989977966991,-0.303673963947452,-0.0291131058398179,1.07293912179402,-0.445176363524377,-0.724043814014149,0.147020405887644,-0.626468972988905,-1.03507736409778,0.351021817282461,-2.99387883967078,-0.658612710007625,0.193385124249052,0.396207609508977,-0.282451164421084,-0.567916512460482,-0.31194812727137
19.875,-0.539616567167369,0.359555732493077,0.801765180431664,-0.312284309465909,0.189420627610933,-0.163386331987312,-1.07399279435791,-0.0195008229912555,-0.247135732206463,-0.0768987831325028,1.11899050796749,-0.472256494484413,-0.778600633385731,0.0232396331429946,-0.501216397749971,-1.27197373363861,0.145631522257763,-3.23400689260508,-0.639455339978482,0.186283381318392,0.405166182555149,-0.174121102521814,-0.62751496518592,-0.411403288297029
19.88,-0.570628793370243,0.346991890105491,0.803931705366964,-0.383918250845265,0.232096608157379,-0.206739959905629,-1.06389192235703,0.0170809530087893,-0.230747440037125,-0.143889905831222,1.18647352797111,-0.478095703531436,-0.813396161766559,0.019191095766871,-0.43039976240683,-0.966641759995428,0.109194252419675,-3.11940917845205,-0.579726995237434,0.201421734122439,0.380157566774121,-0.224720487072511,-0.694095966630861,-0.451085714493548
19.885,-0.527221048374459,0.380149011659032,0.813156302541578,-0.388875187908434,0.308847160123499,-0.23324508171108,-1.05761381458083,0.0264754679670337,-0.232477129743453,-0.207746472337381,1.23953964763468,-0.473422092132786,-0.713218955037566,0.114925978162961,-0.357373772898282,-0.625386866639737,0.235520504909503,-2.85020316601565,-0.506645853834272,0.20687832274266,0.355520005229354,-0.329239362579016,-0.665859523721389,-0.55308588588983
19.89,-0.529169719979528,0.392376895937145,0.837649438414596,-0.375167372971304,0.379654361788764,-0.273315654274163,-1.04600078090183,0.0339211220259915,-0.231887767465452,-0.270656081620733,1.3383825414474,-0.48788033117678,-0.711747471982539,0.12230284636581,-0.369595011330875,-0.72624224411622,0.161175965100224,-2.63527368296301,-0.578200581656681,0.150673968365847,0.430568431028429,-0.451912811015528,-0.580813147748628,-0.744819257563754
19.895,-0.529909113799234,0.37621532027773,0.824476320730188,-0.378420726563744,0.443935790612763,-0.320259919634113,-1.03323854581565,0.0482107654469696,-0.256333120967227,-0.261452781681722,1.40596889465156,-0.490736365318298,-0.788399596735712,0.00188704627061194,-0.285200635933899,-0.731292921334606,0.225152646425713,-2.36423103035546,-0.67219931083216,0.296952004417775,0.512677717367636,-0.0556825186340809,-0.919936050616949,-0.298497586681781
19.9,-0.522086319586507,0.436028599505822,0.802885235651686,-0.285879632613034,0.520131902657158,-0.390329704502007,-1.00819297351868,0.0258407499769747,-0.287474793365084,-0.169314573043269,1.47688614871362,-0.466100414959535,-0.873807267454087,-0.118718282087815,-0.208635192906548,-0.92540209858763,0.222227837187085,-2.12967293542318,-0.375264926947787,0.199000457017661,0.454214505201995,-0.575800487556705,-0.797388436315075,-0.348300304316334
19.905,-0.567892258596505,0.39339418032262,0.797254917248584,-0.272719283121161,0.585840749348179,-0.482985838345054,-0.997235994047964,0.0144636649294379,-0.363832475309625,-0.153247260335745,1.53699422907808,-0.43773519995423,-0.977556088905577,-0.152826947768451,-0.163846893723218,-1.06795954966214,0.252333958650046,-2.03805507114278,-0.335403511290955,0.0408213912703527,0.545052179360738,-0.525169717057121,-0.72609753846072,-0.682551453266335
19.91,-0.57211336610575,0.435141746934036,0.822140412902088,-0.225304960063372,0.643876372050996,-0.558187073693737,-1.02384304671917,0.025587832114634,-0.389264051047804,-0.390924989869336,1.57634117743478,-0.328983360157948,-1.01024448339963,-0.109793963918189,-0.132383089837286,-0.916250362507692,0.333761393362542,-2.01440248012892,-0.546675406915054,0.0067408818858001,0.456083515260632,-0.577017297094112,-0.40966528933851,-0.582259979478981
19.915,-0.558483887920413,0.335202811061829,0.823034763675242,-0.0309603836487769,0.718972517250174,-0.595974462531622,-1.02659948302529,-0.128269286687927,-0.409368418161105,0.00144944674331865,1.62807644069456,-0.335641105246239,-1.08077705622959,-0.0327466003778636,-0.150304808041959,-1.0370095715392,0.273173726932599,-1.96984020236364,-0.672367923321964,-0.0351804149719087,0.3351696590383,-0.0158244573354076,-0.10443216167073,-0.180034994456382
19.92,-0.571329410606059,0.431690413444657,0.813509835327717,0.154023501640808,0.901773726677599,-0.616968747852364,-1.09353202918094,-0.144789644133313,-0.401257197113012,0.96913066314992,1.68126077951684,-0.436600376777747,-1.1180375746757,0.0741699304592112,-0.217324709170718,-1.48145163396316,0.12443669622812,-1.86957927910017,-0.697513565088638,-0.155681242309645,0.261903744960121,0.358223917987207,0.143171192787131,-0.22536676053543
19.925,-0.600074497690646,0.364555488019134,0.821632952835818,0.174945392118185,0.993442861512107,-0.684805904821517,-1.14861524669555,-0.0336646517583462,-0.417839328522671,1.28788929435719,1.75992610366424,-0.48503875361437,-1.0892495345307,0.122164468963174,-0.205219706640113,-1.75968058204348,0.139025442211294,-1.75412345958924,-0.770722868557995,-0.128798415095709,0.238742952005801,0.636553551510608,0.308155143476534,-0.226932272956977
19.93,-0.60953166549107,0.415091202918735,0.826247455599806,0.183340162079714,1.07513284287635,-0.75108591713913,-1.1697022444443,0.0428477057853447,-0.385504027191044,1.06819373435625,1.84152571518506,-0.45616513633124,-1.07490817583634,0.0998874780544642,-0.172018803213408,-2.07803253564036,0.337089939653532,-1.65137180994161,-0.78490583034727,-0.168407390274557,0.176041501375116,0.555603491660038,0.584054420117481,-0.297441295428615
19.935,-0.60399382620609,0.391810925981118,0.83533501942943,-0.0877667674860696,1.19588180180508,-0.85890749556815,-1.1587788673902,-0.031505645874664,-0.368053771726274,0.85947380656029,1.85710773534291,-0.433854041013829,-1.06833316978351,0.0695928871089482,-0.130211066307004,-2.3714233314563,0.3260612484932,-1.5802861938219,-0.815433371442045,-0.163780794968988,0.213286210651184,0.660014869696274,0.861046203876753,-0.478917601675413
19.94,-0.621468935560434,0.240433389319577,0.856554996992362,0.0531315798025656,1.34929887484,-0.891391085624133,-1.1496726600125,-0.0988430223554671,-0.380542643545317,1.06616158783818,1.91720568165092,-0.490257051857031,-1.05244741765819,0.0657751140705546,-0.0521963822991389,-2.64277010343701,0.321398563860053,-1.4854272895249,-0.877591966329982,-0.111736088925281,0.296222179027816,0.66728127144557,1.08039782751803,-0.658216273928819
19.945,-0.638356737399804,0.311936249509041,0.862090659167733,0.240672568148908,1.50066710217662,-0.875203413492095,-1.16896164072175,-0.0918175485275204,-0.353874093972622,0.874536171514097,2.02137417526198,-0.518686772476633,-1.04187945585143,0.0637056662434486,0.0515784584659688,-2.8706374495946,0.326785158205826,-1.36209678344114,-0.959671974089167,-0.0258813315139201,0.380910777679181,0.655321137667132,1.10608284812362,-0.73556352892199
19.95,-0.620785228537637,0.371456356928446,0.87377265053856,0.00198569932961552,1.73229930919231,-0.939138035499261,-1.17700402513509,-0.141449646160736,-0.327774685521716,0.765658924880371,2.07440871770013,-0.560621317439804,-1.0401992868531,0.0384781339037297,0.149527973947802,-2.98159080986878,0.3627455340846,-1.24205669420305,-1.03284698571603,0.0568998045095215,0.442217772452348,0.671771933799727,1.01514917754778,-0.70745798500863
19.955,-0.637616675471195,0.274898264230317,0.879443459264301,0.0207233992012945,1.91650515687872,-0.967015961531934,-1.16783302074974,-0.128523960121622,-0.328190679209209,0.788327076273471,2.15604728996144,-0.61858987905479,-1.05353531229824,0.00758282255974132,0.251937774358277,-2.96453866372587,0.425414498136759,-1.1171313233044,-1.09690085562501,0.140763975899551,0.467965722353958,0.689734676778639,0.858141994195737,-0.621999283451045
19.96,-0.656231227883073,0.283923634792097,0.85055078959614,0.128482298495763,2.1003467522239,-0.961371925644008,-1.16788448667701,-0.127415913988123,-0.332547606533089,0.701316464612027,2.25337981112417,-0.676737067450361,-1.07239442831851,-0.0085826665781326,0.371285952930374,-2.7740165639053,0.486127412864561,-0.97195876770737,-1.14961802741778,0.235508938998864,0.451549679124431,0.689508209828157,0.726209904696882,-0.548939999786306
19.965,-0.656362230193224,0.33748632802767,0.840041029770873,0.0544956515493003,2.29085388125927,-0.987495991044372,-1.15815745850222,-0.133787625780654,-0.351297669986967,0.716540945681649,2.32928610825496,-0.732359256677838,-1.08948600226458,0.0187817896499498,0.463660757610574,-2.54645748371086,0.524567559704579,-0.872791912087162,-1.17960189524096,0.302516805688422,0.418472791345631,0.689588283864526,0.652713694473341,-0.476037896951413
19.97,-0.666932541823676,0.28696610824375,0.842542035081032,-0.0259082941225617,2.51589208296246,-1.02911377273069,-1.14235222935791,-0.113952687431357,-0.375113021795445,0.723453418715959,2.41640281902291,-0.78721218047501,-1.09404099070803,0.0778526814062128,0.519270173722941,-2.41300818741392,0.540934457977687,-0.813838800962251,-1.19568844529197,0.350000611268313,0.400462411225158,0.687037310578992,0.626558195119248,-0.403219593335186
19.975,-0.670642710081735,0.295479466160765,0.824497299830111,0.00322905826250802,2.73855313865248,-1.04323603040554,-1.16412927662299,-0.11833447384637,-0.40841053341767,0.692069848817707,2.47498207591568,-0.846455620279426,-1.11764479221989,0.136090310126343,0.568238713900993,-2.32894466528656,0.548994583044098,-0.7138572815229,-1.19256468892278,0.352076210890446,0.422744431690534,0.651861796248567,0.6301025021904,-0.316131027194945
19.98,-0.685434408105457,0.334554470517281,0.832354907308182,-0.0200591321397252,2.94735404708579,-1.06483462122675,-1.21592025033268,-0.10743345128263,-0.429894859557645,0.673193625754264,2.53094785924192,-0.918230571582417,-1.15415174485821,0.163040670944897,0.589422892313583,-2.17416853341563,0.573719064891355,-0.528465467214357,-1.16995211817825,0.31636112170877,0.462389147950128,0.620215392398047,0.62819725268954,-0.221952285551062
19.985,-0.673823925591026,0.340795558351123,0.862388337586327,-0.047009385920833,3.1552191563824,-1.09883547228813,-1.3096030974726,-0.087335092060018,-0.419184937847048,0.654441428095416,2.59169575287195,-0.962411843725813,-1.17917555038583,0.175495207577496,0.559907522434869,-1.7869145941924,0.616233677937515,-0.280013769182814,-1.14507147294048,0.277051977689133,0.49721302663995,0.607344495623886,0.598906727123586,-0.145353898954047
19.99,-0.669501836191575,0.379450134688599,0.867935990043838,-0.0208325119694278,3.42334539940215,-1.15593251352265,-1.40673435016923,-0.0585135631106177,-0.413780392799967,0.620416105591618,2.66177678134395,-1.00212593353865,-1.20603861643373,0.223276576877682,0.493600022942239,-1.29437528706428,0.647308759095081,-0.0758681883367774,-1.11882513719162,0.228296738487848,0.555369690516978,0.593616919389544,0.544033059727431,-0.0892312270286528
19.995,-0.668411441675039,0.457033271605238,0.897326040072351,0.0285215835045048,3.67564673284059,-1.22581266691644,-1.51785992411065,-0.0225796615227005,-0.380506482962135,0.727006700570093,2.7357637808617,-1.05606315242949,-1.21103365823149,0.323790295383437,0.401025270159672,-0.896113321890108,0.655951113378498,0.0427057990023907,-1.1109180280934,0.16724314000504,0.70959885595115,0.478671089502281,0.465798088841909,-0.0597263485144448
20,-0.699214097196935,0.551622219178923,0.989105238463814,0.0775926796401271,4.09949455382936,-1.37898144857344,-1.70664631025342,0.0237098778761485,-0.368425387246604,0.800745611022619,2.7998724120927,-1.09759412534364,-1.1983341675933,0.432426663483235,0.320870968708479,-0.835614312593052,0.631096492771305,0.169865307922245,-1.11688498499215,0.0714104602885813,0.663362915569386,0.307656525567388,0.46808991292447,-0.0504832033370956
20.005,-0.678129075065546,0.704081298201251,1.14032942580045,0.0801994022914803,4.48672892134085,-1.5064175736415,-2.06758226079023,0.15544965550205,-0.295115767658445,0.996752668169649,2.8505004879494,-1.22242098262979,-1.28640761674621,0.467038717448574,0.295867459047185,-1.03653927836474,0.587160626840716,0.278946142110474,-1.15708386204166,0.0234471606371804,0.423391642672769,0.294921573469145,0.658642988676755,-0.0197696220991243
20.01,-0.555371706381596,0.798605455733874,1.16822944784344,0.0577171816149308,5.05874380775802,-1.69897750496381,-2.37460591185945,0.351766881453842,-0.0788718837367389,1.28880662394682,2.97160798093012,-1.43833986884848,-1.60764384107014,0.383504648241405,0.35458196360558,-1.41668134206401,0.473149208470609,0.342263462630895,-1.37352760598652,0.0991573207361642,0.218208765874729,0.513675515780504,1.01423994526592,0.0600722035896624
20.015,-0.587208316370782,0.846634758208557,1.10820067426342,-0.00517465393411575,5.49751965741465,-1.9146025300516,-2.5065939013638,0.354814135302886,-0.108111645016076,0.983848360098659,3.03444802235146,-1.47759495277834,-2.00311567778454,0.231897335230181,0.387725128077149,-1.85747467118121,0.198201358253834,0.491782227063995,-1.60287367898143,0.177331088256585,0.0687355111989149,0.817309824668624,1.04961120403216,0.109305703051634
20.02,-0.565422779930522,1.00862246480969,1.21697980595488,-0.163188895781439,6.19294424797658,-2.29139494861974,-2.64326334220533,0.296483703490176,0.0615499921360347,0.854493866484625,3.07858998177798,-1.55475809192752,-2.00450176780889,0.138586865974501,0.451620667789029,-1.96258540736296,0.0305934366305559,0.765985420291094,-1.89914005063568,0.175265415804137,-0.269621276353588,1.18436685311778,1.03237938178135,0.142880452050086
20.025,-0.407238766249427,1.03003091522812,1.29084043125067,-0.3334721724343,6.76143153748535,-2.57877723885517,-2.65023404198259,0.271487244877829,0.309897195733482,0.739838442997187,3.15682840795,-1.50421580426863,-2.00868157982167,0.0688170345860079,0.703824937249425,-1.69119014039988,0.0407360830850838,1.22800420610176,-2.08897522561367,0.086863579913155,-0.570290498493953,1.24320066872356,1.44116818371038,0.339603481007719
20.03,-0.267201543182111,1.10397564025844,1.42995807681923,-0.609367186402595,7.36542757101611,-2.86010696921107,-2.68319606505785,0.285836338819206,0.445687083650707,0.752193817362157,3.20238338080373,-1.48153066635132,-2.01232976144216,0.164765424837522,0.968033367401825,-1.30938894598808,0.2110936930575,1.73608102775434,-2.21713940016204,0.040689699055188,-0.56838051875219,0.952632870039787,2.02889802592557,0.631576931012909
20.035,-0.175314289134108,1.16511790518686,1.51304180961083,-0.915567471540942,7.9821804990614,-3.1351658381773,-2.75035475247126,0.34964662489723,0.580960567083127,0.906393166137686,3.20015067932667,-1.50949902355984,-2.0118872322724,0.403009154544899,1.00624887566454,-0.767189386817571,0.415324464561781,2.18980452346841,-2.23964461494769,0.0669348218282466,-0.399519201329694,0.71522503682226,2.38307666335604,0.788678798428858
20.04,-0.216410240788229,1.21825346136315,1.45985800621565,-1.28282600004103,8.62041461058521,-3.5223702100539,-2.77232085581008,0.430045792313627,0.666064209589059,1.18958397802989,3.16300936206541,-1.6145712656585,-1.99224634668349,0.724402093257952,0.763997981213545,0.45751009574785,0.536410209968336,2.80720232979304,-2.23867236779424,0.0848354481443805,-0.184712964903113,0.468133913453068,2.57753362450284,0.832202609210042
20.045,-0.287102790934872,1.21950211733373,1.47548284252324,-1.71387393056349,9.25965655188575,-3.87915283409478,-2.73338671338638,0.494002149859273,0.734939782687698,1.46281444749658,3.10466287952955,-1.7050796070176,-1.91063645953657,0.711303821074098,0.396437723107656,1.80122802864001,0.325962784505874,3.39907342045885,-2.18457569499995,0.0312931234544134,-0.116433239533807,0.301959508089106,2.52188380476676,0.718859741449888
20.05,-0.323344138453598,1.29452597137534,1.5602763921813,-1.97515332190456,9.72785628790522,-4.22346552688205,-2.64048412257492,0.566708492857751,0.751325573160722,2.00850732555254,3.02671106795676,-1.70933954927553,-1.75549539265133,0.430002689632803,-0.00181503390713668,2.35714662484093,0.0750523498711962,3.7733633676401,-2.05473046057439,-0.10631872367351,-0.182424976492383,0.194300798195515,2.32012698537001,0.539255198453169
20.055,-0.676910068702,1.12318601139285,1.6613950065805,-2.50526425394868,10.2427904297762,-4.50057858129092,-2.47646487797998,0.551482373159217,0.432543250795704,2.34646140637193,2.96036818929785,-1.71774294169237,-1.56497981136007,0.137637785130888,-0.319423907139235,2.46901447820446,0.0165229907896037,3.87950880181243,-1.89016838136487,-0.312656375520399,-0.33601626397604,0.153947719649755,2.02271689728006,0.477517186539497
20.06,-1.41344156186763,0.818909918344164,1.89994160553092,-2.86143768211348,10.4560882892845,-4.55004826140538,-2.16397448176566,0.484052389749948,0.159311472101243,2.42146050738396,2.84603463721796,-1.88216829461802,-1.48463839878197,-0.0470637294580202,-0.440656528630811,2.59662582573855,0.17135074074503,3.7835414627273,-1.73423816532022,-0.496176166714541,-0.48615275857569,0.066099813492256,1.73762913111573,0.586387084853914
20.065,-2.80870874271499,0.413561436930992,2.23539052091999,-2.70951689798536,9.93738613340105,-4.20228874766166,-1.85072035182927,0.384019284478681,-0.358386234510859,2.73134534877749,2.9472985420023,-2.04554710336108,-1.50038788180911,-0.226060859067021,-0.525876195362572,2.66574490033314,0.263359300616014,3.81640147551857,-1.62910840252854,-0.614260906061833,-0.577630980062414,-0.15075959965047,1.4556626301719,0.726294265186708
20.07,-4.28031545180108,0.828893348432973,2.93989255921219,-1.85517106358173,8.59887906235492,-3.57811430199885,-1.45040187200707,-0.0040413494710995,-1.524914951798,2.00680334469927,3.12130250592441,-2.27655202875243,-1.51512187965147,-0.493531004786017,-0.68707697867602,2.37341221725391,0.236888687218147,4.10867747419934,-1.61864494725048,-0.756024414757289,-0.578377472153552,-0.476312449003487,1.08237443544949,0.846683948640798
20.075,-4.41997067541886,2.24617077292981,2.66790733821905,-1.29772132684674,5.84830152882266,-2.41861532417736,-1.29150320592792,-0.158037171603251,-2.21693763773977,0.511586205547491,3.20065309178909,-2.42421317274938,-1.47384277912503,-0.755824502233629,-0.829797321477286,1.65301224311938,-0.0132708686777527,4.31805745090561,-1.64350052936926,-0.888821028816277,-0.448322785849686,-0.64233603632241,0.589469318432298,0.96753389090556
20.08,-4.64374252747774,1.23405720441367,3.30890977451049,-2.57259006201143,4.1010212643444,-2.12193892303315,-1.3442681968352,0.138520542857148,-2.11517614754796,-0.587366769217251,3.17398306749001,-2.44387093812875,-1.47116789363365,-1.03023152659751,-0.918825456716102,0.583402623123618,-0.656377916092787,4.18305623835961,-1.60358676822562,-0.921076630604946,-0.314825202111644,-0.417047505293113,0.118868441568713,1.01758184993726
20.085,-4.52409147198858,-0.323948278217032,5.7431292668607,-2.18854459206524,1.66532817026648,-2.2035058690871,-1.57425768912318,0.687261421107435,-1.27770496213314,-0.574432793287947,2.94243565872088,-2.41905793891043,-1.54547232730481,-1.11227309816124,-0.901222513464579,-0.0762301155887569,-1.26636872438446,3.72320790101699,-1.50862279500943,-0.853916581053927,-0.164670172027243,0.0129742066142708,-0.397776360552543,1.03565769904894
20.09,-0.885453647237883,-0.13733704595738,3.49880727047011,1.93160814440103,-0.621012723564672,-2.49397027863007,-1.76000789625843,0.802982845703404,-0.247067357228455,-1.27769460536298,2.44558125741828,-2.16454253277303,-1.6837639324086,-0.968665194120574,-0.882052702709459,-0.284783617624078,-1.62266952920445,3.36137573556984,-1.37609054677781,-0.724972216530398,0.00405138539647545,0.432458590708258,-0.796154486289193,0.94384207355893
20.095,1.1512498152355,1.32771504558854,2.15311554434634,2.70842830447684,-1.60401046562473,-2.94139472096149,-1.71256784735718,0.279307028415768,0.0577888035186345,-1.6198214208866,1.98281871318801,-1.80135775947785,-1.92435086003811,-0.65895606587263,-0.848846047147214,-0.344832796529141,-1.88573696308296,3.36629571562546,-1.20567776239505,-0.540477528674444,0.220218219735228,0.709249741841599,-1.02126950769313,0.62887349931218
20.1,1.29889471116117,0.985649674351566,1.86300235669218,0.130096253981837,-1.08692458235454,-3.85239863756103,-1.55152492671765,0.0982690077790891,0.442476067219216,-1.922379893196,1.52131631594621,-1.44303610464187,-1.98755521259766,-0.497121905070382,-0.82917273199775,-0.507995004017294,-2.10461656232072,3.54490745787199,-1.08108102062701,-0.367046521629652,0.374794643824488,0.894641253092342,-1.02696049431517,0.21484824819498
20.105,0.419163286698399,0.995831357510907,1.30591530989531,-0.721389886311929,-0.498762965202332,-3.52222072445025,-1.31769272939206,-0.587644101142292,0.107918958961491,-2.2604578269419,0.987531709939893,-1.13267343700584,-1.9888372484814,-0.405649677358106,-0.720079305877682,-0.536810009652454,-1.96795419615827,3.51210023102324,-0.999604301977939,-0.118697069436336,0.376881104154236,1.13514628879843,-0.694052262959428,-0.152973599692867
20.11,0.22733807784483,0.971071470332023,1.50372605953983,-0.537759732039341,-0.60345653142614,-3.13145993388463,-0.884019117539619,-1.03597402517791,-0.0261791911961789,-1.00109196354265,0.736379065536658,-1.13643139102466,-1.9910575759957,-0.393180528966337,-0.57218473574395,-0.164885542015698,-1.58835414108925,3.20609004543334,-0.95992795606279,0.0629005265288449,0.234676216330859,1.42485763214068,-0.268460673897262,-0.407546309315429
20.115,-0.0129408469307981,1.10372085486166,1.41579226184177,0.0962807134873358,-0.895211232622468,-2.85265962674929,-0.625284672838079,-0.878931481282752,-0.15329851034337,0.141320842046517,0.595562244377551,-1.15279509317203,-1.99368905043014,-0.344682943837946,-0.387424283219978,0.158360584438185,-1.67989104177149,3.16356008210893,-0.947967884131421,0.209685777616184,0.0607316998211131,1.56449218890678,0.0626716955689296,-0.510989080411497
20.12,-0.231805630613767,1.52826844326043,1.17342679713974,0.577233042885669,-1.39354057620748,-2.28061585617365,-0.519595959075117,-0.399878048481115,-0.290386214539311,1.82887581845176,0.382848524417502,-1.09750429884569,-1.99451308426249,-0.259150816479688,-0.309787543397316,0.722290026956083,-1.62106417061842,3.47777482794581,-0.946089992576403,0.377851688335474,-0.139850637137656,1.49638776359453,0.387476591286897,-0.470583125756972
20.125,-0.0173678892308179,1.69498676067844,0.890076760702826,0.487866408264944,-1.82233305784354,-1.5008704195741,-0.513011566989728,-0.0674983689064643,-0.331142295784761,2.65738670125885,0.175327346890772,-0.980384620418178,-1.99487331378929,-0.249400332025788,-0.283612747988165,1.00683492798741,-1.48366990212771,3.66154376766862,-0.971509947321343,0.531804035192449,-0.287585739254088,1.32675004631985,0.59324713669888,-0.378264404583532
20.13,0.28943422254832,1.45234960578184,0.485036084798336,0.284460997051533,-2.0245155994817,-0.829919506718429,-0.507374808220798,0.136783972968059,-0.229434490697506,2.98516929723404,-0.175384249554669,-0.754357244241368,-1.99446265611451,-0.282446166438198,-0.31961045459107,1.00398482523489,-1.35198771200373,3.76010547250404,-0.996769517745936,0.74132321051866,-0.235702666708752,0.3303939866688,1.09477041211231,-0.244403606559331
20.135,0.40274608430187,1.37631458540656,0.2163982936613,0.257017508764892,-2.00137360090971,-0.138292097294802,-0.504231362213433,0.201036513968187,-0.104332016791439,2.66373804028684,-0.577399058395146,-0.377425035114015,-1.87099854465982,-0.296599168654845,-0.396529415761479,1.02649711864872,-1.18308960517692,3.80894841083058,-1.13091025002584,0.707426603228254,-0.378052904705802,-0.605186879925691,1.45551384392757,-0.16818672089105
20.14,0.379284678667837,1.29598545438122,0.0390198230875081,0.16938444498805,-1.86594618424232,0.348342410345865,-0.456510100970895,0.223414032000159,-0.121965734454688,1.7560251355886,-0.85167020681282,0.00113518415550285,-1.70896763105263,-0.275168957921526,-0.505244757119504,1.13444035850227,-1.01631637288588,3.79933555173038,-1.29293903613698,0.53291541576326,-0.455269761346755,0.544369149575219,1.21318288115803,0.072173658714776
20.145,0.272516751698461,1.10259606881693,0.035369741370841,0.0438049738614697,-1.61790960764621,0.944321045125648,-0.383394717990822,0.204207624637219,-0.182801816249527,0.769410808283038,-1.11372197398707,0.303579415318612,-1.50934344314178,-0.26198094387409,-0.689122815796281,1.25894322210658,-0.694300497325298,3.71675782264942,-1.39486583660651,0.456207639237684,-0.401390287787304,1.59658522515768,1.22125323397511,0.514080669048067
20.15,0.182093240314781,0.955589548870303,0.117193592201403,0.10240999426138,-1.4297838223131,1.54817260699092,-0.30295582478227,0.149234207533462,-0.289358089546925,-0.0146001224354137,-1.37802027767724,0.531668442013398,-1.37658942664528,-0.296296025326264,-0.851651173982599,1.2685641161206,-0.290491890541152,3.55557126420155,-1.47189332483377,0.370265469774072,-0.428183275829725,1.38121677138785,1.31975650603828,0.85687105823871
20.155,0.0801169446308655,0.895376587221325,0.176654988744185,0.161789210915065,-1.38384198964076,1.88769650234595,-0.217377061636923,0.128597141078488,-0.314396048161452,-0.391448331316994,-1.56638245055092,0.680594499063218,-1.2804481860954,-0.376077336427338,-0.958372746564166,1.13991975562736,-0.0601220850378575,3.41021209344537,-1.48069620747833,0.255714955875849,-0.454599255688998,0.459870862275837,1.16444341838364,1.01042857739432
20.16,-0.00348369423028972,0.752785291652642,0.267868405860168,0.213336593507357,-1.41893185888208,2.33096318465885,-0.14094584777468,0.126759371978729,-0.292650286448674,-0.591830271307285,-1.74774920983332,0.752419602787225,-1.21182846606416,-0.444139738247326,-1.01375658953656,1.06221962362572,-0.007333782995491,3.33232075048397,-1.46069563060865,0.130114763371822,-0.463533304956516,-0.383982435352277,0.948564757537725,1.01005789356588
20.165,-0.0187743999246096,0.631234077219885,0.323865415979367,0.257611222291458,-1.49145551461232,2.60829494537893,-0.0698046737586686,0.0873281502128169,-0.271129168527191,-0.739019836149761,-1.91420660715543,0.792103615685261,-1.16273080352053,-0.481351106611294,-1.0885824791816,1.09015324431917,-0.00453746505081654,3.21669877946385,-1.39623157320813,-0.0435784124711697,-0.40703103597076,-0.847945567818674,0.522407724748154,0.889137771579363
20.17,-0.0176846082935485,0.483657385088283,0.365384777327263,0.317324592745164,-1.65106667308445,2.8545241521237,-0.0493264972698421,0.0316900782273299,-0.262887670644902,-0.977838512734515,-2.19457611785923,0.898633366883692,-1.11989264916626,-0.450494059350153,-1.10836101654463,1.10691271486446,0.00363796289790496,3.0404360410675,-1.31065515175916,-0.244401333375971,-0.316547553400291,-0.609521769939489,-0.155156204785675,0.685773329238189
20.175,0.0102463214211988,0.308597560501709,0.401515501907568,0.3456307569599,-1.8063399815707,2.98496208234865,-0.0794579003449654,-0.0358343437554929,-0.246945400448797,-1.13433264342032,-2.3765066048142,1.00325574027541,-1.03104133994448,-0.431888706340945,-1.11883841460198,0.88613252595423,-0.00866558302286367,2.86215805808819,-1.21761415900959,-0.328191231010273,-0.229971952684562,-0.0224406601034453,-0.772008168531776,0.536919157729969
20.18,0.020162799876504,0.0944948433663814,0.453870844357083,0.448891266390946,-1.97978447285402,3.04757191925251,-0.0818347098244762,-0.164736936886943,-0.242268989922417,-1.41791990692153,-2.62742791360604,1.22296340494936,-0.98693240606729,-0.424882838061331,-1.06745329434575,0.591820259420207,-0.0500938919745956,2.62472766895312,-1.12384660938846,-0.359928062122635,-0.108129885476323,0.535607226052563,-1.23011371833769,0.417726185214509
20.185,0.0362953131438963,-0.0836557734202403,0.520862697601937,0.603133432351816,-2.18124418027055,3.05989171687589,-0.0608050037167634,-0.31673407024625,-0.259690019646711,-1.54674964046344,-2.84887846909975,1.46393638020217,-0.964025016072451,-0.413769236426376,-1.06097762474396,0.417580414872314,-0.0325936816824618,2.46162634439627,-1.06259872236169,-0.345674169375493,0.00250586692000957,0.55738139130936,-1.33094696777654,0.324699871921626
20.19,0.0336925196784962,-0.209298227179884,0.590746306614916,0.840948284701569,-2.41039544489778,3.02828996409732,-0.0306001859714409,-0.444482924081346,-0.268795192270076,-1.44079353415542,-3.0510401685938,1.65111017381821,-0.941840032070779,-0.437415005322154,-1.01998711736995,0.137870408798522,0.00604221801140261,2.33554331445479,-1.0148266664244,-0.219141054132649,0.149803895944676,0.242379996935464,-1.10169052733029,0.222193758219198
20.195,-0.0110986095660246,-0.299099033776076,0.668860226660952,1.10465963689918,-2.67150026139134,2.96714726011623,0.00888953826195136,-0.554644356436892,-0.285191153524694,-1.1556663300856,-3.27576859190208,1.81746625521382,-0.891458457642719,-0.497447789959109,-1.0258694905616,-0.233717741478126,-0.0238660475484244,2.29222709301493,-1.03322537507367,0.0870122618886694,0.1677897657811,-0.571868177677381,-0.455466508649205,0.313783381366574
20.2,-0.0993815221580727,-0.366443903898361,0.737667058763453,1.31878156585463,-2.99056474589634,2.88284030407406,0.0536322558023496,-0.65306916128754,-0.302307506683821,-0.703528169693939,-3.53931956431471,1.98526981514835,-0.827460455040586,-0.577824431380147,-1.06188014963024,-0.692218531946953,-0.070661445387169,2.20425435019213,-1.0678878424442,-0.227969373785705,0.0434386885634951,-0.964043956699573,0.214116665300635,0.0697752195671245
20.205,-0.214114286663908,-0.441225745747117,0.78857037785,1.48508372315147,-3.39031195566488,2.78497630493171,0.0961491788776471,-0.718257143917806,-0.304085624808599,-0.291158106687084,-3.73392636791385,2.11765297680588,-0.762198343110947,-0.631724946573626,-1.02016847109283,-1.20309216529048,-0.0976973544441674,2.0867537339879,-0.994212417993649,-0.527752935505326,0.158645578539498,0.947832727142375,0.665799038644679,-0.411873685028274
20.21,-0.287602590065509,-0.50537500798635,0.799589107480824,1.64364376298457,-3.83120850916905,2.66782388542371,0.149573355408069,-0.782701764346406,-0.300486674917302,0.195672737210999,-3.94966065007344,2.29557962011247,-0.667106179595827,-0.665806350291088,-0.947967906460559,-1.65495379351116,-0.119568888811885,1.91190893138243,-0.994984756124267,-0.234993454897147,0.164328252296493,2.49582063225013,0.778836791380733,-0.599674329796248
20.215,-0.296050264190812,-0.556941772471582,0.76105610303358,1.79495537249964,-4.1788882020367,2.53516885505086,0.185151433531649,-0.805566583130666,-0.3039767485975,0.6141629200938,-4.09490825358349,2.42304876065269,-0.574768815685835,-0.687557893366699,-0.875257624882113,-1.89534909220284,-0.185073993397349,1.69662886042227,-1.02195049625752,0.0175450293758495,0.0904722890202947,2.10802421400091,0.567785831524921,-0.434194623843712
20.22,-0.292269330693836,-0.553552143243557,0.692262835622792,1.95948093636553,-4.49975160998596,2.34066578300572,0.190616093975278,-0.772317692298517,-0.296290343692373,1.14079242948642,-4.24162310496207,2.53033087318911,-0.485722487822572,-0.716122522393248,-0.809604936247362,-1.98877693415447,-0.210986063154907,1.48122212869938,-1.01309522979747,0.189520325181682,-0.0437263353494232,1.49650502891733,0.352708416153229,-0.178839254583572
20.225,-0.347934465080161,-0.492014160305859,0.641041585713724,2.03982594105777,-4.72065983446913,2.16193340483409,0.176934321291665,-0.715198521262478,-0.287736199225157,1.5435093899646,-4.35847761625183,2.61807282984606,-0.431228620503373,-0.745598785458887,-0.718320135481559,-1.80347464391963,-0.0746346875809484,1.38163347022079,-0.962860728926669,0.28386303777077,-0.153072642365545,0.867386780817637,0.142479548917622,-0.0697189327623337
20.23,-0.428430011489939,-0.473310590742432,0.567194356852076,1.97425687018779,-4.98788610155122,1.88902905679936,0.175583838484124,-0.588889626793556,-0.289365854008955,1.84105000480526,-4.49819869600086,2.74768704280864,-0.336081479914438,-0.80130893963215,-0.635258725052647,-1.59755261918339,0.0892537152444079,1.28275633033208,-0.940027215645352,0.325598304215832,-0.170269825236164,0.855700096827439,-0.0289732852596097,-0.113119953888678
20.235,-0.462884883078287,-0.469114342750864,0.559279319039533,1.89365799497503,-5.13091074624722,1.72654347471453,0.146263304715066,-0.516755883225221,-0.343711448038518,1.81017147608882,-4.62052475171863,2.84744808670608,-0.227119920086208,-0.835643140021514,-0.655344809536398,-1.66056275658721,0.172383985055266,1.16457774485699,-0.941410634414669,0.373142948366525,-0.116273670446605,1.0375906609109,-0.215133188472891,-0.149059936092862
20.24,-0.508493815728904,-0.411903527653739,0.563910049938377,1.88356496630569,-5.28164954456241,1.61898326459969,0.0838705916651422,-0.491311870632711,-0.427439185620559,1.63103974559959,-4.77632080533284,2.91856301111744,-0.170980414336905,-0.826103351336143,-0.606811163908629,-1.72346905677332,0.264408844121513,0.997167854474959,-0.964299605202358,0.399210135028225,-0.0586003835563898,0.990642275684952,-0.411431656043827,-0.101031828143215
20.245,-0.654603887186842,-0.30919165543494,0.588602926174294,1.83322664291569,-5.40714034456191,1.5718237855061,0.0104601608961879,-0.489829273541738,-0.487245754779038,1.43740908390273,-4.91643028053537,2.97301180527639,-0.0816540568118973,-0.791586636706486,-0.54369896696144,-1.90647860754052,0.316838812408468,0.693921873606176,-0.928178382624218,0.38561240431112,-0.0153432208036949,0.654772579584637,-0.549442438465374,-0.0783674782301837
20.25,-0.816773492734529,-0.237248274236794,0.585168099134591,1.77204672104105,-5.52016069610616,1.62485455249065,-0.0689512087753147,-0.513023775391307,-0.547673665897227,1.18527496947985,-5.09456698954473,3.04627025861808,-0.0324454567079832,-0.812902893948617,-0.516118111868827,-2.05412330502404,0.365309374261617,0.390805931166892,-0.90021056288072,0.335780290337199,-0.00879526156780184,0.390655751567854,-0.485282529260012,-0.0939997321881062
20.255,-0.976420313992283,-0.152749581629984,0.547836248742529,1.72159439897123,-5.59328856185143,1.73624553055835,-0.150345472179876,-0.523983673561591,-0.599016580649342,0.979955443595129,-5.20932294089719,3.08962961655306,-0.00905977423291105,-0.840077558721874,-0.486076909426851,-2.16128919259287,0.454354384982591,0.0200365118409705,-0.887742480552589,0.275778239248151,-0.0185777855096246,0.214144428289043,-0.362297915599749,-0.113240057574277
20.26,-1.09175530735259,-0.0705874871824411,0.47770998813746,1.63441123405348,-5.63708693801468,1.89322150708701,-0.233762197384106,-0.520662297292827,-0.658093158956952,0.784046861042647,-5.2957013590293,3.10266518811656,-0.0233223326937069,-0.825441984691621,-0.445039003473128,-2.28110105965825,0.550848142519626,-0.383859281613462,-0.876953308881175,0.201414894362686,-0.00863758664609971,0.124877285027848,-0.192739417793618,-0.14051000328617
20.265,-1.1815731450534,-0.0371241219275121,0.400955987863923,1.45702283117764,-5.60594883013152,2.08806902550159,-0.321936295288547,-0.50189748119223,-0.712154081832222,0.566666346998551,-5.35827340792053,3.06092930563895,-0.0585405342744401,-0.774149818810482,-0.376909685747545,-2.40358838595737,0.625100016895496,-0.783216176158674,-0.862648216157854,0.103084735109189,0.0308748288292269,0.189429300807814,-0.0636510074076801,-0.17651803911327
20.27,-1.26855928367133,-0.0499286470541639,0.355754068319183,1.27378592676623,-5.48952363975058,2.30605253050423,-0.403037667475866,-0.47844565413385,-0.777118575847901,0.322777343046395,-5.41167364698073,3.00314588632601,-0.0867307371484767,-0.734773104622306,-0.310093368726074,-2.43847576234396,0.653796750446858,-1.0109897973443,-0.849307396083418,-0.0181189523428316,0.0756914872243007,0.113633817533407,0.035689407648394,-0.0594267381047213
20.275,-1.37661800543847,-0.041958713852096,0.350025379067886,1.10599030159189,-5.32201068066845,2.55933044341931,-0.470772764665089,-0.465119449693848,-0.864303306023029,-0.0346332675311789,-5.46508759162751,2.92491642203052,-0.123179001445545,-0.719069483662195,-0.24924259285149,-2.30844672178503,0.663887169223939,-1.19604054394321,-0.853940082402424,-0.0858525541408608,0.0747171292626564,-0.165911487158801,-0.0295475402272378,-0.0603691532546726
20.28,-1.52086818055496,-0.0567380224874446,0.377196475725078,0.923378307367284,-5.14386854989012,2.81590989614564,-0.57528104269444,-0.463455928351652,-1.01294103440456,-0.521240399550611,-5.5529839952787,2.81307697881618,-0.165897970037604,-0.735451859310082,-0.184261175343925,-1.85628439021848,0.649651288961313,-1.41143111838023,-0.843077615447229,-0.168710804279159,0.0931324882439915,0.174234139884133,-0.154474963247593,-0.298151723367259
20.285,-1.68596133404223,-0.111513862459161,0.414635130917876,0.741427345271654,-4.96274261737763,3.05684042333584,-0.652321925379021,-0.448374322537483,-1.1301027392551,-0.889103655812742,-5.62310136656144,2.67829893050292,-0.203337058877447,-0.763960769874626,-0.144246448765671,-1.40324126787499,0.609931619033205,-1.57776815849592,-0.836208530392894,-0.241227489156149,0.108533595949053,0.77935737142859,-0.207815690734533,-0.469913345148567
20.29,-1.8285976357133,-0.252594770213869,0.459781164877526,0.567585456190024,-4.82511923522216,3.20755601772444,-0.72755935266817,-0.501811550191391,-1.26761677355887,-1.38704077761418,-5.70704047811021,2.57686629610098,-0.260371740351985,-0.801034273563576,-0.100786492694985,-0.973705093690096,0.484474058192241,-1.77227009899842,-0.833197753704565,-0.216425854857622,0.104792114907093,1.14109758444167,-0.320553888336496,-0.554985229827548
20.295,-2.00633592692291,-0.511728935746998,0.48036909293271,0.467690040301778,-4.68122505425087,3.29677191109034,-0.823204386164172,-0.625754412282366,-1.48996011464134,-1.82195115529452,-5.80521204895138,2.48197483470795,-0.327199500736725,-0.818313506330218,-0.029903437975324,-0.650420807860275,0.282829505558492,-1.98966473736217,-0.795352909147594,-0.192241162568394,0.117124522101662,1.23119050606013,-0.366564163517351,-0.593431774452122
20.3,-2.23480609595547,-0.679773282556855,0.460662978664723,0.594395799934252,-4.56734224469587,3.30159818992763,-0.871479131540582,-0.721940599178527,-1.56855678340761,-1.77242032193842,-5.84551409607559,2.30809824489717,-0.403898480036015,-0.802255264137234,0.0838237456987268,-0.374092014269136,0.0973081904548407,-2.15102037306649,-0.745089757320363,-0.175706508080931,0.140566055775811,1.17842017714968,-0.255375605841233,-0.588279270066139
20.305,-2.50193729587999,-0.691584831249023,0.384157825470058,0.819791372977695,-4.45165967507767,3.19869711132836,-0.929278968099984,-0.808986634332457,-1.58725420287561,-1.61708616011092,-5.73429884851044,2.13779871550254,-0.450869938519535,-0.775662599621676,0.20415269685803,-0.0638409288116539,-0.0586210100793434,-2.21141420109449,-0.717969868376366,-0.154430364063041,0.148557947852826,1.05450156526266,-0.0852709230024311,-0.53266757174508
20.31,-2.65746958812839,-0.685669374654202,0.304333947061637,0.824738812391908,-4.39324334553675,2.94759751833412,-0.985823734733421,-0.885048023519218,-1.73973749032615,-1.46147625374128,-5.58011602924266,2.04925219269228,-0.504781182266527,-0.754594894509136,0.303652435326836,0.327300625304065,-0.236453576293554,-2.17181306321983,-0.702723324415565,-0.142721363465625,0.130962819264197,0.980456458770204,0.0856415514131729,-0.535627380834801
20.315,-2.66354615370925,-0.8273431837863,0.313987156964753,0.766910820777826,-4.2989630068565,2.56302806822604,-1.01771651158784,-0.933954241020913,-1.86923057321436,-0.965994477247821,-5.47055137512663,1.92256997504253,-0.541436888709571,-0.761708815336602,0.348411162245841,0.603929441107322,-0.409086918117938,-2.08208441534686,-0.697745676940458,-0.115309562078275,0.0970131877020242,1.15242777981207,0.111724932170112,-0.562103648128632
20.32,-2.60122904435978,-0.853955019616817,0.253345039619927,0.711822132285633,-4.24439763815519,2.19877349510511,-1.02345192323061,-0.99778833580681,-1.77215868208652,-0.183803421697569,-5.28232167195291,1.78055606809589,-0.568204409098569,-0.778464664446921,0.322726647191239,0.675994025992789,-0.458092925242976,-1.97416847324302,-0.679140797151688,-0.0691241392621895,0.066427830746649,1.23401953918989,0.0618735067650308,-0.556613119369327
20.325,-2.55895696172497,-0.773503792210956,0.0926248042592832,0.507015399798122,-4.09436311866951,1.64494847381468,-1.00074261484638,-0.88941175258058,-1.73312174715128,0.462023556728085,-5.0234920802785,1.66428984148294,-0.598461434190395,-0.778705790003019,0.271764448482367,0.552887653451143,-0.424654723030563,-1.84340317222052,-0.646212738747738,-0.0250279961958561,0.0348325469135413,1.24475734583063,0.0327321746412245,-0.524151722057925
20.33,-2.47530368419648,-0.86350754097614,0.0494738291129726,0.279751397688019,-3.92310882767949,1.03916134868784,-0.994303744210736,-0.709656404070699,-1.75004528451118,1.06701782363846,-4.77295556656957,1.52453945681704,-0.615321049959256,-0.753478958062825,0.199336133076845,0.365463441441791,-0.305904390739471,-1.70586320798168,-0.624860161510077,0.0226744639230175,0.00143096247590904,1.21928642123921,0.0469031066070464,-0.520087144780847
20.335,-2.38290683632803,-0.860616698748962,-0.0454380864241072,0.208858841225297,-3.70387375028214,0.331709369413837,-1.01764089738084,-0.581239826573408,-1.72924411325209,1.44570388050048,-4.5965276860157,1.41330047467327,-0.637426192465408,-0.690018287605984,0.146966055467803,0.195809472935888,-0.166244908192758,-1.62341261707413,-0.609437782198523,0.0536882490972668,-0.0357346816530362,1.15758109190513,0.105347286562779,-0.542824822394983
20.34,-2.34623016289728,-0.714939922943556,-0.186830261394743,0.219265697983118,-3.46077234513473,-0.374047456451207,-1.01135202307007,-0.480135517661247,-1.69549914126768,1.78787525249556,-4.40834274997968,1.3602555266898,-0.651421008568123,-0.584848657072919,0.0961285247374698,0.0994701440047502,-0.0803545497056572,-1.62752471185232,-0.620012048362288,0.0989102335947643,-0.0519993065602387,1.03388218653983,0.235646756174403,-0.544494713995261
20.345,-2.37617939366231,-0.548444221792465,-0.368316931978754,0.113370538191818,-3.1969206738989,-1.01720188805129,-1.00981393937656,-0.298911686745955,-1.6285223074342,1.92457759671494,-4.18700120319836,1.34974899745062,-0.671778701953099,-0.475443704103927,0.0407552006398807,-0.00119795422111595,-0.0242732971285024,-1.63216965325472,-0.573875166291979,0.17080175727087,-0.0351551927881029,0.802137531702652,0.413132953171369,-0.498403582690832
20.35,-2.38223053357338,-0.498681001893184,-0.51918470302767,5.36246276046232e-05,-2.91117453514418,-1.56071259905572,-1.00505227008339,-0.188572483465064,-1.63903443604183,1.80546502727775,-3.95093757372066,1.35445518207902,-0.685539800391563,-0.366926104528069,-0.00780000197391498,-0.147809377299163,0.0188598343703173,-1.59098789406612,-0.628063048408785,0.147698854866234,-0.0638507094914562,0.269661216713579,0.685630662263799,-0.451174012541244
20.355,-2.34058172142245,-0.505516724293067,-0.671449473124229,-0.0259030629195334,-2.48651447106335,-2.08387945353251,-0.964525645948036,-0.167773082207482,-1.59865143357041,1.74089912957096,-3.71373105877911,1.34282277404931,-0.681139230925594,-0.242380977535556,-0.0345045812195281,-0.286044834189832,0.0711547642549792,-1.52166878574572,-0.677619813730402,0.0771142528435544,-0.0880499218810473,0.371024032736302,0.477125081175405,-0.604656888472116
20.36,-2.27687488981226,-0.491355723172772,-0.792847230818068,0.0584505215212187,-1.99457637525675,-2.50116971391583,-0.8941133782366,-0.190144016028459,-1.54115791456173,1.64388296536087,-3.43097382272878,1.34436809945419,-0.682789106883536,-0.0432001381301464,-0.0590959919169659,-0.413266302596041,0.107580816688023,-1.51638295784046,-0.629487588091154,0.0733503553474617,-0.0791554586396932,0.397830756333606,0.313875540243595,-0.720146666912202
20.365,-2.2298051570073,-0.441777727703608,-0.869316169322852,0.19050747213542,-1.54531484892591,-2.72442243983144,-0.824984498310748,-0.266084359323027,-1.50965524876071,1.49371627848419,-3.17386253820657,1.33098178591349,-0.680292816722538,0.0946931424011433,-0.0768893776677811,-0.494173039415999,0.118322044925942,-1.53992924060532,-0.582709280086701,0.0890726196419881,-0.00642834668514091,0.251227684283034,0.473687430591503,-0.60035161526202
20.37,-2.18145069848881,-0.389773919133315,-0.942586882087855,0.347173417839159,-1.01740099798728,-2.81125991697786,-0.771721559750627,-0.3693121022181,-1.47216477609424,1.35531212059342,-2.96719142914915,1.29888861151589,-0.704205465054154,0.229603523688886,-0.0861100372201194,-0.494031103664964,0.180465321636749,-1.52767772851716,-0.560618488281562,0.0550415462264962,-0.0347359056334666,0.0688627247355671,0.736520412454983,-0.528115704132287
20.375,-2.13678107705011,-0.378384588697789,-0.989817853802798,0.381796010249616,-0.404256463493048,-2.68179739179232,-0.755277419872999,-0.439161730846147,-1.40623697669861,1.20145682172934,-2.74164011035889,1.21662379852343,-0.731887649392966,0.331723665380889,-0.0901891025120667,-0.305156759151616,0.299810865249723,-1.47830096780348,-0.613493844240341,-0.00459065406518315,-0.0975704874963611,0.0733944658713683,0.961470500084449,-0.605001298602081
20.38,-1.98993394706478,-0.400913817198357,-0.97072482311878,0.386592869556452,0.22844607149747,-2.34039694869788,-0.729291124219791,-0.518980168719413,-1.34895940517566,0.96027902744108,-2.50287098023895,1.08188153659756,-0.737635809814789,0.397963292724695,-0.119886095480589,-0.234193307822882,0.316905735222588,-1.49237516896619,-0.616641759707914,-0.0377480656064136,-0.157807873771959,-0.0982736588191472,1.07844954134859,-0.549301368115716
20.385,-1.92052244455913,-0.264586182276553,-0.965355283601714,0.458827672061078,0.677732928351419,-1.98175453190831,-0.722967486455064,-0.578269225003694,-1.30087228044983,0.64875610624953,-2.2862124935157,0.919440274899586,-0.730475178860383,0.494875397490271,-0.15669234519482,-0.296804904465131,0.302836985373149,-1.57487652744146,-0.622558408072069,-0.0237292605935731,-0.20846074687244,-0.215547794752865,1.10843686161668,-0.522005740897852
20.39,-1.91998600095217,-0.142208337165296,-0.979902299033055,0.313815054616564,1.21438484846565,-1.51921158314229,-0.728460405539375,-0.57739573752788,-1.30851346438783,0.330488798581763,-2.09781625385783,0.742770052219145,-0.718512413876643,0.599697418087099,-0.174113086569389,-0.431520256075003,0.333518950774646,-1.69603860665371,-0.602860620838099,-0.0405995890286464,-0.193048466956178,-0.282007777198558,1.04636956354902,-0.462540196995618
20.395,-1.95225286169083,-0.0276142169687431,-0.979011816080524,0.0171246898493737,1.70823688027151,-0.995104614318942,-0.725709592548549,-0.551863488573776,-1.31486499111038,0.0896647158523469,-1.95533206649754,0.611742878277175,-0.726847760696524,0.643288325081134,-0.156851732784896,-0.455332097900207,0.405593719488045,-1.7136006760034,-0.587538967899181,-0.0617940014679386,-0.170555377974873,-0.266151504223986,1.00386762276071,-0.419113186303872
20.4,-2.02584458926501,0.0245596514661841,-1.00286260292214,-0.48405724900456,2.24589366140653,-0.379769231995131,-0.682759513724478,-0.528813041370914,-1.31613557351979,-0.29409382956059,-1.64991103437253,0.390727644011827,-0.756949371391742,0.687930329261215,-0.100577199403456,-0.320802889133527,0.484106121330603,-1.6962676275407,-0.59341666832101,-0.0840977348492214,-0.154354364831872,-0.262391915507199,1.06312810713374,-0.36858517880082
20.405,-2.11619562547907,-0.00993618133508447,-0.979183619245802,-0.889060738827712,2.49233077281172,0.00469322378306405,-0.659217314915115,-0.482252555226472,-1.3063169308624,-0.600374522910428,-1.45007101783829,0.279762278880918,-0.754451088481307,0.69137162775596,-0.0716856832687787,-0.157617201081724,0.470836978412516,-1.66506350629424,-0.619701240973029,-0.0838929436094149,-0.140027893427328,-0.36113789187491,1.11554696901545,-0.317750735428209
20.41,-2.64565832208622,0.455218705206974,-0.0485625204266668,-1.57584331813238,2.28253207962116,0.509546480515043,-0.594254780543436,-0.405434648932892,-1.48323805704764,-1.1006741364314,-1.17034801040483,0.178801846638512,-0.752345535324785,0.666019524651022,-0.0390648846111633,0.0729025415502806,0.430880231735125,-1.64696990203481,-0.642110527866527,-0.0904374287035355,-0.126337260308434,-0.556519978340777,1.08755283627566,-0.270498952061781
20.415,-4.4330816962343,1.27458779268836,2.76467981788745,-3.3933544077418,0.298698188538133,1.30193770737916,-0.458454290785699,-0.249574624760961,-2.00988822251604,-1.79834742982168,-0.83444484748377,0.0855740930841798,-0.7639252776332,0.58942199982995,-0.00891994329639423,0.343720917658767,0.368231287591536,-1.69026004137779,-0.64535258453729,-0.104486083348808,-0.101470573482639,-0.720279069018132,0.95746439442681,-0.215675492103701
20.42,-5.41113397755163,-2.2933600872551,1.99466852344292,-4.29537917600095,-3.03753160748409,1.3753408330701,-0.367878994020065,0.0761945197862516,-1.66905379239206,-1.77610023870175,-0.333453423885196,-0.019812312563856,-0.800319397034008,0.459191636550964,0.00406206478128276,0.583664763254271,0.301660674324687,-1.74098799011178,-0.649028775946591,-0.102793168390639,-0.0989224214090931,-0.805606614255155,0.781767576656234,-0.142002192589821
20.425,-2.77607720170446,-3.68435797756892,-0.248912114961597,-0.993317243724856,-3.78650059641257,-0.0140096276243833,-0.723034530464259,0.114854070262407,-0.875671733186185,-1.0579365611529,0.151032350225672,-0.108393854841554,-0.856896803278901,0.268576102090459,0.0521606721100333,0.724489396873607,0.205155277154892,-1.76697800500687,-0.652269267226406,-0.0872789832279414,-0.0996953478024846,-0.901405958325076,0.62881760991668,-0.0818335245239311
20.43,0.480822502769047,-2.056285227945,0.765680106713991,0.609345380891981,-2.93737806786976,0.300750334401366,-1.2295369285494,-0.0635997820103828,-0.0352396491764173,-2.00286244602607,0.234856576891555,-0.242002072751988,-0.937102819945552,0.0318355551030304,0.127400290086315,0.872139765109286,0.0593130711026998,-1.78455050912247,-0.65024942466755,-0.0649853665784968,-0.0968353517662631,-0.9897436991939,0.515728675272502,-0.0463506030511648
20.435,1.33621855954923,-0.368498828257425,2.2820186666437,2.37141242678592,-3.2215535875151,0.510633425801117,-1.40037570421468,0.073188478266669,1.00355080386643,-1.74422707212868,-0.0780274820199682,-0.151671942253743,-1.04955688106578,-0.210149962027471,0.154904579542128,1.07420702610229,-0.0969902018693744,-1.7561871362023,-0.689961927717696,-0.0413434812594134,-0.0776169704105552,-1.05688431478612,0.410532968397575,-0.0362567224420626
20.44,1.35198265723533,4.32733212892491,2.48170651333149,4.49961721293917,-3.22520123939116,-0.657141336704355,-2.02250307438192,0.869468788220764,2.08013607661251,0.651634880747398,-0.548732457181333,0.161848420214046,-1.19932000318856,-0.446181609080849,0.0417865344211769,1.31003994713917,-0.184080731373641,-1.6140943073164,-0.719251421511735,0.00338253997865596,-0.032149711476463,-1.07438236464007,0.309362950596823,-0.0462202101867747
20.445,3.34309812041045,6.09042115974877,1.58596620788636,2.62395509528749,-2.23713875773846,-2.15655618127138,-3.41625791751922,1.65156956915838,3.3402469707797,2.69280735198669,-1.40471987502263,0.844331014050579,-1.36133216421732,-0.61032809472987,-0.159954227594206,1.46403689523344,-0.150655040035468,-1.46009735922212,-0.78434856039557,0.0737508567511229,0.0309075872027788,-1.04025914165817,0.203375948123883,-0.0523935540340811
20.45,-0.0981356662421912,2.37538816355512,0.958353790488532,-1.46792363083405,-0.87082813329929,-2.65191846841658,-3.7137888489344,-0.14629319153101,-0.2912766042706,-1.75739612818194,-2.00382602470496,1.87079918384552,-1.89822825651385,-0.931822725949389,-0.887217213516725,1.82636056300487,0.11797544835172,-1.42315129301185,-0.920123661758667,0.22158137915659,0.113152034047779,-1.00133906139187,0.0889508999339689,-0.0424683283689149
20.455,-4.58898524543855,-0.900581236564497,0.0319239944018379,-2.31223533856387,-0.147281461519382,-1.66396724646577,-2.23489331259477,-0.916166135498901,-1.65252510825938,-2.90922862727128,-1.8914330597039,1.74953679177141,-1.98252826170726,-0.999888758831973,-1.29744082936793,1.91665091312007,0.426874638428441,-1.72760401512192,-1.09296703879721,0.364563480810186,0.195236884792542,-1.0590613920714,-0.00941652885609204,-0.0624881858054345
20.46,-3.70314650859037,-2.57924661548031,0.190369773059853,-0.970264098737703,-0.219517275028086,-0.488924804783018,-0.791638691823775,-1.67665339102813,-2.24231467991556,-0.991386945343727,-0.863666293773793,0.823021225714752,-1.98054234574969,-0.724185546865153,-1.34906940252736,1.19895721349856,0.962949884870566,-2.40694195065333,-1.29733606642789,0.421181694641809,0.264130224197252,-1.27417647712687,-0.0455853654141643,-0.0949485841543441
20.465,-1.99893033453083,-2.89470902004859,0.961497016611001,-0.498326489621569,-0.389993269981211,-0.197484067440834,-0.785207988513706,-2.10385189290746,-1.78855585303225,-0.244624398044567,0.234715216151143,-0.213139446104322,-1.98846325655845,-0.172509349112688,-0.67884355309435,-0.227278613633924,1.23172942487501,-2.64841749040609,-1.54965038984549,0.437645146418722,0.266594887722799,-1.64873726105225,0.00230906871864853,-0.146305204145701
20.47,-0.0662515342524426,-1.05029809890303,1.3287971265855,1.04557745704065,-0.323120071305806,0.337603882461605,-1.282469109659,-1.34297747807448,0.569256631882426,0.726069198493393,0.709797735707553,-0.489460185514727,-1.99996446407393,0.237386207170889,0.184337107429578,-1.91889677596971,1.44046798717682,-2.35616882646467,-1.78592869510142,0.427936162547246,0.179615136483398,-1.89741710408423,0.287617920944716,-0.222402214189006
20.475,-0.0317647898848514,0.635987530261591,1.05248032098171,1.34149346158432,-0.138123719201114,0.492907901872457,-1.23473746761066,-0.66368429257309,1.10233950134701,3.2155680557057,-0.0986601880883421,-0.253863201744186,-1.90172697821636,0.168205542914537,0.661698255602717,-1.13833312262051,1.53351814258525,-1.01238373363531,-2.02625153750175,0.408249711208924,0.00164851520172806,-1.74351691806741,0.897519001521817,-0.346689236921441
20.48,-0.353370054857897,0.820200261949626,0.852565478218307,0.868725139958646,0.135874603021065,0.356301293653143,-0.738551892054189,-0.203686225341351,0.438749893411605,3.34648878808172,-0.648724793088096,0.297986709872279,-1.40834473172969,-0.150951797431913,0.677884826482206,3.20109994290353,1.38990760514587,-0.0891784768816856,-2.16150573144479,0.336125243236127,-0.211408085910775,-1.18667413758598,1.49667530232362,-0.465930176012408
20.485,-0.419162115459725,0.538816283643013,0.801608299037172,0.544267856834154,0.290073495709355,0.354234096571688,-0.743131532106305,0.171297268509216,0.123148813591217,2.52783519166588,-0.611469688481167,0.319429572559418,-1.23705556500865,0.0431741402990359,0.271899970998072,6.0601962292546,1.01999517944785,0.0703539116282289,-2.21680247769513,0.149608985943958,-0.465579339557378,-0.537550086602626,2.00886455881592,-0.491561981191244
20.49,-0.533165033640199,0.163998402681522,0.74538691123589,0.621806155272718,0.314700931068428,0.444600550062834,-0.848375442420038,0.548429336012922,0.010145550498682,1.38724345254212,-0.35487391031339,0.16854665858541,-1.03224876674217,0.513449733283258,-0.282231339507328,7.10561444885691,0.731726734773478,-0.013753101227999,-2.16046731257163,-0.106239643799875,-0.719097494307644,-0.118620922486001,2.20297281379008,-0.306696785600926
20.495,-0.723393351595109,0.274888430913439,0.662364943951443,0.790707332919875,0.253070361954878,0.549219368680443,-0.822741950399725,0.740565836042377,0.127920057686841,0.204941467875975,-0.0306816773923697,0.104187528165822,-0.734879474514931,0.931527732881724,-0.676819062214981,5.79464063856707,0.817883827627375,-0.177002073748987,-1.97951807769666,-0.322973026497622,-0.913821789075968,0.00505954831174041,2.03809634194344,0.0823202460853643
20.5,-0.713701261554574,0.557665442442779,0.657175792043705,0.520930207496689,0.207802092828738,0.534274267124873,-0.825870135880493,0.733444818037183,0.363061052732226,-0.135661987000824,0.16906242714498,0.149092599888299,-0.46086332239603,1.03155358011282,-0.743677010857822,3.79177576259296,1.12500804281309,-0.322576362873677,-1.74497271974406,-0.42067964358383,-1.03459526382779,-0.0809990811958965,1.3954441131403,0.540770254013213
20.505,-0.533960481813174,0.612297598799933,0.72074800311273,0.323915423146928,0.209077124083368,0.500361882868641,-0.929409817718158,0.663435265157905,0.516929829843894,-0.00322957924117284,0.13937680493394,0.141471778448192,-0.317782203823687,0.824654683423168,-0.62722353209661,2.10019296245026,1.33034883184814,-0.43450015881775,-1.55905439446958,-0.462830322828635,-1.06617734159014,-0.211219660444909,0.383897066708905,0.790454959529603
20.51,-0.338960851394222,0.582584740923877,0.79807414814065,0.241196837489104,0.198798308169698,0.453343433681226,-0.949285757452339,0.606626858174263,0.54707601000741,-0.331465834400649,0.125841765114187,0.0629719507916931,-0.34355141150203,0.411353216920366,-0.556487153958658,0.571256589915999,1.18688002173787,-0.540857161753471,-1.45161307576971,-0.474316357898113,-0.945186158917058,-0.469468630489858,-0.77204471607297,0.685532301403237
20.515,-0.253534099947674,0.52414306529389,0.832320684723412,0.0961834786899268,0.16738604443032,0.348253858786422,-0.919718273732749,0.49718418476886,0.504442318091569,-0.95006308624256,0.210028687963425,0.0445431156137788,-0.482396834650995,-0.0170429115618125,-0.585578613907034,-0.72287787006687,0.692097869890339,-0.674478517133914,-1.3637242321343,-0.363123232231791,-0.632577768920811,-1.08254079417785,-2.16733036510718,0.547206954735924
20.52,-0.282131880319096,0.437948372729042,0.824165141774077,0.0219470779126793,0.123089054054152,0.173007989595989,-0.937185102952128,0.266629684650255,0.420835042644216,-1.20269334070397,0.380101395968562,-0.0175449516516086,-0.614474143324941,-0.167559046185263,-0.612074372787746,-1.4262331356887,0.278625000864833,-0.749774576772716,-1.31226815352279,-0.19957010579109,-0.344937395009775,-1.62272069284139,-3.21593416537946,0.606031115118414
20.525,-0.363199172219896,0.44408169891502,0.785953172458735,0.0741808013593427,0.115599206135715,0.0944041287631368,-0.939271137755198,0.177643246759973,0.360571505018054,-0.880910512754663,0.424393641935702,-0.0378665167617328,-0.74472568583284,0.0841161878558719,-0.552587141723541,-1.42395196898804,0.197618775382196,-0.571757118228684,-1.26478733817357,-0.105991211520459,-0.166498130515449,-1.58850532083696,-3.61979991602462,0.626463441950196
20.53,-0.457727637566828,0.538633181143024,0.691364330208813,0.188215350168841,0.14162259083042,-0.00133252622053875,-0.844078077257687,0.307357952036051,0.310570669742484,-0.25165211081495,0.425396917527735,-0.0861411184354821,-0.893820909688123,0.405281032818184,-0.429017618561753,-1.20143571165929,0.0867398432521025,-0.0219488899796778,-1.1756672116851,-0.0737875724836857,-0.024779065340717,-1.31434866049747,-3.66347389556267,0.518268391542398
20.535,-0.466459019156941,0.623319105174002,0.661791630512333,0.20989344709538,0.13655296213374,-0.070132054701613,-0.808426116318521,0.495931640902904,0.210408837057011,0.203910766558699,0.463716415632455,-0.126805298381628,-1.05555286744743,0.563535609766613,-0.331377951370247,-0.994666554792348,0.125741309470575,0.43939741345776,-1.02285764736124,-0.0903546106105423,0.119692538444173,-0.833095369937611,-3.38845303451496,0.293032880884142
20.54,-0.424939777605864,0.589514310831837,0.686815067746982,0.0645801837611508,0.0987554403519186,-0.14119175678764,-0.868971534299571,0.549922505946717,0.129000681653929,0.101827286041033,0.48381296826017,-0.0869814105502161,-1.02926904267331,0.356275377273616,-0.144792115321779,-0.680889766764213,0.317294260095711,0.138300078651066,-0.786551058872717,-0.167118443629741,0.264982397423292,-0.321482376411278,-2.91268638281862,0.0335804694318899
20.545,-0.433374841277221,0.473456251202714,0.749572548891207,-0.118077089920551,0.00496016146813984,-0.243018856506076,-0.901421802237924,0.513180763527424,0.111352623149076,-0.317519627198917,0.519278366388183,-0.0725914005403847,-1.26312554720628,0.22377497044778,0.0102630970672927,-0.428479913124597,-0.104992092820376,-0.484349248634371,-0.599085435423126,-0.199630979544608,0.365290786215543,0.0798816664404547,-2.45616026517144,-0.179471928201943
20.55,-0.482749995475342,0.368118603704953,0.755018604588951,-0.192765990293232,-0.0678284921495784,-0.313588141268388,-0.923370256191383,0.390782948941752,0.0898004094215775,-0.659613722586132,0.527542034832962,-0.0537379955069916,-1.41253112522881,0.217896150363965,0.0384734403947281,0.258826842849678,-0.159633054926446,-0.493043363407318,-0.303323229723715,-0.136852828305088,0.405624874368795,-0.0418295067722447,-1.951436164913,-0.247528721324618
20.555,-0.505982020119486,0.324784353939153,0.746504508087999,-0.218010096459397,-0.0954684719458641,-0.340684914177128,-0.946299450881521,0.221441265128737,0.0374345312749834,-0.995545823068581,0.484858328674896,-0.0652565516528047,-1.36298992791622,0.0706946920799287,0.0705746659274306,0.773383867012872,-0.106558325492266,-0.194416919783602,-0.00359347518220067,-0.0909066466395476,0.437995552443993,-0.293918794176512,-1.24698076079927,-0.258105739846558
20.56,-0.5472425516126,0.337669974292667,0.739659946609696,-0.216089806308301,-0.0973606254060873,-0.343539236572715,-0.947244854259229,0.0549696701155202,-0.0212487510346217,-1.17414631151793,0.461532415733533,-0.0981302712822449,-1.28598405397048,-0.122415046818462,0.0551572873720785,0.278572455337918,-0.189802287451697,-0.151984991925314,0.0940254786375011,-0.019200205239463,0.454837389342256,-0.437155964311689,-0.518737608244082,-0.261406308722316
20.565,-0.552867258869067,0.349262675184467,0.741462568630331,-0.215301889897399,-0.0860590072397103,-0.338924933903127,-0.964390450243625,-0.0484637813151061,-0.0441930934170602,-0.977015477023492,0.464426552508576,-0.094344558116828,-1.21537815180981,-0.224324466586869,0.113768073173148,-0.263493227702654,-0.183438741776536,-0.170203149640529,0.0364083810359789,0.0337426507858841,0.398509674825983,-0.323007544788568,-0.00406281704205454,-0.259961195128012
20.57,-0.53118309255953,0.314226548573431,0.779200198598377,-0.231205459997219,-0.0681549642829473,-0.330374225386848,-1.00222272463575,-0.101148699639483,-0.0350076558070014,-0.646708936608328,0.473074555397034,-0.0811550263761479,-1.13327691682874,-0.250503194001974,0.196395696735861,-0.775139903199154,-0.20006043365563,-0.143548159692584,-0.0590899951951207,0.0765014671709474,0.289450564760863,-0.206546531924998,0.233750384920206,-0.207366664254997
20.575,-0.519661241394448,0.241135840941551,0.810678176378857,-0.235817476581751,-0.0736479137879678,-0.33335686772211,-1.03352112604288,-0.123112625149866,-0.0104834466673382,-0.420949414107741,0.445586576854253,-0.0555513899124579,-1.03561791237634,-0.185363855961579,0.261451387626384,-0.907382404680773,-0.199844279599157,-0.0722341292600287,-0.0881979419746021,0.172497892627062,0.181762492878955,-0.186647740856825,0.383235322111599,-0.222767925985404
20.58,-0.546876201603016,0.206160971798379,0.802031682227734,-0.240024371802982,-0.0797217488288879,-0.321895792460046,-1.04691272251498,-0.107179610392937,-0.0469879258921123,-0.328052937550572,0.412030100388554,-0.0372044033839833,-0.928782098816617,-0.120278459243668,0.290696684490012,-0.765267334139975,-0.208551422432046,-0.0300610040363346,-0.154999732731617,0.265752731018136,0.134217527641516,-0.298811375126057,0.650462630409235,-0.375258719458074
20.585,-0.601773573430629,0.233113908891164,0.775173248715134,-0.232413407277407,-0.0858655953423594,-0.286407997370302,-1.03524537495753,-0.0942353740982493,-0.0999650201915219,-0.336846413038038,0.371016223670407,-0.0168881108512712,-0.831529906533065,-0.114099181052617,0.237005059981117,-0.401031008315371,-0.224365440758657,-0.0939782193094069,-0.357743766685316,0.296645814948761,0.174509761399318,-0.394610102563938,1.05121505224627,-0.520210206450055
20.59,-0.614025263619686,0.238727355730086,0.780946072124741,-0.254348339269343,-0.0751947147672545,-0.249018833136228,-1.03653233596267,-0.0773991770461098,-0.128884116231071,-0.351657355906197,0.367277605554863,-0.0099371458691219,-0.786622864467908,-0.180102477170184,0.0984946383157692,-0.0539831030352798,-0.214070542426587,-0.252589823214113,-0.588573579499007,0.303994626122921,0.224954938252355,-0.405785732529366,1.34926425466501,-0.530915189552694
20.595,-0.586779662781519,0.218500158840162,0.792635820252329,-0.271261481123734,-0.0518420305279541,-0.202452943779602,-1.02994498484446,-0.0676407389388744,-0.113347360631414,-0.387076487875463,0.352418344250085,-0.0105023216729452,-0.796956841247142,-0.282608108842343,-0.0961484354000861,-0.00284533067390871,-0.166234729195102,-0.445147296872873,-0.862816197813653,0.282374577042846,0.227013808911478,-0.283511438865341,1.59685323875548,-0.365112131715337
20.6,-0.56938661800196,0.199729117401017,0.800640356913814,-0.258702779253543,-0.021050270527816,-0.150055822854427,-1.01993196945805,-0.091022532854061,-0.0946250747150826,-0.354171242328779,0.32175359942362,-0.0106104090809822,-0.833104757397001,-0.359100460890356,-0.227816881540545,-0.197444199175569,-0.0487610387218514,-0.574805606076366,-1.09501861227391,0.264597640326468,0.167200617383099,-0.0819935228724659,1.73048221383951,-0.129439131491817
20.605,-0.587930460178758,0.225523115267,0.78386298863456,-0.256020328745745,-0.018864780541792,-0.112761525050706,-1.01170394258675,-0.0771276831591624,-0.0852260131449685,-0.350410281163515,0.281879255689564,-0.025067156058357,-0.864544929166061,-0.401384887040686,-0.249945955823321,-0.482533697740007,0.098320946568468,-0.657720414846071,-1.25015579087319,0.225892237104286,0.0711883640749226,0.0238790084974318,1.73814259663773,-0.0409133975347333
20.61,-0.584897553785383,0.253548331798463,0.775104014892278,-0.264768491881786,-0.0145298889209658,-0.0680900658347997,-1.00363071686856,-0.0627628625414196,-0.0897342049114278,-0.31207201783967,0.254521966921956,-0.0305560377972543,-0.896459375818157,-0.398455015742543,-0.223266687551569,-0.60378588237635,0.242288154036735,-0.692308954105278,-1.39363055546419,0.151030484708829,-0.0540391147110973,0.0220415276183184,1.73797157816218,-0.125190281173688
20.615,-0.55239617538565,0.256766668124347,0.789281781751899,-0.287306208504952,-0.0214080542433637,-0.0398061773605176,-1.00897304016818,-0.0528392668278533,-0.0659275787441255,-0.261550237358308,0.232203989028322,-0.0302062375228688,-0.913475617783312,-0.373806947363297,-0.179946196089626,-0.659678797590896,0.345003555009072,-0.643057434766558,-1.50166920598565,0.0684169415191959,-0.121558854790181,0.0264150275199276,1.76515091401592,-0.252869628106068
20.62,-0.535594945020906,0.245807979726341,0.794249136319665,-0.276940833920594,-0.0383407856585807,-0.017812748852833,-1.00817475722904,-0.0327530161488968,-0.0265352860257873,-0.228850218716113,0.218195190112728,-0.0313435643308328,-0.921534101416595,-0.327885668781105,-0.135819838511232,-0.637413280365547,0.390859076268368,-0.532322834020448,-1.62854702876154,-0.00835241854054061,-0.16692664354989,0.138554202736355,1.70873516783012,-0.326308824366799
20.625,-0.54529484766666,0.261815033894833,0.781906191433702,-0.247862740762628,-0.03752079776137,-0.00151571737282834,-0.998365412428175,-0.0148148643141346,-0.0161297671650422,-0.210915762574807,0.211113963810376,-0.0261152105697182,-0.910141408743133,-0.291304181884619,-0.113769794401724,-0.589363880051434,0.375711192278238,-0.445469899636663,-1.67092534666232,-0.0418385389793926,-0.198873914814629,0.300381529239361,1.49032907345479,-0.249902387814156
20.63,-0.549789656589769,0.292761228168572,0.779111309613329,-0.209822006390072,-0.0335296366906532,0.0189418640882366,-0.992481888643202,0.00272869724897491,-0.0251427186220981,-0.173070182557092,0.183909782448537,-0.0285833016578515,-0.890584881223081,-0.262436715751819,-0.122210998646355,-0.593527263520205,0.323887421190411,-0.389798428963382,-1.64598820973625,-0.0384075943725502,-0.221576610775117,0.360351466649202,1.19779956550495,-0.160412821803911
20.635,-0.552672382089251,0.294316081587391,0.783871607107513,-0.211019651362702,-0.0308987445845759,0.0214574447214152,-0.992798882443643,0.0425664371508254,-0.00935796888103881,-0.102733240163927,0.174214497082614,-0.0392484552735217,-0.864341041726762,-0.242033117545748,-0.137168505852149,-0.618956540165707,0.264047537577002,-0.454229961175654,-1.55655347062843,-0.0345835913589493,-0.257753402082763,0.280022755934631,0.515729244849723,-0.0686676050681191
20.64,-0.548049803676344,0.2764017878734,0.79654632304045,-0.216549149318163,-0.031694160833761,0.0210145275433342,-0.996358429175459,0.0731070954392977,0.0118412829394986,-0.082314486112755,0.16598190664313,-0.0431488213835762,-0.883812424441355,-0.226793590612625,-0.152770409542288,-0.614214679544226,0.139758324364328,-0.642620232319922,-1.40872690514283,-0.0398732717931558,-0.287539081869619,0.0542206401397384,-0.407486234064871,-0.0524597705421028
20.645,-0.545138897365871,0.275918131691953,0.794845095547863,-0.189330667731505,-0.0436427021229696,0.00884732990982872,-0.996626480771371,0.10279963810885,0.0371958409714944,-0.0967344936360119,0.171316027641296,-0.047763739012669,-0.930296731443677,-0.224117158915509,-0.165992651003361,-0.485716200408882,0.0793920186560876,-0.715317398262853,-1.30398842493645,-0.0547336551085305,-0.292795968420625,-0.0588871190380713,-1.07165102559562,-0.0479015499356645
20.65,-0.554229269192395,0.313840195865872,0.784327763645826,-0.176891537391634,-0.047933376116325,-0.00131702320700537,-0.991775384931004,0.136739260145258,0.0402119289747709,-0.143810442473222,0.173919894832562,-0.0470497390727425,-0.998503004061783,-0.237242704719015,-0.168722961300997,-0.171033335958101,0.0952358445978323,-0.628714693920671,-1.21194927704178,-0.066894092266654,-0.245091845835767,-0.15593435283902,-1.81668185283484,-0.0376123145016777
20.655,-0.549991057123557,0.344613396286356,0.773247302678508,-0.177687265336461,-0.0528444647789001,-0.0107571116608375,-0.989580842230721,0.145374384743442,0.0251192579859171,-0.191090837413313,0.182864588006879,-0.0527473613985183,-1.04429189427866,-0.260207644307433,-0.153525057996222,0.150316738054934,0.199091395541464,-0.435006837339662,-1.13267229977785,-0.0605616094305301,-0.146867317896283,-0.195518342158379,-2.34746975758689,-0.0314495878764393
20.66,-0.536243489548602,0.331302392509159,0.787865675805892,-0.190913124453665,-0.0504516985152248,-0.0223999219351893,-0.990807184670014,0.144701356607039,0.0381460592661556,-0.202178470894768,0.192085145145242,-0.0579513097962347,-1.05919339083296,-0.258797298354155,-0.143951388630926,0.346668088226945,0.314334919992342,-0.270098663816928,-1.06388001855727,-0.0558030074801406,-0.00464228036257673,-0.185183155548736,-2.73923009207063,-0.0460538745652976
20.665,-0.525460680759863,0.305697796340856,0.797183705870287,-0.195554288569041,-0.0596458121990508,-0.0415164014010542,-0.986802026699125,0.13699427483075,0.0575368487694731,-0.22021587308648,0.195749908685684,-0.0615453331554786,-1.06310113050694,-0.229557654719384,-0.130641441711981,0.41745022228932,0.378187567941376,-0.169650840148277,-1.00883931897541,-0.0662165311297074,0.101982589364215,-0.160689185824895,-2.8665217179525,-0.0570120619779786
20.67,-0.513098162693161,0.292610348217534,0.797023563010124,-0.173982640012989,-0.0709137681097298,-0.0683683290891313,-0.974054667986334,0.107091890966733,0.0722151675852025,-0.208853562390462,0.208575475696944,-0.0717874030753831,-1.0688405540621,-0.207623691858411,-0.115298566694332,0.374379417580824,0.362530581209144,-0.119792875606648,-0.948461953888623,-0.0662218379464119,0.204960224365705,-0.123196159580253,-2.76796598500123,-0.0634217077651751
20.675,-0.503526337828099,0.311573977959167,0.784153885231297,-0.132129798657048,-0.0736559697957721,-0.0851918777572097,-0.9641338296511,0.0891932511472129,0.0703242465996179,-0.156668014829888,0.21789782754322,-0.0802919743967485,-1.07874292969674,-0.198487860481889,-0.104849673452704,0.272304233981844,0.260146305208633,-0.102968854654498,-0.904215738235077,-0.0851899902490874,0.275701700718697,-0.0559059449199025,-2.48973163272585,-0.0924633552451182
20.68,-0.498795656250826,0.334019679676355,0.783855708424004,-0.112573595832864,-0.074742424772025,-0.0949699725434855,-0.979959355463716,0.102849879572959,0.0912482361364738,-0.0826415117493846,0.225518206765653,-0.082469223706287,-1.09053033837924,-0.204957730957999,-0.110546435093059,0.197002755521096,0.15579997433155,-0.0782269358045223,-0.866371875139671,-0.091651795130943,0.316619784195181,0.0794584895813773,-1.96709908928569,-0.132452371821344
20.685,-0.48667249224211,0.328829238698409,0.796965791421513,-0.0876825843858461,-0.0699361909645976,-0.109248022502924,-1.01097805411807,0.111759402695975,0.0842436721485588,-0.0547623886255127,0.219106555713205,-0.0838880066346145,-1.10337880084885,-0.20168569658066,-0.135853657928515,0.122398682102465,0.0415608791944516,-0.0160536723094304,-0.836925601606326,-0.10348911546377,0.321565520118872,0.208474324729195,-1.3560158704248,-0.15533038731829
20.69,-0.481640179125277,0.305879915202209,0.807320948773262,-0.0685667037963782,-0.0548544981501894,-0.116240632701365,-1.0340628172586,0.0908674058660355,0.0695430111231038,-0.0506704571728549,0.213943502536643,-0.0811083340368175,-1.10591539749346,-0.154044052382183,-0.1885628636476,0.0951472219448089,-0.0330761912195115,0.0977199714420125,-0.828341955378031,-0.0848778034184227,0.289447819376967,0.301265872228886,-0.876236827090896,-0.153866008877609
20.695,-0.490805961056556,0.294529961348294,0.807292691517962,-0.0347229376104247,-0.0427707060833591,-0.116220865712517,-1.04659146838215,0.0582424792623219,0.0447721011235925,-0.024207315936173,0.201548716974527,-0.0891085276481806,-1.09007501693077,-0.0798331389570471,-0.244546924726833,0.114684624448961,-0.106167235379943,0.213915629013809,-0.846374943241919,-0.0685974424401653,0.236008610348562,0.38901262432108,-0.360144740333941,-0.143214750722669
20.7,-0.508211482399454,0.285721922872006,0.798361383795077,0.0044699416470877,-0.031805340220448,-0.12838100210839,-1.0264175810267,0.0232385481648338,0.0239233070258285,0.0215067226813021,0.197691235040884,-0.0934585129390402,-1.05927966037519,-0.0169318485452397,-0.303982600508822,0.164530846631359,-0.164443574291692,0.297281780633941,-0.876079929987441,-0.031724805805916,0.167650488610775,0.410477131648871,0.0547310351454514,-0.106653484638721
20.705,-0.519935382256657,0.281098811456762,0.786622282462929,0.0500166291790988,-0.0223021004348993,-0.127563055476487,-1.00114638953694,-0.00503638850796168,-0.0075422803289296,0.146834346274863,0.194821712491322,-0.10570125776304,-1.00361140911225,0.0572756107153136,-0.38695029782491,0.181691125661423,-0.206276693864574,0.311697357277541,-0.921181575009985,-0.00647457743295754,0.107746070293603,0.32393060802687,0.316661268835982,-0.0504964844893174
20.71,-0.522205194121431,0.284837070823962,0.78520895368893,0.0767154696986239,-0.0190878460067963,-0.120108714275355,-0.977854796940753,-0.0128959418005841,-0.0162924589184005,0.305562232678705,0.201848695616105,-0.116849378961929,-0.963146449714238,0.0846648797931858,-0.418612754864242,0.153487384736722,-0.201270882192525,0.24730360603462,-0.961907372060786,0.0137442300833952,0.0773775436538047,0.170117558268458,0.41953943403349,-0.0180962011464932
20.715,-0.517184574489291,0.276962762394428,0.790646568281084,0.107197546963619,-0.0148789962687102,-0.112534815791451,-0.976138043365449,0.00719838034439616,0.000592949207611504,0.431388256543923,0.201244177625665,-0.124230240551428,-0.922205265613936,0.0967623717914992,-0.424967276214632,0.11304071301368,-0.157723310264756,0.125680600436315,-0.989375389076258,0.0369998868557977,0.0643616621238122,-0.0496566476547274,0.46196358953324,-0.00403780254673387
20.72,-0.519925098226723,0.268710317521267,0.797557013989915,0.134346113543039,-0.0115170527490842,-0.105042203299584,-0.980667687635479,0.0312046903104304,0.00866848490902325,0.505965294791541,0.199414998292923,-0.126153414484855,-0.900189428475572,0.100903835708954,-0.409532173870847,0.0643324247885105,-0.104411712895214,-0.0158249266681738,-0.994316082783279,0.0302273766288089,0.0745299552193415,-0.247027976766512,0.476817546797632,-0.00364730146408082
20.725,-0.520563637285124,0.271178722146364,0.794577768948936,0.162253933831853,-0.0100851561874151,-0.105777055319779,-0.98145265317976,0.0403493400343213,0.00742935949314063,0.516189102227793,0.195324559899852,-0.12585329707537,-0.888480502864209,0.102364484837116,-0.392499780520369,-0.010837639836764,-0.0569832382080082,-0.175939996404606,-1.00218569934735,0.00990429347232137,0.0844765125351186,-0.349356657307772,0.479202714541838,0.0169114593017236
20.73,-0.527243778602875,0.274446946960483,0.791584984134362,0.183315286308663,-0.0015779563145042,-0.091674178514994,-0.980073421857241,0.030461700030483,0.0145970562236174,0.492740101413755,0.195133172442608,-0.124536366881804,-0.886020563162736,0.100653832749997,-0.386613400081334,-0.0818247713382159,-0.0298704020303571,-0.303803870681721,-1.0027313310132,0.00291552472543042,0.0794906042364622,-0.364440227032061,0.588317874139384,0.0644389579808263
20.735,-0.537841528142176,0.272624899044499,0.788382505535004,0.201620002415841,0.00979281132931418,-0.0705958823536297,-0.978531778355615,0.0266491281303116,0.0227745622674131,0.426415001461135,0.192527727374912,-0.12315394238735,-0.89587559224155,0.0834268703931188,-0.382998978297733,-0.144475966653481,0.00263974936141909,-0.411485468268152,-0.994611717046785,0.00806721899065285,0.0458772789779075,-0.425040855994358,0.299181293753495,0.103333020476416
20.74,-0.534375834058381,0.267508346542339,0.784420888013087,0.230719260505755,0.0106836501508951,-0.0677734082363642,-0.974457569831973,0.0189060379864125,0.0121600689798681,0.406095393974196,0.188717389820981,-0.12300630658865,-0.893243808391408,0.0425748940709412,-0.389256453697349,-0.188238834400522,0.043378788785727,-0.467786792326315,-0.97349630839158,0.0253442683197179,0.0137771317412674,-0.567871661102997,0.0119510344198018,0.107460223804278
20.745,-0.529437254652731,0.273638269800772,0.799167476052616,0.239504119974219,0.0130555960229271,-0.0546581658845989,-0.978693438794002,0.017058005056645,0.00702454042382025,0.421282097116196,0.200046928964334,-0.129982624434744,-0.892430738459779,-0.00500325592849585,-0.38929776258634,-0.218438362429445,0.0991612399898383,-0.496601117266808,-0.956037891285013,0.0308111983288109,0.0220588784063537,-0.737796273707969,-0.132991083993908,0.0955591021424307
20.75,-0.530408618608365,0.273747534377719,0.797149818484436,0.259479597621546,0.024326707625131,-0.0505953308444206,-0.978780459085989,0.010993705388741,0.0203855564875903,0.46146220279114,0.211749210086138,-0.136240931562668,-0.896041070754107,-0.0689235231290435,-0.380757615619372,-0.252297275587868,0.173034517068897,-0.508760883699251,-0.946947072028561,0.0208345505023614,0.0425792001436226,-0.792389283735432,-0.198146937345665,0.103389319497714
20.755,-0.526368546440062,0.273021331972192,0.79692170346313,0.278560549803723,0.023670744065962,-0.0428184257254158,-0.984462805345649,0.0272198822930827,0.021174868757384,0.496936809965613,0.197923951231241,-0.142643207593795,-0.905699974100454,-0.118176663998588,-0.359571859182285,-0.260501505011195,0.246705177105484,-0.504917320925187,-0.956605570129804,-0.00252815447766238,0.0740514855309137,-0.65268619109143,-0.226253607079113,0.152675467894358
20.76,-0.532598098306159,0.287502852430283,0.787112138779808,0.296076849587018,0.021597013688198,-0.0424544029331202,-0.983911837067951,0.0515153730584294,0.0233325510932289,0.508556195527047,0.202788212328881,-0.141204131614614,-0.933194068356161,-0.171772931640953,-0.314553742187868,-0.237695155871791,0.322503152890907,-0.477012607040166,-0.972805244797526,0.00176724582006895,0.0874541363639272,-0.512533114278545,-0.235930963749789,0.191795716575947
20.765,-0.533626412548168,0.30868571615439,0.784691425516739,0.3011661397929,0.0222071193919256,-0.0429394517616797,-0.983327466893658,0.0766426063762233,0.0163022244084042,0.491708281285982,0.200088728372604,-0.139184743823464,-0.953182927092003,-0.215389560905669,-0.259491264593592,-0.189464475205456,0.360922381118221,-0.422653025207035,-0.970882850664605,0.0113283912194422,0.0834589917912417,-0.482655805215377,-0.243856404413159,0.201900535903111
20.77,-0.526696902091914,0.322960651831324,0.781938829308622,0.292987932882437,0.0160272770959412,-0.0502459575640314,-0.980752614950504,0.0956852153210565,0.0136052395320234,0.457215390177205,0.20335211635778,-0.134634657200962,-0.972804471408577,-0.259859879996507,-0.196585212159879,-0.111615640987408,0.387386663384398,-0.3090618485145,-0.970240876133956,0.014660315147003,0.0823857097359473,-0.49045753620649,-0.232819923635967,0.198659550728263
20.775,-0.522416723848628,0.323720676353038,0.788062357725948,0.273311129262838,0.00913741382825419,-0.0645084370039071,-0.983050813548229,0.11175930290008,0.0147469198025833,0.40238234510802,0.199236274374935,-0.134001553058624,-0.988063334562219,-0.305905065698273,-0.134141555386531,-0.00665458602302914,0.398879181044182,-0.186846605226418,-0.966655044064604,0.000736437386185014,0.0831846466323442,-0.418075900076302,-0.169321556955328,0.197166105837982
20.78,-0.529588061623363,0.323977120252051,0.779887741930989,0.254572320888142,-0.00503462398426631,-0.0761366313077922,-0.975114610225242,0.111357077119477,0.0107247293061251,0.351347962281789,0.204113175839301,-0.137553483100305,-0.993346919119391,-0.359481276052147,-0.0745536969292003,0.126992986449429,0.377372082721618,-0.0317695441543857,-0.969497389252219,-0.00428461107027363,0.0817092054298641,-0.282840170796026,-0.0896625505184248,0.201888899843239
20.785,-0.539133614635813,0.327495860702891,0.777790696649889,0.234483645281998,-0.0187143583603029,-0.0849622698142776,-0.987497435391095,0.0929901749947489,-0.0220747053680381,0.313428895521753,0.199622846612379,-0.138992253638493,-1.0149016655635,-0.39698285884036,-0.021037051074708,0.192223470381691,0.297379287858718,0.11085655385529,-0.978311811395183,0.0100283351387808,0.0779585424723484,-0.157485417933982,-0.0530519661201924,0.196693850643009
20.79,-0.541633139703559,0.316893352029723,0.781701470050499,0.220833001494051,-0.0218312619587193,-0.090144878929907,-0.986986705407463,0.0847031544412843,-0.0269420334041437,0.318619261901671,0.212272769680644,-0.14700712658694,-1.02092459755048,-0.416712881799495,0.00244293503084489,0.193127303168715,0.184316150334942,0.196380039718559,-0.985790288905198,0.0194689571109244,0.0640748467643619,-0.129637379713068,-0.07251565442376,0.183278132940325
20.795,-0.544373920709545,0.313085744200915,0.78157403865239,0.199117633967524,-0.0280435960204513,-0.0953537862730992,-0.98976497604015,0.0803096044926869,-0.0287133258180256,0.335950379558208,0.194270416269069,-0.156574990668357,-1.02117053975099,-0.40922825847418,0.0278039127114345,0.17637352118958,0.0585394492253892,0.232177771225746,-0.994418884967401,0.0289682855891022,0.0620343530611011,-0.132740111371426,-0.166483817085047,0.166988382180642
20.8,-0.541990012322029,0.310010988390358,0.778316966808625,0.196445059084357,-0.0308539625257254,-0.102200610554307,-0.986561908590917,0.0772816585033426,-0.0279578639518077,0.341911848027937,0.194092269532074,-0.164631805732891,-1.01940252672651,-0.374304892503354,0.0256250311996475,0.174544727390817,-0.0148701860837242,0.265879609374854,-1.00864642525019,0.0337953241002529,0.0800091407346704,-0.150302500019124,-0.271151692541324,0.17744328537751
20.805,-0.542615741259384,0.308758004755495,0.778034920168519,0.18773878629487,-0.0304094073685781,-0.10402211819832,-0.992425790913556,0.0719690003572918,-0.032655725841307,0.340724481523527,0.197394600452832,-0.171122653663649,-0.999269452300072,-0.318087206867578,0.0067190049963176,0.17784760424649,-0.0411569463568052,0.275996856599772,-1.02909117459331,0.0440313990106335,0.0912820777546035,-0.19443553722554,-0.394160805146718,0.21426537129721
20.81,-0.538509474564023,0.311698483443952,0.784764252134165,0.170200397695681,-0.0307321243016494,-0.107226178473016,-0.992805287700891,0.0621576014829831,-0.0292280564414976,0.348651079670996,0.191358514684488,-0.175368984885572,-0.973833679705167,-0.258842411433748,0.00630313960570667,0.19627976308077,0.00258951941381515,0.0828114737300131,-1.0396732624149,0.0454364206085334,0.100328897983625,-0.237233722428212,-0.504850468740874,0.251152807524717
20.815,-0.53320395674546,0.306594699859388,0.787661341797598,0.133560602817572,-0.0341251199176873,-0.110607785796521,-0.99128765701369,0.0532214753606183,-0.0211933511184986,0.348367808022697,0.181001928644812,-0.175451521237035,-1.0301203998828,-0.202452997568418,0.0077383428870658,0.376921342208338,0.0068576745768436,-0.164975898134463,-1.036791931425,0.0518819299429154,0.115990153311507,-0.272749324628846,-0.620775096549485,0.315194454155361
20.82,-0.527763780192037,0.307497335277126,0.780730264228085,0.113894754728023,-0.0397950136104602,-0.117360846490041,-0.991725136184458,0.0478552419656454,-0.0125847679648675,0.339551206688597,0.180654484635538,-0.172744287183143,-1.06226979242931,-0.106729721526389,-0.0273777937579421,0.662326337017605,0.013411640395804,-0.0313692917846759,-1.00273370320942,0.0569249250144194,0.118254528037529,-0.339326141166005,-0.675651821972845,0.353399281104654
20.825,-0.523563651375827,0.313709953026962,0.780810198694695,0.102828967139558,-0.0505898935173793,-0.122421900867791,-0.99225842012717,0.0458442365046908,-0.00550473840608799,0.314304324587485,0.182158050944033,-0.163326271819888,-1.04405977627888,-0.0713757472466872,-0.0580040393254793,0.643388974117229,-0.042139755214513,0.155227188887127,-0.982840338670109,0.0488732042692966,0.147013522461655,-0.355151981569473,-0.623474006807934,0.321462198437288
20.83,-0.507945214972554,0.326933980922017,0.777907230854652,0.0773350368065343,-0.0528393674899648,-0.119030329880264,-0.99717308636001,0.0421091125200059,0.00703781997588879,0.291853574005044,0.172771288141767,-0.160908034024024,-1.0389148228829,-0.0485624166148178,-0.0941129831405522,0.600151354449364,-0.00990310282600295,0.0974220221264742,-0.989315495054172,0.0419188138702676,0.175902010370727,-0.342641790764819,-0.507252301519069,0.272250109236303
20.835,-0.494764911246672,0.323197346910485,0.778779764352355,0.0431143150757543,-0.0574332072500223,-0.12360378048458,-0.998944562271201,0.0460783106721822,0.0176809284317158,0.239319527831575,0.166061261079006,-0.136562673101763,-1.0447147783354,-0.00183833452138642,-0.0845520530974126,0.597000203925268,0.02510367887611,0.113411390922889,-1.00756561981747,0.0243168884052045,0.18369163893483,-0.236010655254753,-0.370709383243935,0.195589154033761
20.84,-0.485898892552605,0.323885544475481,0.795682272594195,0.0100613710972329,-0.0541915507910435,-0.118534951643153,-1.00527064486164,0.0432305313959463,0.030206984960219,0.157187168971425,0.156823948205599,-0.121043817847459,-1.030571565722,0.0324496020532893,-0.118090133259065,0.595033796220909,0.0348134234348878,0.191615679719633,-1.00891296827801,0.0294700438836648,0.148038382423781,-0.176624611237525,-0.204917589386272,0.129060917523706
20.845,-0.490503035001747,0.310164899847984,0.80076298130396,-0.0119366031005355,-0.0462085834355842,-0.116016216742814,-1.02903975899577,0.0404029321582055,0.0187352358496274,0.0213778068914084,0.134376070079337,-0.0989873981648207,-0.999601975457719,0.0358132403464551,-0.142835994012069,0.490981174397815,0.0542863979347332,0.205003698120904,-1.01124466034699,0.0290669903720963,0.147098980113465,-0.191610335037037,-0.0849792963599042,0.109315437604529
20.85,-0.507794035790289,0.299435104686137,0.789758626494524,-0.0269024192040638,-0.0388162674503023,-0.11615242479002,-1.02411226632929,0.0163798724373339,-0.0114018567333768,-0.0558224471835199,0.115021153083111,-0.0834061491796993,-0.964026746836373,0.0285365247659087,-0.170920550700852,0.312045228068591,0.0585658332295521,0.17173068700053,-1.02024898199551,0.0275485763427516,0.149064376733236,-0.244845326809352,-0.0704469020528535,0.0868568529020095
20.855,-0.524944749270337,0.307534662761312,0.7842598940736,-0.0430221662744326,-0.0373544212696887,-0.107144342469349,-1.01249172854493,-0.00955203523540576,-0.0435879856026341,-0.0634223459790645,0.100457742810249,-0.0725233668684957,-0.944402607463646,0.0168802316699737,-0.207048469921548,-0.00266356443764533,0.0637008481735727,0.0437330195399666,-1.01753003949844,0.0197498021457837,0.140790083649674,-0.273141881829879,-0.17842133093389,0.028007633862096
20.86,-0.522850561655328,0.306221874932638,0.78929901212958,-0.0471265490744333,-0.0359939460065146,-0.0978284809384502,-1.01285297629092,-0.00904137728346326,-0.0338005295476515,-0.0473907932674573,0.0938737447512596,-0.0707545637118563,-0.942959910671022,0.00961290830618426,-0.232863001965071,-0.250244285737036,0.0769464779350515,-0.0454720416016024,-1.01497374066922,0.0128481578575153,0.127518881515839,-0.263502056882735,-0.325682267132243,-0.0233336810411227
20.865,-0.515676748429067,0.275334799776372,0.797671617965674,-0.0781424764190048,-0.0203593778256685,-0.0839710227664376,-1.00604188547091,0.00852695097594748,-0.0148670766822265,-0.0781778029694807,0.098857235123047,-0.0635220818625601,-0.939351713257911,-0.0167048837610508,-0.243358842820777,-0.374194706124315,0.102160760423632,-0.078939302227705,-1.00766319161088,0.00772581625929411,0.128001706528024,-0.242551692589593,-0.518998560673712,-0.081463844419899
20.87,-0.522979916851475,0.267853544658623,0.796919230758779,-0.0738505621278824,-0.019723222678719,-0.0840623961524294,-0.997005149247056,0.0106863721491902,-0.0290615321180154,-0.111696271096898,0.0720528061001811,-0.0521097769316201,-0.933096153511986,-0.0471984232901486,-0.248195911848269,-0.381251273129202,0.117631994187832,-0.110615787546707,-1.01089837553371,0.00351568756081021,0.129072981200148,-0.230763480662685,-0.636913338882854,-0.120616366628465
20.875,-0.53171535644894,0.293650506999102,0.786386211777,-0.0672258062879152,-0.0138280481854246,-0.0698742500345373,-0.988688220682768,0.00688084371822521,-0.0408387243187388,-0.109864127336249,0.0636547216739369,-0.0503915721982493,-0.932579531851533,-0.0937522667422025,-0.263949794275945,-0.426190649538464,0.119490399933738,-0.148091492547779,-1.00258660415783,-0.000307503418767215,0.14747604721124,-0.255707028441829,-0.6571904702625,-0.144582877652784
20.88,-0.538514777702985,0.298305685343959,0.783901087125174,-0.0744143217808614,-0.00191955369395839,-0.0619187369971872,-0.986372008728617,0.00817240959439069,-0.0335791981107723,-0.115241549423438,0.0651594611491038,-0.0465558297506035,-0.937611643766384,-0.12239596111704,-0.27324951979249,-0.458958547089926,0.129674040848411,-0.161960183746986,-0.998857837032665,-0.000475078045230541,0.162671255407642,-0.308307693732336,-0.641951649933198,-0.140166783466677
20.885,-0.537374427945086,0.2907549102957,0.784417469218413,-0.089747629640153,-0.000857208475081618,-0.0511220483863179,-0.982045943079165,0.0211972858042915,-0.0176164597389855,-0.126894952348049,0.0653005070454476,-0.0413427290426374,-0.938240399077494,-0.159312528871122,-0.288570080988351,-0.496531086026889,0.138379894737726,-0.158782819729965,-0.995950331333426,-0.00360809035537021,0.161498116942726,-0.362745820296435,-0.617916225112116,-0.112879922763092
20.89,-0.531480194022355,0.29009772765417,0.791428133176719,-0.0945340498373446,-0.000803387628442308,-0.0508227088554006,-0.980727862229567,0.0340797790842947,-0.0107470265585549,-0.141629230311565,0.0730578153973641,-0.0406301281994405,-0.934457300875598,-0.189901262056972,-0.293162805331373,-0.490534565475884,0.145389894938567,-0.159375237075919,-0.977517236788227,-0.00906186707378565,0.167353693004343,-0.379586688266044,-0.576587473250661,-0.0768025709444829
20.895,-0.522892688732079,0.293012112136998,0.795454913993195,-0.0950258374214172,0.00551986862952467,-0.0426022860957194,-0.984100799841625,0.0407051536286352,-0.00539761434550627,-0.148423597216606,0.0719759203679834,-0.0419550407584769,-0.940147130774887,-0.209255411322008,-0.291784205751724,-0.45944750804457,0.137188903231155,-0.15609483868074,-0.958850899007274,-0.00714365655460082,0.177459057797385,-0.358482524576277,-0.496921261905176,-0.0451126184217281
20.9,-0.524593055294096,0.305156794077241,0.788573493642389,-0.0978805107042997,0.0129980523020447,-0.0409677332072679,-0.982590790157748,0.048224840325823,-0.000222866830310656,-0.156754637304535,0.0729884141520889,-0.0414487938664242,-0.973504129673948,-0.21804801788145,-0.281958056523968,-0.406678725873356,0.0933859433257037,-0.144477183197159,-1.04647095330227,0.0926648476344869,0.163420181514429,-0.424698387961383,-0.273051095375063,0.218857419022054
20.905,-0.529236224124068,0.307097756220565,0.783918804640155,-0.102437395941165,0.0133305250756218,-0.040582399543801,-0.983862956643224,0.0520525229973648,-0.00516170830810355,-0.179531939674257,0.0791674349662215,-0.04227016544063,-0.930962565200177,-0.241852760055666,-0.279061385638687,-0.29431410742587,0.0325020094422568,-0.15957542119835,-0.91954012948461,-0.0618068740368559,0.232170454639418,-1.16170168348849,-0.0920793304526459,-0.304692658652977
20.91,-0.531410073989477,0.311897048037832,0.786402589863553,-0.105136550090747,0.0185612063827143,-0.0343392991076833,-0.9793688950515,0.0628550910070106,-0.00907719403190032,-0.199971918384251,0.084415006177233,-0.0438614063517326,-0.902218634966885,-0.24960060767281,-0.266337634038479,-0.0626815718202313,0.0551289670879922,-0.239885024351447,-0.952966501543587,-0.133552208939834,0.294548132352045,-0.191806969394233,0.260140080857508,0.0463438766866353
20.915,-0.527811486960617,0.306525658713742,0.790353786388512,-0.110628227746349,0.0206964411612851,-0.0366426246629594,-0.978047134345648,0.0659523308311596,-0.00821507862938822,-0.211550012072104,0.093127578496933,-0.0468429341928633,-0.942812649180485,-0.224321617950934,-0.254351168530651,-0.0112419421217676,0.0293426414179207,-0.191157821231001,-0.977335641723058,-0.000923882027325755,0.263504695346661,0.696404771333899,0.309326819316083,-0.00769972476772258
20.92,-0.526519375052556,0.30540156827143,0.78951555275717,-0.115789562150519,0.0247001077991984,-0.0408672371055204,-0.982775336855509,0.0640698325364331,-0.00324067862047292,-0.218306649074314,0.104201127554788,-0.0490657558372263,-0.969435006910632,-0.217475418459764,-0.25861903949,-0.128151825291809,-0.0460049371332453,-0.0983404093368882,-0.946056358754791,0.0640909984010442,0.129231531810506,0.395817867761191,0.0518096950436042,-0.0744035248655316
20.925,-0.523707680780239,0.301137322358254,0.792412361551698,-0.11600939656342,0.0146374527583809,-0.0513183647148061,-0.990403237667667,0.0603002333124479,-0.00899060697489308,-0.237714520669302,0.105931200943292,-0.0476229179843393,-0.975024167418708,-0.207320530677239,-0.243224230306539,-0.136591751613148,-0.0122356117609315,0.00748956796516193,-0.976726427065691,0.0943242827905069,0.123756135323968,-0.10424967592032,-0.225094815480563,-0.0868358430737216
20.93,-0.52191978685049,0.305580358575367,0.787857485838529,-0.117016337811947,0.0158738297963498,-0.0545686236214845,-0.995312917583039,0.0546600549079583,-0.0174698221297338,-0.243497467969362,0.0926909638600888,-0.0460395477712154,-0.966446843908077,-0.198271030717227,-0.188549888281842,0.0763607451961114,0.0629600689247312,0.0668968808542125,-0.99139806091352,0.0777448064584855,0.146492138252969,-0.461712718538964,-0.429371556244715,-0.165250129246484
20.935,-0.530413798610681,0.307719172446898,0.789702036335683,-0.110217172197193,0.0122593453330652,-0.0622860831104811,-0.992912931163945,0.0404755420276228,-0.0408851429801897,-0.222488952969101,0.094018367936159,-0.0471509427692972,-0.938119163563372,-0.196823477381794,-0.199543563340636,0.133861902886922,-0.0774895352464796,0.0131414394439752,-0.988501567930452,0.0615392518118654,0.16015821370116,-0.429857077035922,-0.530390926361574,-0.203697532773618
20.94,-0.534174722942839,0.305670710216191,0.78537975550849,-0.111466148972044,0.0169357731066019,-0.0538727950536371,-0.990923019072493,0.0427835991784439,-0.0362626444108199,-0.182263497233798,0.085797406733036,-0.0461375606983801,-0.935836935821001,-0.185186299592233,-0.219120788107456,0.0532356120611529,-0.127711608955648,-0.0453121653133799,-0.9395350431063,0.044089237397964,0.135671906011622,-0.213077849872568,-0.472074867449667,-0.182763004979428
20.945,-0.532595591468987,0.297945306592424,0.788016043155336,-0.101612462193004,0.00332145364293359,-0.0639221052820456,-0.989043532690277,0.0369627274454025,-0.0345199775170137,-0.161775158960609,0.084833418881663,-0.0508058293158201,-0.945668415833952,-0.131279300952612,-0.191398115185377,-0.0210584018209878,-0.0324632614616106,-0.0182297645446606,-0.957162100801282,0.0447420968370651,0.169280437991632,0.112887109343362,-0.357536736978238,-0.150816799558724
20.95,-0.526945630781499,0.291493044769276,0.790621531965361,-0.0944733633763782,0.0103846297809753,-0.0562928456717863,-0.989326187420565,0.0270805504220959,-0.0435069266019326,-0.1316352128767,0.0769006986581029,-0.0508006983949171,-0.971415444630295,-0.11791069205346,-0.148845546297205,-0.0207652919127577,0.0478570123008224,0.0699488585061399,-0.94971943652595,0.0595540641150606,0.177608285019353,0.155161123680116,-0.285534769526752,-0.072006223280425
20.955,-0.527865344992711,0.291344960662176,0.785536963826003,-0.0839113850855569,0.00403456592349788,-0.0640387833118439,-0.986969293754181,0.0276888971877362,-0.0426616058248585,-0.0824123145336948,0.0741571285731647,-0.0568521046522716,-0.967664461826007,-0.131159719694484,-0.131889235023774,0.0378248719301466,0.0604770599328173,0.0974500832117591,-0.963036311066358,0.0534250637674823,0.188517736334453,0.0529145766478659,-0.217484430396187,-0.00779736694364075
20.96,-0.53190398165443,0.289352022298199,0.788602133824089,-0.0764793117889069,0.00202123520779485,-0.0627065314979053,-0.987717237696262,0.0272541771852234,-0.0442169936286977,-0.0534645715151026,0.0650286003947258,-0.0563313887879818,-0.966274951424114,-0.125750549846234,-0.126850028803699,0.0928303020486583,0.0522315887789201,0.0464224923981097,-0.954617808306605,0.0537156935393252,0.188410252341283,-0.145723293517473,-0.191094989157181,0.050631892690413
20.965,-0.533451058961669,0.290724929143559,0.792395823063043,-0.0634805861384522,-0.0024057344281289,-0.0690560067932251,-0.986718245745589,0.0214063241151446,-0.0495266232571686,-0.0299339710243482,0.061844138099291,-0.0569797590111989,-0.975648729142005,-0.0994093853957285,-0.123953398196806,0.108449985448406,0.0622428022225638,-0.0174361974607799,-0.960605782134786,0.0342845415928603,0.174575550756806,-0.303658290688626,-0.211435147724536,0.0913307534697872
20.97,-0.533000404602076,0.286432675282396,0.790646800914353,-0.0535015084671739,-0.00397668220102787,-0.0660926417747697,-0.987265669452816,0.0188426597001903,-0.0435729540379159,0.000995086336796525,0.0577928481548364,-0.0582564957439899,-0.98508421284891,-0.0868843211464271,-0.120455526539512,0.102813016683714,0.0899198820845205,-0.0270418776954912,-0.975149992744998,0.0120805791281885,0.171171238522578,-0.343127833398847,-0.239852984140365,0.115497753759273
20.975,-0.53447211605747,0.286318267764362,0.790573801935589,-0.0416210944543754,-0.00832610356087953,-0.0577427594680573,-0.988512614658736,0.0232347265369672,-0.0326637310360172,0.031586527929905,0.0564767345786095,-0.0568678689511634,-0.991519504001064,-0.0981917507794154,-0.121219062866134,0.0933240220671495,0.119029672637107,-0.00695614947230175,-0.98503697343138,-0.00829696147525863,0.173120905653903,-0.338872590091074,-0.234910843654001,0.133429132903465
20.98,-0.532464227749607,0.287553141596329,0.791121683320408,-0.0322256762595353,-0.0054325845253101,-0.0594052039843854,-0.994514815883648,0.0267409988377113,-0.0282653465907661,0.0585854518385575,0.055767867681401,-0.0600663096205824,-0.993105901369375,-0.117287826451603,-0.12438509718136,0.0874852203971864,0.137484894156406,0.00493591988088559,-0.989299403453366,-0.0189538417504662,0.184978379364308,-0.334146405851761,-0.166252042569949,0.149678419533482
20.985,-0.529119114758206,0.287664645634191,0.789050785546626,-0.0172905792793079,-0.00586177909071225,-0.0558915100420518,-0.993205474319546,0.0243857072744722,-0.0239126507203155,0.0787883353499167,0.0569430387519505,-0.0673632712420589,-0.994569151529331,-0.12542100644849,-0.135216198124834,0.0861091761695395,0.140459025547744,-0.00642300353166347,-0.993079009661032,-0.0281417572090484,0.181774112714562,-0.383615341757282,-0.0608560579385804,0.155113593375562
20.99,-0.525782265194326,0.28815997674343,0.793891182868234,-0.00712725299761468,-0.0115004556529189,-0.0530435293912888,-0.991554441016224,0.0286300256937898,-0.0117343565070844,0.0939819190840582,0.0548938242158928,-0.0673820096626307,-0.99971116578514,-0.120486976077941,-0.148366194409926,0.0975058933505314,0.142349020710116,-0.0287103449534462,-0.986807713113654,-0.0433203011170632,0.179080886163292,-0.461162448642354,0.0639974881640918,0.158913503440897
20.995,-0.518236567953098,0.295222378118199,0.793371225044907,0.0129983382021418,-0.014412591574652,-0.0521015057498897,-0.988933935285265,0.0298225647357899,-0.0032046029330738,0.0870050089577529,0.0558755274158591,-0.0658872673639718,-1.00268153887499,-0.116184238712361,-0.157814403166852,0.0989570950517172,0.134568106112148,-0.00675221699471237,-0.987693863756962,-0.0527767544958114,0.184417976296135,-0.505848583902094,0.183281800471217,0.166170082615348
21,-0.517556372570999,0.300244700697202,0.78959164402746,0.0185917485505342,-0.00595833179757852,-0.0378006774948965,-0.995285134723614,0.0354359559437126,0.00156430928631692,0.0914569565872007,0.0516276213848292,-0.0665564864213526,-1.00423967975816,-0.112003970507643,-0.168002740664593,0.0943014958462256,0.120251560929622,0.0161604009543808,-0.995829748205956,-0.0602139593308815,0.190891624269858,-0.469453360386816,0.231396009009966,0.171015350702729
21.005,-0.512963578368288,0.304627534650416,0.79222397619478,0.0228779034210301,-0.0146920685604118,-0.0454335007842242,-0.998054690797686,0.0469695683568357,0.00623037603692722,0.0934719294309616,0.05448432694193,-0.0657793421787116,-1.00260915675926,-0.110967639692447,-0.179046859117004,0.102769890765152,0.115435417393161,0.0407942908806499,-1.00460018369035,-0.0558256515125366,0.180814656749662,-0.370429895783906,0.172873273634153,0.16436952089726
21.01,-0.508942821404163,0.297112322627989,0.790870028203986,0.0292006000917588,-0.0150492124525,-0.050368301118228,-0.988500051367532,0.046532702502267,-0.000506119498321735,0.0779058814067903,0.0574787597353437,-0.0655866637825966,-1.00553271207879,-0.103851058712128,-0.194996323930893,0.175871675719458,0.108668564944385,0.0753174936087124,-1.01407852236909,-0.0404668799973894,0.177008859746118,-0.324661650552599,0.0932796042623189,0.148546579830266
21.015,-0.514221740130877,0.291271016204416,0.800540995635865,0.0283461463433288,-0.0150765008429736,-0.0435836782694279,-0.994216814513958,0.0442190132406491,-0.00252688391138565,0.057847148587685,0.0589527365216833,-0.0594455834081548,-1.00107999760139,-0.104686226990534,-0.217586536725841,0.228246761699653,0.0969587791784221,0.0898627634370619,-1.01755802503306,-0.0326829831236335,0.177242599926934,-0.311849222449436,0.0183278819417576,0.131117095328545
21.02,-0.516044066818688,0.290496548601336,0.796006729663958,0.0550453518194007,-0.0173981736545811,-0.050548689624825,-0.992555083588817,0.0323311730404443,-0.0151226597881341,0.0509232333717148,0.0601067218045405,-0.0582915981252977,-0.997980719994399,-0.102795005299719,-0.236909101281483,0.274878560034595,0.08530082610139,0.0934270735065486,-1.02660342458684,-0.0180248002539553,0.185816323344358,-0.30214593284958,-0.0527507332300727,0.109368739235191
21.025,-0.525763782561264,0.298604239803272,0.794099909241442,0.056385961182734,-0.0222237809233099,-0.0585254435596705,-1.0016511071043,0.0335698441454138,-0.0179250219564166,0.074341762713026,0.0574006053054882,-0.0560513627561629,-0.991326430432049,-0.0970374501620667,-0.257414278592306,0.323481193542237,0.0846218087784944,0.106157899979442,-1.02133792296,-0.00448925865834837,0.188049942380197,-0.280482376688442,-0.133165522685829,0.0938489931860684
21.03,-0.523773470195668,0.295619807796412,0.788252792956948,0.055242583155632,-0.0208110826391709,-0.050365967627497,-0.994671662346113,0.0414775418208366,-0.027175924827598,0.0826650910753672,0.0519039836729652,-0.0605742737271354,-0.97448292910578,-0.0884224901825379,-0.265624409356888,0.361633998465705,0.0834295345335313,0.121657472435125,-1.00493221865266,0.00834650194628567,0.188118685104295,-0.251849111263515,-0.18923895109098,0.0926559416726801
21.035,-0.521030264589043,0.283472745163007,0.791146434563283,0.056520036543325,-0.0170959601487273,-0.0615396293951792,-0.986446934159449,0.0294987479836857,-0.0302475600103179,0.0905290427091445,0.0588683706299707,-0.0582564957439899,-0.958469091592842,-0.089724617920283,-0.27024484341233,0.360901099471666,0.0846579653223496,0.112818175108054,-1.00387660901747,0.0206744148338313,0.190165968984099,-0.221450561065319,-0.253852341762828,0.106017959073915
21.04,-0.518713980547867,0.28121465763579,0.794769474170312,0.0640902364309913,-0.0172738648321066,-0.0561299101241469,-0.994746586222951,0.0253590314131669,-0.0357022546986157,0.105140583805538,0.0582081072857589,-0.0575830942632743,-0.942495664450001,-0.093757680735198,-0.270962583394893,0.351601047493632,0.0935780318748148,0.0753897034213004,-0.999159229982774,0.0285062821056782,0.197396140463435,-0.194375450386784,-0.28280344552283,0.11516241860241
21.045,-0.519630568023773,0.288519653087857,0.79342965283758,0.0761585017388729,-0.0183044150113583,-0.0559666239771315,-0.996527349878849,0.0248825805519469,-0.0399107613929197,0.11036472452598,0.0506507891087022,-0.0568000071558939,-0.940525084473159,-0.106313151972894,-0.263009183201119,0.33077161046074,0.0792602293775318,-0.0124987552480052,-0.987119203444889,0.0253126908651,0.209934750674161,-0.170764082596324,-0.289661461922724,0.128366066705664
21.05,-0.52802263092757,0.292539154792214,0.793136049753771,0.0836105085094363,-0.018441644966939,-0.0604713793544658,-0.994691166640096,0.0188369648622112,-0.0491283196039211,0.122464214333864,0.0494749459003381,-0.0566406967143556,-0.944417587725871,-0.11390992568467,-0.257564546492136,0.344873823852468,0.0673428900737681,-0.0740202215422778,-0.970225186322599,0.0294757624922819,0.216307275432213,-0.15062715012765,-0.272097436565877,0.134327980057975
21.055,-0.534909622681352,0.290127630541377,0.789841527972109,0.0869808125095602,-0.0179615920877605,-0.0572807122166509,-0.984096378369514,0.0132970801562901,-0.0566198330808918,0.148813423956192,0.0448113592954624,-0.0563985462970221,-0.944732426297961,-0.128293609297545,-0.250138248912212,0.37457012431649,0.0726794946332132,-0.0713349124989482,-0.954672986918819,0.0260782191428558,0.223257644124585,-0.125057821385113,-0.198822946240948,0.132723769606775
21.06,-0.534232130794366,0.28308220264178,0.790008969031095,0.085784949362278,-0.00577769562615508,-0.0545674940990719,-0.989772765282336,0.0141535112422128,-0.0513838928211542,0.181099946286865,0.040192597366965,-0.0537795092948259,-0.93916067856656,-0.153215431777152,-0.245727608815388,0.334527063155385,0.0866443997924721,-0.0403892853652394,-0.94845262452935,0.0258993130530852,0.226842766007713,-0.099133875707544,-0.0963242206893597,0.101292041610275
21.065,-0.52644607613128,0.286458467022069,0.789355125623215,0.100259140818152,-0.0105487832869663,-0.0464714283053503,-0.992752385053974,0.0223065286259336,-0.0543076048708289,0.20486397828554,0.0096601091235771,-0.0499664612362629,-0.938241626773662,-0.176915106172352,-0.233283581880687,0.193851535531886,0.0928528226215858,-0.0795780466784922,-0.954278857611028,0.023293541072372,0.219880453660159,-0.0784928803993291,-0.0334864877061561,0.0590518075277902
21.07,-0.529762464016986,0.283616687795695,0.794004955916768,0.10389873515532,-0.00907509457602511,-0.0535245095779418,-0.990669827102754,0.0229537034327762,-0.0453586355265584,0.213609818803019,0.0335552087586662,-0.055138221372123,-0.944079176727036,-0.181253863308899,-0.219944324348521,0.12788303368114,0.0931980982422829,-0.100867470343545,-0.961117966824004,0.0187416110285199,0.209763829674408,-0.0682388087793178,0.0190799109170089,0.0183112153954086
21.075,-0.528671293279809,0.287130986375665,0.79687557083035,0.102932089332902,-0.00168524942418558,-0.0457133613526821,-0.996569759294389,0.0277215712330222,-0.0423332084673471,0.209556725560367,0.0259879796327806,-0.0533816277676524,-0.949205260624997,-0.185278104059883,-0.205614465205249,0.0855277388780949,0.0908252784289084,-0.0947644958929388,-0.969307351802186,0.013476852779043,0.194829801787352,-0.0583859508726712,0.0452740737307763,-0.00691791892508261
21.08,-0.528575848617463,0.292701416116455,0.788704473882876,0.105116578504578,-0.00933096485561177,-0.0457133613526821,-0.989521495091656,0.0308348529198804,-0.038915447318399,0.193104212586404,0.0237438848386938,-0.0533697158098221,-0.954703160288854,-0.184895523746734,-0.202440300547307,0.0514936685710359,0.0854360698937484,-0.089198872902142,-0.975823842592704,0.0104023514026233,0.190369461966179,-0.0448177957597579,0.0394220815661754,-0.0164614488905586
21.085,-0.530881316944844,0.300929240378113,0.79049803056282,0.0955185017644021,-0.000271592978524292,-0.051165342390921,-0.99249774193329,0.0386144633333003,-0.0324947908983127,0.174063851349445,0.0224195107142684,-0.0533697158098221,-0.964792323001918,-0.18166687648448,-0.193915821360215,0.000585609961225693,0.0836237646224215,-0.0924989076129141,-0.978480084504107,0.00999747455969771,0.196975867997848,-0.0324940635726924,-0.00182350387293117,-0.0113324082710753
21.09,-0.522710440946111,0.296040639296187,0.787869219081641,0.0920181501242245,-0.0048865686275748,-0.0506625028119845,-0.990102933544265,0.038816448938628,-0.038184386710954,0.148893054296827,0.0177158246447486,-0.0522313502901368,-0.971837633024705,-0.174074666359413,-0.189877679295605,-0.0380075127282379,0.0823272075898363,-0.0823225047657034,-0.983992587024185,-0.00346321846952912,0.202433370187745,-0.0396936723629401,-0.0462501270543335,-0.00264112796257079
21.095,-0.523371732542058,0.296420528548796,0.78935699973233,0.083046271678486,0.000910094007849693,-0.0472303457552067,-0.983547773385973,0.0376749488811958,-0.0308589223540655,0.14242753969014,0.0222692936658859,-0.0499314070232771,-0.976747253724201,-0.162825856340055,-0.179281150422448,-0.0836301971436337,0.0816713139933921,-0.0604686948763031,-0.983542822571683,-0.0200703491637896,0.208287899377764,-0.060377131640784,-0.0776644797418916,0.0150718110382316
21.1,-0.525495390021504,0.300338901580039,0.786805569897448,0.0747283134027579,0.000283899609353608,-0.0486601666923725,-0.986854386642549,0.0444160062450471,-0.0294157185767999,0.128433124671968,0.0228706137907434,-0.0479197252475008,-0.973744731197604,-0.157315345073992,-0.171397460320698,-0.0923444522772523,0.0752072366990101,-0.0497608857205984,-0.974482353608392,-0.0324688194485213,0.210253539817274,-0.0870555534160606,-0.0941842619499496,0.0204032933661731
21.105,-0.523180864116816,0.297614951406783,0.787851967177137,0.0671921719999625,-0.00443490924543764,-0.0558307707466832,-0.986950494071627,0.0412528062188612,-0.0294073745040472,0.106058089869115,0.0194696228245436,-0.0428071743377799,-0.976968800667218,-0.150394756790562,-0.169126496689613,-0.0985745666879152,0.0654697015103715,-0.0291269876175576,-0.969198642280606,-0.0457088722108063,0.209290292992805,-0.122698746227136,-0.102165657365447,0.023601497358115
21.11,-0.527262587172464,0.298875235330752,0.791044217830637,0.0628818338375968,-0.00642007403075695,-0.0513302329489201,-0.98186263053546,0.0425183732595949,-0.0264662498348076,0.0964955608754126,0.0216686475528503,-0.0426849895841491,-0.977001761625501,-0.144239880887649,-0.16918542534681,-0.118150797910996,0.0535836679600141,-0.0107139933116681,-0.964892180746913,-0.0511136880703867,0.198556642291886,-0.137818445039856,-0.122603150169553,0.0225844849490782
21.115,-0.526831103968354,0.297584587899733,0.790666764491056,0.0536183905377713,-0.00467682254071165,-0.052581501298797,-0.989909689960811,0.0352125833768884,-0.0252892644614421,0.0798093652291007,0.027045519917837,-0.0431511375760567,-0.978248728674972,-0.131444806768533,-0.169478851038496,-0.137955131212309,0.0479954034090042,0.00319978832939854,-0.968336979290017,-0.0408560891397814,0.186578859238392,-0.108769916646241,-0.161264160254869,0.012522089320001
21.12,-0.525946351733604,0.29244745703981,0.787463915781989,0.045259214079538,-0.00275498814880848,-0.0513158951651726,-0.987030256968311,0.0309753367813135,-0.0264981402310541,0.0732562348518925,0.0208166527822056,-0.0430430479075356,-0.98689391529912,-0.116683346270239,-0.172371578932633,-0.159087049562794,0.044399037401722,0.0162653692752719,-0.97839674036877,-0.0357131153826033,0.18468299239958,-0.0574330246129952,-0.195075918530919,-0.00109482035553172
21.125,-0.520288332176909,0.300750884256865,0.791590124120619,0.0412665519884568,-0.00288933636567637,-0.0488284942667507,-0.991005473686146,0.0264277055834526,-0.0324356740170431,0.0793718630672776,0.0353608670946367,-0.0422624116718514,-0.990743269481099,-0.10341921254214,-0.177829129798602,-0.172086641192436,0.0415431492774996,0.0387159520516037,-0.988117091755886,-0.0211960531467538,0.18657140364631,0.0118791272639955,-0.222445930468129,-0.0213699048612231
21.13,-0.523026137312602,0.2965186013313,0.793436557947887,0.0331261482357639,-0.000606886708027841,-0.0492105295617922,-0.991257473301658,0.0338701830752117,-0.0310967236200895,0.0829207279080377,0.0218252412682547,-0.0419525058450609,-0.993437772846019,-0.0998363459074746,-0.181211288935488,-0.171727253373155,0.0332627237150985,0.0398688837885857,-0.989834023402147,-0.0172992021046738,0.189148269725679,0.0765921791878458,-0.239631207634016,-0.0390770317217853
21.135,-0.52564917259201,0.29450799747436,0.792025885424824,0.0279175198572143,-0.0015203383789823,-0.0462568989360011,-0.993061186578017,0.0371459108893898,-0.0289106453666612,0.0788115933537483,0.0233753185124974,-0.0423166310117533,-0.990308608496706,-0.0937586853198261,-0.182354341699982,-0.165564957574366,0.0189821536746278,0.0451688808050171,-0.991606036027369,-0.00730336158525309,0.199636303832618,0.129952754282578,-0.243616871961618,-0.064998602864386
21.14,-0.525683863026362,0.299840156431996,0.793850099510852,0.0221629499090834,0.00256630339724008,-0.0462537966071106,-0.995350805450903,0.036619148256017,-0.0288534338477006,0.0720206703476055,0.0218964643423273,-0.0386061747879272,-0.987593553877054,-0.0910473204022844,-0.184714327733607,-0.150960071312942,0.00283317212592433,0.0427644791476214,-0.988604045623028,-0.00273940852479639,0.200936780133888,0.159909221286506,-0.233495567315389,-0.0798410288735366
21.145,-0.525358227817921,0.301874534920736,0.791312406790142,0.0117546597467774,-0.00456441969320998,-0.049096688644175,-0.993178366826041,0.0384022606470799,-0.0273227593623795,0.0578269427862511,0.0189059596189809,-0.0386087981688838,-0.983202771765664,-0.0893377871420272,-0.191494912102154,-0.15825016199907,-0.0191382663213272,0.0117856004426303,-0.986302265826127,0.00719388514942132,0.204901993651203,0.181364796226369,-0.214671463000651,-0.0969882077625858
21.15,-0.521685070023836,0.29665751591559,0.79638558508386,0.0137049704790115,-0.00225094692940318,-0.0493528412371013,-0.99595686705845,0.0356060349078086,-0.0296517192500921,0.0482189741751884,0.0215328052199769,-0.0370637023127224,-0.988595511239076,-0.086545420680146,-0.204064440867102,-0.19612756296288,-0.0277496613562107,-0.0348630128689464,-0.982114837615836,0.00621516294685872,0.212606285351887,0.178288793152024,-0.188426507816203,-0.0941382276217523
21.155,-0.527750524074559,0.298761204758766,0.79074617196417,0.0054178852942555,-0.00201103687227984,-0.0523528198149277,-0.990953373188026,0.0390005933020795,-0.0251114200051451,0.0366977120582146,0.0154923388664143,-0.0356513023511575,-0.990930731993657,-0.0869069009168215,-0.2064249759027,-0.209231008181155,-0.0305438373524384,-0.0551112107848552,-0.981794736964431,0.00875412317882525,0.213717663190951,0.15890824336787,-0.166892692585768,-0.0903704451124732
21.16,-0.525710351107077,0.293834081361143,0.792586158262043,-0.00621947291556787,0.000910094007849693,-0.0526213481004569,-0.984678498798935,0.031209854432321,-0.0297746064835115,0.027217293913059,0.0217515233157396,-0.035278938809975,-0.991611692538971,-0.0945808287934816,-0.208715925456503,-0.207225543025419,-0.0347985919269258,-0.0562669953480964,-0.982057960097193,0.0111685269658246,0.214202859433739,0.136461506764274,-0.142159098184399,-0.0841933848876268
21.165,-0.533734486446717,0.290205906229749,0.790072700943201,-0.00810781496497109,-0.00755291060970284,-0.0506889987601235,-0.988254376827104,0.030162846486009,-0.0277739166612287,0.0186750285503034,0.0260027588040562,-0.0338909865052433,-0.98776397342551,-0.0989866493296968,-0.2132313944307,-0.171131854022725,-0.0248288796669163,-0.0494421167299553,-0.979430201968296,0.0105320154600888,0.201707140834024,0.102751179781913,-0.110492277239975,-0.071038135736656
21.17,-0.530661147069276,0.294633512294812,0.796935886187503,-0.00503003281416354,-0.00648774975007208,-0.0519571867776996,-0.985849468961469,0.02623294878968,-0.0346867589314529,0.0140924275660085,0.0271867149316835,-0.0349830074621106,-0.986041662212694,-0.104682566091713,-0.220913116398668,-0.135951345509342,-0.00723862541022481,-0.0541328492912905,-0.987391565292633,0.0161188771883879,0.205856879404343,0.0910259583961579,-0.0917319087213617,-0.068693091459505
21.175,-0.521043446938795,0.287008514531042,0.798329092484597,0.00288491427636975,-0.00645511186341269,-0.0512985842515168,-0.985173038853653,0.0150376617687167,-0.0299507544076778,0.0152834765613079,0.0286502297655656,-0.0328733753100945,-0.981292863753499,-0.10761627378763,-0.222118338816154,-0.119706216916042,0.00386195253904949,-0.052118910569087,-0.987924220269967,0.0105926024679516,0.201472043672813,0.0859409785295998,-0.069606552594926,-0.054955106413949
21.18,-0.525563068213522,0.286723709676777,0.798509139249187,-0.0147934247771516,0.00176751210862014,-0.0412260053962155,-0.990341976936122,0.0197121337419562,-0.0318580921054041,0.0152834765613079,0.0288452335813878,-0.0330683791259168,-0.976982422635465,-0.112220010031078,-0.221833693726163,-0.107850152902947,0.0152457703058643,-0.0393872892906496,-0.984305222007213,0.00155038029679381,0.209833446144986,0.0794990705898272,-0.0488579930675615,-0.0460271231618763
21.185,-0.528965400210778,0.28621422495786,0.794632805969718,-0.00961054833896144,0.00415375731923838,-0.0413857685459356,-0.994862490177902,0.0230359110580449,-0.036324676305254,0.0226244088187064,0.0299795040338478,-0.0347673381320833,-0.970286039171442,-0.116084357106314,-0.221652756718224,-0.0916234827810327,0.021008526157506,-0.0274844092093401,-0.988921967430048,0.00129674506920652,0.20746392480965,0.0769507771780851,-0.034084083063812,-0.0399121092746066
21.19,-0.531906430533966,0.289255588254373,0.789666185836306,-0.00211001037206483,0.00284320749226488,-0.0423369408784877,-0.994112860603406,0.0268217574768873,-0.0369994394109392,0.0402000286424209,0.0242300209390603,-0.0350955730242989,-0.970278777667696,-0.117380458382132,-0.220883630835955,-0.0674489915814837,0.0289521116652379,-0.0278281375654827,-0.994878001510322,-0.00522033071416824,0.210053333116433,0.0773405936096497,-0.0327284924001117,-0.03311661671546
21.195,-0.527920647122025,0.298956233024896,0.790083379379145,0.00106521889137108,0.00517918821007562,-0.0367386922351091,-0.990066227562318,0.0315252523668611,-0.0385261922012481,0.0434206785457838,0.0357461558478582,-0.044817853718996,-0.967875010865973,-0.122771688978537,-0.21978464594169,-0.0548252718209999,0.0369841684295585,-0.0212318147864966,-0.992625116630852,-0.00924446196669618,0.210108489205817,0.0724854460119512,-0.0290133796284731,-0.0271804229637095
21.2,-0.525895398149497,0.298423027314942,0.792100407567723,-0.00650364858050197,0.0158584785184115,-0.0284229097390842,-0.987221917885779,0.035274133252716,-0.0376188162773445,0.0446041449904442,0.0370947806786736,-0.0453133258557919,-0.969590681939841,-0.125837004150445,-0.217940806729344,-0.0583062425864835,0.0381675757670767,-0.0153787023304073,-0.998073297860404,-0.0128867729018364,0.210102663621947,0.0712193109233211,-0.0335115031748201,-0.0178669908670541
21.205,-0.526693861560449,0.291556155017922,0.78907767522006,-0.00312422018448299,0.0102260970385369,-0.0272964325242432,-0.987734277191731,0.0392292406722166,-0.031237195489138,0.0445435567756642,0.0382119120100986,-0.0484223476608742,-0.970619507700833,-0.12925406821972,-0.210168354095685,-0.0671028478315472,0.033376037248522,-0.0184446862852577,-1.0035750799464,-0.00626233110856795,0.210321747108866,0.0599497303137013,-0.0301217958331108,-0.00876437872648239
21.21,-0.517883267058251,0.295147505314103,0.787788378002216,0.000712642053741803,0.00502148877019462,-0.0272820257540795,-0.984856994279342,0.0357848729405812,-0.0267631005353452,0.0441313149746745,0.039373017847538,-0.0472612418234348,-0.970183635789257,-0.130086554121342,-0.210242027708906,-0.0704045259338928,0.0328106207659516,-0.00725275278807989,-1.00308681845162,-0.00364941566651251,0.211874537818543,0.0486986300042306,-0.0301217958331108,-0.00841837362878282
21.215,-0.515294230554733,0.299526316018923,0.796928938115302,0.00306581301213734,0.00879902999698797,-0.0336990922208489,-0.992984141462521,0.037941608228801,-0.0215140614786469,0.0515190944948356,0.0380730697192738,-0.0482362024241451,-0.97521788447388,-0.131451435081656,-0.206434085112761,-0.0766054914692912,0.0206496664724711,0.00801167191107186,-0.998737041947256,-0.00294743463761937,0.216447496057002,0.0437699906979317,-0.0311282022884856,-0.00509929656982422
21.22,-0.513236454551344,0.303182336289561,0.793834971986174,0.00890540947498789,0.0114690417678736,-0.0332928375684329,-0.994980249573908,0.0371428936848413,-0.0255728452340356,0.0594414423885909,0.0370980692019799,-0.0498815933812548,-0.978680585918651,-0.135491618530011,-0.200675263127439,-0.0723776267221676,0.0262867121842635,0.0145895538984016,-0.996281680464643,0.00176829374420582,0.221756311818959,0.0409306845896626,-0.0300634025269663,-0.00195237088867486
21.225,-0.516955573282133,0.302565792395927,0.793593555629137,0.0156456384415522,0.00730503880594222,-0.0365183390622232,-0.993787740472968,0.0393586048868356,-0.0325975831104955,0.0635559220247623,0.0364598595920709,-0.0484829358756542,-0.978232143810409,-0.131744828909456,-0.201056547471864,-0.0750875811592046,0.0215195356709894,0.0243219500479962,-0.988902508013791,0.00845403784364711,0.226578876634743,0.0350577672424051,-0.0240434461899949,0.00592607980839274
21.23,-0.519485445266938,0.301603943187513,0.792409712205267,0.0186018310081192,0.00661469704706319,-0.0371413380719764,-0.997241229251917,0.0376371591983996,-0.0418214318980995,0.0725700304728233,0.0197957651351122,-0.0461060940811295,-0.977855916693918,-0.130487875364354,-0.20298031932573,-0.0752505938926163,0.0179027961303206,0.0327333036266708,-0.982987038898893,0.0154533004571484,0.234255671772474,0.0249351279531648,-0.024981853192335,0.0135013425335107
21.235,-0.522864203850661,0.297918280320245,0.793096457675098,0.00810844050295131,0.00584806813336991,-0.0429116137526713,-1.00049590293555,0.0357524887783275,-0.0434977954470118,0.0920374240802559,0.0350169486859871,-0.0481960349221587,-0.97555186958735,-0.135619183670993,-0.201529763741098,-0.079105792819271,0.019354921223106,0.0425896511132798,-0.982618153440704,0.0221334373268755,0.240298063404299,0.019210183348506,-0.0166100535839768,0.0178166137505326
21.24,-0.525020406087509,0.299568904920132,0.795470422727726,0.0248930407619548,0.00926913610899102,-0.0441060271251058,-0.992563173973982,0.032818978605918,-0.0479604535595874,0.098636890300557,0.00103385830218054,-0.0389080866138684,-0.97097028641813,-0.142161824413673,-0.201051345838766,-0.0926750369931496,0.0174533290300118,0.0423125655833231,-0.972934818722186,0.0214873303662967,0.244315185808124,0.0114078517571681,-0.00462676264624788,0.0277259064570955
21.245,-0.523483475679107,0.296941820291334,0.791478499707222,0.0295548035707715,0.00599512370450624,-0.0385492482037964,-0.989776743081311,0.0288220086835884,-0.0468846931946986,0.109334568546448,0.0230632236791211,-0.0445326776930066,-0.969341187449316,-0.146700333503375,-0.197309092464476,-0.0969729966736329,0.0151080280655541,0.0449524228579866,-0.967152599473746,0.0238431356318673,0.246181801911403,-0.00357448146115703,-0.00406303542858552,0.0341965169310262
21.25,-0.530021015673002,0.299371976970191,0.791611442948005,0.0356954708695412,0.00804790856281422,-0.0446840207841048,-0.990833596485571,0.0260100690053267,-0.0483053814159621,0.133452304614493,0.0204673418748057,-0.0426951837712366,-0.966113786666214,-0.149532137979277,-0.196204598737296,-0.0882729469442511,0.0170714135832075,0.0466390113904303,-0.96368842786176,0.0241322950269891,0.244237902869577,-0.00808205924192548,0.00469110548981683,0.0394871608961488
21.255,-0.533428368662598,0.295556886369623,0.790644053689161,0.0431097396055055,0.00897266586063789,-0.0431889353895288,-0.989412661808156,0.0226402203814128,-0.0494266309248548,0.156198186698303,0.0190051323660617,-0.0430521333364359,-0.961468274402824,-0.15302592084947,-0.195210770158188,-0.0821763926015274,0.0228672895258879,0.0407945072349276,-0.964011409946666,0.0222836119583837,0.241292363193931,-0.00768551207982182,0.0114158205688,0.0485670100374092
21.26,-0.530570088061076,0.29710034058457,0.791048259174354,0.0531470365446733,0.00387949570634865,-0.0444916673004627,-0.991142421023533,0.022350431506886,-0.0462859862893355,0.171206629582502,0.0172312637560098,-0.0439025601839045,-0.959238802288692,-0.150292516436227,-0.191896137171895,-0.0850755115724857,0.0214330718652993,0.0154289819071391,-0.962174009876169,0.016897098814205,0.235271717519798,0.00541135088758902,0.00859766136614979,0.0558430447024569
21.265,-0.526528237310764,0.29481433136115,0.796081326428767,0.0417966769061685,0.00683341032942117,-0.0397900454600993,-0.993638044197314,0.0220029185899779,-0.038678192841946,0.182609040342518,0.0167833072933683,-0.0420865085710778,-0.955727548822818,-0.144974202863268,-0.192367685337719,-0.0821761273362663,0.0130611376196487,-0.0164496091693815,-0.960039960343538,0.0164934518271425,0.229769510391689,0.0186206768350405,-0.00117039803254854,0.0575733250084327
21.27,-0.530482510046507,0.289984739950179,0.792105487332016,0.0622172529537164,-0.000134830077166185,-0.0425707409720125,-0.993266468693251,0.0261602841179567,-0.0369660039334565,0.179985480575879,0.0120699908659525,-0.0401300652902739,-0.957866151880043,-0.143706454057873,-0.190511424158811,-0.0637085537655369,0.0192273818843856,-0.0216885188877194,-0.960234285069133,0.014514421340028,0.228162846404023,0.0329045152013545,-0.0112255505987955,0.0572071224451065
21.275,-0.528310806903953,0.292538960161214,0.784350630451124,0.0699238685849985,0.00456470338301655,-0.0371614992618561,-0.989463280745568,0.0222237757226119,-0.0412114038740005,0.183825602006184,0.00523021584840201,-0.0387223127307327,-0.959252135745415,-0.144475367465184,-0.189322438365648,-0.0550292356596533,0.0269450014247135,-0.0107274490489386,-0.95820195932056,0.0101651781914554,0.221422583089903,0.0414525449567536,-0.0176030391687949,0.0480371874104341
21.28,-0.528433215238569,0.300592380195158,0.785308813802339,0.0727847442014075,0.00401112842947164,-0.0373807139686275,-0.984719368434674,0.028470606649645,-0.0475982575588135,0.184274199367744,0.0109082127166493,-0.0468954147947533,-0.960322349559432,-0.148146679167743,-0.189969565553207,-0.0585522623452439,0.0335847166457456,-0.0106366694434951,-0.964021038283882,0.0151229772842595,0.22699268366018,0.0589335300028324,-0.0215699300169945,0.0271048893815113
21.285,-0.528924355156202,0.297472797732933,0.787549997664421,0.0754363032642052,0.0060486669434676,-0.0361200915195027,-0.98482120134073,0.0299023399053546,-0.0407483130077618,0.184831552787752,0.000637367742781833,-0.0390072139774724,-0.959807403796725,-0.147760272243848,-0.186221555329397,-0.0604020509643828,0.0374743553790643,-0.014195131006899,-0.961985820946497,0.0134891337871894,0.219656008167537,0.0617696614957507,-0.0215699300169945,0.00886284213713753
21.29,-0.525992314601309,0.295793994690548,0.789305424500382,0.0772330909967422,0.00619620347234626,-0.0307789067332684,-0.990702231567797,0.0286523514982272,-0.0392832906660769,0.182441112299444,-0.000480364768373205,-0.0399310775101185,-0.965198360372717,-0.144995572162363,-0.185487691461514,-0.0578695083254277,0.0394435375928879,-0.00361933338170374,-0.963147736873031,0.0157530569526181,0.223717701898727,0.0792411730191742,-0.0203054681277946,-0.0165817327517966
21.295,-0.526525355665831,0.293594556550201,0.787014228202772,0.085585974806045,0.0112057059859365,-0.02548800436096,-0.992844831512942,0.0284501331651118,-0.0350569666724804,0.184318414950055,0.00432549102133431,-0.038429356794803,-0.969832984507115,-0.142934533742075,-0.186281919646128,-0.0451941820507832,0.0366726080525741,0.00770199333421789,-0.9726985310677,0.0155956237467927,0.223339458614866,0.0967903864941085,-0.0202257824399668,-0.0359620310671589
21.3,-0.52222098681337,0.29699843310084,0.789029274333578,0.0939958022381881,0.00424824000907642,-0.0247458992413903,-0.988589113841112,0.0271670699648255,-0.0373815257587566,0.175440409043432,-0.00149865178630879,-0.0369319380602067,-0.974704364143995,-0.140794293071342,-0.189729265888633,-0.0455727358148004,0.0333807490278943,0.0203674606491788,-0.973520418605972,0.0150674163372124,0.222433707909248,0.111392882063986,-0.0300776938170202,-0.0502137873260952
21.305,-0.524047664415859,0.298394665483554,0.790746538591619,0.0849802819099201,0.00230734067428674,-0.0272123923672382,-0.986846700980054,0.0265519058992572,-0.0422599623417208,0.172675244106966,0.00129366171097034,-0.0374876856803894,-0.980435143569031,-0.138466278789338,-0.193305323025013,-0.0380684421978628,0.0295340212335831,0.0222610068436494,-0.972789955513662,0.0179252511000252,0.220991684988591,0.124521070670809,-0.0407330887391544,-0.0590214007443488
21.31,-0.529739295322874,0.295431163682649,0.789477155875289,0.0884856638380401,0.000781433841652621,-0.0249445550143719,-0.988692562586756,0.0219809092654423,-0.0413998324243175,0.172636883534483,0.00198873980715455,-0.0352873609624678,-0.984515357920423,-0.13583789849175,-0.199465309896657,-0.0234547487528657,0.0238888144081485,0.0269973288006099,-0.97226201126086,0.0190683069123351,0.217189821112635,0.13593994669078,-0.050102585794732,-0.0593924209074502
21.315,-0.532915186546682,0.295340426494933,0.791972288144221,0.0931151211261749,0.00235231756481788,-0.0259159575594635,-0.989327761219716,0.0178370378009143,-0.0440983382578914,0.174477062705322,0.000561584983014063,-0.0366392933796499,-0.982949527249587,-0.130507211444526,-0.204013804983323,-0.0166157762904571,0.0214337744365527,0.0382496709046984,-0.973767391109894,0.0233691387586756,0.217691024150866,0.145415826215931,-0.0649059116765054,-0.0596253146069849
21.32,-0.529880568790685,0.28769084887652,0.793346529848415,0.0931151211261749,0.0086619635478932,-0.0187343766932249,-0.98890881503292,0.0165403738614015,-0.0470916909508877,0.186766655034151,-0.00388164886961649,-0.0354074683331933,-0.980785321963691,-0.128072747391734,-0.206296270436627,-0.00890580643998415,0.0181085074498759,0.0471098053843764,-0.977495306290586,0.0249615379938918,0.220154936475898,0.152784978305348,-0.0707258518851687,-0.0582084456836651
21.325,-0.535691270333406,0.289549269215975,0.793970100998003,0.10414691785933,0.0116683171272599,-0.0132016666005501,-0.992348436253778,0.0142033501388106,-0.0486795649993238,0.200559522128313,-0.00246336851458217,-0.0307550538369112,-0.976327125956484,-0.125286459788108,-0.203225721305948,-0.00818605843234679,0.0195093905786399,0.0473925782556466,-0.977962964942539,0.0226346599581091,0.218565819108982,0.149217878216217,-0.0774486611778426,-0.048618077252853
21.33,-0.534215328011412,0.295013760598356,0.791403725090601,0.109351480410478,0.011639593881789,-0.0196148567262707,-0.989326240239821,0.017252238612784,-0.0465869811290508,0.221527538126967,-0.00443162846031602,-0.0349855103875278,-0.970281592665411,-0.121187676818858,-0.199110676002248,-0.0153399960840815,0.0152561426314994,0.0495192034093894,-0.975767979870289,0.0173427176142554,0.227662079585558,0.146975802040283,-0.0732824780783177,-0.0409298038153983
21.335,-0.531174602097543,0.298744336994311,0.789425311217069,0.113742908903976,0.0085222991674744,-0.0133852303620682,-0.990129751219919,0.0303719088686809,-0.0435804811120545,0.24183478537509,-0.000942900776863098,-0.0340377326499425,-0.968233120116742,-0.118936448803348,-0.196791002661764,-0.0279514880934184,0.0177646589695456,0.0533075258135796,-0.978371929232384,0.017104069854253,0.226138848860068,0.132990900519362,-0.0691312958531188,-0.0305430712035189
21.34,-0.525343767328342,0.301677046544575,0.793799043808176,0.115065238654851,0.0109840262641834,-0.00966327805823075,-0.989295138938008,0.0324062424077119,-0.0399237146996683,0.246020028286528,-0.000665820538881352,-0.0376514021119906,-0.971605131395989,-0.11493752070812,-0.193687162414197,-0.0503122728662987,0.0213247702586224,0.0522924845236113,-0.979383450245083,0.0121316560468597,0.231257518688695,0.119461947276162,-0.0664944838017691,-0.0245271987348725
21.345,-0.53062160199632,0.303125681319128,0.795166126149696,0.116650633655392,0.0145754160653442,-0.00861333876470882,-0.987247605687068,0.0356331355215179,-0.0370452242435995,0.242077267555842,8.37106013943993e-05,-0.0423744656145573,-0.972468825743503,-0.110391523785148,-0.189284505142249,-0.0698504792922747,0.0166427834640652,0.047610497234917,-0.977077277594973,0.00966798003684286,0.233326432353959,0.102420109677861,-0.0566386321930714,-0.021179089685044
21.35,-0.52998286754322,0.306715276665824,0.789815400496473,0.0966011026896244,0.0232715826066239,0.00108201710147419,-0.985474205895562,0.0398992944312615,-0.0406883292725404,0.245577186987695,0.00239313040928816,-0.0426777411769347,-0.970875243089779,-0.10812218820741,-0.185711502442092,-0.100057788102205,0.0101058258737287,0.041073537924329,-0.977887311415931,-0.000156759038812784,0.235757566126775,0.095431975308125,-0.0334063689866043,-0.0241117494944515
21.355,-0.526449545920205,0.30727248876405,0.787928773620847,0.114122764927202,0.0124013580746879,-0.00930136421030121,-0.979315943110861,0.0411996861093249,-0.0366077771472113,0.246964789914399,0.0097319305713938,-0.0454386951508809,-0.971957344544841,-0.105854014790031,-0.183553474588952,-0.122380114763979,0.00407912375318678,0.0338898732284511,-0.975752328705103,-0.00329437344963064,0.244309738921061,0.0880182175437636,-0.00547284511014635,-0.0281830513030271
21.36,-0.527799556929239,0.305995699175895,0.787700273668174,0.111619300256442,0.0124044647717236,-0.00915190809303555,-0.984434092524184,0.0435857631208548,-0.0270539062697898,0.248505645643365,0.0073293219881289,-0.0511876281549962,-0.976175699208976,-0.100951656290438,-0.181455686544927,-0.147233020652892,-0.00147854184725625,0.0298901531087311,-0.97730119213895,-0.00384366984094213,0.240845113868676,0.0793423142336447,0.0108218716472337,-0.0350477124004539
21.365,-0.524944526268033,0.311373278533601,0.788338067263232,0.108026877254559,0.0163069904922211,-0.00440945332655368,-0.985929665057964,0.044918085532709,-0.0245032134619294,0.236873507903821,0.0203526130371853,-0.0580248330080308,-0.980150085031587,-0.0960844565147889,-0.180287900225833,-0.163930170220046,-0.0103810550999944,0.0273554031736498,-0.983053364865569,-0.0064355537851109,0.238598837926284,0.0674207955950946,0.0137946177297853,-0.0485878636450599
21.37,-0.528746736252529,0.310196972676575,0.79243054639248,0.101381285798531,0.0159459170470355,-0.00803129401251715,-0.984280379192249,0.0509215238575151,-0.0212697265445249,0.223309470527594,0.0275563710330241,-0.0582357026618935,-0.984543556430124,-0.0898058313323151,-0.180193987047411,-0.168421566486359,-0.0135129323240966,0.0327658422293021,-0.981825380517568,-0.00446243418725892,0.234095645404763,0.0568278349576377,0.00397859820491633,-0.0629581794393495
21.375,-0.520086021714813,0.321978844667972,0.78152478205808,0.105501880118424,0.0155704291537404,-0.0121592164956466,-0.982549563596969,0.0544710067325612,-0.0109755648883826,0.211971413725195,0.0344911102120308,-0.0561179179243218,-0.989311110742918,-0.0841885890172593,-0.178229634245004,-0.169305474901767,-0.0175088975193664,0.0436128977168541,-0.98195979831737,0.000107031852915428,0.223909184493913,0.0519580535583125,-0.0177864135910513,-0.0700067170707303
21.38,-0.521495470193451,0.331614849325758,0.778248114603957,0.1057735905717,0.0105657789118827,-0.0107257497231346,-0.985430759051897,0.060302805255977,-0.00786488529073085,0.185239802899634,0.0359578985797605,-0.0558131039142609,-0.991923522250938,-0.0817909684472939,-0.178816746339576,-0.163036825881212,-0.0173102502793519,0.0573026554164601,-0.986859054367377,-0.00476353693995992,0.215846106285329,0.0479122029293417,-0.0446135906272882,-0.0766075381563844
21.385,-0.515342075790456,0.319117603961381,0.783854450787067,0.0738071069574006,0.0129647298310927,-0.0172897664844808,-0.983908597459026,0.0640397138094663,-0.00856433446752592,0.134677493589345,0.0357079282402992,-0.0489957114478544,-0.994921848776988,-0.0776010798814433,-0.180179446448099,-0.152229442608948,-0.0200776420984567,0.0650686624583626,-0.989116822353213,-0.00641501205548002,0.205876718467031,0.0478002006731003,-0.0736466002838297,-0.0794845815398337
21.39,-0.516262601978124,0.309070579661473,0.785163643469177,0.0699963063726044,0.0072520352029182,-0.0211393906413835,-0.983108825239323,0.0578026000943046,-0.0142190505395979,0.112883554002261,0.0472459968381624,-0.0461753235633939,-0.999267558811681,-0.0751219582681551,-0.184993769718066,-0.130078748530592,-0.0170659546065227,0.0688780120224436,-0.987930859197927,-0.00571651064794458,0.201758189317771,0.0369254230675473,-0.0864577591481259,-0.0774200855040029
21.395,-0.523660078575534,0.325903144308224,0.779539707473956,0.069380785192562,0.00615633187549264,-0.0293820105320396,-0.981112276620371,0.0525999765823911,-0.0221032652518561,0.0945232459246039,0.0481520368188537,-0.0534832961127121,-1.00096421879028,-0.0716963137815899,-0.186442187206628,-0.10000666975975,-0.0133048449213112,0.0805889057107143,-0.989528610211732,-0.0041066181379906,0.210087777357019,0.0277046696304325,-0.0841057206782837,-0.0829054599477757
21.4,-0.527336007360688,0.321619630811115,0.782243273526026,0.0325713915547354,0.00969181183661983,-0.0246245321819432,-0.987356808063452,0.0524975126062131,-0.0198456593613476,0.091189230917947,0.0530794692787496,-0.0559737939956739,-1.00146821933621,-0.0714715212564371,-0.18429047673073,-0.0999290323114978,-0.0229405206145715,0.0985619862910569,-0.99268445397046,-0.0035700816118538,0.220803922956063,0.0198845460575161,-0.0644498858680559,-0.080859437818704
21.405,-0.525899102664878,0.316132799753639,0.784768791397258,0.0376002521008318,0.00146974204659094,-0.0348836230633615,-0.979384055878223,0.0545784486032996,-0.0212200782922439,0.0946936160326004,0.0585879727697384,-0.0594781897962093,-0.995049332900075,-0.0681470603367316,-0.183768519102067,-0.0933898049254945,-0.0280038558175795,0.103019860660949,-0.989402564476769,-0.00835774792328369,0.21683715827915,0.0321877139548812,-0.0427639370701355,-0.0775890716125696
21.41,-0.520816035972223,0.316970585177035,0.782946343068866,0.0316091702795307,0.00574442346209989,-0.033096178982658,-0.984583450158186,0.0485833013945748,-0.0194164878817226,0.0912742143159399,0.0611178326645387,-0.0617577920991743,-0.9910143311043,-0.065114135078063,-0.182245727672543,-0.0805194966465226,-0.0316532200223562,0.1091777399297,-0.995862979399482,-0.0115935247948952,0.217428778329096,0.0401123864973455,-0.0193341438309854,-0.0738715115956532
21.415,-0.519218752961044,0.316216288493304,0.785748685715047,0.028887762535822,-0.00380778720922397,-0.0388977691159986,-0.985402528764533,0.0476231350553925,-0.0172985220872863,0.0764716585582059,0.070620804702384,-0.065844796759316,-0.986947488710299,-0.0630533191918734,-0.179940326034489,-0.0714877157889488,-0.0317773702734501,0.112693232969796,-0.994301480552148,-0.00979296856754962,0.215174572622376,0.05340183936435,-0.00360103382730041,-0.0710708051919937
21.42,-0.51963665720429,0.315547084170574,0.784571245465936,0.0243942261984334,-0.000311600044369698,-0.041606792335008,-0.983397616371046,0.0456163129538967,-0.0223209224632664,0.0626348880432809,0.0735804587602615,-0.0654601950445666,-0.987975113325297,-0.0634814882566594,-0.176214857327684,-0.072648746362224,-0.0380038539156023,0.120280510359957,-0.998235445665977,-0.00847325808901896,0.2104983275952,0.0734051403507886,0.0133824462397224,-0.070157018149501
21.425,-0.524699714138255,0.314857141750159,0.781230090004135,0.0141268201666093,-0.00158729345156795,-0.0371074999068772,-0.988624249772616,0.0420669787872452,-0.0257596931361354,0.0494150337226589,0.0766584136365978,-0.066808357834816,-0.98859755047869,-0.0644313864826181,-0.171873612914831,-0.0701452585722852,-0.0410948171747295,0.119232285744576,-0.996546405556506,-0.000894249326066758,0.214885287301502,0.106795519437932,0.0338233876412198,-0.0635823914479661
21.43,-0.524459975102954,0.307645167053135,0.780268516843414,0.0093269280280216,-0.00631978713786894,-0.0409305229247155,-0.986658158227215,0.0404706675224885,-0.0240030507015902,0.0355788651155677,0.0838274380346946,-0.066808357834816,-0.987420156026488,-0.0659313588903732,-0.167899704582728,-0.0689032289481352,-0.0423104408081424,0.119840101590138,-0.996170021325171,0.00461257392185247,0.228705926629215,0.136518958329861,0.0450362137238009,-0.0582668020109161
21.435,-0.523283315290843,0.311405203866734,0.781026613653216,0.00390973300392844,-0.0039550013325854,-0.0444916673004627,-0.982045457507052,0.0383455300880492,-0.0293241006796578,0.0213487536951239,0.0909614063935026,-0.0675968179947703,-0.989589340963416,-0.0640209023223349,-0.162373952512314,-0.0740015976435014,-0.0404320827324181,0.118522812900415,-0.997688972140816,0.0092726211569828,0.239560549625648,0.164239749563061,0.049287220689991,-0.056655481544714
21.44,-0.519542723656439,0.309167194583786,0.778553959056329,-0.00278510082921472,-0.00794298515282906,-0.0348771323448485,-0.984561632441055,0.0409051536522674,-0.0262895179508041,0.0142427264188097,0.0962498225773451,-0.0711523023145299,-0.990401364810614,-0.0642405330298489,-0.158704673687507,-0.0698206336133539,-0.041959129283196,0.125031177962738,-0.986599938124093,0.0115380468253686,0.248148228451808,0.189061041695384,0.0507605641503066,-0.0542175992557543
21.445,-0.523376520281532,0.309107300230986,0.784128009126765,-0.012785863453079,-0.00182312753778934,-0.0405367481246113,-0.984815687497027,0.0324018644981437,-0.0252060927406602,0.00483759408089921,0.102557775804982,-0.075154210417591,-0.994043714482756,-0.0638689551668296,-0.159438472063593,-0.0593291234929107,-0.0424099937081337,0.13218012178946,-0.98236656960606,0.00988263519784901,0.251508390649592,0.19003006978814,0.0439303341660638,-0.0462907454726905
21.45,-0.522885547372955,0.308441575182889,0.78551308565462,-0.0189654404087989,-0.00673541372874094,-0.0342847663501579,-0.984755817287474,0.037620895993135,-0.0278098244009635,-0.010601039093362,0.109784948619025,-0.0681416385392802,-0.992120482463821,-0.0602048543431605,-0.16521124116314,-0.0386948807303944,-0.0375989017961807,0.135034931059322,-0.978144935224728,0.00933159352586994,0.25939671229736,0.192058495569375,0.0309143684058078,-0.0405240203125885
21.455,-0.524033368746613,0.307423618056594,0.786777819270944,-0.0183836148220475,-0.00809035102002334,-0.0396048873662949,-0.985388967711808,0.0338613286024341,-0.0325470750144299,-0.0257577964066624,0.108245936393404,-0.0688890687674702,-0.993686676288667,-0.0605831224169787,-0.166658069523018,-0.0260233014541027,-0.0415055302829875,0.129052579402924,-0.979985558889044,0.0084720624750437,0.254847229724587,0.180515155049793,0.0122338977627005,-0.0387189200546661
21.46,-0.525157390908064,0.311664952429569,0.784595963825212,-0.0252986147695445,-0.00539880278307486,-0.0385836176756827,-0.985443332260612,0.0271445984203659,-0.0357431223517506,-0.0279590774466939,0.118984052617292,-0.0680300518870354,-0.991944860296723,-0.0582083763304547,-0.170135307218916,-0.0123771939376835,-0.0415448022543021,0.128619986314221,-0.972686900746307,0.00910627748023589,0.250972806154445,0.173407515704158,-0.00487021866519338,-0.0348433262070474
21.465,-0.525549674475072,0.307933174510088,0.786257071513302,-0.0280054280609756,-0.00624728617302693,-0.0377291498221241,-0.989002741351443,0.0306427155308435,-0.037843811250762,-0.0357128718862299,0.124351989430184,-0.0691093356371027,-0.992403211557484,-0.0580538679024703,-0.1701087331504,0.0107563528778527,-0.0389490216667918,0.127830892801285,-0.970519709015507,0.00718461782846303,0.246355914173916,0.154704842318813,-0.0104365618994851,-0.0298051519300338
21.47,-0.519386169355136,0.306604594758888,0.786372772599745,-0.0266726669067258,-0.00950516854197353,-0.0351746612801865,-0.992319697426122,0.033163454062027,-0.0376663722551639,-0.0469782734948102,0.121271218107372,-0.0686744006322545,-0.991189037807109,-0.0583937390479771,-0.169787091257525,0.0264463854714553,-0.0343105215252981,0.126760000946365,-0.96700459411,0.00750624611481798,0.243873670941376,0.138186856991533,-0.0212490085831892,-0.0283114947378635
21.475,-0.523440419638057,0.305930771392086,0.787086936838611,-0.0300074307515523,-0.00936022740627156,-0.0351744381775528,-0.993432429814938,0.0294267788814284,-0.03621176302357,-0.0627980437483273,0.124396513065459,-0.066808357834816,-0.98724508746377,-0.0634641075198536,-0.175292334646513,0.0351451590117307,-0.0263424755338096,0.126029277989606,-0.96926319384224,0.0193394248872797,0.240974722624766,0.125422704685244,-0.0270760310174378,-0.0320273987837747
21.48,-0.521594365746878,0.301520510934759,0.784956374108031,-0.0348162073649788,-0.00222650103460782,-0.0371614992618561,-0.99372389969716,0.0268292301778984,-0.0433589704194382,-0.0758838173424236,0.126954070315336,-0.0628017475250103,-0.985922787913152,-0.0719896631997379,-0.180745746038529,0.0303263702994989,-0.0220910387754265,0.121206285220528,-0.966521223927186,0.0258920035400707,0.23753627562293,0.118050259680474,-0.0246932313523819,-0.0378805379199104
21.485,-0.520428115614699,0.303319153000616,0.786435079883215,-0.0345438930815688,-0.00369143400931587,-0.0344005824515567,-0.995309901451445,0.0158107889528217,-0.0496506096502125,-0.0838484931105112,0.132396517030509,-0.0633926806707496,-0.984503617104107,-0.0758673396097358,-0.183073789030468,0.00507506662480494,-0.0216411892324686,0.121516132760158,-0.969333670740152,0.0266815775232366,0.236591229288572,0.114195832626821,-0.0126545548939744,-0.0443752757954578
21.49,-0.520911978670052,0.307159430548152,0.783138760385281,-0.0251846466593257,-0.00130661399790747,-0.0305775939303077,-0.990301795339438,0.0213844367114317,-0.0543876989270198,-0.0785017053564508,0.116578466945562,-0.0557975737378852,-0.983304417754149,-0.0831533688443375,-0.182521709728358,-0.0016647835042305,-0.0207271835191164,0.11471806329578,-0.972427162294731,0.0266752426345089,0.233870444405258,0.106924763867922,-0.0048379643473971,-0.0499302366163385
21.495,-0.517480275504984,0.306534932586313,0.789134430421449,-0.0247909208857336,-0.00307918307405506,-0.0316763898455419,-0.990326660720473,0.024125921520187,-0.0507185399516933,-0.0790380279032728,0.122230640930235,-0.0596566788158827,-0.981501778187662,-0.0894275610243089,-0.181308374565633,-0.018920319252934,-0.0153135198305633,0.113650861040686,-0.972906587248429,0.0250497707486446,0.239900361889466,0.0969004956326201,-0.00324451178312302,-0.0579554474256964
21.5,-0.51672906299422,0.309423138123367,0.785347904879571,-0.0264564288435532,0.00135919317794604,-0.028006020797329,-0.993953474355956,0.0286896776610007,-0.0464587770991743,-0.0831180090655041,0.126113325357437,-0.0567393832464339,-0.976153607030711,-0.0959501470947447,-0.180019398119378,-0.0454474520777877,-0.0130893271416426,0.111432917532618,-0.973100452912856,0.0230454266955088,0.236747310390785,0.0874712229261641,-0.00891426926069677,-0.0650770847191598
21.505,-0.509250588474616,0.314248588641073,0.788413455005227,-0.0232630828506296,0.00324774445382411,-0.0363155827705502,-0.998158426303199,0.0303297045835485,-0.0447152399502715,-0.0934380604375256,0.12177364596855,-0.0558131039142609,-0.969666271519618,-0.0999814845506699,-0.177711107773266,-0.0640011394980138,-0.0130893271416426,0.102679197826076,-0.976421311590241,0.022364315462239,0.235707513152257,0.0848372595048302,-0.0144688630889117,-0.0691046577023082
21.51,-0.510468835538838,0.320699284798487,0.789096727512203,-0.0229458641260862,-0.00223001205870137,-0.0326947037970002,-1.0042321553425,0.0291135609654857,-0.0486459712022992,-0.114368395579299,0.123415366161229,-0.0481522410327569,-0.968074721396373,-0.108035483584741,-0.175837576286879,-0.0680694684416607,-0.0151864368381127,0.090468075712871,-0.972707084380094,0.0218077238465366,0.239748860262207,0.0794702690447481,-0.0328655000234169,-0.0780392373475521
21.515,-0.526300542077027,0.312099177434201,0.787657470703853,-0.0289049620783459,-0.000371349694743329,-0.0430010997304652,-0.998177722609611,0.0348730133548881,-0.0563946122528294,-0.136430927392286,0.113202727214583,-0.0495872904688517,-0.965091751850777,-0.113176704470133,-0.175218793796748,-0.0602720473023886,-0.0166713673633404,0.0807661169532535,-0.970754725482705,0.021738632769567,0.236255375284872,0.0762389674333151,-0.0485594231682288,-0.0807434947822833
21.52,-0.52376365289193,0.307355919092566,0.781607567581637,-0.030880539328576,-0.00312530154995588,-0.0488846961585662,-0.997621215777428,0.029484165721192,-0.0814293725001532,-0.154076664413962,0.109146114528863,-0.0403256884546645,-0.965845938213253,-0.116528594519235,-0.173133963484305,-0.0617148079228517,-0.016687547306222,0.0752311693921923,-0.972062182878094,0.0193954889902881,0.235227851742089,0.0747262786109653,-0.0571329891265322,-0.0845987250129971
21.525,-0.532575513323774,0.304184520524471,0.786505001917888,-0.0246784120083526,-0.00464296908965756,-0.0462687722415621,-0.987645157865975,0.0182182383410758,-0.0907746972960278,-0.126988743978795,0.0948735629800823,-0.0438583086075319,-0.962607200290974,-0.12805887859051,-0.166749060734602,-0.0774466060249591,-0.0160680972739357,0.0727378833713921,-0.976253969858718,0.0208517475304447,0.245215364172641,0.0713799718739482,-0.0599200072677353,-0.0862086864872419
21.53,-0.533735160608192,0.306308641377642,0.782450000863073,-0.0315291309505641,0.000348651017517983,-0.0472988839641196,-0.98750631248775,0.0111612179280838,-0.0891314527866332,-0.0889979158917046,0.0906505401245424,-0.0447169252668825,-0.961411483127592,-0.132151174245597,-0.164785567789408,-0.0830136023245339,-0.0151985111017391,0.063523713342505,-0.974064084817732,0.0214868943741855,0.251885998502519,0.0648562728471844,-0.0543699547894284,-0.0817102719215649
21.535,-0.530611743742005,0.307396031871962,0.786996570253362,-0.0243567042582426,-0.00253542572582879,-0.0451807712471984,-0.989900011542745,0.0135939225816835,-0.0815871054212312,-0.0632806647528129,0.0893997824308637,-0.0459768413123849,-0.962047247349394,-0.135928213802245,-0.162590421761258,-0.0696112024762011,-0.0136781399868128,0.0509522781133947,-0.971658098753486,0.0195690715194291,0.258175543229261,0.0602267239530881,-0.046289822047422,-0.0750218794902167
21.54,-0.52791730508856,0.303354381403483,0.785040281299976,-0.0101752018041147,-0.00444909999411011,-0.05020902119226,-0.991081798004832,0.0171414148397586,-0.0780376440796537,-0.0458199313794486,0.0841747089894252,-0.0464405514626069,-0.962570432707701,-0.140737313720671,-0.164221598348573,-0.0531951464439504,-0.0141819809420035,0.0394817679847352,-0.966934884009464,0.0165758640831118,0.26077023027258,0.0537048468012684,-0.0385027026952683,-0.0691955227731695
21.545,-0.524272208104868,0.298721041518046,0.78861990870818,-0.0082855299115181,-0.00584899201350093,-0.0483627619965972,-0.989958961326636,0.0146184949936721,-0.0794548255894391,-0.0378760974664179,0.0803156439024893,-0.0412162131800998,-0.964675072841308,-0.143778638265349,-0.167693375740351,-0.0428657943245419,-0.0166150224063787,0.0317966863059878,-0.966165338621071,0.0155635475838652,0.262043685892842,0.0516730790210365,-0.0320417512833081,-0.0661143030922292
21.55,-0.532280458410207,0.300275698616643,0.786912699642972,-0.0117958112218913,-0.00642007403075695,-0.0563216048051239,-0.992871420150227,0.0070691474805182,-0.0780008040560395,-0.03730777691469,0.0637631161833897,-0.0338080068040257,-0.967327359717254,-0.138962633859873,-0.173173541018098,-0.0389542477094833,-0.010839823616362,0.022959051587405,-0.964586280796626,0.0162014057593992,0.257420557454976,0.045820673058429,-0.0347913819882614,-0.0637949238220848
21.555,-0.531098210138083,0.298054722781527,0.789151869368296,-0.00657222053628605,-0.00592845814559176,-0.0457207058890706,-1.00033032837606,0.00840541181661796,-0.0745977833668682,-0.0408862406525889,0.0597251814748245,-0.0336425137081564,-0.965924151008934,-0.138919601631122,-0.174979775671434,-0.0609124414622784,-0.00820254907011986,0.0117644520811981,-0.965375855976984,0.0143344853122474,0.260628099874942,0.0476975689110361,-0.0359895589229666,-0.0587334999083083
21.56,-0.534156799032807,0.29372450216034,0.783522695398865,-0.00171379169844942,-0.00300779756966564,-0.0496312566554877,-0.991533962399446,0.00381078473172259,-0.0770424507372998,-0.0362106502864821,0.0569961014418766,-0.036368291400329,-0.960395219126455,-0.136979455304585,-0.179406938452289,-0.0611229928384428,-0.00672868911595358,0.00338699065875936,-0.967518570708206,0.00806854020401132,0.256784188311881,0.044758485527409,-0.0350755822780206,-0.0574480588291022
21.565,-0.52812482125244,0.291207083257844,0.787773324497531,0.00594751090177817,0.00139757290924913,-0.0435167119200169,-0.989515618734563,0.00654824372277168,-0.0788556303513125,-0.0337287060178244,0.0520315711016627,-0.0280938570039267,-0.959491255247165,-0.135913796168017,-0.183363891262548,-0.0652553088423492,0.00138970244359181,-0.00444310423947452,-0.969795319954558,0.00782676317893351,0.256528630771133,0.0396194186979782,-0.0426683027221686,-0.0564104653894901
21.57,-0.528737901313904,0.294804554834175,0.787191094378342,0.00713325632650792,0.00209999445709151,-0.0396366835866708,-0.991029982076655,0.00763793519915576,-0.0789693225246113,-0.0141868420923144,0.0447136451395301,-0.0313792154192924,-0.959356734913457,-0.135824206364416,-0.182695587187614,-0.0764243663576404,0.00584493929951548,-0.0143711510081366,-0.970438931152221,0.00735349988972552,0.253062088369717,0.0348809423460907,-0.0439041187198134,-0.0595035941928481
21.575,-0.527228012004129,0.29904400750277,0.791106253825172,0.011012456908878,0.000898129512676623,-0.0408385488975681,-0.991495396633391,0.00398439989619394,-0.0794352165913933,-0.00857885834440119,0.0411662654890167,-0.0273444068589357,-0.960147955561122,-0.138708458022952,-0.18591110750662,-0.0874439345719052,0.00970795543340802,-0.0245351311954996,-0.970413494061664,0.00539126491174805,0.255897008828648,0.0296128578484058,-0.0451721650880456,-0.0674057155847549
21.58,-0.528085987618219,0.297442802459151,0.790804847444122,0.0148379564174004,0.00634118824448673,-0.0353954899420326,-0.990583030711086,0.0110284388002877,-0.0775459557300444,-0.00661598029691157,0.0414331677566425,-0.0243412437675464,-0.964261292026125,-0.13750722781241,-0.190042169579209,-0.0923027441537169,0.0126238941917932,-0.0304575765459885,-0.968339693982199,-0.00102809517536588,0.261304506609982,0.0291007750050929,-0.0465159088058564,-0.0699661329242902
21.585,-0.527837553682351,0.297934337179864,0.789653349904691,0.019545558672221,0.00533959018312174,-0.0342215847946264,-0.989176611165953,0.0158132494220496,-0.0772479907516554,-0.00722819327170135,0.0304455488159863,-0.0261337267397972,-0.967897816076487,-0.13389286573211,-0.193194812503616,-0.0968204133651771,0.0167943057373949,-0.0277915107327069,-0.966534858121098,-0.00185919542372816,0.263452628256561,0.0296376003260334,-0.0441094248894083,-0.0728909712307719
21.59,-0.526627909608732,0.298212875959874,0.786969206642069,0.0249454061807163,0.00335348397493362,-0.024551414756422,-0.98892972431284,0.0156401399211116,-0.0778472568204296,-0.00139298228972348,0.0262309786916505,-0.0210124535380343,-0.968519190563502,-0.129681652972023,-0.194691805074777,-0.0930348080223108,0.0227495903286242,-0.0261026173830032,-0.967038972780538,-0.000184424331670556,0.262175803422537,0.0335941662539199,-0.0321483093289778,-0.0722924917936325
21.595,-0.528569909720222,0.300880377704577,0.783775736392076,0.0261655097034174,0.00530968734207245,-0.0305732986197036,-0.991727834886196,0.0177843300327457,-0.0761724631353577,0.00184483826160431,0.0195315504801761,-0.0191622711718082,-0.966075160816945,-0.124394007865912,-0.192966480662308,-0.0756196070305754,0.0263142240180988,-0.0242778824536838,-0.963807276699409,0.00107532135424211,0.257087830382092,0.0409289310985839,-0.0182915536130892,-0.0722924917936325
21.6,-0.525347129065649,0.300510770633011,0.787931408817993,0.0291624462244814,0.00471669629898345,-0.0216144762068698,-0.993881737979532,0.0203180469052226,-0.0716727972866704,0.0144497796181793,0.0236849846884666,-0.0202126825511477,-0.964369832125629,-0.118279002168929,-0.190879660763294,-0.0606158165948413,0.0249783642958181,-0.0257122955480066,-0.966761777923383,-0.00107168393687001,0.261466161494825,0.0480092139563904,-0.0105037456729069,-0.0713009550240227
21.605,-0.522491681147775,0.30631011466711,0.78963215887411,0.0331214017743687,0.00457517802715302,-0.0235921799050049,-0.986952786031668,0.0197522062175783,-0.0673526343229987,0.0257611502923363,0.0142997036401315,-0.0192269684380084,-0.965535738046471,-0.116750679357716,-0.188900919901505,-0.0371878095381929,0.0247832033783197,-0.0305828762331672,-0.968927805347799,-0.00113874150135389,0.257273390694282,0.0491599701344967,0.0104650108079752,-0.0699697990201991
21.61,-0.522552107633245,0.303912616363535,0.786176682353938,0.0333676926425576,0.00480639795832694,-0.0347181111574173,-0.991601597625804,0.0191398943569791,-0.0682418035973873,0.0331569860009614,0.00552709640936844,-0.0168092630738077,-0.966542497457738,-0.118857562353887,-0.190786650196619,-0.0247977687069038,0.0235615093261003,-0.0335698876806748,-0.968526388490511,-0.00427647948233895,0.256400067751459,0.054264927585221,0.0338863034331699,-0.0673620810926111
21.615,-0.530450739043018,0.30271446546256,0.789110467146006,0.0343107881093782,0.00685557928629339,-0.0342291447850873,-0.991080957221532,0.0210871542469654,-0.0705490943772485,0.0275004226714373,0.00991163658403686,-0.0172370311451542,-0.96989710240655,-0.118376601662983,-0.192067332681499,-0.0136796745644695,0.0236648401987226,-0.0356695080555138,-0.968120505721905,0.000712441294941733,0.257714604882543,0.0595588500659221,0.0478673142978452,-0.0660988322536051
21.62,-0.525878564875623,0.30255611676658,0.790805697688235,0.0369543241676454,0.00641391386218655,-0.0322871074488342,-0.988904972952956,0.017080261157278,-0.0738487696340853,0.0291530909531837,0.0071779837790999,-0.0112812136359604,-0.97253623069079,-0.118578364760749,-0.192938831628617,-0.0191470787747576,0.0250316908724404,-0.0341782449363901,-0.971619880025884,-0.00120917727335009,0.261672754415789,0.0513818337886944,0.0628344420376929,-0.064519278579834
21.625,-0.524464812555979,0.302825388455576,0.786622337740521,0.0450490660334775,0.00537690923761816,-0.0316447767239767,-0.990488323909983,0.0181001877632802,-0.0733682048262455,0.0379426387647967,0.00194506569354038,-0.00805497849117926,-0.971274932090698,-0.116327729394799,-0.190152556902873,-0.019730841213974,0.0255912640298176,-0.0346160659126541,-0.970148313804512,-0.00357098705082964,0.259767140848062,0.0483964494821359,0.0716147626573673,-0.0613278093424331
21.63,-0.525874479363949,0.302898604649936,0.78543440423403,0.041149215666511,0.00147705973506973,-0.0317481350968321,-0.989456267113234,0.017209526580194,-0.0747570253493701,0.0492388095904569,0.00165738624105637,-0.00572363054379821,-0.971381393685006,-0.117054948089598,-0.187671809318859,-0.0176665733631304,0.0247832033783197,-0.0302566127960482,-0.97031275599294,-0.00480206623004529,0.25468292544802,0.0438143495712184,0.0755519452497842,-0.057018476076326
21.635,-0.524776465418643,0.302615791229019,0.786242702529263,0.0418039448559284,0.00213178992271423,-0.0369373284667028,-0.993177599726386,0.0181990192383623,-0.0719331582110617,0.0638185423815056,-0.00290186735882557,-0.00635976219888426,-0.970707491239502,-0.115413155764134,-0.184812616601373,-0.0260896823403007,0.0253925624935748,-0.0297706753613706,-0.973411109343134,-0.0051563510823094,0.251134889107702,0.0396623745197508,0.0741951079278457,-0.052837368833835
21.64,-0.526474251489397,0.301718083860578,0.787734986374514,0.0446906320372485,0.00646182179498494,-0.030388078184856,-0.993748917042303,0.0237369372962837,-0.0672817777299385,0.0709587275500291,-0.00792667172270056,-0.0090423166014806,-0.970660397271105,-0.11754090173919,-0.18263145961432,-0.0299280676097042,0.0273391510695462,-0.0258774982094279,-0.975364113034989,-0.00726369804125892,0.244703946448072,0.0319325377404822,0.0616419134985515,-0.0477348913610113
21.645,-0.522582036087024,0.301577035487611,0.787716586606797,0.0400544917977326,0.00946195609867573,-0.0359202407815818,-0.992218011357679,0.024986822194852,-0.0699258240964993,0.0714814215898514,-0.00949476659297943,-0.00600243349830449,-0.972721268610776,-0.116287294341387,-0.177013961756511,-0.0384277239140069,0.023321316974767,-0.0287861952331808,-0.97435368881563,-0.0103040660645242,0.238850487589568,0.0237457519894287,0.0403242979391275,-0.0387738703088316
21.65,-0.528501663884296,0.306058721303451,0.786490812481508,0.046033720125242,0.000580241870608188,-0.0314751941948022,-0.989560194205759,0.0299545352050118,-0.0685457509360237,0.066674712097833,-0.00949476659297943,-0.00546327829074659,-0.973537612173457,-0.115494921886516,-0.178112975361038,-0.0469116320526171,0.0229668885449441,-0.0319137777068131,-0.976389314352363,-0.0138410639158007,0.237607529200565,0.0124323144380804,0.0264366009326482,-0.034072808094649
21.655,-0.524902207386201,0.310869351656876,0.784916025789144,0.0459757762852889,0.00137166678627036,-0.0307996528880676,-0.99017015862094,0.0266322493702484,-0.063059405164908,0.060634824992839,-0.012337648173683,-0.00856650742893887,-0.975990886133693,-0.111720197432953,-0.176946781184705,-0.058755451575255,0.026305132737472,-0.0303820053698524,-0.974312424025047,-0.0156419816993804,0.235714962027695,-0.000867011250590103,0.00505957590689466,-0.0306514611107955
21.66,-0.527482415236633,0.311834290302966,0.785624813348993,0.0454690270125866,0.00308008048886054,-0.037691062546941,-0.987858912572776,0.0262402593490892,-0.0677638696156237,0.0592644810676575,-0.015014364820835,-0.0056796954424765,-0.976661841671421,-0.111384056986538,-0.177259435016367,-0.0648057153613943,0.0307886983978647,-0.0279866481187067,-0.974730063846547,-0.0152203988714534,0.243349780296389,-0.00721860617195338,0.000601201651441751,-0.0304078619175314
21.665,-0.530657919960627,0.309370037324223,0.783767332504032,0.044536187283839,0.00148780309519245,-0.0349406887225568,-0.987192739207682,0.0269203752916249,-0.0702455080125976,0.0538275667489395,-0.0137909404527887,-0.00450193602591753,-0.977065428632786,-0.110476389143012,-0.174787406726314,-0.0684318595407216,0.0321133732795715,-0.0299569549312805,-0.970494744413751,-0.0143133037088462,0.245396740401581,-0.00139451108243345,0.00421669764342005,-0.0273222999852989
21.67,-0.529405078994242,0.306140587135787,0.783842035682188,0.0442473329603672,0.00532613988901812,-0.0352628343804042,-0.987996549429681,0.0292639608472774,-0.0682557583107678,0.0622715986626566,-0.0105755301949611,-0.00708625743431897,-0.97960705055744,-0.109985230292827,-0.172775106983161,-0.0694642961025238,0.031270205325167,-0.0309893935918808,-0.971216930085181,-0.0112453460688093,0.244890756937405,-0.000138009150833833,0.0176965553375107,-0.0258680991828442
21.675,-0.525415873432911,0.306857879809632,0.790025098233555,0.0452205088948758,0.00409903870696698,-0.0359398052096367,-0.993753662994039,0.0297739991905406,-0.0675174931759791,0.0694483705624921,-0.00949476659297943,-0.00626453916444301,-0.981411870938321,-0.104690455802057,-0.175161084689552,-0.0685545425489933,0.0308916736394167,-0.0309893935918808,-0.974684239331432,-0.0109388021629378,0.245111722503305,-0.00269593080187792,0.0245159779007482,-0.0241016730139161
21.68,-0.522099836322041,0.304932742695171,0.787938050695403,0.0433752508622635,0.000212818153320201,-0.0317522513128617,-0.993017972526773,0.0205244141540759,-0.0625746096076594,0.0692467977420142,-0.00746890445543453,-0.0118012196590568,-0.982281309500255,-0.104490223925396,-0.174701502880733,-0.0643141696235292,0.0308916736394167,-0.0260788437451861,-0.993252142721925,0.0522945480073612,0.243642122759723,-0.00528148072897206,0.0305802257531659,-0.0262875988856045
21.685,-0.519396624145642,0.30222394501145,0.788650109190822,0.0398334396345524,0.00288060085154529,-0.0385014937321562,-0.991516443935681,0.0223378922528065,-0.0644900749824904,0.0622750624991295,-0.0128482107624976,-0.00725696326501051,-0.982724497296812,-0.104306202238283,-0.179410948350142,-0.058647479664051,0.0308916736394167,-0.0239392543280414,-0.983983190279997,0.00110992914924055,0.23562369663173,-0.0833614198952221,0.0286994506554502,-0.0392879082675853
21.69,-0.523586982770397,0.306064378038897,0.790633662377244,0.0415548502807567,0.00445063073956716,-0.0352163003077607,-0.985468126584482,0.0227197871708799,-0.0601109279943916,0.0574754911255785,-0.0163886654647226,-0.00070582197404546,-0.980516658024317,-0.104312185459119,-0.18239414475008,-0.0572473518550396,0.0347921613972521,-0.0217089816828732,-0.965692474470653,-0.0195260049757691,0.245968835972752,-0.00509514386287064,0.0551246145857337,-0.0302801336103199
21.695,-0.528092596131459,0.302817888691849,0.786743242274385,0.0427606463848364,0.003618476498245,-0.0318480051120666,-0.987330453869309,0.0235341570739831,-0.0657226697440869,0.0632615259675256,-0.0159048746595947,-0.00145528237129322,-0.980046555267964,-0.102719723928282,-0.183805615602033,-0.0599466477519673,0.0303798705014568,-0.0275141835000217,-0.98274775341711,-0.0068338534733757,0.239927323913112,0.0532616623520996,0.0630728022869946,-0.0206128122607001
21.7,-0.525525476737147,0.30104768859589,0.784949871587809,0.043954693107472,-0.00222084263748604,-0.0347692453518852,-0.98776213205849,0.0213263661459945,-0.0691597774753636,0.0699001789019918,-0.0146977932680912,-0.00296399284992354,-0.980738925233537,-0.0975068171177353,-0.184959838348473,-0.0635007772193706,0.0275855060723277,-0.0211398996514428,-0.987355683601955,0.00425458970006705,0.227015460129467,0.036660452421419,0.0200545325953593,-0.0227215075641192
21.705,-0.529181102466515,0.30336516741476,0.786720448487201,0.0432715424618969,-7.35202071467136e-05,-0.0388671767050476,-0.987730747779608,0.0274687722485704,-0.0642204658603395,0.0772140997005526,-0.0162924335631421,-0.00423568725285729,-0.984256795896049,-0.0941018848068746,-0.185609737678228,-0.0664018867011852,0.0317875126738634,-0.0120776511442699,-0.983318620576939,0.00586136858751015,0.223412907530048,-0.0180089195316818,-0.0173856787570624,-0.0335495324107369
21.71,-0.522622352945208,0.304231013535838,0.783861930360071,0.0442127646753946,-0.00146415752664381,-0.0301078794183799,-0.991189132028551,0.029614280891337,-0.0602163661633667,0.0834093863692043,-0.0179743861701447,-0.00220303864194141,-0.980205111853989,-0.0947604777989391,-0.180627846020832,-0.0411867507759067,0.0434440813545686,-0.000111566380739653,-0.986223714616564,0.0112045022225714,0.238386353696889,-0.0556646304395157,-0.0338005391261791,-0.030338543521566
21.715,-0.525198892312938,0.308797823215152,0.784813255761919,0.0430505146188437,0.00445079943574691,-0.0358154266182306,-0.988360815502425,0.0293897581199779,-0.0570268256081741,0.0789969478104058,-0.0133452106568756,-0.00558461464831781,-0.974677400096979,-0.100600392826799,-0.181135456872076,-0.0514529455137028,0.019268295227229,-0.00264288708361733,-0.983276243526411,-0.00423581536825522,0.236296391984326,-0.00222971560682724,-0.0552115657218828,-0.0452466229950341
21.72,-0.526850104385824,0.309365550704144,0.781823323986596,0.0408062599906397,0.0011096311634407,-0.035141657499939,-0.98475615106985,0.0383251204344915,-0.061170568684758,0.0596392001789579,-0.0110612460860816,-0.00118163059399332,-0.981264458629095,-0.0896687747620825,-0.183005798862477,-0.0722944665414551,0.0207737700960526,-0.0211215150255542,-0.96847356783957,-0.00326237031570509,0.241037587282033,0.0210971879907393,-0.0459857313305625,-0.0463889479355329
21.725,-0.52188348543657,0.310234379930276,0.784486742707659,0.0330817366771397,0.00422277807363677,-0.0326212684505562,-0.982288341976607,0.0414972541765812,-0.0595683262096088,0.0420467182144512,-0.0106594464726684,-0.00378032303420226,-0.98086436344712,-0.0840992752839748,-0.17604287526793,-0.0855263818217139,0.0258248464418179,-0.00583529829248293,-0.966986205113895,0.00556290128375403,0.246453816028625,0.0475220664052819,-0.0314321209976046,-0.0437464610361677
21.73,-0.525417172756228,0.309640392792291,0.783956266291759,0.0302627415322476,0.00228837946708809,-0.0320151464319412,-0.987872327347403,0.0372587266047475,-0.0611551608530053,0.0322326525008018,-0.00510292226767201,-0.00450193602591753,-0.979428356138729,-0.086349887516768,-0.169524502046131,-0.0933148433620577,0.0223337018359736,0.00199024915325972,-0.968439604551758,0.00320357615564399,0.249634500226952,0.0523055754346197,-0.0199018521745148,-0.0441569708835782
21.735,-0.527020630351704,0.30696470609913,0.782514968990535,0.0308086946606636,-0.00153329409658909,-0.0355520558010016,-0.987791731461346,0.0334829509156618,-0.0587102229155436,0.0299438126385212,-0.00615902130102674,-0.00172920818589077,-0.979415096237902,-0.0907676085433796,-0.164112330961732,-0.0956767419453075,0.0172328346068176,-0.0077729604289635,-0.970703478797019,0.0074740688701662,0.262587093433809,0.052176370277763,-0.00519057447172147,-0.0423988159245898
21.74,-0.529226832079113,0.309603906131298,0.78313185061213,0.0279414711117878,0.00228967014952474,-0.03525001786738,-0.981484863091564,0.0311590326994045,-0.0631343015158069,0.0336522724400513,-0.00797848778485239,-0.000836852472275496,-0.9815447753588,-0.0895543915928433,-0.161754520315394,-0.0905109995585316,0.0175500416024302,-0.0202851636237304,-0.980129575148912,-0.00522996702379391,0.262357020079233,0.0507373809283523,0.015312730609151,-0.0339096996200498
21.745,-0.5264597678007,0.307564587653544,0.780118773265515,0.0271436106413603,-0.00193429164129286,-0.0326030015558834,-0.98714459055028,0.0295520021872127,-0.0585603258519932,0.0255372514938746,-0.00414269433246509,-0.00393463172131132,-0.980237999861888,-0.0902890113216017,-0.158358720641298,-0.080126687306064,0.0167003466113368,-0.0197104576969223,-0.970404805724006,-0.00697948558661499,0.2585180419047,0.0724107951015242,0.0301613477224719,-0.0317236670928411
21.75,-0.52347990194183,0.305103041030614,0.78122294507951,0.0220635650094573,0.00428527653925072,-0.0366783302135735,-0.983291950274866,0.032670347781612,-0.0586347865036185,0.0302727551603292,0.00227580533102163,-0.00213294295102379,-0.984535055216712,-0.100076596651232,-0.155081227154894,-0.0692937570026826,0.0126393473483198,-0.0272755859568998,-0.977092431472379,-0.00552077364265527,0.244633862222268,0.040825508830669,0.040421687709631,-0.0190326226670637
21.755,-0.527090931026126,0.307421031832957,0.78708611312165,0.0195977807212991,0.000910094007849693,-0.0314843542975039,-0.984282598314191,0.0359981551355035,-0.0550557063361598,0.0151631938901731,-0.00384114581186308,-0.00270510785963973,-0.988100800152752,-0.0988207829014865,-0.151903702952841,-0.0586649429313527,0.0165771101300443,-0.0253995765946097,-0.97361136486114,0.0064462236127646,0.242662512648005,0.0627497869695317,0.0229911237152218,-0.0455663834756182
21.76,-0.523087813561981,0.307909802467834,0.784319254381935,0.0173518384072757,0.00108722424050492,-0.0342049369555802,-0.986093049499392,0.0269690500769092,-0.0587719752174831,0.0074950905931085,0.000278785824775696,0.000384842045605183,-0.987869987102237,-0.0970815004971065,-0.15305949817253,-0.0452963508958221,0.0188076991734207,-0.0278811565800011,-0.972332365591436,0.0145807941547798,0.21366408972584,0.0655290495663621,0.0432268081070268,-0.0462097190768218
21.765,-0.522942300636258,0.304844524492792,0.788743499723307,0.0123706050495942,0.00246474947944246,-0.036052475909334,-0.984462610045744,0.019356762116045,-0.0593221306752327,0.00398103589846398,-2.84027693823781e-05,-0.000229539123730667,-0.985044298322215,-0.0955623225863101,-0.154941810921643,-0.0457849694465307,0.0210223098185591,-0.0227190066053754,-0.975291452084224,0.012199625939033,0.227639483788199,0.0813562579248579,0.029756235134515,-0.043157943830432
21.77,-0.523775747489939,0.306318852471505,0.783286464906842,0.0193387541537868,0.00260647837168104,-0.0279638199319491,-0.987395124206665,0.0236755754548286,-0.0587004741027569,0.00236936364475755,0.000102852226736131,-0.00240713145755576,-0.984307600190692,-0.0915166546892319,-0.151060532503335,-0.0429071225083404,0.0263184772462972,-0.0227380630851845,-0.968118118891373,0.0105003566874614,0.227401136589159,0.0740989403508777,0.023900807717781,-0.0513741667343803
21.775,-0.527319323842653,0.309889505242607,0.78317267208904,0.0200585058093463,-6.65379559154895e-05,-0.0242111769440351,-0.988560837503781,0.0308917253225475,-0.0600914794422104,0.00108058405113582,0.00272218137979507,-0.00373768152414567,-0.984792342662888,-0.0928434544812797,-0.150606018715758,-0.051975654369853,0.0304732872514615,-0.0179022077315499,-0.975531967275746,0.0254566688621847,0.234038232921925,0.0782358581630309,0.0262662923488811,-0.0498943936333153
21.78,-0.527336796825651,0.310251884173817,0.782385300134389,0.0174680354481875,0.00127598951590741,-0.0232589845042221,-0.993529583666239,0.0396471588927722,-0.0558170273915381,-0.000789850916051734,0.00324911889397001,-0.00502887374094014,-0.984060687918241,-0.0950487341003005,-0.150386586301022,-0.0540873331908205,0.0347206168217097,-0.0113603519480335,-0.975484915336114,0.0139096295983369,0.239623167447326,0.0602685830840727,0.0320712678780893,-0.0423000959103336
21.785,-0.528092676767489,0.31653162100257,0.783392503078068,0.0126969367315838,0.00457517802715302,-0.0207864106792069,-0.990590522594251,0.0464464447305265,-0.0587472637320661,-0.0128703174198744,0.00484984163544021,-0.00391169744630999,-0.984325574927595,-0.0952803551765399,-0.151214315390304,-0.051773409625015,0.0397222441790511,-0.008643071756442,-0.971099886508698,0.0103071017247167,0.254574124482361,0.0483780481811699,0.0480149749105334,-0.0450500934091669
21.79,-0.527031477834629,0.320631853520298,0.783647600227052,0.00567807720698992,0.00610991500427468,-0.0219761980180061,-0.988214353268013,0.0482832862595495,-0.0634080027247382,-0.0339419523983858,0.00638726353645325,0.000184114257199091,-0.987800945650934,-0.0937579755400139,-0.152200187771584,-0.0462521053850651,0.0351441191588158,-0.00800041028262179,-0.971127168186547,-0.00082721162732112,0.256708149495268,0.0339593189705277,0.0716781006096228,-0.0306018487495565
21.795,-0.522293155884255,0.316207436790789,0.782466390399511,0.003543643843739,0.0065840908492198,-0.0257551256386163,-0.986638687126888,0.0428479702649473,-0.0663143777836752,-0.0552738255126021,0.00676941351453973,0.00244608095761965,-0.987754960754486,-0.0923990530519587,-0.151594895043652,-0.0427976022586635,0.0336805174337561,-0.000977826577354573,-0.96765454902778,0.000910605129952847,0.235989757621246,0.0237974839282702,0.0739699060381117,-0.0449653187542351
21.8,-0.525563391626341,0.314380458359837,0.780758174908169,0.00434455133274779,0.00416204154683497,-0.0222345992827787,-0.98983946404611,0.0393873362467241,-0.0667103333238514,-0.0684409933704018,0.00915527579277155,-0.000455221827839526,-0.988493533139592,-0.09450904254957,-0.152768571063059,-0.0287420104764805,0.0335943715656082,-0.00066892099521704,-0.965840820049883,0.0102414788565448,0.226972732653157,0.000304696247905046,0.0530733177764136,-0.0515236891806126
21.805,-0.525467866748936,0.313188108655542,0.784150532578406,-0.00110548730059385,0.00618253361290021,-0.0229515387119767,-0.986679307516004,0.0287665074388528,-0.0645411343318856,-0.0680568471221197,0.019196920651701,-0.0046007214913271,-0.983966401047758,-0.0975248512000492,-0.154293714443249,-0.0168289094883879,0.0302295674579935,-0.00100661616130159,-0.968634101851735,0.00705949338273807,0.220760136097927,0.0101974304529345,0.0245963172960576,-0.0531508736403758
21.81,-0.52679836103903,0.31208687820436,0.787129992657922,-0.00571958013824819,0.00339433765364901,-0.0249854086930873,-0.984020660942614,0.0215832584241305,-0.062619336288234,-0.0596186963043896,0.018608922921253,-0.00628712687125544,-0.983191054212639,-0.100621399833389,-0.154697117946165,-0.00784945420118906,0.0295316645791833,0.000774666666984558,-0.975203445868881,0.00758711757173285,0.212818820430209,0.0219006180680532,-0.0123350521975287,-0.0533359476449294
21.815,-0.528603658951466,0.309438649054743,0.782754727096911,-0.00757058428948906,0.00406843052828524,-0.0266278215014239,-0.98372398686319,0.0214418410648677,-0.0627100770059235,-0.0470073166676905,0.00184234266875581,-0.0052169038231024,-0.985871863998807,-0.103401548782447,-0.157954800117614,0.00792825076452772,0.0292593729379595,-0.00126571169850987,-0.980739159036982,0.0105284723844405,0.214957619180906,0.0378082582123493,-0.052133362245089,-0.0499244688029835
21.82,-0.528093170667237,0.306687455875451,0.783870267593151,-0.00065823398935034,-0.000245489896239868,-0.0297322900720819,-0.985383551873841,0.0238568787629795,-0.0640188977731375,-0.0373228473886599,-0.00505967175347742,-0.00143545622597998,-0.988564616838306,-0.104503490699507,-0.16210231809623,0.0409307058150735,0.0242622617743063,-0.00533381104469299,-0.979533994104457,0.00932285381871252,0.2258227083039,0.0590680728258038,-0.0675594661423286,-0.046854339351817
21.825,-0.524600589853654,0.30419468851371,0.787916113559702,-0.00184539571087805,-0.00414251454251477,-0.031646383088855,-0.990125724791653,0.0251907521301382,-0.0613295162531931,-0.0459367461276971,0.00559205219989295,-0.000119384493780813,-0.986448163018789,-0.104160309407273,-0.165639774873939,0.0503945430900048,0.0223398115485907,-0.0059881187671114,-0.976554895794745,0.00514140505204188,0.237114774433695,0.0825798053033432,-0.0665013291055346,-0.0416416081665138
21.83,-0.524401151083719,0.297253667861033,0.789146210589088,-0.00695308437550524,0.00424292509983427,-0.0272760495096314,-0.99030189637134,0.0230024174362305,-0.0640252569312574,-0.054638173615174,0.00539245535240775,0.00334017948708195,-0.981362234911196,-0.104469737662407,-0.170260023662576,0.0502826582164047,0.0223398115485907,0.00161698493332002,-0.975863029467301,0.0012820326338907,0.241760896061785,0.0972188414442106,-0.0507274599751478,-0.037981849131297
21.835,-0.526839733929894,0.293545715484373,0.791139390229496,0.0109262329617758,0.00516637993986365,-0.0244913311958903,-0.990842025090349,0.0116968172146031,-0.0659776123319512,-0.0557837270200953,0.00617834024375416,0.0030371544536989,-0.976396233116297,-0.106626416996236,-0.174903792591741,0.0508995638067467,0.0265887896691816,0.0081048309803009,-0.974418202606363,0.000856630306088703,0.241004890734316,0.0996175172367405,-0.0271197735254457,-0.0354798114114857
21.84,-0.530124077985379,0.300132346951434,0.789823480161894,0.0124772720581855,0.00253852090959419,-0.0208697384451484,-0.992136846467068,0.00959971509089576,-0.0668465736037806,-0.0338186614703795,0.00602938524405746,-0.000762822856542344,-0.972784522506088,-0.103085845371306,-0.178919390009105,0.0515735729631289,0.0304210189440507,0.0118600277645677,-0.968686947335722,-0.00179085485122521,0.237696240565308,0.0877439115292827,0.00437164837409573,-0.0300126091299923
21.845,-0.526450728700552,0.30559533567804,0.787268895552878,0.0112156451428788,0.00846529576642475,-0.0125025756674447,-0.994042468349993,0.0211887601551323,-0.068107640034111,-0.0119989818632885,0.00693058060312526,-0.00647107613288906,-0.97282247733184,-0.0977088981230201,-0.181598570939557,0.0530845099660054,0.0334186912195445,0.013370963332285,-0.966979377841556,-0.00296843156091546,0.239405424229715,0.0685461410904583,0.0356785270125938,-0.0287401851069136
21.85,-0.530278109790903,0.311060114022394,0.786630385971099,0.0221754522581733,0.00947212863375639,-0.0127072638340812,-0.984188110082586,0.0363925857604774,-0.0590396295719797,0.00866449004721892,0.0182760163435031,-0.0105374784220204,-0.97658941890506,-0.0959808898275392,-0.181828697846285,0.0356594142721099,0.0402386722575064,0.0129916071891785,-0.966203065189109,-0.000635999372836288,0.238954759420704,0.0525926792578807,0.0577428132102621,-0.0284214191837939
21.855,-0.525350286150372,0.31222642804897,0.786009581251025,0.0198134444653988,0.0103697873651411,-0.0159742090496978,-0.987800509291943,0.0489589351994951,-0.0611868446175562,0.000882324503595455,0.0180859276628533,-0.0107584881076508,-0.979545653164803,-0.0953272499852756,-0.18050253544726,0.0193312219222438,0.0431571419297476,0.0115758244161528,-0.964516771164867,-0.00248134618690769,0.234910661389005,0.0384954214866034,0.0691449355028324,-0.0242782772802533
21.86,-0.524027354058136,0.316149370718738,0.786386776089189,0.0198134444653988,0.00711759375635781,-0.0116379492518439,-0.983601282247011,0.0526900028436802,-0.0616947699286493,-0.0132637919754843,0.0104687915936257,-0.0129348135283873,-0.980433436353454,-0.0932212725874357,-0.178174830598648,0.0106517246482671,0.0442420786754599,0.00723607743330382,-0.964023220547664,-0.00506995116324086,0.229438239550018,0.0184979230908913,0.077357703211705,-0.0203852864389085
21.865,-0.529150803678785,0.320571243568766,0.785510558955177,0.0129871281614572,0.00946195609867573,-0.0152427830798248,-0.988217287327069,0.055759611176771,-0.0621924770220273,-0.0230559979954448,0.0209600474621592,-0.0167188812047243,-0.984726023995232,-0.0889984736703127,-0.168910492465885,0.000225786497531682,0.0455453204475578,0.00931315021966614,-0.964657191014945,-0.00648149070786532,0.232251279187393,-0.00536587403149845,0.0809994186143419,-0.0221500280181905
21.87,-0.523720073609458,0.315751323724742,0.788909768227275,0.00186023267340265,0.00946195609867573,-0.0163554722681342,-0.985278612010362,0.0544147605159629,-0.0597198154639232,-0.0410252548336603,0.0175908062400473,-0.0167188812047243,-0.987422061633255,-0.0865035085012259,-0.1660601705089,0.000172287225723267,0.0387582710407548,0.00479736715703364,-0.967032194825714,-0.0159235656350711,0.234809186976035,-0.0202429114476809,0.0854913688032697,-0.0144348349595543
21.875,-0.527295922367254,0.313527507632523,0.781552879161635,0.00747510276808548,0.00467229450060187,-0.0211823545216197,-0.984524788549076,0.0581308673163965,-0.0640724488300918,-0.0303741555105341,0.0126777085819971,-0.0131902792397595,-0.988287750409736,-0.0891374615136496,-0.157078971288726,-0.000964188770285375,0.0325394635606253,0.0112586047996946,-0.97202576417241,-0.0162769378956885,0.249977008959211,-0.0317776459430983,0.0859391838312149,-0.0114113037885985
21.88,-0.522309840313646,0.3148307160528,0.781188126891058,0.0090953932983097,0.00363068393443193,-0.023332766788428,-0.985734253919269,0.0483771881660617,-0.0599366444681306,-0.0382165168135201,0.0322462710375927,-0.0243036146552527,-0.989758425091859,-0.0916012713290224,-0.149789309544784,0.0077193513954395,0.0242697277202849,0.000557770535874971,-0.979373526470647,-0.0257478720030315,0.269846884322272,-0.0313344625546172,0.0891920565191152,-0.00681982377081218
21.885,-0.527292581540439,0.312172701307396,0.785165601016677,0.00861525289409295,0.00315054353021518,-0.0281607376229509,-0.981011557033972,0.0476853312665719,-0.0626621741879491,-0.0336752793626315,0.0299095246432046,-0.0265472094748851,-0.994526101452945,-0.089727323610282,-0.144324066069862,0.012013559315017,0.0166699291089723,0.00262308736511538,-0.97928483046656,-0.0306369500149266,0.283398312189813,-0.0399185227034059,0.114944230812328,-0.00187651107057337
21.89,-0.526018496249038,0.308960277934375,0.783653502992001,0.00580356333027519,-0.00153329409658909,-0.0337820370069927,-0.985943312490404,0.0429042473918721,-0.0567481194818499,-0.0188028504929338,0.0354393659131009,-0.032722027055284,-0.996204388656121,-0.0883697812300662,-0.14037622948775,0.0270495675504208,0.0184419558619033,0.0182861054756256,-0.983187069998545,-0.0479167119802532,0.287918555138336,-0.0534970905538523,0.159920349378597,0.00207381939098988
21.895,-0.524643417599068,0.311784525999266,0.787025379112074,0.00981433756185577,0.00039636540853044,-0.032500271950831,-0.985008899225529,0.0429749522153306,-0.0585774500223251,-0.0122135774842885,0.036765753210138,-0.0393113000639293,-0.997673518456714,-0.0851582182616112,-0.137962965442889,0.0303078050205473,0.0170457558111861,0.0280595118616422,-0.976066504836585,-0.054571679204743,0.279853280662734,-0.0684498789999306,0.246395348205938,0.0047948533330111
21.9,-0.527638095546328,0.311816145248424,0.787148726986166,0.00461258644720452,0.000369572180603553,-0.0311374162763182,-0.984051508563691,0.0451814790093374,-0.0549583669945836,-0.0063253734372386,0.0422897349976105,-0.0440694887124104,-1.00066844643376,-0.0835815992570023,-0.132914321239832,0.036314007270108,0.01724957413421,0.0388515808659497,-0.969397229001943,-0.0555805185165006,0.267873543268163,-0.0837604398536644,0.362044337428335,0.0156696329534701
21.905,-0.528342645711158,0.312869861324976,0.787205195176375,0.00148802599869668,0.00770412753928945,-0.0266906689876591,-0.986809574567257,0.0531042084098962,-0.057864803179558,0.000953186844168432,0.0482549205427693,-0.0467054021856077,-1.00409459839644,-0.0784059469183406,-0.126010575629204,0.036216324257365,0.0180598347758143,0.0478220490985927,-0.961394520651568,-0.0436520558107428,0.249938859247738,-0.088761637623919,0.471614582987096,0.0211022006465466
21.91,-0.530576777871833,0.313818091113309,0.786805430418037,0.00314076365367715,0.00152216137000308,-0.0344299359240888,-0.982089092192558,0.0587902721899883,-0.0500305051992052,0.0171171491039673,0.0531935731007381,-0.0576847449097869,-1.00605618466012,-0.0717401150528247,-0.119883149003319,0.0329225803387206,0.0174530353397131,0.0597838559798961,-0.951440106383409,-0.0214164038363745,0.217196084470925,-0.0993810778342795,0.575289752547808,0.0192082977443428
21.915,-0.528249048683044,0.317229961836835,0.784431722348032,0.0029607976096587,-0.00131590784249163,-0.0335301078006309,-0.983981258623475,0.0645989138172208,-0.0407723695633333,0.0210311032306742,0.0624460584391538,-0.0640780208186444,-1.01101286780419,-0.0624943974603087,-0.113410464960391,0.0315911927743146,0.0200826549442582,0.0821787398681321,-0.93931599267743,0.00239385187995985,0.178706007268643,-0.119820309629849,0.650289199406879,0.0100413251716462
21.92,-0.525886407339141,0.322501714857944,0.785892196674603,-0.00448927715928406,0.00380211257726896,-0.0374168618700476,-0.980233823041318,0.0658796980567037,-0.0320603240777905,0.0141410726977046,0.0780918253176528,-0.0713990200478707,-1.01938649607705,-0.0518476040702285,-0.109580225613316,0.0319363474845886,0.0182901218231104,0.102876659794893,-0.932411205538774,0.0236321052361686,0.151321720259986,-0.127686395708748,0.687757674957716,-0.00579535548955318
21.925,-0.525244258842122,0.318276244113009,0.782825513109561,-0.0108682424893596,0.00859605887949714,-0.0353675338242671,-0.983389062228043,0.0701095441236365,-0.0247138936836168,-0.00381551657825819,0.0926675284778047,-0.0758560589100428,-1.02354388781827,-0.0398063437399637,-0.106397512295012,0.0395301827828535,0.0136561176905806,0.126046687948155,-0.931168651109107,0.0350618144809868,0.134877997957923,-0.131702024972616,0.682265094227827,-0.0211349582278064
21.93,-0.526044513924418,0.314571118376219,0.788574114437239,-0.0129876550442872,0.0125730810201887,-0.0367921933843488,-0.977510875733496,0.0734466270862004,-0.0247523324618451,-0.0119870504724279,0.102673043221539,-0.0857131590719383,-1.02608958678909,-0.0292288013840029,-0.103331365325029,0.0407162782263272,0.00660452604490317,0.149381184696154,-0.935872641655004,0.0333932804968702,0.13241779301802,-0.13761223253807,0.642439133327844,-0.0312820186049047
21.935,-0.534162312876391,0.322018861231804,0.783120365833564,-0.00581614920746872,0.0118793534463344,-0.0445176598802586,-0.977011929735879,0.0831056380769684,-0.0113682586730437,-0.0189526506789756,0.134705346827226,-0.105942738060671,-1.03297604664751,-0.0156202891303579,-0.103893234504027,0.0452197153914145,-0.0030440478998354,0.175961150651719,-0.942331343818176,0.0207136069177463,0.136540007581066,-0.140112601954239,0.5675340280752,-0.0433828884562003
21.94,-0.526604143778438,0.331433064371189,0.785494958896115,-0.00529805472725086,0.0110224541673212,-0.0455439594305615,-0.974510454311388,0.087701040173663,-0.00220237515626146,-0.0253410915423202,0.143881840171526,-0.114691870788063,-1.03619681658084,-0.00176669504768182,-0.102774908855547,0.0666469837568825,-0.0127699943217336,0.199152463733492,-0.951472106492783,0.017964490182255,0.149775292957534,-0.139062397994253,0.511087383115332,-0.0464740779152431
21.945,-0.519245613851476,0.320675129888422,0.783679030088276,-0.0232639416626865,0.0200053989674536,-0.0414508046286295,-0.976663998832023,0.0879512031055166,0.0033646545605421,-0.0438285756282247,0.18016717714525,-0.127528478729033,-1.03744577474295,0.012356721429446,-0.107410479768,0.110698057131002,-0.0191727457895458,0.231873885520709,-0.970511694738426,0.00741163893069977,0.173118308548559,-0.12378251887979,0.420178005338282,-0.0492821022115178
21.95,-0.521994863184333,0.31516045700013,0.789203174528801,-0.037207967754035,0.0302307642996311,-0.0392704717433079,-0.972168681418964,0.0814083116516216,0.0123540763762169,-0.0696139635835419,0.206224076217657,-0.133837290593282,-1.04407470074476,0.0262973246720013,-0.114912321974854,0.130041529976925,-0.028675103276129,0.276654746791658,-0.978985851977287,-0.00592447605430169,0.187443174424748,-0.11292075589465,0.33437309696182,-0.0535585496566348
21.955,-0.524078646317981,0.311476415025259,0.795300731581016,-0.019008465068934,0.0362012146121083,-0.0393344372421417,-0.968662367556764,0.0834057070286555,0.0228055058363375,-0.10041742829204,0.252230781776929,-0.147041535722631,-1.05276151359097,0.0445625306545552,-0.121954883564229,0.165257719405686,-0.0354440034360422,0.32400494590962,-0.987877521563768,-0.0304122931308688,0.205012809935759,-0.106574957820503,0.248673516490239,-0.0571818040677091
21.96,-0.52628373909312,0.30984376690161,0.793327537976715,-0.0168610126263642,0.0415851931725969,-0.0380240146363745,-0.971757579012679,0.0808503937383362,0.0256207258083644,-0.105230572362123,0.279769855797346,-0.1650162726939,-1.06710096887946,0.0597814345923786,-0.133137382960678,0.197919129610935,-0.0455851004884281,0.366571660896199,-0.989376847338717,-0.0368782518308262,0.206386313595917,-0.108450794476761,0.188914633016344,-0.0576199834461078
21.965,-0.522689624573418,0.307653945365048,0.79546052455607,-0.014035506875209,0.0503626966201618,-0.0344257019096855,-0.97376413160053,0.0803278039197665,0.0297737439369511,-0.112735491176108,0.319517558890931,-0.182801015455825,-1.08372038253514,0.0772316787156733,-0.146376303764049,0.247089946669923,-0.0589229484642438,0.429875082733453,-0.988768044909108,-0.0446158690515893,0.204328692800318,-0.105670924648623,0.126850373361251,-0.054988854043136
21.97,-0.522197330887193,0.310838249096804,0.796984183177291,0.0021336414254529,0.058553512499177,-0.0478301528992374,-0.969550117590511,0.0790876255902001,0.0334118202525096,-0.107945031903128,0.363772602947791,-0.1992804183559,-1.09554456829581,0.0892920246476554,-0.153129605101386,0.275905867291171,-0.0716353769154342,0.480793550762352,-0.984583318381705,-0.0491500908427917,0.204848276624615,-0.10402055601999,0.095782175391577,-0.0572632650598966
21.975,-0.523030846572814,0.304964449318062,0.790713890155133,0.00175822895040291,0.077094417344365,-0.0388954241404989,-0.968578857182109,0.0808679898581273,0.0414412338946052,-0.0957625544592041,0.404401108413617,-0.217719118229569,-1.10264598445591,0.110418518529616,-0.168816263277262,0.304434837753942,-0.0910378153248698,0.551680176846212,-0.978329754418776,-0.0555392111490221,0.206319538705978,-0.103551842272282,0.0828084356059451,-0.0600755475461483
21.98,-0.530450892293452,0.306259073826995,0.80507353110581,0.016267504888773,0.10562244489434,-0.0290034067267113,-0.975088271662862,0.0700878901834881,0.0438915417844612,-0.0598107814395512,0.455894078086968,-0.233245043772249,-1.10344135832815,0.129997927924053,-0.18278465053612,0.328221878679532,-0.108247239121483,0.630196467718292,-0.97445459361572,-0.0557154285266926,0.195505489684092,-0.0892929757757714,0.0922558040577371,-0.0661864907740333
21.985,-0.521425767967523,0.281447785421021,0.818164338960931,0.0444602916706694,0.122723286422454,-0.0443019283249195,-0.968013499684897,0.0696783119121283,0.0760762119105801,-0.00380745487030484,0.506014684075686,-0.242904728203426,-1.09846113108577,0.14544321746698,-0.192240575681049,0.339461539449229,-0.138485030159987,0.694699352893439,-0.964540907872768,-0.0621702690947111,0.166665959516126,-0.0527673225865196,0.121790165026811,-0.0703474037526813
21.99,-0.529164984785495,0.277164306950505,0.817678861936332,0.0618281098270725,0.137630111622555,-0.0440318274514118,-0.984086747805659,0.0567928367681282,0.095867283130065,0.0290038553738092,0.528708173009588,-0.244799277410027,-1.09085181880623,0.162090203060659,-0.203772711545302,0.346314216808439,-0.163302981621589,0.75062459276951,-0.961410674872092,-0.0634043817839447,0.155882211947623,-0.0149896903562537,0.146615470720449,-0.0746648459315573
21.995,-0.522833496278017,0.289813215491865,0.814396240239953,0.091191932210443,0.170744174331855,-0.052077301508445,-0.985256397575462,0.0370398113531595,0.0942765995984863,0.039450175274819,0.541110957901332,-0.255400130413078,-1.08566899841384,0.179607721730456,-0.215042894789409,0.358517720254299,-0.201065600706132,0.820905431155815,-0.94789945023728,-0.0743223079403325,0.13441790664237,0.0359105751818758,0.177645828006807,-0.0880497659482539
22,-0.522555178418428,0.290139548552163,0.818094999700809,0.109336795888283,0.18719066147993,-0.0563689608249713,-0.974190565363476,0.00171220423264948,0.0862790656291251,0.100574671438467,0.58113710346992,-0.26130635016482,-1.08141771256664,0.197397835928952,-0.224685171170628,0.360413149777681,-0.236419026958434,0.887416682868197,-0.950614919942778,-0.0754580342265333,0.119183734978765,0.0680731609615118,0.20706883633986,-0.101537148102103
22.005,-0.527008743281262,0.272045068381797,0.822446436538455,0.125834503737618,0.225248738079503,-0.0479699741577708,-0.97087154582637,-0.012559038109957,0.0574138867821616,0.160199126542459,0.641798646880756,-0.279672902704973,-1.0674969470449,0.209500364474602,-0.235282179350161,0.345335398970689,-0.277558023359559,0.96952838084502,-0.949465315280275,-0.0785275428217626,0.103127964994001,0.114302000701545,0.242415283066382,-0.121038572223966
22.01,-0.526781540024517,0.272851097334579,0.822127573923783,0.171202533340517,0.256385754981571,-0.0437236159360742,-0.971897606831113,-0.0224441893197617,0.0379344179885062,0.192790632527857,0.723949147303596,-0.300283447817776,-1.05885470512892,0.218190759343027,-0.237019927226733,0.314778177271747,-0.299261492349597,1.01444638329116,-0.955104244716905,-0.0835037172096285,0.0918210085574981,0.150231876075637,0.283445359118059,-0.133903298094526
22.015,-0.527048766729698,0.281299981992343,0.825050324194291,0.244213041136007,0.296718406090445,-0.0396422414827171,-0.996177797795801,-0.0324726629072727,0.041873656035906,0.287069335690923,0.819475473038582,-0.335489488749376,-1.04821414073722,0.223439614693493,-0.236377503444687,0.26879980357703,-0.320314564667546,1.07654951174031,-0.956118157942247,-0.100627610023814,0.0930662592927593,0.200520196935639,0.335397704344032,-0.15771369559682
22.02,-0.522825966782683,0.289482066476016,0.833689766489394,0.324860428505401,0.342875425962402,-0.0354797956551709,-1.01396726170451,-0.0291744424923427,0.0676691257328616,0.378996308773834,0.870703506969632,-0.366484371231621,-1.04262390575349,0.225313441406538,-0.226432149970276,0.221603953135403,-0.34043838647151,1.13496645170267,-0.95627804094445,-0.109925911388303,0.0930284886812386,0.248401529344301,0.371581782340799,-0.193006315068393
22.025,-0.525279842052846,0.29811634804943,0.854530146993014,0.420425346895446,0.393576909670026,-0.0426030903462704,-1.03890654977628,-0.0134137799084694,0.0869249842353902,0.48601485788664,0.916783848215906,-0.385694760563026,-1.03766942911335,0.228894264335142,-0.224314227152243,0.205114952820942,-0.356007265338726,1.18522513990015,-0.94991522319841,-0.124581240679592,0.111710411160584,0.292908266716705,0.405348403577629,-0.21876909347606
22.03,-0.536612931355437,0.302508723193385,0.858978158085141,0.532267142282791,0.468127264016871,-0.0490812235949676,-1.06220376486307,-0.0177250508914973,0.0583626919591694,0.581662130212041,0.968640820318858,-0.393964378638608,-1.04653040491582,0.232577683941156,-0.225509922237491,0.189905881797213,-0.368204284912842,1.24471036457998,-0.938482297147754,-0.147120223210968,0.137842160051978,0.362563075597136,0.462286429156033,-0.245330034667782
22.035,-0.533791796544028,0.327374103070231,0.854400469868607,0.616315894027076,0.529400782451247,-0.053267884917134,-1.07072498918458,-0.0285435138460788,0.0328844847601582,0.597873330215617,1.03785582494848,-0.401237833665753,-1.05282054045572,0.229246882195461,-0.226616063848283,0.167733477577235,-0.370608785599565,1.2989683886023,-0.928128764880552,-0.153992476472506,0.162341099905304,0.416517031269858,0.508728052264222,-0.262752503451686
22.04,-0.528084746590065,0.356787203103827,0.854795935062628,0.649946494210438,0.587761063788661,-0.0606294042584269,-1.10719955868063,-0.0325523281486151,0.016644535936952,0.579198485438839,1.10454149052408,-0.41595019686949,-1.0642609544336,0.22672760343912,-0.238644439884619,0.123316948882104,-0.367189005476847,1.37754210782271,-0.917861221192293,-0.171748998815508,0.197422831078974,0.473871462060261,0.554341300520111,-0.279049232826869
22.045,-0.524929668123169,0.36647722262791,0.862713224765859,0.607654062125645,0.610142710907237,-0.0725703135127245,-1.14419872424699,-0.0281174829059169,0.00966661910755411,0.507616507102558,1.1508148364422,-0.425071209708517,-1.07994383976724,0.21581801699313,-0.237258182578511,0.077325637245587,-0.358055889898448,1.43604799461426,-0.902490158640517,-0.186635025544238,0.221785870766027,0.513428273756317,0.575578025649689,-0.28939845217277
22.05,-0.514136648263434,0.375988188118308,0.87043580519534,0.547430037972785,0.664543056543728,-0.08202343970616,-1.15767607479029,-0.0391452746843337,-0.0217240242394956,0.5138457150115,1.16742529146969,-0.4305559578565,-1.09860760078368,0.200717539757291,-0.24670940773542,-0.00278884376659459,-0.342982848570698,1.50959711661951,-0.889737831812637,-0.190104356686961,0.24530687259917,0.549085950205183,0.577186773556929,-0.297547730945407
22.055,-0.523484665128844,0.381937528753118,0.865634561429731,0.491387516260147,0.700416188993479,-0.107388429989367,-1.17174736346137,-0.0466045592359989,-0.0155893137724377,0.56715340846909,1.16543023074161,-0.424935128698442,-1.11788076644929,0.188722132130066,-0.253303570353531,-0.052324894499615,-0.328571884048221,1.54748444641559,-0.884999920040079,-0.197340642596876,0.259174263556289,0.590559835759167,0.558425274468938,-0.30291745885914
22.06,-0.555150776705674,0.366576764940196,0.85656298567821,0.489919814310836,0.763998015394321,-0.119636311618254,-1.19120470255813,-0.0390618895508022,-0.0236104800362237,0.606985707344159,1.17833246694831,-0.405202254149848,-1.13486244863134,0.16802483700013,-0.278399148026392,-0.0719076842069626,-0.316154056129256,1.6056332976385,-0.877440308144045,-0.193402510858688,0.285403670589558,0.644708502000133,0.520066289302005,-0.298412374704156
22.065,-0.590568715972668,0.35699386182572,0.894535537492134,0.496370676408313,0.8270406333211,-0.15186245372307,-1.22546359198138,-0.0514815724092039,-0.0642344712520428,0.604976406272174,1.18343059409804,-0.378560002100411,-1.15527422214176,0.144253649412818,-0.293562516912998,-0.0878125289685764,-0.290364212854155,1.63890943841153,-0.891556142076789,-0.187054480964424,0.303014691897042,0.676177350752241,0.492351855032237,-0.292115186489001
22.07,-0.607320422869468,0.346877168252961,0.908027985005203,0.538340231016371,0.88912345960015,-0.187227916115852,-1.21168728034747,-0.0652313650305748,-0.101996469042641,0.613825446836678,1.20247237501559,-0.356638067823197,-1.17246716335459,0.120463428243303,-0.315773467595725,-0.131058957857948,-0.260911389991609,1.65894216617487,-0.914199454015286,-0.182424401353242,0.318799563742328,0.694809003114152,0.461065462875051,-0.283678661608538
22.075,-0.606199242677469,0.343881384017347,0.901140354043948,0.605541640066968,0.950995630673638,-0.235079824607894,-1.20935770619725,-0.0799764767882734,-0.136609203635948,0.647441334665994,1.2205007578572,-0.342959932381113,-1.18388420260059,0.101196399057286,-0.335894108202921,-0.181278382521159,-0.228142309450692,1.67500848309522,-0.943360135801786,-0.182743149017219,0.325847331197843,0.697879731655121,0.435415987536415,-0.27352722553999
22.08,-0.625216612129216,0.368903999738981,0.888963049679633,0.670020394403539,1.0224751629455,-0.285844314537456,-1.20686370835418,-0.0965074378153244,-0.174303345737611,0.681111505253447,1.22347621948561,-0.321395563325908,-1.18932445543179,0.084198292363944,-0.347551596730253,-0.237497106253514,-0.190724746732395,1.69092957176418,-0.977088391266612,-0.181380736816299,0.321421967271709,0.696180943299239,0.402222050103459,-0.264276881516238
22.085,-0.637183207336541,0.365928346401219,0.870113233710873,0.721127152391705,1.10274197331853,-0.337565926021814,-1.18881967215407,-0.136665047265935,-0.222050952900399,0.671790397836553,1.22136803165002,-0.28883690255755,-1.1918144946418,0.0718383320951394,-0.356929638760083,-0.289417848227504,-0.151665523008831,1.69895514670208,-1.00996091500067,-0.180228931936791,0.305328529665646,0.691397026455182,0.356377729668496,-0.251966027480198
22.09,-0.674252041337474,0.342932870476471,0.863274112093846,0.759741110581193,1.18373334221093,-0.359142747816043,-1.17801647531172,-0.180630371625211,-0.24578154601636,0.71461600885784,1.20862194314218,-0.264592100500825,-1.18484978230675,0.0420777843269888,-0.376285092141302,-0.344663424723055,-0.10648477979404,1.6893416109598,-1.03878007433067,-0.172704073763298,0.280678000268724,0.697515718638881,0.294688397631397,-0.229067320933768
22.095,-0.702385613134214,0.336826728581346,0.862062632483994,0.831040812854006,1.27387066841824,-0.320987066743087,-1.16016480410124,-0.199270919708319,-0.244837798441683,0.793015008934189,1.20313311633027,-0.243178571122347,-1.17810882960415,0.0297991266114243,-0.384014875243093,-0.40990429464824,-0.0621864366836674,1.66778308221229,-1.0692923111983,-0.172473512370711,0.257860511744556,0.708266543795749,0.2254927236467,-0.204380468886041
22.1,-0.700404266659491,0.332483442206948,0.871079743308052,0.969146603805426,1.36086333675035,-0.267298754482243,-1.14210566852788,-0.193753939371444,-0.25548279804931,0.87427636059335,1.20300251698127,-0.226180766072358,-1.16078246593073,0.0293100670005136,-0.391563667989141,-0.483418705810392,-0.0221999153381069,1.65464475051227,-1.09731100883256,-0.16961099947298,0.239532987597986,0.714471993594216,0.158758543772441,-0.187103518701765
22.105,-0.682360422069085,0.34745116161431,0.858278357384769,1.12710290946269,1.41931922325099,-0.220209504722952,-1.1253387799277,-0.187565005895987,-0.282912849662596,0.942284894610826,1.19279587608801,-0.199896271268463,-1.13452002552924,0.0272465582071043,-0.3994368462125,-0.5811720943785,0.0206117550039888,1.65183720764851,-1.10988499507274,-0.167386457994638,0.222448738880087,0.72078727390753,0.0860822807665638,-0.170407336044705
22.11,-0.653807462482089,0.380297495972201,0.848913682008244,1.22698425388542,1.45323869019664,-0.174714687529284,-1.11015184143205,-0.178841157186773,-0.281437356948887,1.01988360659098,1.18287909030914,-0.16884053448872,-1.10666777236841,0.0254355324113172,-0.401601352124743,-0.718425729106105,0.0700098236489157,1.65197211462533,-1.11363641549989,-0.171352552399538,0.214653574228345,0.728182968332426,0.0264278037727627,-0.156828532125951
22.115,-0.615365815072621,0.333771968947422,0.842095309620522,1.26475242271412,1.46115354771426,-0.142396553708792,-1.0971853681812,-0.179002438947886,-0.261165867079623,1.04893328624836,1.16055147898383,-0.136324510707479,-1.07006973102972,0.0274964119729549,-0.395994358965224,-0.87631997294422,0.128163669807599,1.65128397941589,-1.10756599823996,-0.179088346047137,0.209959711723241,0.746607112751996,-0.0242333631313808,-0.14185483161926
22.12,-0.593680180660031,0.296891005695469,0.83930020958599,1.27964336084013,1.45567940321678,-0.122960917629201,-1.07988808840584,-0.198826494944778,-0.247660199261935,1.02539848265755,1.13750009884511,-0.103535222822007,-1.02849947964009,0.0257378990464496,-0.378667918043197,-0.950685349354353,0.16568899374607,1.64125754618035,-1.09334679291029,-0.178149633502865,0.211857820632004,0.777192562127926,-0.0575230434878168,-0.129118667204177
22.125,-0.587668811555981,0.29329431117566,0.853495541727924,1.271048969182,1.43157838399021,-0.1036036591465,-1.05657539645633,-0.219860493204225,-0.239391842963897,1.03498789884745,1.11487470257385,-0.0812587637698584,-0.992598668126226,0.0204945144779225,-0.358393889068056,-0.933344213116664,0.184034831090717,1.61161368589033,-1.07858645447432,-0.177373746421153,0.215149162391827,0.802751381269584,-0.0756670317612323,-0.124654099019258
22.13,-0.578594553354488,0.253875714084462,0.868963137814394,1.26949622061229,1.38049305859472,-0.0988293876508212,-1.03425434766842,-0.223080236394547,-0.230023674107298,1.03793580677349,1.0828881197752,-0.0572227993191703,-0.963731013060829,0.00750906022785914,-0.334190247433868,-0.844085224061614,0.182604481173165,1.55191774166576,-1.05980103880412,-0.174842570286532,0.220135174860667,0.84395957020938,-0.0694570134931283,-0.120279326752604
22.135,-0.566370580878185,0.232711504267179,0.873746912699363,1.2661051147272,1.30830282776589,-0.0994679257273674,-1.01668783709042,-0.217776342608567,-0.226300062414617,1.04476698233738,1.05322677979369,-0.0439281458662653,-0.935922732139628,-0.0126135687226917,-0.323139855392017,-0.763142170409157,0.172678001041746,1.45172852306084,-1.0389023665849,-0.168534929964127,0.225195431707959,0.882198588102233,-0.0409882929159409,-0.118716895580292
22.14,-0.552548375180628,0.220521196123557,0.895187391088151,1.28396978046422,1.22196407155073,-0.111231533407602,-0.999336828415265,-0.214337141020386,-0.21543706681187,1.06917813962056,1.02981543594394,-0.0341601055733433,-0.921602291667191,-0.0364803479545575,-0.338824692061374,-0.779779008567849,0.18125911740631,1.30164249666912,-1.02533568689832,-0.161782347840056,0.234182211843652,0.899416116668649,-0.0150506039392238,-0.116770831795378
22.145,-0.499191268116141,0.315845837254416,0.959622762684584,1.24484654571993,1.11392635905722,-0.0849971476683732,-0.989617390004833,-0.206113807105719,-0.194954811683553,1.09251689237198,0.977821398272454,-0.0314687982512073,-0.91648064658916,-0.0599051027327004,-0.362487301450475,-0.90962359850732,0.200284795597002,1.18325489025974,-1.000786812996,-0.152468245983441,0.242337889142855,0.923234502724709,0.0239624893371609,-0.113226105040036
22.15,-0.441113000821159,0.493341533346902,1.0501882611137,1.22062157262305,0.959271122842368,0.0013016373706451,-0.98732773605257,-0.182862969136353,-0.0921013890567551,1.11808038313641,0.904798929378507,-0.0324560220301676,-0.916142726443677,-0.0733473714309038,-0.391546244728267,-1.18056223304614,0.243213391257607,1.04612624527359,-0.979980878374806,-0.141505613518472,0.258175963608019,0.964426542125453,0.0620705202583362,-0.111456278365818
22.155,-0.366522409029023,0.516429418489475,1.07429599691874,1.06187713708407,0.807148526377309,0.0939145759359714,-0.98040913927121,-0.161014899864016,-0.000239082203088878,1.06849034151065,0.811546413541157,-0.0135200082137408,-0.90871366179358,-0.0435902178638273,-0.381253005586807,-1.30543700382956,0.267657389019167,0.984002290810557,-0.966173495190754,-0.145116171393908,0.270171220744419,1.00366830882424,0.0782773719602882,-0.111386716365814
22.16,-0.213597620781084,0.378385711450096,1.09536993106428,0.720065620552118,0.615912289120484,0.0989932822009999,-0.944412714379099,-0.145461511625466,0.028302884990397,0.996130599260718,0.715606276338897,0.0208485005558718,-0.872405080533284,-0.0108580018415945,-0.380182641375556,-1.22514964013064,0.259812165057232,0.93297140961036,-0.958006112303017,-0.1377133920161,0.270963845299966,1.03444690487701,0.0977589900537984,-0.111386716365814
22.165,-0.160168249735317,0.292184825418932,1.13328218425312,0.591464508492854,0.445609063431883,0.0760979501860828,-0.895312645100829,-0.108496156008124,0.0333719887405491,0.910752837793267,0.60382765272578,0.0466580926703795,-0.827978933302495,0.0265803323020077,-0.401046896349183,-1.02623313674691,0.249169543055625,0.852968845339273,-0.956241820568926,-0.122238095597805,0.274068542762033,1.06410454747734,0.116198022262953,-0.106187218276406
22.17,-0.167272758550704,0.219901776351195,1.16005796393203,0.555979096968043,0.246847435205386,0.0381715449915718,-0.872010605499903,-0.0928073640442712,0.0495506182418962,0.86798460274264,0.511386039267987,0.075506227743309,-0.795451873843452,0.0240871653213238,-0.452704643462021,-0.899602047980571,0.226673702995525,0.747001211184662,-0.957611900999093,-0.118821345620396,0.277361209157588,1.0849429641779,0.137036410722591,-0.0992410934966812
22.175,-0.144134327586451,0.107846549103113,1.15545793743045,0.527752899623187,-0.0317036615770103,-0.115206583054545,-0.859807328013483,-0.102083368525644,0.0738558295361492,0.784434874395367,0.367550302082851,0.106098543212706,-0.798164762344353,-0.0219795651703987,-0.497495294030266,-0.927082965965217,0.186887026260409,0.688924515637272,-0.952814737181233,-0.119225207491841,0.274488126808145,1.11252097920235,0.159573458441171,-0.0918275257328989
22.18,-0.0620825492720863,0.0602951850404412,1.14133710542551,0.535316564317566,-0.217305292736811,-0.249464553920348,-0.840689352306455,-0.128773345092675,0.10072573213161,0.730265677392513,0.240918940925404,0.124391512753369,-0.808098536955818,-0.0947768566476095,-0.510970488450275,-0.955236933755027,0.127763712982814,0.644764679509507,-0.943642146119546,-0.120244999712261,0.271910974535952,1.13828461906381,0.180532137228138,-0.0807960853651581
22.185,-0.0256093102824036,0.0476379063591312,1.13189146297682,0.554752391779431,-0.359793054251595,-0.365462989990101,-0.832456503358259,-0.164886832354888,0.113682767690809,0.712763755897098,0.138938211924063,0.142560264985641,-0.816276152799002,-0.169293249566746,-0.488790116447915,-0.888494050889325,0.0645678077095668,0.63674380407339,-0.952200658593581,-0.120139685469055,0.268807535242601,1.16139886403593,0.193068541696728,-0.0693521884628895
22.19,-0.00919911969644975,0.0461327412788667,1.12232490249858,0.566278108700881,-0.538725901222589,-0.52347372567873,-0.829567268015918,-0.205638096678886,0.126352718587107,0.756897360311893,0.00611834843808954,0.174865581783423,-0.828994837571688,-0.22992545974127,-0.441390769835465,-0.738847327360676,0.0194241870169031,0.650832026411757,-0.950487951886063,-0.125326461582081,0.27296760116174,1.17088477504885,0.215454360135764,-0.0627720382549299
22.195,-0.00204365449113147,0.0467060036693328,1.10446507738783,0.554823729118124,-0.717289003473398,-0.701934501574122,-0.826741697584286,-0.238903339320102,0.13264524990497,0.83952347948637,-0.138900787451111,0.214198702577189,-0.83551229243818,-0.271289711501274,-0.379421956533272,-0.583829298181225,-0.0185727934532534,0.647704404282871,-0.953735829349813,-0.132918567060824,0.268544255424689,1.19978930111107,0.240549255395636,-0.0541550713280544
22.2,-0.0008054469116836,0.0425423598407816,1.08975907193183,0.550442019787552,-0.862745560227713,-0.847221246783168,-0.827031688581225,-0.273560414544905,0.135203007721631,0.945970259229213,-0.244434650797837,0.257527038685407,-0.830566851699988,-0.261631958537564,-0.335829965110691,-0.557120852506611,-0.0187627699962181,0.609797984781702,-0.955183252421939,-0.133475007387078,0.25999631319453,1.23030920839696,0.262608904102888,-0.0428456142469553
22.205,0.00569028676164252,0.0262796916842732,1.07964050776492,0.53883590377999,-0.988973084425146,-0.975240987870786,-0.82477226984931,-0.290388852350455,0.133831637013902,1.04662215299027,-0.346745720383726,0.310577457185436,-0.823165607113485,-0.212479360963116,-0.299586546618889,-0.674826141471079,0.00971836195712674,0.54279433748176,-0.951991177845642,-0.132864364485301,0.252584337102822,1.26848542517489,0.291383051887242,-0.0372622626192709
22.21,-0.00549789040898552,0.0274363539307403,1.06900629801324,0.571519688604075,-1.10922055863392,-1.09996235921835,-0.822845600875163,-0.306076688575561,0.132390832145334,1.21995101992734,-0.476232506250987,0.366662879693501,-0.814799618257594,-0.15961892354714,-0.274871358830032,-0.876735789456665,0.0549674281812636,0.466841161909831,-0.951085157187538,-0.127241535153336,0.247732826781254,1.31962525837624,0.321674501189554,-0.0393002747606442
22.215,-0.0387399356253295,0.03985037638308,1.05583290561216,0.620869619977618,-1.24747910611325,-1.2440563174831,-0.821489237004943,-0.311446815165614,0.127825710230293,1.42062637830167,-0.597282280767138,0.406525319797855,-0.801287657882677,-0.129735421736141,-0.259114666841859,-1.10441191213789,0.116103829925658,0.402441615931177,-0.948447709878888,-0.125365737481269,0.248573213704474,1.37005968288233,0.347627839072116,-0.043705357781949
22.22,-0.0643561129062581,0.0509771112243597,1.04532137713466,0.651249565144397,-1.35951913053359,-1.36243358856325,-0.825269175118319,-0.29670047639331,0.126954551030937,1.57975176996404,-0.685496598617532,0.453372847374567,-0.795221035344353,-0.124038767706269,-0.249570399285865,-1.29195704716741,0.190040242370067,0.34224536017721,-0.942366749898709,-0.123845421505637,0.250453762302319,1.40598817825317,0.367781345776882,-0.0535437864247761
22.225,-0.0883996224469473,0.0561468163017132,1.03019741288468,0.673722406768495,-1.45810336463247,-1.48601919416688,-0.831196684917498,-0.274581825881514,0.117100556408581,1.74117890105296,-0.790331835277564,0.514203969271374,-0.788335779668034,-0.117913315217523,-0.243433440382442,-1.44406587516443,0.276663532690727,0.27514202844243,-0.935659097846923,-0.125369378089051,0.243716543830137,1.43977843599399,0.382690772068684,-0.0630696868538411
22.23,-0.115330205154278,0.0580558010627416,1.01802060000344,0.688175427540602,-1.54250691732105,-1.59958048276587,-0.844763164810861,-0.250495679555405,0.101599251280227,1.87365862495842,-0.890603768230353,0.566982469260994,-0.783592254953978,-0.094068592464727,-0.241081260702347,-1.58180124009428,0.381978493652205,0.189631872402953,-0.897215758235001,-0.0155127887333617,0.317543707539368,1.42001459879422,0.387838644318261,0.0451105089322491
22.235,-0.143746561730405,0.0638911257532505,0.996523815308186,0.697844436389472,-1.62665326323457,-1.73221280251527,-0.866386623648985,-0.234656015105433,0.0856145083095943,1.98319450287861,-0.985135675735243,0.614039838943366,-0.759747025917765,-0.0641071212327668,-0.251128365969816,-1.65968740718283,0.473634338055588,0.134680253569197,-0.97316068234878,-0.193503896013926,0.195212299061907,0.674937414761298,0.58441602896806,0.553637846948142
22.24,-0.18204366967584,0.0742464730803419,0.971170695801203,0.710485966530319,-1.6944340166565,-1.8686447238339,-0.877992004000797,-0.219091313869738,0.0802850832705408,2.05060157969264,-1.04254911437358,0.648878571824844,-0.765716276651292,-0.042348552451982,-0.264990206833204,-1.71436614854188,0.535685442623142,0.103890891186439,-0.967618903169113,-0.161853497627339,0.183748862219888,1.8477033947406,0.377488850837386,-0.184165498856931
22.245,-0.22111645157393,0.0683380266302013,0.963867049851761,0.725074062261698,-1.74842574094171,-2.00438912323092,-0.903222476796013,-0.193941727596559,0.075644735598942,2.11313661425984,-1.11162688012951,0.685835734069607,-0.767087113305715,-0.0335721178939041,-0.276224588567661,-1.74913205772433,0.563720436129082,0.105618970895637,-0.891006580225102,-0.130083588848644,0.268628858108778,1.71599466222546,0.331088002848494,-0.348415984748389
22.25,-0.262245582901189,0.0695465941636406,0.97015513163024,0.7397417504206,-1.79110015341662,-2.11154470578957,-0.914974389970936,-0.17914020473294,0.0588111729601812,2.19301261803875,-1.17576953482954,0.717301959860815,-0.777991515150804,0.0130457283702966,-0.305341548393159,-1.83083645776536,0.605514463288999,0.0848872120560754,-0.886264869954671,-0.128361372468567,0.260468003271156,1.79284445363222,0.373840740988077,0.00102616111319158
22.255,-0.347206552235583,0.0749923720135771,0.996030057461501,0.808925288898519,-1.83523253083168,-2.20683956165556,-0.899720160614404,-0.189394461402151,0.00528191126800566,2.25978031846556,-1.24058864134901,0.746207640693397,-0.762654699263488,0.0429829591632333,-0.281864241600961,-1.83402942386587,0.61964014674865,0.0558617463034684,-0.877551783476458,-0.130834467987966,0.225815475297573,1.70624669112288,0.490128418024693,-0.0331018110633845
22.26,-0.430981902040496,0.0917505281731806,1.01561208553161,0.897135397769989,-1.89495914419248,-2.24238556656882,-0.891068028976401,-0.206401386934029,-0.0136937763607719,2.30331448181899,-1.2868787448361,0.760584430957804,-0.784478212139935,0.0821209671700644,-0.290748109918743,-1.84160508012445,0.615994709390796,0.0596843960351062,-0.905598374686277,-0.0944082809159071,0.238841108927418,1.71741936085069,0.581207607226253,-0.0925865151217508
22.265,-0.545986901051229,0.128082745317177,1.03932110988602,1.02159088357713,-1.99817075443657,-2.25908218515456,-0.889752161625856,-0.220688929600747,-0.0336432892935886,2.35016740381137,-1.3134794473512,0.770950216511813,-0.795549192674338,0.11452726169731,-0.269252241438719,-1.69384176743224,0.675487398064992,0.080724050333398,-0.914581801438226,-0.132886062604942,0.214761622308516,1.67782325381724,0.594288123065384,-0.0888434495743305
22.27,-0.611250043862024,0.147984657506257,1.05691513760274,1.10975054189907,-2.09303263353292,-2.22996066931326,-0.882979787629339,-0.232839514336906,-0.0755129821648792,2.40319342354041,-1.33512850802497,0.782841957227337,-0.814967270108868,0.13849756342294,-0.24390392521929,-1.58413897951013,0.688793789642673,0.102421615583843,-0.930459285788099,-0.120592820858268,0.212140889338566,1.70607523081158,0.506573915691424,-0.02995426705612
22.275,-0.680563715764142,0.164119258397726,1.03827615922363,1.25026686242175,-2.25953535416066,-2.13663135101338,-0.881941824890221,-0.240675141481974,-0.120935732577973,2.43273195966188,-1.37213210670813,0.789782768648299,-0.825765711146567,0.154024775549507,-0.240078082987278,-1.60445744101872,0.632715973462991,0.0992755654281827,-0.92773227815634,-0.131092193670546,0.186488066095917,1.59522533231617,0.367037898463958,0.00352269380950652
22.28,-0.684357006466552,0.182799116204131,0.978270968245165,1.34444696229784,-2.38140360600949,-2.04870138853526,-0.896751669361484,-0.248052279417755,-0.128168647181253,2.44752530294574,-1.38457756135088,0.794573689031112,-0.837626314674784,0.170202395465917,-0.222011438663807,-1.59690115821395,0.631491397382039,0.0900176160017558,-0.936039723437033,-0.130638905413558,0.178760001855908,1.500051011152,0.257150991472549,0.0148134990818175
22.285,-0.631827037093864,0.18614525328939,0.896967055313023,1.39338205343905,-2.45282836560331,-1.95684731308371,-0.921572116893622,-0.250566412303283,-0.117210161704112,2.45271263036397,-1.40573491905972,0.796929657459259,-0.848916822636493,0.183022755270267,-0.190753914832795,-1.51227362697266,0.636406680810768,0.0807382619567252,-0.92797028307434,-0.133123478927748,0.179994619814719,1.42224817946838,0.181928867962384,0.00243896450984238
22.29,-0.548824609082858,0.181750681405108,0.792511993607244,1.41867948678229,-2.47534499628452,-1.86224408586017,-0.941255617920985,-0.234572618615035,-0.095318404318254,2.47262567009517,-1.45404108715382,0.808861518025599,-0.864486773945649,0.200362412925284,-0.168827110717117,-1.4020816586642,0.630911558736184,0.0698610490643495,-0.913377697851622,-0.136126440641698,0.189037940368196,1.41285487003525,0.188736612867701,0.000223895173300279
22.295,-0.521427623732491,0.16809097019176,0.730208119866222,1.38647493997761,-2.40921232168751,-1.80588482696794,-0.954925449772979,-0.225233388615764,-0.0999863002629275,2.50203549590846,-1.46276589900362,0.811604535395385,-0.870332112817014,0.212277516054487,-0.16065617783122,-1.35420153809258,0.607241225536237,0.0281816227457398,-0.905164219366878,-0.146524515271613,0.189320088419214,1.44809321468222,0.248610652330245,0.00397203531481788
22.3,-0.55387010731747,0.136332792490094,0.719870528138822,1.33086185082788,-2.31716878742207,-1.77286064228069,-0.963541395015419,-0.212320812307946,-0.118029823749633,2.49208991129379,-1.47380324294236,0.815614263664019,-0.874565239323762,0.224302041065986,-0.157516643957127,-1.35407727872822,0.58553937686484,-0.0349684384265123,-0.875755355199613,-0.0577102741381102,0.224241101514773,1.35157498452575,0.305620079980283,0.134981030866387
22.305,-0.600498363252784,0.108667191839513,0.727879712421677,1.29377325706393,-2.24903869841449,-1.75852906703949,-0.96393215728049,-0.199275565667101,-0.154097148448405,2.48555427760952,-1.47918897881787,0.810375551116039,-0.876607187113368,0.249403772879853,-0.155094960984169,-1.33433791434262,0.596279734470973,-0.0828460734774985,-0.93504257756684,-0.175635417881485,0.0785368941654144,1.08440281710495,0.432072828351896,0.0333331974001211
22.31,-0.653933581393211,0.0887468266138452,0.73817147915254,1.25854742602482,-2.19567514023839,-1.76298717150083,-0.96795668949377,-0.177055983371408,-0.179757759608778,2.46626919008451,-1.46926668002078,0.800040599698636,-0.883030023838072,0.262711054400881,-0.14710105760966,-1.31390108547456,0.61414127093587,-0.139396523484298,-0.955831193806239,-0.148566703486324,0.210100372259721,1.74506957503185,0.426495328635077,-0.0977786080541008
22.315,-0.703305885903349,0.0786673370970365,0.73525861554756,1.22813890847729,-2.16337087450565,-1.79204161047446,-0.974663430699837,-0.152781774503885,-0.201342272834079,2.43492104203567,-1.45332054745744,0.779608773284951,-0.893356860945117,0.269945541231599,-0.140086858697198,-1.30262743071596,0.619463524287079,-0.155979041721766,-0.950804062203297,-0.109079722761685,0.204313400354421,1.82781990156346,0.473400977216235,-0.0797344637554493
22.32,-0.725104544695967,0.0613547527742556,0.714821654423662,1.18307959755823,-2.12720319881192,-1.84200776080129,-0.986916750205129,-0.124655535917767,-0.214456903739849,2.40023863898091,-1.43289336356084,0.760993364385625,-0.90792246889978,0.284220740801652,-0.146031671127975,-1.38442186480972,0.590361730045171,-0.166054179131304,-0.963871659959884,-0.0884443057960297,0.199812929824785,1.69736453051054,0.407244752072352,-0.0441656963381565
22.325,-0.742603260560543,0.0550345873613522,0.686311593448221,1.1097982558145,-2.07595975889163,-1.93595145028711,-0.997801949096502,-0.106921226773485,-0.226023564774558,2.36716809682038,-1.41316136599435,0.737830439426383,-0.905859207657017,0.279013933528307,-0.124420375569435,-1.36514303757433,0.638949802062075,-0.176486276846911,-0.970204171080038,-0.0870446116187202,0.193188875170908,1.48480449756318,0.3407739511598,-0.0018985465791772
22.33,-0.75828886657017,0.0365538563229923,0.663848827018109,1.03548024588646,-2.03222973240029,-2.03279759868877,-0.99816986365263,-0.085070299826011,-0.243271567485664,2.32373623040863,-1.3625823923796,0.717763074292763,-0.932941661982915,0.295017430519798,-0.140310970038843,-1.46327620438939,0.593647443574296,-0.198746473387168,-0.981042749776663,-0.0992589890233718,0.191512636522255,1.31275001909262,0.283705744130742,0.00219031016697381
22.335,-0.777438507868922,0.0387107473016546,0.62852034801566,0.95508063986267,-1.97583165532804,-2.16403444457927,-1.00248622720508,-0.0685755525847458,-0.257237103603471,2.30397119412594,-1.34460454960341,0.70006211639626,-0.938496729291506,0.309870409856117,-0.141242115676801,-1.51246761448577,0.595164349414191,-0.235965498146875,-0.991607085484182,-0.105462779865057,0.199703374523016,1.31923797931378,0.230255011339035,0.00492472422398276
22.34,-0.787143832220211,0.0376219881141912,0.598887685045577,0.857229442384157,-1.91416254203949,-2.31783043506466,-1.01268156007441,-0.0513408143128409,-0.277506312480452,2.2574010788351,-1.3114119874917,0.675045963126229,-0.950380709195783,0.330108380927738,-0.147334002026055,-1.63333646060643,0.554480206098409,-0.26921681793394,-0.991791427764557,-0.102776410083744,0.193947615280261,1.37076758495932,0.199838983885659,-0.00969840235434394
22.345,-0.797555324741919,0.0218600927767373,0.582686124630639,0.761739536933874,-1.84422308509683,-2.4571826654315,-1.00890262537298,-0.0359510966844623,-0.320844019138953,2.27062048675859,-1.30200749228923,0.661278596945222,-0.957978086899431,0.348434481346728,-0.14217885564209,-1.73196721371547,0.54280573565193,-0.288502024118326,-0.994136556569191,-0.110191388389954,0.186734965396936,1.36891142529653,0.170950393690701,-0.0136511586606503
22.35,-0.838682579594523,0.00440050010973594,0.580043083644522,0.690031014234385,-1.76792809114183,-2.6490431591167,-0.991132816750125,-0.0471583290357601,-0.351678960410017,2.31512042658425,-1.28021758162157,0.639264898050556,-0.97946743929753,0.342801769168183,-0.116943300265897,-1.77685501395576,0.562670529013355,-0.296333899223609,-0.993201617567942,-0.11435626602593,0.188503245909035,1.32257982149662,0.138685032150121,-0.0222592223965862
22.355,-0.885324382751926,-0.0255911007083415,0.570515707953118,0.652651250362396,-1.69705469341675,-2.78583056866441,-0.971480717497864,-0.0517571922747659,-0.371350121956163,2.3529442660405,-1.24470417964977,0.612508236637685,-0.990301025532759,0.311088316359251,-0.096341533485404,-1.8001304424316,0.56849662729014,-0.326329939208046,-0.998873993847983,-0.124349608548747,0.190745780346655,1.30639564873686,0.140249161728836,-0.0299777586724632
22.36,-0.935889207134192,-0.0391048396022817,0.577467555023489,0.652651250362396,-1.63827902534773,-2.8849418879096,-0.947025650492043,-0.0614542722440885,-0.420754823556983,2.40881354898827,-1.19836345999013,0.56637266474622,-0.99664247083374,0.29226069144401,-0.10460595659868,-1.81494637946264,0.556253990431547,-0.400994346316879,-0.999281813358243,-0.125678422922114,0.193968103261573,1.34228308126578,0.13651969504067,-0.0354931673990177
22.365,-0.994952838539487,-0.0119071259070003,0.557850193288684,0.680739492184923,-1.5814043568983,-2.96167280428904,-0.926164747682066,-0.0570591708944074,-0.441053510039775,2.49870023901843,-1.15337753141852,0.513924887156706,-1.00723839100692,0.286685135231114,-0.108836895111013,-1.91460633681047,0.511286146868509,-0.491589979520364,-1.0028329466537,-0.126933463156813,0.200139862933751,1.38251179797892,0.120835251109136,-0.043188385158196
22.37,-1.03310430029402,0.0201791305558266,0.551910588608441,0.738630051077284,-1.5614156802826,-2.99797515181664,-0.90702016453348,-0.045046536099083,-0.451068469556193,2.62875892846994,-1.09237867436352,0.451935528672097,-1.00767808783917,0.301037074356971,-0.118013315061703,-2.02813624394347,0.471164669128855,-0.595147952064631,-1.00553072270828,-0.132742558909368,0.200954855837279,1.41799963988095,0.0784814231403419,-0.0610210999047482
22.375,-1.07815388674332,0.071491471107154,0.539415677881314,0.876126894375025,-1.54663774785349,-2.99376441608041,-0.891898412438663,-0.0288747693292444,-0.48826195778879,2.7571220638395,-1.03010408834963,0.379345486216317,-1.00166429724194,0.362189185797268,-0.105036927590697,-2.09948796035889,0.429434883551895,-0.719529699723169,-0.980480271669297,-0.110736100176505,0.219931426267551,1.40680207639685,0.0539425318881953,-0.0617659525032585
22.38,-1.13183373771311,0.163819263810549,0.50606372371935,1.03492599379301,-1.54630660388538,-2.9458504939659,-0.888351932660105,-0.0171498570122109,-0.545149202206577,2.87188164564026,-0.972133780565801,0.312060968428252,-1.00356671750613,0.419388945632054,-0.0965068210706886,-2.17470410373922,0.374733437330344,-0.876220715959706,-0.994239488168443,-0.101167513661613,0.198301723683413,1.32683834289184,0.0621678283517463,-0.0665815415078974
22.385,-1.18345163376809,0.261250491911774,0.444740886923468,1.13349203497518,-1.56251847884115,-2.88603151072961,-0.88339822148712,-0.00253516358184093,-0.578813976281691,2.96172294739786,-0.914133183940474,0.252638361555814,-1.01379280627072,0.457034640736012,-0.101548627662411,-2.26735151580008,0.324137868937187,-0.960708621614975,-0.999168075969044,-0.169462699443668,0.215246546772261,1.37822381564468,0.102973027562675,-0.0401929497266202
22.39,-1.20036023249958,0.344803267531694,0.344786757679098,1.17517676593407,-1.57785048647913,-2.78435330563469,-0.859045700358577,0.0512316970839077,-0.554453248267715,3.00372939319973,-0.823053203626156,0.211240348283036,-1.01736286359776,0.505629114460894,-0.11115364880348,-2.41011889838782,0.236981784539596,-0.998514954932417,-1.00483869726189,-0.147604507146773,0.237044127161883,1.44959548125668,0.130800043667182,-0.063504756283612
22.395,-1.18986223192815,0.400990054739551,0.245082261188281,1.18531000614166,-1.56100818402695,-2.69816727605923,-0.846245306626634,0.0832097023814756,-0.536976298404239,2.9793963896382,-0.753095348461944,0.19603212212554,-0.995230377209383,0.53291458356844,-0.111121795897696,-2.5132247139011,0.186439711825963,-0.98436316569546,-1.00308194315069,-0.153315377350374,0.230157699009966,1.4445795252678,0.164908931055092,-0.0404310962685417
22.4,-1.15932455587763,0.439095271162053,0.133512169659005,1.1924438825595,-1.48906379457092,-2.5859448752556,-0.837446014710696,0.141095493412778,-0.53067078121321,2.89602444501657,-0.60501778231735,0.192190885543823,-0.957748997250575,0.548342034984892,-0.130288671433689,-2.70630422619087,0.122241823854545,-0.985763998672671,-1.00294327305958,-0.149223495851912,0.232645620637915,1.46849109175519,0.181694453533163,-0.038102672162669
22.405,-1.09337637715547,0.498259065341242,-0.00448268440275922,1.245685011978,-1.32704753215444,-2.43370368564026,-0.834144173133736,0.171414606485349,-0.528944194717185,2.82989745083008,-0.500980484846658,0.194149254620168,-0.913429687255162,0.570464540035667,-0.157944721909888,-2.80849475188585,0.132088222909483,-0.977871589087741,-0.992867895065508,-0.157136612276356,0.231057945694089,1.46557756572431,0.186913495660374,-0.0231878602622591
22.41,-1.10704626122677,0.530206007000473,-0.145419630404223,1.28796225665841,-1.0650188062337,-2.26326946589269,-0.827826553151672,0.237565534784268,-0.551398669612601,2.71729710414012,-0.372222577934353,0.204712232961559,-0.869925575635102,0.573562023363437,-0.158845869355687,-2.94212020642443,0.133740746253578,-0.956540546858276,-0.976060741278798,-0.146912469848491,0.251838811171897,1.4827045069932,0.175128895669383,-0.0171425727074137
22.415,-1.13035351990028,0.569912930994938,-0.18636923102362,1.34364200676796,-0.855172238261735,-2.11390753461078,-0.815247604081966,0.280265590803071,-0.59218323792357,2.57319983442249,-0.247694582186274,0.216848231783321,-0.829810663634964,0.546348267189539,-0.147160187014447,-3.04211077143832,0.107410203769892,-0.922201093592214,-0.957417009505464,-0.143546413378004,0.27231556191144,1.51810316117604,0.167695714536569,-0.016094546765089
22.42,-1.16514842608051,0.585384525234368,-0.219665081452625,1.3530737240329,-0.581657682028224,-1.94033404280565,-0.777901138382914,0.289363897139134,-0.619338280252914,2.38888835054364,-0.0899480869983604,0.259018776823237,-0.785290300471751,0.498397958896981,-0.0948535807201603,-2.96974072610867,0.0860503332367805,-0.933448063195819,-0.934776373979211,-0.135879668510981,0.279013619483297,1.55449144763194,0.162678059622555,-0.0174960134975571
22.425,-1.21489570962282,0.572902367195154,-0.252139321119853,1.36559397950768,-0.343813900696064,-1.77853423580524,-0.768811658692274,0.288947102728682,-0.650131816713268,2.14928830912051,0.076050780513935,0.282786914088387,-0.76643528473667,0.473421651901333,-0.0642209551913693,-2.86688518396295,0.051749115533749,-0.96652252074271,-0.92635947138187,-0.124558917623725,0.286223834963116,1.57185151007959,0.135457544695728,-0.0271849869183148
22.43,-1.28569158115386,0.514065830539881,-0.314114133761937,1.31587342155556,-0.0108971256440349,-1.56590725657892,-0.758909413545456,0.264591296210727,-0.697688372120723,1.95882282618907,0.209944886517361,0.272518779064964,-0.775841192127015,0.457449202043537,-0.0424732618075884,-2.82428590987209,0.0218982506306766,-0.989257870906552,-0.920626933963405,-0.119666404770943,0.293821798279997,1.52013930466906,0.096840353783859,-0.032664066471398
22.435,-1.33928641213637,0.433726812706603,-0.388820860867574,1.30304753475045,0.250946518696647,-1.42276815966361,-0.761080560278174,0.205863237111988,-0.76645034588501,1.70654848573109,0.399177246012154,0.25507155970446,-0.807250399087466,0.437230998516187,-0.0153596858738182,-2.85555693465428,0.0045793181295046,-0.956457523214417,-0.907660276781102,-0.112794147639843,0.29647695204666,1.47846004325318,0.0688445253182973,-0.0262615842454094
22.44,-1.40887978344703,0.343542067639913,-0.432997362579574,1.22333135502348,0.562981506007025,-1.24360974443899,-0.767962948405565,0.135131263474015,-0.832667129327456,1.52451773972303,0.594610394229428,0.206247946733197,-0.8395374224461,0.413050476822308,0.00755193664392313,-2.90786637496479,0.00760373563719805,-0.868416056463382,-0.891807629206717,-0.114205945210685,0.29801502627174,1.4373595814189,0.039356950193688,-0.0162783429212931
22.445,-1.46141788980623,0.284505166421399,-0.336767194877593,1.05246116571759,0.878534333830431,-1.02892108146259,-0.785640223879531,0.0501570522364421,-0.821132997958017,1.37666594269472,0.784940592261624,0.132397394671949,-0.862081067612584,0.390380007894253,0.0455041012695904,-2.87627322183777,0.017949757069757,-0.741074961659455,-0.882643584495894,-0.115350956937337,0.289469531353478,1.43111456753937,0.0166075079354041,-0.00386278826142554
22.45,-1.32855461774632,0.305892209264255,0.0838673341030131,0.884227598246116,1.15900412234763,-0.679594832324145,-0.82666880352868,-0.0547008744024515,-0.688584874410619,1.26842265912853,0.943858553969536,0.0395803692093843,-0.876328945805268,0.366821578035203,0.115043204920105,-2.68339442513747,0.0119019289679719,-0.539424766204746,-0.883158196401791,-0.128624135593907,0.283508523121829,1.43952511700813,-0.0171210371370393,0.00740577648682852
22.455,-1.07882623713676,0.467648366555862,0.679715363658952,0.80877554632022,1.20720165409463,-0.254592225206918,-0.92643444927591,-0.0969251407362141,-0.447889042563264,1.29407812842635,1.06305566241997,-0.0829297312811235,-0.874794149488318,0.338240563167931,0.1736722281368,-2.31159396787132,-0.00709201188453398,-0.348695821140621,-0.889276044737839,-0.139548530529412,0.28150325901748,1.46843507369999,-0.0596412147103137,0.0148029286363062
22.46,-1.01318906092581,0.876044514303615,1.25038494778897,0.691791108801733,0.817385309664211,0.253026425857147,-1.03143778272069,1.59518500478101e-05,-0.116948655812164,1.35978127737491,1.09755014401709,-0.172439530047289,-0.865418362538533,0.2999280857645,0.239295952136072,-1.68559092092125,-0.0619466682121268,-0.129662185691453,-0.883090164547336,-0.159111503752066,0.274222527174028,1.49937307738379,-0.106166926661084,0.0233916018693507
22.465,-0.724553876680679,1.12963753920681,1.61336382402403,0.363466707807487,0.305205226689616,0.520145886238354,-1.14041135188781,0.221999078299104,0.194080465748928,1.49917796124717,1.08250226337464,-0.208862462729361,-0.853725194269004,0.234350370783326,0.298458363325398,-1.05908450921136,-0.139440645976792,0.0264685609902161,-0.891263755637298,-0.163830573480685,0.282360598508967,1.53409166430787,-0.161363624598528,0.0345390498979784
22.47,-0.31310484647283,0.974180152923012,1.46158276420693,0.137648732744441,-0.0607126404710995,0.443138432377649,-1.30085947276406,0.546732534349752,0.561526080360217,1.40838649528497,1.0221338074009,-0.150855036274977,-0.85351459703831,0.164833386795685,0.329845181036318,-0.419850769572588,-0.249542859455412,0.049907278846032,-0.893095246715383,-0.164058982840599,0.267584358440121,1.56684918955414,-0.217324463236697,0.0314366467861419
22.475,0.0684444088573955,0.61904028844756,1.14767960427905,0.0579393401463762,-0.16138212153296,0.135112457397643,-1.37789878528946,0.621512248661171,0.712709562964484,1.05623208696008,0.975564124627016,-0.0500265151737874,-0.898929902122629,0.11525260586104,0.326061826675056,0.14928198914568,-0.365544408375488,-0.0821922469078107,-0.911066793169753,-0.160828172925625,0.276184545964947,1.61031382737601,-0.275685954124922,0.0268972958323284
22.48,0.291329734899598,0.258578990783648,1.30793785098494,-0.0965395877385519,-0.162148698122693,-0.205897682885456,-1.43928219668729,0.624282957869021,0.546095959937729,0.204319044199775,0.854884997477128,0.108673686814712,-0.995044918760264,0.110689674171405,0.285745251731797,0.358153681866011,-0.420773076911664,-0.269220440398997,-0.941557574138341,-0.157657889167558,0.281389691055696,1.66059587635404,-0.308998028053631,0.000679292296968074
22.485,-0.193998699349996,0.173929207408561,1.14381271975389,0.0271967675644293,-0.218291712686734,-0.416188601127711,-1.32252762777246,0.476434031393369,0.236981111142878,-0.158400337457049,0.868970243148313,0.0462149196510709,-1.18820838551817,0.168782742608113,0.211020895594194,0.225818000433751,-0.444063681647704,-0.443440969928029,-0.954471133959477,-0.129268523728432,0.261059200345335,1.69543452625307,-0.329510381753209,-0.0194013599949892
22.49,-0.745417176584393,0.296776475192207,0.848590144174132,0.475046277159148,-0.310456662753483,-0.691968380265408,-1.10696145849236,0.179578071185472,-0.085020731036304,-0.586742643397631,0.92371157404483,-0.0520462773133236,-1.35882928362508,0.246263611361923,0.197847823702661,0.0627163250621546,-0.458819293783541,-0.495797218721678,-0.982576261843894,-0.0949075293724107,0.249166614452543,1.70478153915153,-0.331852946553392,-0.0249632438271695
22.495,-0.832096123708498,0.382787746996416,0.731910232963536,0.42556135745814,-0.34684696277356,-0.723787371079678,-0.967261786412078,0.0164064415780919,-0.230174543149843,-0.722744785345288,1.0097985814936,-0.0589342180611869,-1.55964794870697,0.347238586287774,0.270796772682733,0.068197268867565,-0.509899202450138,-0.434203982072017,-1.00628734033545,-0.0855997563957911,0.221776310621324,1.62814780900386,-0.31858384040483,-0.0217089577180354
22.5,-0.801632755364163,0.285519220374693,0.690676896183173,0.168523111623399,-0.363154858350754,-0.625096306168453,-0.892619870301488,-0.098708938609705,-0.334177988619146,-0.699792554285873,1.06947385143405,-0.10694439904212,-1.66829773044076,0.402063873848633,0.36340738618591,0.374159879256897,-0.619338858957961,-0.215363630278634,-1.03879318849871,-0.0988974619562501,0.183235661791469,1.47651063181481,-0.321847237033929,-0.0120277470045729
22.505,-0.7820257747423,0.195506812135564,0.688523118298403,0.131972987301385,-0.358069519638187,-0.453705269023092,-0.826640343270743,-0.139626294358598,-0.318116683788437,-0.429154662106531,1.10978253989502,-0.168414114306476,-1.68034508112876,0.419040647428269,0.384312300171652,0.75860675568259,-0.721731466717437,0.0568338188510011,-1.03544857661432,-0.0814140231636271,0.136708371028798,1.30823551517648,-0.34115125788096,-0.0174935613220463
22.51,-0.793582096280575,0.25396937759751,0.677779980698224,0.270999086968399,-0.348005467175491,-0.3294687652554,-0.826132749879341,-0.104876056535845,-0.313879142291854,-0.179345725937883,1.14182603648295,-0.183454944064609,-1.58586734715158,0.438329016494364,0.256429741221711,1.07944612259652,-0.74031270602807,0.302300824613201,-1.01063293628645,-0.076721244921704,0.0906365574505035,1.16202589276085,-0.36821437435847,-0.0249480436516852
22.515,-0.761878536538347,0.435541330890609,0.707720197239663,0.34535761991891,-0.337854145293097,-0.258970548610002,-0.884191859787731,-0.0133578532641047,-0.324667892128328,0.0646162075668394,1.14143463136566,-0.160143886426297,-1.37311713877413,0.528722425869335,0.0145300082420333,1.34014108591818,-0.650719931195203,0.498040262750184,-0.990809363513696,-0.0859111316943505,0.0583177207056996,1.08366555504263,-0.381891426678975,-0.0399682916885203
22.52,-0.712649047292011,0.524363063012924,0.73492695875733,0.290390022963777,-0.328047667428157,-0.252822562558398,-0.952097818853861,0.0693995189010358,-0.280050441400494,0.239759765748041,1.14192075443642,-0.135412260889552,-1.06654118614282,0.650650131164764,-0.22428858395577,1.55941836554665,-0.510244465494727,0.49127653206066,-0.977066360766965,-0.0780684993546848,0.0395309486268401,1.12239519827428,-0.357512813465591,-0.0537041442790886
22.525,-0.641019733296314,0.518011053027517,0.751752633571822,0.152479794721197,-0.311708291583621,-0.24315821881522,-0.992561742647738,0.111070727958312,-0.2379713092008,0.285814033859292,1.16808165079898,-0.119353684942161,-0.763937764761041,0.651318658021491,-0.469359520576526,1.5662735351778,-0.369631446953962,0.251538970316916,-0.972084953688715,-0.0687444548789623,0.0257433634184283,1.21379576168947,-0.288767298163848,-0.0786554203777157
22.53,-0.643885300367824,0.529250154888006,0.772471044611244,0.0884225728960131,-0.31860312798719,-0.220098617287138,-0.992264930028758,0.147600494535971,-0.176446657337363,0.158939124009461,1.18818277492956,-0.108262582766954,-0.557203666044883,0.363597433383761,-0.686579686144784,1.1134428482537,-0.217206817216515,-0.074767178570306,-0.972819027651051,-0.0471485636999545,0.0222346162029829,1.33241061698533,-0.202577038208412,-0.120451279409806
22.535,-0.619946517696041,0.461446172755605,0.783396054326136,-0.0130596431244868,-0.305395774544605,-0.218759730908715,-0.983450655524828,0.141457496553358,-0.173245580983825,0.0165285755193128,1.19932745147892,-0.104100465558573,-0.472838517021745,-0.00322520152226049,-0.778391689992802,0.466383657464373,-0.119770540391124,-0.300904025664084,-0.994553866889017,-0.0213995718915247,0.0415484036031866,1.37237106143604,-0.131525274261572,-0.15389049022954
22.54,-0.568922721988909,0.377548980599931,0.804380098699993,-0.109695770356373,-0.291458462012105,-0.247105966634365,-0.987530605145395,0.122268416052541,-0.194425882579534,-0.155767470728269,1.19580605190354,-0.0924639403820038,-0.403094725271755,-0.38470760904827,-0.796258302946003,-0.381344307843426,-0.107234455075371,-0.564055626297047,-1.03028884141068,-0.0126424187382867,0.0648142192947947,1.34512736511232,-0.0642744771371819,-0.19982641104835
22.545,-0.566009130096407,0.32344973275562,0.804434525954509,-0.15433593796468,-0.306000485181136,-0.264359310263445,-0.99076499281959,0.108659625646284,-0.172038017597719,-0.281257606389476,1.20042352390314,-0.0862298334914271,-0.364203775406694,-0.505544661140732,-0.711264846595714,-0.776986003755379,-0.156960521268083,-0.798029875049452,-1.07360995487701,0.00270091548658852,0.103356927919537,1.22337270746441,-0.0104443705263633,-0.227914976063942
22.55,-0.578483892828073,0.312788973301805,0.813212625965855,-0.201905719041772,-0.316778045766256,-0.276712361276726,-0.97999662258147,0.0634242376180199,-0.177949411614567,-0.492829551230505,1.20721489370746,-0.0624182111163889,-0.397231533333572,-0.383381262443728,-0.58527827610355,-0.690598245767697,-0.244646101456131,-0.896350660671567,-1.12358657366622,0.000392986032749015,0.129492740717724,1.06376908063885,0.0239585507412774,-0.241879982550941
22.555,-0.573198842066694,0.319393677375793,0.816719833627373,-0.271609628240913,-0.301641021618828,-0.280377770848428,-0.967253606581001,0.00826499695810114,-0.220084132275365,-0.622004944628054,1.2132818060422,-0.0471216460579108,-0.524286065924893,-0.133326846381404,-0.447575070739946,-0.559865650416498,-0.358320473928719,-0.87579876763159,-1.2002158316814,-0.00906405251085215,0.149427626364272,0.892532724664532,0.0324672065080208,-0.252725099863876
22.56,-0.585318892473621,0.292408781286214,0.811286608328478,-0.32220171305839,-0.277366404807624,-0.271308737721648,-0.965962502087878,-0.0285671405199614,-0.267953784480685,-0.627625601324125,1.21005408829521,-0.0479093103151375,-0.680366386339881,0.06311621667876,-0.350008129775969,-0.70497496575477,-0.433623992979791,-0.799389541844087,-1.2660879558844,-0.0186454189064862,0.157330311945278,0.796318692265703,0.000170513400041539,-0.26196327589162
22.565,-0.589802025125762,0.257009108035901,0.804731302153616,-0.334113937393746,-0.26212049535194,-0.26317498087883,-0.974365644643403,-0.0564858893478209,-0.322476442954773,-0.60875711298391,1.20084486890048,-0.0311625008206932,-0.810215132957974,0.120064530523414,-0.292149052063848,-1.16150097164632,-0.464781340461865,-0.786415615062984,-1.31492882105126,-0.00888120297388529,0.159957708640582,0.760129110884537,-0.0914517886616197,-0.261929909228312
22.57,-0.614034205291574,0.246985701450598,0.817163884011642,-0.368319202092664,-0.2271075370319,-0.23970463936925,-0.991811100546058,-0.0583840145468125,-0.349875852688955,-0.63931777029507,1.17079590560458,-0.0249785235632268,-0.917192224246981,0.097597099476119,-0.262329687444678,-1.56418957627277,-0.507164188140521,-0.832887413513309,-1.35497662957545,-0.0397119966805831,0.143063514067645,0.760460388802668,-0.232337477814858,-0.187430778914274
22.575,-0.559317899334295,0.244049954381863,0.82452839312541,-0.324957761723647,-0.222782376425659,-0.223228360884864,-1.00806123114062,-0.091436331151523,-0.391246882836568,-0.715639064579579,1.13031439093609,-0.0112450202422758,-1.05368892067983,0.0056906263402861,-0.249903412050112,-1.84408217749513,-0.613482060948919,-0.918637485130523,-1.34118164248901,-0.0907632725604352,0.14259296132889,1.04431101957737,-0.339497475781839,-0.205983490186551
22.58,-0.57625317203132,0.264495303945897,0.809316307941044,-0.302470826737613,-0.187398179177388,-0.197175068764334,-1.02703123198265,-0.0998031783329661,-0.410888286465532,-0.564487560282368,1.0915848696434,-0.00408424012378315,-1.18670467053619,-0.0929035947168517,-0.228249576083331,-1.9631309591619,-0.774233476187823,-0.978439416860438,-1.32782512809198,-0.103195868254505,0.12881321275921,1.39534330532399,-0.347452850552765,-0.283997438040574
22.585,-0.588125997581043,0.292459991062885,0.804873322107463,-0.274330008819888,-0.152559681257189,-0.171238744802528,-1.03271766782362,-0.071322388347794,-0.415669770422337,-0.467965301872286,1.05217000184656,0.00940282641771341,-1.25010031064725,-0.100836454120487,-0.167888090424835,-2.06618254671111,-0.858131828494945,-1.00943109162224,-1.32677567916864,-0.102903991817887,0.105970155135993,1.67622544526528,-0.367409457016404,-0.354994085341223
22.59,-0.572042449523158,0.290153725195736,0.80459689210091,-0.27986119968745,-0.129451748897106,-0.155833451065402,-1.03333247747457,-0.0400785301459183,-0.409656333806537,-0.395631831269577,1.01958591379223,0.0129082128919563,-1.25041160973867,-0.0780098472409869,-0.0651302636815453,-2.2760130770031,-0.863432857464731,-1.0524994185378,-1.33171773211266,-0.0832164324660897,0.0798534923311056,1.76456875049649,-0.364546087200754,-0.40378941926046
22.595,-0.538777882048502,0.306236543446766,0.794557161165264,-0.253377222777547,-0.115437887795608,-0.145388895422491,-1.03610559314877,0.00479195886141882,-0.39086578258706,-0.352341292668115,0.982975748697286,0.0191514738156161,-1.21601912576508,-0.0747758383062272,0.0531014875118622,-2.48219256514552,-0.809457753426714,-1.10669860804697,-1.34184657643919,-0.0494607337193884,0.0555611251357966,1.80333874430051,-0.354219915491399,-0.437230028256915
22.6,-0.519030202534601,0.353940276330679,0.796934529708805,-0.226321989929311,-0.105216973444037,-0.13416730247473,-1.04153292389982,0.0461825391136105,-0.370631839208409,-0.360171907371039,0.930166270114381,0.0338773674118366,-1.18331206239894,-0.123172668181925,0.207674433008275,-2.61943007987638,-0.684443935371644,-1.19584094457668,-1.34353168153025,0.000160713810321306,0.0215978747342816,1.78829395755699,-0.346226313073413,-0.447283055685007
22.605,-0.531233187178716,0.350893145713295,0.799478543438861,-0.252603041941412,-0.0822584439376856,-0.132216519546819,-1.03441587154592,0.0684999908132634,-0.383870729293131,-0.38822247335948,0.86707619682668,0.0507347462477112,-1.16460697620212,-0.222269194541115,0.394017201147067,-2.62997167845928,-0.58972351133878,-1.30847615906429,-1.32817450599456,0.05465804956708,-0.0104747045429441,1.7278639149615,-0.327864151352109,-0.42948653123504
22.61,-0.5443129837761,0.304799614534344,0.795864193008551,-0.271376057732348,-0.0692833436812245,-0.13016937668225,-1.03269960179018,0.0645589465078301,-0.423825408663025,-0.408512693908111,0.80506985933688,0.0563745559411354,-1.16296134243366,-0.281151980275835,0.512128844298765,-2.51679424611715,-0.556738578315585,-1.39548656853762,-1.29608203457182,0.121522110684199,-0.0334497905309281,1.62763525034974,-0.296989116091232,-0.393439763010672
22.615,-0.557830579871874,0.29779761239614,0.788373777206989,-0.238824835401079,-0.0596378181700978,-0.122124772935946,-1.02039982464348,0.0449476480725319,-0.44714794683255,-0.47252005365032,0.754109152215524,0.0565940037627271,-1.16232736872469,-0.302256762498883,0.593710465511186,-2.26021752494478,-0.517871780329618,-1.46731629853075,-1.26580010937263,0.16419665222398,-0.0401820181485906,1.5310250818905,-0.261910903722447,-0.361398676948987
22.62,-0.560836678794362,0.317016343497494,0.775099344691242,-0.229412242770195,-0.047128213656033,-0.0923068431762608,-1.00534833513147,0.036425980485372,-0.442692374715077,-0.524642804259285,0.712210262848817,0.046871957531162,-1.16112827244723,-0.282271520782263,0.63809888185274,-2.02279647882726,-0.476353322892163,-1.49184726751687,-1.20994199679662,0.216694030937461,-0.0133462343640828,1.4499561018599,-0.185915526628689,-0.32737423955808
22.625,-0.550947576843936,0.333798364088109,0.770723656090935,-0.232578653795889,-0.0371886068655884,-0.0659853193318228,-0.994037369488189,0.0403200319105843,-0.430077541331199,-0.522493968773263,0.652702863790736,0.0470410825342359,-1.15203112011231,-0.245870135121821,0.668715712524377,-1.60808031770247,-0.394288947027695,-1.48532008558889,-1.16115080255198,0.253859341286332,0.0188139618267361,1.37339596797397,-0.097203155072666,-0.286988122025196
22.63,-0.536434400299693,0.325333037649565,0.78921308985675,-0.248410051607827,-0.0343959577724482,-0.0496341749196579,-0.99117434958447,0.0516075047601482,-0.42854065309465,-0.521266957770177,0.59594647724846,0.0415686751876354,-1.1487860005386,-0.222415657071278,0.6474282197328,-1.25328741363043,-0.319580731210489,-1.50374804858766,-1.11680331960981,0.287624998440708,0.0543437979220276,1.300539593236,-0.0343662617107211,-0.243404522375974
22.635,-0.545368960353113,0.30051776822547,0.785972921823404,-0.24655898532469,-0.0243129691715284,-0.0321229822089726,-0.990776662882548,0.0483997361291934,-0.438141389982539,-0.532922313092218,0.543618311387475,0.0349028419514769,-1.15312111676897,-0.227714330885451,0.566175144406945,-0.945895466071843,-0.239208965069978,-1.50900987459683,-1.08133279144051,0.311685236941602,0.0851009880682193,1.24323976237003,0.00784477317218173,-0.214312637858717
22.64,-0.562194119201866,0.295411012827407,0.785311014960811,-0.230376219176422,-0.0223021004348993,-0.0126035207150902,-0.984561711083013,0.0296883311239344,-0.445499283546354,-0.530573445405009,0.486992835318227,0.0259802981827265,-1.15629606304703,-0.232016045529803,0.461322465427087,-0.678887509894929,-0.160052733333479,-1.5158678285089,-1.04957751027161,0.321839436247998,0.12077867093749,1.17729335849772,0.0345280152620991,-0.196011726862071
22.645,-0.568028057236366,0.286882227619122,0.786012531054673,-0.220880590479056,-0.0206866474312768,0.00307358493571394,-0.978037712155505,0.0166622776513917,-0.434286704961714,-0.525927186012268,0.427951464213206,0.0248187333345413,-1.14715408624667,-0.221338320172057,0.340708662967696,-0.430065610003939,-0.073742092883985,-1.51926290026293,-1.02273168579926,0.325521128993237,0.156014553572785,1.07208870015895,0.0546052209848661,-0.184163637044274
22.65,-0.559658842504512,0.271574319086349,0.784808122424616,-0.21309814667292,-0.0263992531608454,0.0061724722965679,-0.981071141933645,0.00481203597699741,-0.416723093199227,-0.508633197831303,0.381329961155401,0.027549362170856,-1.12699960628938,-0.196439897686777,0.198949178901615,-0.16008521151461,0.0236873959496706,-1.52370350055179,-1.00812437533033,0.327715435415912,0.181854757748436,0.908320723308908,0.0737557826924013,-0.162460923280646
22.655,-0.541395483271077,0.275111363962697,0.796786187885605,-0.177158167509276,-0.0284105744212866,0.0327407290886457,-0.997907865762077,-0.018020762232729,-0.38987231199476,-0.449494322544339,0.338411009947768,0.0440065173854127,-1.10270492506561,-0.179960889558923,0.0833542359602497,0.0348121235887214,0.103584582273728,-1.54904350879659,-0.992725867353529,0.323551068633551,0.201132043177837,0.734018576980609,0.0828815407770099,-0.135073236525069
22.66,-0.527069619544865,0.2751023182382,0.810249038781538,-0.153815895792223,-0.0135652406650611,0.0462097223778044,-0.989016085134845,-0.0284281335343419,-0.356479077992902,-0.371680059541818,0.304368386038468,0.0578653377193797,-1.09279614098982,-0.173309112978227,-0.0550482072243942,0.0960503919887531,0.183093989015443,-1.59426547462642,-0.987338414816197,0.300880414072468,0.215325018483556,0.556532960086913,0.0881239731417343,-0.113642813044292
22.665,-0.516458809963817,0.27050134799003,0.81587862725567,-0.118844409882302,-0.00668460939078536,0.0562342265119418,-0.999725309247226,-0.0265726766069608,-0.332000383665213,-0.287583146076134,0.273231104121045,0.0735967908479636,-1.07119411492041,-0.179017835709512,-0.184099524307003,0.0442644073223054,0.261635372497577,-1.66425355479224,-0.983860326683073,0.270060618023472,0.236855885593281,0.446274091641212,0.0573852962417201,-0.112608417868614
22.67,-0.517236051129762,0.258167119790188,0.826247540384354,-0.105127084778809,0.0105744210506953,0.0663260884559812,-1.00205856515911,-0.0220669409727133,-0.348457089011221,-0.219725755773782,0.222262592941012,0.0712431222200394,-1.04454162624896,-0.176820899102591,-0.285714412403318,-0.127340992000285,0.29341500575665,-1.7446689062743,-0.984290883175621,0.23270370334208,0.256942601555206,0.385334713676617,0.00295592954201086,-0.12095593566896
22.675,-0.504706846599134,0.252332456147968,0.834592136810274,-0.0665128158597659,0.0234458445817725,0.0737636437708653,-0.935834307518072,-0.0299616167357896,-0.35492771175244,-0.174190301993313,0.19618035250148,0.0728222870739551,-1.00241955963569,-0.157908287983173,-0.389102271244723,-0.362654987497918,0.30077838396104,-1.85179653307748,-1.0010017897512,0.187086854266833,0.287307223194515,0.373931936193572,-0.0884990668112044,-0.145740712500286
22.68,-0.498319474533246,0.253421858095578,0.840523727721974,-0.0212638846954264,0.0416558291687088,0.0790450171772186,-1.04908333155735,-0.0499467403923209,-0.327519797080531,-0.130640434608247,0.158581990025777,0.0792981856769761,-0.966232966041275,-0.125981663100673,-0.444295895038856,-0.543596895000516,0.290454201223969,-1.92213497143607,-1.01318798243686,0.151111422219687,0.298949813439529,0.398224418094744,-0.148746571808707,-0.166423182621425
22.685,-0.498617311425139,0.253473754486137,0.842866628242352,0.025580184604419,0.0685743405455275,0.100858906811271,-1.07047618265815,-0.0441813526117016,-0.340415864631246,-0.0663312586452208,0.144397822634403,0.0803546282074798,-0.919645582851964,-0.0915613979902246,-0.509830304028375,-0.772166624923786,0.273918275249799,-2.0008140480553,-1.04058772761988,0.109216342088744,0.314148617575632,0.476331115412866,-0.209356780337528,-0.199634983571516
22.69,-0.495910542465081,0.252281169868144,0.845712394230552,0.0794614278554603,0.0940987424116946,0.103643083912979,-1.0679131696557,-0.0543419183811561,-0.362248906971065,0.0243639330327568,0.108490068613782,0.0925960405241159,-0.911469532510734,-0.0613513189448471,-0.531841659999515,-0.947953117348409,0.262039601909683,-2.0551299003692,-1.07625210849815,0.0748612259202762,0.320613272975286,0.589278645421045,-0.247104890653855,-0.234980622289843
22.695,-0.508746454803491,0.271956478940564,0.828935760921495,0.150426900573489,0.138185420303837,0.0996682792901993,-1.05484974567429,-0.0468193320670131,-0.390032857125986,0.212229908920584,0.0416223609055588,0.102648884714071,-0.908551660378775,-0.047396964662605,-0.516380321184793,-1.17208893999457,0.238277670170151,-2.11201867999916,-1.10866221266349,0.0491091811856013,0.321679951469334,0.7201036442331,-0.264267872403962,-0.266376329291143
22.7,-0.517923735610481,0.290368608247125,0.816705610450435,0.189077249322337,0.156446257627314,0.0955696899329175,-1.03868100992175,-0.0342425695624237,-0.39404705482454,0.359791191551588,0.00798008647091226,0.104577444070866,-0.921769768754451,-0.0532349104266103,-0.484402201018239,-1.39526566745883,0.21475301840841,-2.15127950192234,-1.14609678603477,0.0149386701632555,0.305572196198395,0.862266387770213,-0.27180058558114,-0.280138210956007
22.705,-0.523925666681397,0.296488974113859,0.806149740257952,0.224274721470526,0.173454857329733,0.0790053352028497,-1.01803837665435,0.00853358708488153,-0.38591104712745,0.552429664314083,-0.0414613446861874,0.11381209646176,-0.934374749784313,-0.0754506304292907,-0.424435790578211,-1.60687041787781,0.192147317886214,-2.18926549733747,-1.16414882935664,-0.00512925212283469,0.277508078890376,0.973492390203265,-0.258037832760926,-0.271058082935331
22.71,-0.528771829827062,0.303797994801842,0.794372650815508,0.264925174653835,0.176534867060731,0.0588163293018857,-1.00872877917258,0.0352623303996924,-0.381955334843492,0.653562770691283,-0.0596211778750803,0.118593015999157,-0.931156102095143,-0.118946069734355,-0.338158341567511,-1.74839737157149,0.170637284646371,-2.21273190790181,-1.18410438847749,-0.0226047602768458,0.23840602199087,1.05919985455086,-0.231339241878529,-0.237809265123182
22.715,-0.527862443483716,0.312199392661475,0.793656439478652,0.283505987166113,0.185948443860111,0.0526269623406255,-1.00460544491681,0.0436945142750513,-0.375453888202065,0.770862138684969,-0.094539912607138,0.12384741460487,-0.921371541986254,-0.153205154826821,-0.288954625697495,-1.85614266287639,0.171173597198974,-2.24814233315856,-1.16256011325677,-0.0292153391346309,0.181820611007435,1.09510335551307,-0.18142351967394,-0.178041926119493
22.72,-0.524759709320794,0.314549825715041,0.802953802781716,0.308276986226528,0.198213665643601,0.0399130780493694,-1.01141141528882,0.0703919973401592,-0.343974420395822,0.799611330032349,-0.149313224063943,0.126115844331066,-0.895205711535538,-0.193540360374438,-0.209899614673163,-2.05354843960766,0.203108706025747,-2.3061421325872,-1.11215951037335,-0.00565757473923955,0.124519700983373,1.05257357786548,-0.102856785808337,-0.102780108940332
22.725,-0.518331968217772,0.309536118351926,0.806194964600164,0.328538143663674,0.215135476419823,0.0284071972461284,-1.01170139187454,0.0742568652042238,-0.331754298312493,0.793115998758221,-0.167155811885081,0.130704350626897,-0.86674406050892,-0.242145271927614,-0.100533712861066,-2.26094455587598,0.238509251949452,-2.33750651941947,-1.04979872702427,0.02031719090855,0.0812382197153182,0.920350614709705,-0.0178932217845755,-0.0398780940012636
22.73,-0.517210041123031,0.3063145108464,0.810768549860431,0.351311524763316,0.229014030890986,0.014374617176089,-1.01142867972663,0.0711076277751193,-0.322263914737074,0.786253761904075,-0.197696515661951,0.139597228425269,-0.850596574347355,-0.290322272533524,0.0198062685773612,-2.38837888412686,0.281168816216217,-2.36573569494129,-1.00060414888888,0.0513592198172571,0.0598538740475986,0.76368420576913,0.0628625915242225,0.00734172928480379
22.735,-0.521109815633951,0.307574815818726,0.812155347861251,0.384538669928418,0.255198566225525,0.0120474693611425,-1.03573579119505,0.0604951459908929,-0.306090174099959,0.807974306013531,-0.208941466302786,0.127731295726963,-0.863441646957912,-0.310785116410235,0.134515707136683,-2.38075913381666,0.308692572686272,-2.38909315467415,-0.94746572326317,0.0876736291336968,0.051003523533564,0.550005291000367,0.167670255432021,0.0479193696224538
22.74,-0.521686956839345,0.310253016064704,0.814359202008695,0.419704400427516,0.288809797325948,0.0113005308435819,-1.02842546096683,0.0477508941773808,-0.284402744881219,0.841512176042978,-0.207565362689914,0.125760108193222,-0.88450369136868,-0.302102496459387,0.230703487379878,-2.24895809056006,0.341565645290732,-2.3716176064791,-0.907372725319136,0.10908711351098,0.064054275091023,0.354650684653163,0.274981801107281,0.0867738646119342
22.745,-0.523120452490268,0.308597240203241,0.815572051635855,0.457325426584869,0.326440168255219,0.00405505499477298,-1.02641095806084,0.0356841356016778,-0.258814482279991,0.893129364431981,-0.200894216526334,0.124727267079809,-0.933184711435858,-0.280073692949283,0.299442608485136,-2.03130945904122,0.376324779819017,-2.28807386787677,-0.875604744210725,0.128302570607154,0.0987914895871444,0.195662683263939,0.371729845799821,0.137690920028041
22.75,-0.516179508774286,0.307563450489463,0.811480452232057,0.495445816198282,0.347880342694388,-0.0022036235592475,-1.0059787071225,0.0489496781065177,-0.225952704772925,0.965889378677091,-0.198032663917552,0.122982095985754,-0.98991622297367,-0.283110820169581,0.336868015443606,-1.73849079977724,0.422468119716479,-2.13255797773753,-0.850627035011593,0.129643523597939,0.133452970119541,0.116617045419475,0.416241996641923,0.173263020820898
22.755,-0.526733767350198,0.307944892632074,0.813138808870683,0.53396414700195,0.384054451962901,-0.00511242124604737,-0.989570145697475,0.0564582865919172,-0.192410020516322,1.01081903373466,-0.186019512707503,0.126944034492947,-1.03333607310854,-0.290366752110189,0.376334554309998,-1.46868076853046,0.461741805376313,-1.95849433648649,-0.826172569226894,0.120771709158565,0.165139807442115,0.109416677280819,0.437539558403105,0.195010943545904
22.76,-0.528926482713382,0.312899726387364,0.805507761748417,0.572998816173742,0.421028363839401,-0.00657033829227487,-0.971297586136652,0.0690184964112995,-0.195180501027092,1.03292976929023,-0.159034352735296,0.112572177951188,-1.07496355190161,-0.282765340236825,0.347177115107329,-1.13919423341884,0.509589905076181,-1.79428345769263,-0.805678850307291,0.10537288555596,0.1856826484185,0.125610162211614,0.444620738687292,0.194409385885395
22.765,-0.534031346015993,0.315481510355325,0.799792995155306,0.591366539903709,0.438171554962069,-0.00999988532367405,-0.987620026343371,0.0765784232711008,-0.190650946711327,1.02309408026996,-0.135154505900577,0.121533417308342,-1.11192832444938,-0.25037864724706,0.335497467128807,-0.745920605801818,0.575861321739796,-1.58802145690052,-0.76445792922128,0.0877671445790331,0.200533785035035,0.155944973237299,0.445117384195328,0.19085951370368
22.77,-0.524227612299511,0.319208318762698,0.796925057528728,0.327268445197745,0.458213493941312,-0.019641744170999,-1.00210122022219,0.0922975456808067,-0.188820847506012,0.984104151586527,-0.111090256407547,0.121407154641458,-1.1072083641639,-0.229515827846515,0.316611971363347,-0.500204284022803,0.621966931491932,-1.45104422516587,-0.72492113670816,0.0729762510023771,0.213728118064398,0.165667450698666,0.453650623121644,0.179705277633189
22.775,-0.526277071671241,0.334029930238322,0.78884057566663,0.643264780188299,0.476604957015094,-0.014336392571018,-0.96678441441546,0.0924788777767575,-0.167411312783271,0.967407881190441,-0.0739113451306874,0.102213863166549,-1.0846397443917,-0.218092724640384,0.287509479392087,-0.188447795520008,0.679689173339909,-1.26943685822602,-0.684586052246039,0.0585004171568759,0.214998058206676,0.166469924483451,0.453587418624684,0.157031477309123
22.78,-0.532971578004345,0.333754953104194,0.780028704858168,0.649613255642665,0.494289537498775,-0.0167955809427343,-0.96730186075184,0.117210939823479,-0.162261912197105,0.913950303065901,-0.0400562796990649,0.0911557069078996,-1.0888758051034,-0.202450314685906,0.257715035611779,0.0320041265530443,0.719268021082642,-1.12721304441963,-0.65308439558828,0.0413935370340493,0.228084068098837,0.168276860691853,0.450494181017626,0.140891522787266
22.785,-0.526245131184054,0.37234970781196,0.767685277182702,0.665171787723305,0.514614454022822,-0.0145492469411608,-0.964878770191732,0.131586719517192,-0.162704615948477,0.890614560227203,-0.0162842309188162,0.0760934967762028,-1.07927418641056,-0.180014126097086,0.237994508748169,0.161065358610765,0.745461201116673,-1.00136033344883,-0.633031173978322,0.0327032321357915,0.231234632176482,0.178965081807799,0.454458245034354,0.136044606318782
22.79,-0.539757960007243,0.374747883641085,0.759587558292469,0.653069492008465,0.52625867599741,-0.0239287039286005,-0.957882197757731,0.146605000954278,-0.164618893606847,0.847376499878152,0.0249315260453363,0.0642472390208171,-1.05775341208182,-0.114136872268671,0.209020973959265,0.280439045684065,0.76973521295044,-0.846311707179129,-0.615409762370618,0.0221354344409804,0.234589951116542,0.209215645727582,0.450733332398302,0.142733960596343
22.795,-0.549955624135001,0.364613249840508,0.757984663046839,0.617569327804408,0.532015428763685,-0.0374778229809323,-0.95381746959758,0.143946539326926,-0.171401598002478,0.77509209230709,0.0590055108770058,0.052271282114171,-1.05370446194419,-0.0360596395145526,0.165057634404845,0.353202820600952,0.788035938794577,-0.755767663303999,-0.610032375812531,0.0136596034190117,0.235948901345673,0.235202049406223,0.44322445902514,0.161413502654708
22.8,-0.534905637224625,0.358187675689309,0.761193800173793,0.59892883799458,0.5296643348107,-0.0496179609029965,-0.94040713140893,0.131335222162547,-0.148466905720055,0.73147620212448,0.0956924170389422,0.041758357767916,-1.05506496369348,0.0345719021770624,0.115221864065067,0.33772338831334,0.795242599849178,-0.666407478361487,-0.616300158790103,0.0132375548281194,0.229636326011844,0.242597901196123,0.44310201032102,0.195784576419154
22.805,-0.530853074322827,0.349719565661609,0.760703512537841,0.58243336804608,0.532869323256627,-0.0506198672575726,-0.917323362584111,0.115493071013101,-0.136507063863782,0.678028088171464,0.124010489353328,0.0354734314294768,-1.04312819005803,0.0667778662337036,0.0685545832367563,0.270238714242019,0.796654579903229,-0.623439365838386,-0.635429859910911,0.0107713787399022,0.205468875290676,0.233870580729613,0.452492019283315,0.254741092637167
22.81,-0.550294363881715,0.347054075872468,0.744461862941628,0.561386996769088,0.533659655602209,-0.0549738498262961,-0.924791720717521,0.103434117415097,-0.149606559291149,0.640815918584134,0.14796451605952,0.0239403953557678,-1.02506811058129,0.0812606457025165,0.0165089423174546,0.220093948670807,0.794791184152878,-0.642407467181854,-0.663312644828617,0.0118648673234577,0.176832577768295,0.204419614405344,0.460290735157861,0.318153942788189
22.815,-0.568880126159541,0.358165478457114,0.742221345899376,0.540555154629184,0.520430079673358,-0.0525825835571341,-0.909349763367021,0.11756144449686,-0.141569629298721,0.624933236993686,0.187782146124588,0.0190627698244847,-1.01419128529627,0.0732088983772849,-0.0181617382460999,0.225869439690917,0.786990634913384,-0.689491246133128,-0.699720838978597,0.0219698080140815,0.139481467444136,0.152349309653691,0.472873466070342,0.38122343208747
22.82,-0.522304810527616,0.35996974848046,0.753366465827875,0.516577736721721,0.505458296610801,-0.0596057739446811,-0.902300813688792,0.131479323758088,-0.1046821641022,0.615637590692435,0.238432436890842,0.0138330802670089,-1.00370599633451,0.0633338295465636,-0.0533576960132454,0.274927991715082,0.775330585233224,-0.718162957887528,-0.742553662684219,0.0352405723843681,0.0963909854631409,0.0873179716865184,0.501020069728297,0.441447158326709
22.825,-0.551670220237058,0.352225755349491,0.745490401962047,0.451317783144094,0.494177305274055,-0.0715507892482012,-0.905014162320898,0.122078102477452,-0.12587732003041,0.471774646615785,0.272153489425867,0.01043172398559,-0.976353999293333,0.0644193731988613,-0.108827710878679,0.348969466995596,0.743179392756039,-0.743383366286211,-0.776060790087084,0.0506129793558132,0.0543454201790492,0.0492461693463119,0.542831757432178,0.46129619671961
22.83,-0.550350679961122,0.371209744692159,0.732991188292122,0.421913865038822,0.480575891316929,-0.077200494144545,-0.903654191150793,0.126867804164573,-0.121834787893355,0.469602605786752,0.307745302364162,-0.00781966934397019,-0.944895577653667,0.0653078025918922,-0.148539302934301,0.388136247935641,0.716663443261237,-0.75204270750739,-0.804998332214023,0.0689985392080246,0.0263163577238486,0.0442731939256191,0.591358761270764,0.431676891053772
22.835,-0.556855608227073,0.365780853694047,0.733489586010752,0.367935099384325,0.466330937640629,-0.0860410655247466,-0.914029015776289,0.139973348352905,-0.118545632494386,0.438720904249784,0.339259955801259,-0.0273079482332253,-0.918981207329483,0.0600318947381591,-0.202263677996539,0.339781723426316,0.670511522791868,-0.778729920377391,-0.832687161091772,0.084336997627965,0.0163759589609665,0.0830850792438388,0.623103078573422,0.355304080798096
22.84,-0.554401520230858,0.369037192131103,0.728966393459895,0.339281451758729,0.445391717062519,-0.091551384960826,-0.911089322392021,0.121437111115924,-0.0959759700792384,0.326288669915271,0.395760415376793,-0.0341584260655317,-0.920923754990486,0.0443123413063774,-0.242694607029789,0.241301118579434,0.601058336490282,-0.785166103456171,-0.843861389390729,0.100157752186462,0.0188692565517223,0.110673691114819,0.631958152276585,0.27375323755609
22.845,-0.549543688260645,0.379075878405995,0.724611933849535,0.279058316850443,0.437769749822444,-0.113712844117029,-0.911035035994626,0.141332180528221,-0.0796870800629339,0.250725553612404,0.448858055074231,-0.0508885077839568,-0.921437309888486,0.0464553454785246,-0.260034886150058,0.12608566881741,0.514841957341309,-0.788039461849607,-0.862326655052434,0.110006266799095,0.0346326494939403,0.122163025007637,0.612163694966608,0.183665830784184
22.85,-0.53911672194107,0.392558846476409,0.728605150990226,0.230167223308616,0.423655505163971,-0.118804906962069,-0.908686756746724,0.148494819961715,-0.0960432024691455,0.141150985382405,0.476653173217711,-0.0555468013900367,-0.926774877969613,0.0588250651757379,-0.263162635908151,0.0207888953882741,0.434202109680388,-0.800977202326695,-0.86462720090189,0.104819194418777,0.0420546189723276,0.128824555777788,0.560303524176186,0.10957798633234
22.855,-0.539240035816368,0.403899673052276,0.729523465840896,0.162740909732277,0.410842185117979,-0.131722806808591,-0.912225819903182,0.155155312737229,-0.113945232298732,0.0755629402880538,0.523442332174507,-0.0728359166960822,-0.949429596720798,0.0853467302872818,-0.252778469792848,-0.200134275429688,0.300322336500082,-0.87116148691283,-0.863682788324013,0.0949697136531935,0.0600481206562887,0.137483584707771,0.490969350841402,0.0514952141593462
22.86,-0.559013773827421,0.39915365073562,0.720614076996879,0.100401349518188,0.396077640459969,-0.165964223302872,-0.920205973608778,0.152966908726265,-0.145332702828993,-0.0339438885081789,0.571451494442999,-0.086012722281205,-0.969128629917022,0.110760620829819,-0.233941998154802,-0.389669793151576,0.216992376323324,-0.948078807214588,-0.857062789469752,0.0844893726448741,0.0774466653693082,0.151987407380794,0.406901176693574,-0.000124941853016256
22.865,-0.566754108226874,0.387756805189913,0.718417604591545,0.0478354372899418,0.377857025433315,-0.179836744409655,-0.928492823594237,0.13058839555297,-0.170544529979433,-0.107230233987603,0.601623444709336,-0.0851996457909755,-0.974634302213358,0.137795856673659,-0.209101357100186,-0.566525470259367,0.152284088784212,-1.01222078656491,-0.845009841651607,0.0708074118920769,0.101183841341492,0.166829806604976,0.303198998619778,-0.0513359903435135
22.87,-0.568677565982094,0.378404956714373,0.72271082434655,0.00510583750116982,0.368994242708371,-0.198271767909081,-0.928692573039551,0.110827757802411,-0.177134327940953,-0.177364015680144,0.642246599670292,-0.0881692031430943,-0.974342939260976,0.141498819256223,-0.178212287602379,-0.685326216773361,0.129541318113409,-1.03138398094339,-0.834919049605443,0.063162795826324,0.118213131283424,0.178288707769625,0.217598670411093,-0.101411324441397
22.875,-0.556033146858722,0.372091038634785,0.733989949269588,-0.0297154987478238,0.357090312343896,-0.215639423975967,-0.92508100044713,0.0889808829476019,-0.19465345286624,-0.238285935436385,0.676517517393624,-0.0859359021275681,-0.963083970619312,0.120997199841651,-0.147330133989697,-0.822246971697623,0.122556144011697,-1.03735092867784,-0.823665520072644,0.0529107012580822,0.144457487799744,0.183320682466062,0.122323303779896,-0.151463897895414
22.88,-0.561078442228223,0.355237766513662,0.737909647299082,-0.0671236429632009,0.358224712742478,-0.222747794347185,-0.919235640559876,0.0699564420054254,-0.204502616791695,-0.26646136154278,0.698275647637279,-0.0856351401679725,-0.943479254365363,0.0901945719851531,-0.119299085118644,-0.890155185193113,0.156043067587206,-1.04287569696277,-0.832843410122362,0.0432291482416271,0.173354552557388,0.189190325314076,0.0508966673965565,-0.167920303970507
22.885,-0.568964449636896,0.354173439368813,0.729540289181561,-0.0792983306800149,0.358534727920297,-0.234838525218242,-0.919887832869046,0.0518090065829463,-0.219399832332088,-0.25906066797906,0.724535619555246,-0.0907358441393147,-0.926180746588569,0.0336927388880357,-0.0850529079103035,-0.915769787056557,0.230869543616837,-1.12233218344846,-0.83796323224519,0.033726983089215,0.192644561993897,0.202076507831637,-0.0114392870065506,-0.173708383841199
22.89,-0.579061702086003,0.350417696804951,0.725921265388831,-0.0959949307098516,0.353342063587969,-0.235498426400531,-0.928421472835143,0.0449182679364128,-0.231161843657515,-0.235167957094462,0.755871525964819,-0.0961270075305546,-0.94057991291352,-0.0513688098598265,-0.0416501053252671,-0.848182948398124,0.264365114929525,-1.22305029627607,-0.836236320351979,0.027022523861682,0.208739652474328,0.221618076031495,-0.0586191210220474,-0.158630650233822
22.895,-0.581443912764553,0.33564191450309,0.732180452177208,-0.120000777690159,0.357533237352763,-0.231410935521126,-0.936567641809973,0.048436309090675,-0.228512691753172,-0.228864530317757,0.783837719946058,-0.103410137520042,-0.969613753425568,-0.105535385338882,-0.0197130604302887,-0.663935757401023,0.243720223422267,-1.18852490749368,-0.824749881853191,0.0227274919556983,0.21518090507933,0.233472757749233,-0.090941866682849,-0.131615506179117
22.9,-0.576514506166814,0.330786323589411,0.748585350359065,-0.132782499339504,0.372879209863283,-0.227271921560465,-0.947336445047615,0.0517970521219935,-0.215706314022811,-0.244906252236634,0.811580003981986,-0.118565956358414,-0.954788756828414,-0.139669247015234,-0.00612393528574381,-0.501833412496935,0.264235317707062,-1.06317365637234,-0.825012081977549,0.0129571578246223,0.219462416356349,0.230858608831614,-0.0813240848386877,-0.112498335234686
22.905,-0.576273045570926,0.328743343650464,0.761794688013809,-0.146090234574565,0.39477863980655,-0.21748635404719,-0.958773219173834,0.044115368037901,-0.222812346334986,-0.28379193665625,0.849379398734093,-0.127573386984901,-0.95149225845727,-0.216302176722227,-0.0238144802820025,-0.429560833093633,0.272252166540148,-1.01290710091703,-0.853489806722156,0.00331183806507576,0.236101615643425,0.254549874833439,-0.0660886144950619,-0.120475141969029
22.91,-0.572371578373328,0.340455808274672,0.755081023157391,-0.138330612974112,0.424911226433657,-0.208083444626392,-0.965850461266072,0.0339587980292959,-0.237205559526476,-0.322121653413044,0.88344611093971,-0.127498940929887,-0.974009805382556,-0.264590809027955,-0.0366588370698871,-0.351608317743037,0.29290799247181,-0.993878200009381,-0.889680926513415,0.00403775504253456,0.246806555070723,0.312226991414408,-0.0787608050138146,-0.149327896201714
22.915,-0.573383204156505,0.349219923255392,0.756074758529121,-0.135000099628791,0.454578060614801,-0.202602758126281,-0.978072632482955,0.0206296777765227,-0.243441090342945,-0.355706459830927,0.911451557674436,-0.120504160619677,-0.998157021042014,-0.256012076162171,-0.0385086666689745,-0.283749235023602,0.335532409565923,-0.930983183036258,-0.911029179045057,0.00631622330316108,0.248883598562427,0.373163703101988,-0.0720022737554702,-0.149320836105439
