Header,foot_Accel_X,foot_Accel_Y,foot_Accel_Z,foot_Gyro_X,foot_Gyro_Y,foot_Gyro_Z,shank_Accel_X,shank_Accel_Y,shank_Accel_Z,shank_Gyro_X,shank_Gyro_Y,shank_Gyro_Z,thigh_Accel_X,thigh_Accel_Y,thigh_Accel_Z,thigh_Gyro_X,thigh_Gyro_Y,thigh_Gyro_Z,trunk_Accel_X,trunk_Accel_Y,trunk_Accel_Z,trunk_Gyro_X,trunk_Gyro_Y,trunk_Gyro_Z
73.705,-0.689518346955733,0.174709802340623,0.911116963824389,1.57840687226622,5.45060553175434,-0.185908314362481,-1.65272194709544,-0.298790843495014,-0.163461480620674,1.80382693234821,2.31800455837525,0.326002119759799,-1.38645564712923,-0.0422467391112338,0.108314235607072,-1.04517475941379,0.871323525562876,1.18376079913716,-1.31355085371043,-0.0865691412678889,0.0983208780125079,-0.582353452101214,0.198882679516424,-0.581046046871559
73.71,-0.682829993957903,0.19090853211532,0.927776234815947,1.744568509049,5.82062615520421,-0.113597912339515,-1.70509557203164,-0.342264134874576,-0.0915094893474621,2.08844504913536,2.36358464166678,0.329589939216906,-1.3982806192159,0.0778279307391965,0.0565692716602875,-0.775360390467937,1.01042366620788,1.47560328008902,-1.2543344099959,-0.0578742098638372,0.0913005932523599,-0.450687115661879,0.280333955337596,-0.601883490340234
73.715,-0.65648923510399,0.196694013304724,0.924919160576017,1.9279881719162,6.20889189381511,-0.0748841277904829,-1.74411692727078,-0.394652402642453,-0.0442461573571718,2.31430946268814,2.40513667541256,0.318419989820377,-1.39379622147066,0.193352157920062,-0.0244650842094716,-0.577860747964816,1.08873591553011,1.68850537226832,-1.22927164042931,-0.0452303767984395,0.085802301915885,-0.363944591921285,0.349397829667857,-0.599386342345673
73.72,-0.662450205236672,0.281061758347308,0.941341499540337,2.11188750515936,6.70440151418004,-0.0472550191722652,-1.78366504622298,-0.41713952898602,0.0176813984668045,2.53572436050547,2.43449886934861,0.300038226732857,-1.39548757246011,0.248966418984354,-0.0610320412643334,-0.50079244105232,1.1061101523501,1.81148183077433,-1.2905826682996,-0.0611684045245631,0.0164163720515448,-0.455301032671126,0.383786837989167,-0.526256391216221
73.725,-0.630977439087707,0.310536812232178,0.945728839080893,2.16241996109156,7.13845504029821,-0.0278145580454901,-1.79473615613483,-0.413219624083954,0.197817131539541,2.81704892271688,2.45197678986958,0.244497958774739,-1.44676770224703,0.268961902523568,-0.0658726346189877,-0.45616815176304,1.22624260270659,2.01714577832652,-1.26482592226222,-0.0772230636407412,-0.100780909389824,-0.526676914142733,0.367562681257502,-0.447484510361137
73.73,-0.586737904181174,0.380153442536804,1.02125885266166,2.12670736107068,7.6307435687135,0.0234632123971742,-1.80279969346214,-0.427708935831872,0.280027400510327,2.89137672860348,2.41203002537445,0.167922241803077,-1.53915415946834,0.237484932613966,-0.0682881257326691,-0.47031147939113,1.47373385287846,2.29308154300723,-1.18704160629543,-0.0803610905341811,-0.173097119448074,-0.516671480744073,0.369763801607315,-0.396442890196623
73.735,-0.499828350982599,0.415000984645956,0.909265604003916,1.98264306843596,8.06616974125097,0.0197581527641675,-1.81747114538837,-0.360172042890456,0.354082882773081,2.83848109208216,2.31608178559051,0.0479931367453149,-1.5285750649867,0.180503843572193,-0.131094846569005,-0.464406532134047,1.74890941056149,2.57248892494388,-0.9795380882298,-0.0539173532232233,-0.193402013023239,-0.284206372183038,0.463400756109271,-0.363821834567216
73.74,-0.532504691051966,0.390857297556889,0.858430532848761,1.88307478074945,8.53072252224139,-0.0765665315819804,-1.68020579431363,-0.16785741561905,0.511746859529266,2.88376917857159,2.10824359197788,-0.0240675476354324,-1.48842126877338,0.158336749366356,-0.179239373133633,-0.644198158446351,1.84704767672885,2.69669539228743,-0.957713945153847,-0.0302067974049552,-0.178506266130405,-0.0828319701309579,0.531627456121109,-0.311443817504726
73.745,-0.740942034108562,0.483686709025529,0.900831481653251,1.95055074868851,8.89951904894712,-0.0671926373262788,-1.59531964580509,-0.030788641057807,0.672706292083917,3.20114219036395,1.7380207096868,-0.0599672761391242,-1.37402503213288,0.132081879325127,-0.147384607108942,-0.899317370883892,1.84093890865502,2.70060179647184,-0.972137814407352,-0.0216720701074822,-0.198814123540754,-0.00386132453643011,0.518418224065677,-0.186213367753435
73.75,-0.82956479237108,0.446551146836394,0.814284939434821,2.32725142995969,9.36283844022629,-0.0676071099636568,-1.43726834145094,0.155847250003981,0.635993683274737,3.77969849739738,1.22736099308456,-0.128680843078908,-1.27057946661703,0.0388842292607341,-0.0744963676269722,-1.00568200166084,1.83711392471915,2.79997019315843,-1.00167308325812,-0.0309605850168218,-0.229427644217797,-0.0398839023580398,0.465432574100332,-0.0568122228829287
73.755,-0.958932638434107,0.427232388880614,0.967761647918159,2.58680474167679,9.82183024753124,-0.270414346763845,-1.24152433498868,0.30165177682138,0.418015778069249,4.50458500479755,0.898922242978618,-0.186363994134145,-1.29946409638978,-0.093808579306699,0.0132510337186932,-1.0588272250233,1.71672258840151,2.95532487897313,-0.974400165069781,-0.0741689327211046,-0.2000670578839,-0.0985906169388314,0.418799914714736,0.00907566661198504
73.76,-1.02841738869489,0.412176726144444,0.987789155675509,2.78991966957333,9.76846397206282,-0.599281348111828,-1.02699161611664,0.165030404226612,-0.191960692178683,4.41939050120408,1.13068981214215,-0.312034998202424,-1.13804957738749,-0.120269517541908,0.185439090046275,-1.38063586232853,1.47219091510285,3.02643996334123,-0.930881571533981,-0.117586998567224,-0.136805820750477,-0.156389095785799,0.383377682272219,-0.0180120673247689
73.765,-1.39594668907559,0.487856068681736,0.959100906041091,2.8077397920828,9.46875473417056,-0.903701947367061,-0.935901966184466,0.0462671087140517,-0.50786950051704,2.78998360601293,1.62062037152876,-0.54100300982568,-1.05173234679164,-0.291129367602316,0.440652359690169,-1.14008908512728,0.944229983788861,2.6583038967429,-0.84993283747962,-0.160098327829396,-0.0565829139174699,-0.271424675736169,0.337279387611873,-0.0688308470794478
73.77,-1.81109353925334,0.794036593170905,1.41466356849915,2.93369537230242,8.90323696122375,-0.907430636813049,-0.846553641535845,0.274101906487879,-0.570629659435843,1.69349129095167,1.75675021359555,-0.69532349898858,-1.12107362763685,-0.364507540777886,0.493942746159051,-1.14243277777512,0.714829114524388,2.51127176234198,-0.946178191637919,-0.191062471998957,-0.0368267348039959,-0.386654659145451,0.306700526375494,-0.112476298381978
73.775,-2.03136067509461,1.55129487906521,2.29437851308571,2.50536012718133,7.51690377133259,-0.607789848219815,-0.699726582291216,0.542452253352239,-0.985961904552592,0.374229503496697,2.03477417218166,-0.878441040278159,-1.02759690569972,-0.534953602888526,0.61140589620503,-1.18432340690363,0.609321293721042,2.6485231315694,-1.05735581973955,-0.215184443268783,-0.0648025398894033,-0.531730949975698,0.189066083595949,-0.163182600993465
73.78,-2.12174968451803,1.61196188938037,2.26268319099848,1.47048877485322,5.99587893144475,-0.304466787814294,-0.620595680514199,0.495628532438113,-0.90271864084963,-0.536238534476819,2.11038742350443,-0.927577714897264,-0.957651946935969,-0.659734898838143,0.710508472365563,-0.875529390866273,0.492818999112698,2.4742295419403,-1.06280758280265,-0.23374245620542,-0.0865353072788417,-0.583526623679085,0.139023148967756,-0.180572190655283
73.785,-2.31724368952197,0.963419894636995,3.26007477821085,0.53372454305735,4.35955395289812,-0.0919462126017978,-0.753647395064348,0.811217284077897,-0.729375272290488,-1.74178723340646,2.04224650567802,-1.04623139036884,-0.95394331964716,-0.753021084240315,0.770339959897628,-0.648389150072089,0.431119835602784,2.27777322376571,-1.04392167178752,-0.245904439148733,-0.0777747506524538,-0.540738481694859,0.0613464472751151,-0.207428444913186
73.79,-2.40480922020611,0.20780250820055,4.20674622378932,0.337895891990284,2.3746017992455,-0.0159559040442356,-0.921673966149317,0.861536278574682,-0.753631089051437,-2.42629166744779,2.02422523992637,-1.05329837724127,-1.00751290713983,-0.827377612816568,0.784350322501745,-0.255163390072333,0.361817969178061,1.99187756410264,-1.00384399420205,-0.249892284627606,-0.0619092907962963,-0.442149325884029,-0.0570205918590427,-0.208196994260488
73.795,-1.7199395157503,-0.0937781609196086,3.52166438120923,-0.477303539543156,0.565097722990843,0.0440223552301286,-1.09217448989288,0.65401235097049,-0.534515420154383,-3.10089539317593,1.84316949416232,-0.89927907142934,-1.08696427610778,-0.83916251690593,0.739127804246329,0.227421442826305,0.277423929826725,1.74731225814883,-0.987947702187902,-0.261169148129688,-0.0382526991284537,-0.356065188950481,-0.119014742645214,-0.177218455020508
73.8,-0.742324198517357,-0.0444336436993674,2.77254050675401,-0.451041527493277,-0.761154696266964,-0.2948198206905,-1.1230661897617,0.4545525471429,-0.235887122039729,-3.37276712502884,1.50520711253131,-0.669002158001615,-1.14613503872591,-0.794678893623945,0.63893925730194,0.728195056774722,0.177868598463827,1.54780975849489,-1.0188408065655,-0.264029435848707,-0.00667689548640681,-0.314820162571637,-0.181066707686701,-0.115623274771387
73.805,-0.172191491222909,-0.151753445238125,2.17546716323279,-0.331391462234793,-1.80358260494114,-1.06762649483274,-1.09486711815792,0.316243243913249,-0.0209502820186543,-3.55836922103427,1.14596982682567,-0.552683934764607,-1.21092695153054,-0.703727339712821,0.470059299056164,1.29949602146195,0.109337972785652,1.3175801409388,-1.04053241148578,-0.272490536872901,0.019104658229228,-0.27718110925965,-0.251904630837124,-0.0736628444460002
73.81,-0.0863894274156877,-0.431493785182262,1.70166038912325,-0.0271626221455676,-2.40934253540445,-1.56293065740615,-1.11382859375084,0.152333064010266,0.0761417448874374,-3.51578174190016,1.00365547293616,-0.487153944389886,-1.27071507224678,-0.596155218182907,0.279302992756845,1.79918638939762,0.105345597352516,1.17889085673932,-1.05296414012128,-0.259688355771727,0.0383224920722289,-0.237453468627652,-0.337911155675104,-0.0688407172893893
73.815,-0.0656586874165378,-0.20790897963556,1.25396825556014,0.416432707995276,-2.78469947963492,-1.97708340763796,-0.968652660665505,-0.0707223484913682,0.0700440396222102,-3.36956656060304,0.763006269085036,-0.441574761639228,-1.28206429711505,-0.508816029222937,0.0939265502339119,2.10212946123051,0.142114212349292,1.15671500274159,-1.04920844339967,-0.244795340113255,0.04447578999146,-0.228648212141901,-0.399967244331688,-0.080347943427916
73.82,-0.112648243853931,0.248403239852224,0.986095333931725,0.491279972860933,-2.92478858698956,-2.13156320790757,-0.856699075893623,-0.249356178617228,0.0549920752034998,-3.04056923329793,0.551395746235715,-0.437880675082025,-1.27923250759115,-0.403392008070986,-0.117636269597269,2.18888875224054,0.291124297570117,1.19037317637847,-1.03760886700639,-0.230811503167478,0.0492124865823335,-0.246892339829586,-0.442849652366419,-0.0995062217813754
73.825,-0.194680114307091,0.486576434378854,0.796402695153553,0.190865869335004,-2.92915667506295,-2.10768597308858,-0.690245177942159,-0.495768106297061,0.020837304977793,-2.38767626075125,0.354587867680613,-0.522287852799279,-1.25955332570509,-0.35470233958936,-0.251321878293063,2.13385684962176,0.429467216368228,1.27135661021472,-1.02615425544252,-0.214367176454275,0.0501830403694245,-0.285553597557428,-0.435067264272578,-0.121550432220447
73.83,-0.255367312300505,0.566974836992391,0.750027557693629,-0.22815256956149,-2.85863365704226,-1.95952930005688,-0.625309078615284,-0.59441511270669,-0.00178400250473231,-1.56555566608434,0.210770795409819,-0.662158449038605,-1.21587617923903,-0.323743419174336,-0.367820878078867,1.90043401325799,0.553776605344433,1.40171763352161,-0.998276659857701,-0.192827469265769,0.0556856552722592,-0.338019726597342,-0.388891212225736,-0.161675665901819
73.835,-0.234752212603311,0.562232086123137,0.748836545794555,-0.543720177929273,-2.8119721115886,-1.75891157548974,-0.634584869140421,-0.603701255277491,-0.0602976381703213,-0.437424135436314,0.0458627525771576,-0.884563030403694,-1.17019252055885,-0.297512470625449,-0.431952562973664,1.57837967727838,0.614967355872256,1.53680170223672,-0.973753260943684,-0.170570077014903,0.0545206842968124,-0.381642466669065,-0.307473107481222,-0.204354282691049
73.84,-0.169331645336472,0.488866096824019,0.70375630474876,-0.650269514614885,-2.78458248930596,-1.4803178074896,-0.652457562834122,-0.596570130551749,-0.0824967297831581,0.450241908277743,-0.0988442940956715,-0.957677712270937,-1.14056747465541,-0.267228432638316,-0.432087740455358,1.28372010141444,0.655788051618416,1.62692530012425,-0.926196425482406,-0.140520105650893,0.0463984969662711,-0.395536810159683,-0.214125181771304,-0.231626133652975
73.845,-0.10182633219607,0.374874411276501,0.638620185309087,-0.601646892376621,-2.73795426404068,-1.22918217696216,-0.649196981325093,-0.464865902545758,-0.0768345288648577,1.24768212387269,-0.257097841781191,-0.961303234474228,-1.11576570219589,-0.241929037115222,-0.386282345624912,0.996923839943275,0.668225784166511,1.67876578121104,-0.89816847700927,-0.0956710239317331,0.0332257090103431,-0.402936609271703,-0.0797624074426829,-0.227679619205694
73.85,-0.0606999329124392,0.323178991914978,0.593519256274634,-0.498513119280561,-2.64903974552552,-0.967078716632385,-0.641745050274597,-0.39310150883224,-0.0672059986751813,1.92163874233515,-0.450937587215224,-0.998700734387947,-1.09825760261682,-0.242612052316503,-0.322130983378492,0.806206083041225,0.659777060078629,1.69310884184932,-0.894266339106521,-0.0624868857393159,0.0224589137350118,-0.421527902083281,0.0624348382147448,-0.193790964545761
73.855,-0.0171219039999529,0.26874680360939,0.572874898051707,-0.428624536755694,-2.54684869203131,-0.679311903380846,-0.605972331033072,-0.306776122254669,-0.0974765203888325,2.38343067173516,-0.635368652241972,-1.06830693892546,-1.08245161379698,-0.264806867452727,-0.231448620834271,0.675878191191543,0.621708716814594,1.68715574700871,-0.908492126154088,-0.0355359934741999,0.00750892395383601,-0.437349018188288,0.173688164490201,-0.145050611217962
73.86,-0.00502255820918801,0.224157136442033,0.586110439817125,-0.432676334659752,-2.4677744434693,-0.491263732461675,-0.63643499027724,-0.252618018477234,-0.0418628738964637,2.66360014502371,-0.810618965767103,-1.13076309612098,-1.06618754100949,-0.28224645293507,-0.163434360048577,0.558922923723251,0.50132074157754,1.66440840101451,-0.936182207547089,-0.0367232286316784,0.00200598919585707,-0.444907620732722,0.292478005861821,-0.077466157808934
73.865,-0.0347129061470621,0.189693109384249,0.644261496291123,-0.440167069768729,-2.43700170516968,-0.373877370948431,-0.623023790157764,-0.225451439881811,-0.0842174476419927,2.92677047930198,-1.00219215973218,-1.20585076859599,-1.02731833294338,-0.308763754459474,-0.0846834611572429,0.497960055953763,0.390860915026413,1.61964736584045,-0.969942688102533,-0.0516136080031963,0.00143095216929467,-0.443182915449142,0.33956507271907,-0.0266796399557844
73.87,-0.0898895404355722,0.17068400616144,0.720326391602581,-0.429413318634033,-2.47915933874935,-0.269669620904176,-0.595902951308559,-0.203177874058865,-0.12981692977895,3.0531774600859,-1.16226895723601,-1.24162149429321,-0.997597366985951,-0.339752975821318,-0.0257955727479894,0.508091209654409,0.282807101078534,1.57624898873227,-1.00260507190293,-0.0769432089334826,-0.00103737170496378,-0.429643620523568,0.335318822738898,0.0252871245693497
73.875,-0.142400013596271,0.191567408290776,0.778286757028464,-0.453392309611494,-2.58068709442832,-0.19665894162113,-0.553310532346408,-0.165742207787949,-0.13617979242318,3.17477044019707,-1.3182027579132,-1.25144520147268,-0.954766511823656,-0.366885129008732,0.00232770526469964,0.494118482767655,0.172759843827451,1.53384810638307,-1.01666663478009,-0.0936838685180258,0.00420030989125327,-0.425183223733049,0.301234939628958,0.0529227233057021
73.88,-0.173467783303783,0.250897864361343,0.781723540680314,-0.542616603474472,-2.72506064881578,-0.153969020439074,-0.511682828842024,-0.124991380820307,-0.141083503429565,3.27411558390717,-1.46565703946775,-1.26214554747449,-0.914047406472797,-0.402931919377645,0.039737857142783,0.400954246424828,0.0782913913354285,1.46982424807746,-1.01841235278634,-0.125969524150951,0.0101065171905866,-0.434642531128078,0.223814515270669,0.0926592308169592
73.885,-0.162693518015072,0.328519592221055,0.752193052817295,-0.782383545379794,-2.93159325985221,-0.152633421381714,-0.483948948801782,-0.0516130687821833,-0.107974994650996,3.22711346422129,-1.64376007429802,-1.3080755969536,-0.885544536896427,-0.423135610181817,0.0557330198080866,0.286109027440001,0.0285645617313461,1.41091703696955,-1.01239590879977,-0.143707327822263,0.013705287070498,-0.455334366974403,0.157346613230213,0.119866195901985
73.89,-0.153650404192075,0.366475005274172,0.733904797572919,-1.02166519028049,-3.07214791470389,-0.196401630189758,-0.500712210868517,0.0476253595404766,-0.108486634406964,3.07240001251886,-1.80877522245104,-1.33064760288746,-0.851488200234603,-0.439701593060037,0.0705561201150253,0.66478468832717,0.00417658460773123,1.35202303532094,-0.99605187061412,-0.161506991363769,0.0230246612094013,-0.489491721078631,0.0796101739629653,0.140710931143161
73.895,-0.171304224434541,0.357638111701304,0.739073923530911,-1.25627939148712,-3.20519105190539,-0.241029328223854,-0.527790175484608,0.119752718956633,-0.125639164047044,2.84011337370708,-2.00852697461594,-1.33987546247628,-0.825515395238514,-0.443253502907003,0.0794664216339429,0.72015855751313,0.0135354863534874,1.31943190769406,-0.978823415001495,-0.155649736133452,0.0383898216125806,-0.530804022207147,0.0268239951832519,0.149037679479475
73.9,-0.212196878072597,0.289105042511473,0.788287902694959,-1.3680941434233,-3.353569765257,-0.256500150079321,-0.524870681343571,0.136842778145727,-0.109940147592831,2.60727455278821,-2.16269302833839,-1.3329303497158,-0.793614501469569,-0.442100538422044,0.093387358414483,0.775151010092041,0.0530385396044114,1.28312951749966,-0.953415538904519,-0.154077111773316,0.0486425551818595,-0.578139723130127,-0.0110584678036672,0.15177645156855
73.905,-0.227290491163868,0.272886467962519,0.81632440279721,-1.27778704963,-3.50546653848758,-0.233938477074224,-0.614719237050416,0.152788596714662,-0.14642888464109,2.27141398389354,-2.31869136008662,-1.3192262429699,-0.765234589925218,-0.434215545008521,0.110618406444059,0.813147346765202,0.116387672046272,1.24177639745207,-0.920504582181871,-0.139952251345968,0.0602547435208245,-0.636749774696908,-0.0471139509489485,0.148071988859914
73.91,-0.239462486800201,0.32656726810933,0.84546511152157,-1.10726651010119,-3.65728089672938,-0.184798708448446,-0.645373544997353,0.178524044479892,-0.129039168736354,1.85492427247759,-2.48957556752719,-1.30258417944849,-0.740479671283941,-0.424146086484669,0.126249026660802,0.86132625611678,0.186635189253609,1.18620545034271,-0.897318597324755,-0.123385577155406,0.0650324893487562,-0.691995960164826,-0.0844960528534519,0.143500021198075
73.915,-0.271234996924477,0.414134538766498,0.883834923201071,-0.933765605394385,-3.79236134695903,-0.133202307413908,-0.67957498996835,0.222406355872021,-0.10891046460385,1.52506582598134,-2.68083298377846,-1.28897950130204,-0.723749918382786,-0.410526572085174,0.152191317839661,0.928025206506084,0.256270191662504,1.11095577376355,-0.867588694672098,-0.119724583922919,0.0702658524026464,-0.72810004443099,-0.108971632246773,0.131249487493579
73.92,-0.336424868904907,0.499281803976087,0.935721947718454,-0.740370962277001,-3.93887550415971,-0.0733660974137138,-0.701947089141298,0.229581342041121,-0.179958357812848,1.26156405644265,-2.84415381228128,-1.25443257231424,-0.728387735682441,-0.393435635594527,0.190488577429311,1.05288526192074,0.295730856282004,1.00084460306976,-0.853579347475572,-0.11652096358688,0.0696245184588241,-0.792890140647992,-0.121380664390276,0.119379389244057
73.925,-0.424629725969746,0.571200314789345,0.966938970872138,-0.547835711541127,-4.16262580656336,0.0471401615088691,-0.717239530060514,0.186599950817132,-0.236639001366313,0.926467741577254,-3.02928880570308,-1.22303915375706,-0.744133569060441,-0.384292466478911,0.216578557649549,1.19763988476394,0.302816353642454,0.904804590582983,-0.839364388322593,-0.123573506161985,0.0659204081012419,-0.844833471710987,-0.111087392533795,0.110033719906767
73.93,-0.515391801811861,0.656715629266827,0.930245773781118,-0.475711187157795,-4.34891723384347,0.17762729530244,-0.724763889162232,0.169516477022464,-0.225089399186769,0.652420470614735,-3.15996547802405,-1.22529314780708,-0.771127072172586,-0.38430064774933,0.231899598295466,1.42638500579735,0.312748114269085,0.791000159274238,-0.831009181348584,-0.126898481482674,0.0554426291626076,-0.888612542004123,-0.0976157743574919,0.104392747829191
73.935,-0.555595657074837,0.740671760212004,0.842507336341168,-0.517754681493337,-4.53091757285019,0.311886493538307,-0.729966439173347,0.183570521092424,-0.195228369322211,0.317781953817732,-3.30075320900704,-1.2279113401281,-0.791239560064077,-0.385049286584041,0.227189776659074,1.58257246372277,0.304852720727179,0.707673543479242,-0.830658581590677,-0.127455843052597,0.0487788672999447,-0.92428602055292,-0.0835710020251244,0.0925751953847826
73.94,-0.562286736634397,0.789667258637119,0.674308877827662,-0.728782347995835,-4.7135483711711,0.43315657843834,-0.737683189505105,0.191393372464693,-0.200033014742136,0.016413148232339,-3.37914922057098,-1.18675508401974,-0.831018416969093,-0.393666740447406,0.205930298299191,1.79895438148848,0.306735762442552,0.564926422823443,-0.838827505549647,-0.134357621569496,0.0424565042178224,-0.946839037617023,-0.0755953245500579,0.0910524779326011
73.945,-0.548097694872556,0.771261277773077,0.562429020122894,-0.887124502684965,-4.7357677429856,0.545203455539592,-0.772883560799539,0.164857319119814,-0.220499327211258,-0.361251784384136,-3.48261040767006,-1.16638715587187,-0.863559359311304,-0.401537212177036,0.166375367075388,1.94874406560023,0.305772930383682,0.445291263547854,-0.845151106578066,-0.142473882110661,0.0416433815405434,-0.967550667769924,-0.0664649897740066,0.0895307572173705
73.95,-0.543714590095359,0.738412885435773,0.473998597048164,-1.02341997960611,-4.67949029700993,0.703413101769485,-0.787499383042136,0.120974758636424,-0.233816034036653,-0.754897916498653,-3.57211692358179,-1.15503544078964,-0.89042890705711,-0.404326732067017,0.128143490335313,2.04740937999667,0.307484739504854,0.344145197773447,-0.857980670032939,-0.155581016527605,0.039899675968599,-0.982832865129143,-0.0746464263540904,0.0880096100429678
73.955,-0.549272166819108,0.737118963276356,0.394721074111133,-1.14147762353876,-4.55526983478708,0.874010217974606,-0.805504499471962,0.0953061733150853,-0.254094474672231,-1.13962742375643,-3.63088894856908,-1.15892997186329,-0.897358659438177,-0.405410666249117,0.0857862256633315,2.12834700817356,0.305917334650758,0.247218887287327,-0.865373349061819,-0.161631495606562,0.0417946470395383,-1.00813414955834,-0.0690650604488986,0.088744742769381
73.96,-0.574038770681763,0.774869801999913,0.345734408879212,-1.21187451010749,-4.3850904013592,1.0716747889884,-0.84277294805064,0.0756068899869807,-0.294632633669119,-1.47497606357401,-3.72608272854557,-1.19321627183381,-0.889438777234437,-0.400910274348072,0.034222088429403,2.15716472975911,0.281702066106916,0.148207059818049,-0.868623477917799,-0.183005063175631,0.0468650823737996,-1.03557785430389,-0.0596196153811206,0.0805541792722169
73.965,-0.610425221326877,0.827175640405065,0.335054055627636,-1.27397998099964,-4.17133844545646,1.30167712589153,-0.893544614979184,0.0407792278767569,-0.32273851843227,-1.87276825360318,-3.80586805896863,-1.21903804222558,-0.8695048520965,-0.395902097816758,-0.00257686221612333,2.14404290743997,0.260570555369416,0.109607629496739,-0.88265412144214,-0.1927229098703,0.0481841091538185,-1.07331066375509,-0.0444637832614485,0.0759842154050821
73.97,-0.644540261797976,0.903449735089431,0.333841147453099,-1.40267222328681,-3.91980648728296,1.59227134974158,-0.942924475345686,0.0236917949995671,-0.347228295447526,-2.19977832357873,-3.85465361582265,-1.24424901288993,-0.836000281299123,-0.39100853939458,-0.0322621396548902,2.07803452574951,0.21873425152702,0.0768293799103163,-0.883379602831925,-0.201145135995742,0.0494002809404397,-1.1085085660555,-0.0469226669014952,0.0665700216968661
73.975,-0.663789858263068,0.937667009415883,0.327605735755334,-1.65634398879554,-3.60076570362541,1.92149944349631,-1.01994975394273,0.000460090899371683,-0.378226560928819,-2.58754014790775,-3.89253364109117,-1.27875718415371,-0.794695924274994,-0.385124127935248,-0.0441651369072447,1.9874905313551,0.176012782477041,0.0668529628019649,-0.890909152123975,-0.210443391106864,0.0477404093849853,-1.15890437197798,-0.0655876069143883,0.0595842846793583
73.98,-0.644627567352983,0.921001877780218,0.303319976155345,-1.93073096948865,-3.32090398129201,2.14683830477018,-1.09261196303228,-0.0145701144723331,-0.374090276762434,-2.86366106669704,-3.94824814785811,-1.30662667283662,-0.75967263022322,-0.376589879957211,-0.0542754841397001,1.88923557978868,0.148061070214213,0.078655661870752,-0.888676361052497,-0.223003888469339,0.0438752723663047,-1.21069582610465,-0.095633379340655,0.0573253732535162
73.985,-0.636380614749715,0.86309482427685,0.302347420392182,-2.15753633365674,-3.03492421748753,2.32759841691585,-1.15616534677697,-0.0307158545062178,-0.3612355691046,-3.06652409799025,-3.99946049723516,-1.34569525713594,-0.730862781934261,-0.370893528367282,-0.0582033159388108,1.77123503816945,0.144420029242378,0.0942204992860378,-0.890478233024226,-0.230474830539447,0.0460443609747486,-1.25654036919085,-0.129213833593866,0.0547637343406677
73.99,-0.646403342488113,0.797076727374455,0.340962189243267,-2.29030437163169,-2.68091751620731,2.50446927991802,-1.20941484860304,-0.0522805972011145,-0.344443556409449,-3.18141385104711,-4.03819495820618,-1.39444919913251,-0.712589509772374,-0.365446479183044,-0.0562733685139583,1.66478478005633,0.158737510010723,0.117270654795661,-0.894895552635701,-0.223269100581038,0.0447207173252164,-1.28189454523653,-0.164544824146859,0.0460454220649622
73.995,-0.751779850789821,0.806453776501332,0.474467064784503,-2.31037362426789,-2.36716056258717,2.65361851007439,-1.23898165038677,-0.0780777731989922,-0.37206115161449,-3.18432388497412,-4.07330161098592,-1.44710930830169,-0.705414071061884,-0.356812241127337,-0.0520704275680801,1.57472116248911,0.200758210210156,0.13004771029306,-0.90536086716614,-0.222433575403214,0.0520240304090025,-0.773111076181361,-0.00741068002924861,0.0437684841454029
74,-0.891698620495,0.877905340731231,0.627176350784022,-2.29175115066335,-2.17741969866503,2.77914231356658,-1.25125009649602,-0.0885685595011899,-0.413996169571691,-3.05571983963118,-4.08616229451898,-1.49986327929569,-0.7043337761385,-0.347913026987855,-0.0484906699460025,1.54191460553006,0.239389383052228,0.139079155830237,-0.920337047177846,-0.216606903288916,0.0492458640303808,-1.29535317081171,-0.144741645770645,0.0472998573958177
74.005,-1.08124695086114,0.976489982936984,0.768317004794531,-2.26992334067874,-2.07157969315075,2.93736469613921,-1.25213937815456,-0.0481419208371358,-0.446227472667302,-2.89216962587506,-4.07245693138117,-1.52662689968776,-0.713157988784695,-0.336805319812292,-0.045425176274639,1.52614038816586,0.32273218972528,0.145509522208133,-0.929672258649443,-0.209429030715371,0.0464637578114545,-1.28289706014648,-0.128409512992224,0.061407841394482
74.01,-1.30414488415992,1.06556911732029,0.928797558546235,-2.25791852320328,-2.03294000696027,3.16008191867906,-1.25053690964316,0.000190454144520322,-0.539057553556372,-2.73146987730773,-4.07527579031621,-1.55495636297353,-0.725750868581975,-0.325925410192401,-0.0407044544192406,1.54193926615162,0.383564734591189,0.153995283385012,-0.944703510342081,-0.208925259200294,0.0358141058297934,-1.26569449543866,-0.112265585909317,0.0852225973958388
74.015,-1.45323809273959,1.10309313264772,1.04902645313994,-2.33026544042958,-2.08588734230696,3.39073274377077,-1.23904215547101,0.0687505595893212,-0.590526845267726,-2.62493576270081,-4.06522649554719,-1.56349508339674,-0.743268440462707,-0.317641616616815,-0.0389758892381828,1.63669053052305,0.478931595416041,0.155968271080072,-0.949254978382053,-0.20715601648993,0.0300898310219603,-1.25952787347323,-0.0934601445983285,0.104706882794549
74.02,-1.50647555676653,1.07532197258281,1.05340033357356,-2.47595441441648,-2.25122342176811,3.62481600467882,-1.24390811325138,0.160132439922674,-0.596558754983107,-2.53455003604915,-4.05049399089452,-1.58649818310096,-0.760393748443647,-0.317515029192983,-0.0447040379834916,1.73203455389471,0.559148214411792,0.162978597836148,-0.957200759390513,-0.217322300646671,0.0186336111504509,-1.26823590661222,-0.0881329079152057,0.130326455209217
74.025,-1.4949114322464,1.00127381286399,0.952339482972962,-2.58803579769701,-2.3750277157939,3.73704826101731,-1.26776549620742,0.212447704954692,-0.570075996742965,-2.56710723204578,-4.01904061833045,-1.58139221809736,-0.776368889856553,-0.325961618434663,-0.0511401897135653,1.88325138040491,0.644936256040569,0.174583111572612,-0.959070052263762,-0.224289088864248,0.0122087183173558,-1.28433697736197,-0.0832026834215739,0.152705147858013
74.03,-1.44244361904894,0.891652823744794,0.814823560642019,-2.68375350077127,-2.45258282453818,3.79367379152839,-1.30880342784101,0.273739740669072,-0.547915998915158,-2.67833004045326,-3.97665397208219,-1.55625648750219,-0.785440146749087,-0.338180774772354,-0.0599966795677754,2.0743060554954,0.733515519637985,0.18087903056943,-0.961401347473579,-0.233117845208246,0.0141945439838798,-1.31115268601159,-0.0855640374483113,0.161769054823269
74.035,-1.37416885910048,0.766269708549901,0.697788062410279,-2.7355588807746,-2.47254834628354,3.7939533093674,-1.34700281706674,0.328027524390541,-0.52646092163067,-2.83813886125536,-3.93578403810639,-1.52965133000389,-0.782424007367655,-0.356977351128732,-0.0658093440081428,2.26449621086752,0.809823166821837,0.189894941225856,-0.96354716768638,-0.235226587360528,0.0252046083190089,-1.32973654882572,-0.0927583410456313,0.162206830077813
74.04,-1.30659309592955,0.667260523411461,0.575632281188686,-2.73987918087479,-2.44175050756614,3.70520476669613,-1.34337991567344,0.364214076734731,-0.531617604358983,-3.02770380686764,-3.89402683111626,-1.50053599083021,-0.777287161891445,-0.381271946841022,-0.0714494435488072,2.50830421273099,0.901903815067159,0.188655178422448,-0.971819305237541,-0.225377278485961,0.0324055533723791,-1.36592715657449,-0.101090625943954,0.15594328291809
74.045,-1.29619609589691,0.63605531733411,0.511578603877247,-2.6886999050121,-2.38140459480896,3.58413161578947,-1.31287999193565,0.370933825388159,-0.555768612707627,-3.20899762800463,-3.84912649381655,-1.47531359710964,-0.780868710122683,-0.399891314338033,-0.0737619592057073,2.71047210421549,0.959713736733545,0.192756574655152,-0.979164606365455,-0.220852664191081,0.0454086250002092,-1.37408403230519,-0.11505220901478,0.138638332441836
74.05,-1.3141888270378,0.660149653506253,0.485547745589428,-2.63835957524156,-2.3024409669986,3.45039114254713,-1.27537410529839,0.380268051660866,-0.584559428899219,-3.38790910487797,-3.81261179852293,-1.44948447415708,-0.782311465228333,-0.42271659609316,-0.0722428682226628,2.91525278614027,1.01300880336462,0.208201446302614,-0.980378970930987,-0.214163352789145,0.0577552201036192,-1.39668559019243,-0.144990692725914,0.123521387498889
74.055,-1.32431883110819,0.700918735730761,0.457099221876874,-2.6326161348912,-2.23494773301238,3.34394153288035,-1.24340493484731,0.376848886846327,-0.592688711838816,-3.58510228115216,-3.75903584857757,-1.4208171830059,-0.792605961157795,-0.435391695446697,-0.0749429442675704,3.05419406518234,1.04390438063638,0.223682247857726,-0.983694233430178,-0.210420871110737,0.066671458263611,-1.43336205050325,-0.166715573664841,0.119361896403193
74.06,-1.31593687572195,0.727903372650761,0.427178804580954,-2.65980407759274,-2.17204951200879,3.24859315707887,-1.2232947717662,0.343646844297183,-0.598302916796222,-3.77356022104578,-3.69432219862542,-1.38698886346501,-0.817762843120893,-0.420817342481817,-0.0810163746061064,3.16363119448799,1.07075125703566,0.243692183562718,-0.968754121569141,-0.21391953535883,0.0756526030116093,-1.46283475676866,-0.205483877614211,0.113174050234312
74.065,-1.28381470386189,0.770258343035309,0.379548161107665,-2.7247385919666,-2.08094373516754,3.17650053698186,-1.30212134785869,0.360216371432284,-0.605620217388574,-3.84103829536262,-3.59098217077453,-1.29450796810926,-0.862619919709835,-0.372266120051513,-0.0769787493475158,3.25024275489307,1.08373231255469,0.280330071113376,-0.962589037766858,-0.212462289255335,0.0791606344502683,-1.50177767232988,-0.231059763436709,0.113753117214092
74.07,-1.23731754916755,0.797428376719777,0.314355985019247,-2.83574898426578,-1.9398207548118,3.10596835867849,-1.31090056884459,0.348530490070139,-0.57110777482582,-3.99850222777001,-3.52731998121272,-1.29818447260112,-0.905529201981481,-0.320813043605016,-0.0839931344058232,3.31967869637138,1.08528027482472,0.305437907425986,-0.954278861345126,-0.214322627559645,0.0807415232912994,-1.53151069615584,-0.228432627663266,0.124319511689733
74.075,-1.17354196717166,0.792101213491353,0.227184165038081,-2.95853792302755,-1.77607227591898,3.07189248225267,-1.29547485069373,0.26052905002353,-0.561538715447793,-4.10280700767329,-3.51073350290935,-1.37284339378515,-0.959332855993156,-0.270032973356581,-0.115711947268346,3.305794619154,1.0548910725277,0.318773738334059,-0.947346801113059,-0.220827390676116,0.0787028253784346,-1.54610991351124,-0.226776996303162,0.136316458463775
74.08,-1.09145824361145,0.759075395335947,0.118561119980389,-3.09184532906154,-1.55368596904891,3.0596534614044,-1.34304109985495,0.214481898001092,-0.532032907421079,-4.1753944399807,-3.46606854141055,-1.34966984348843,-0.990493262916599,-0.232262536231664,-0.114929088517441,3.27472202032232,1.01096341728418,0.327646471001746,-0.949780399924421,-0.2211453448921,0.082788588345172,-1.55064558945356,-0.199143675500172,0.163584245069842
74.085,-1.02463785022603,0.742493738026268,0.0313281890056592,-3.22245445766038,-1.30932479928748,3.0508858424099,-1.34783267821859,0.158910099492394,-0.495268581355268,-4.24959069167579,-3.36866372014869,-1.31239315015956,-1.00550963900637,-0.212300110659987,-0.139615046846099,3.233305519422,0.971767452160603,0.31163892467818,-0.953832102742982,-0.228773565318475,0.0842040867361862,-1.53725661922443,-0.169964070051335,0.176961016935042
74.09,-0.92223093698247,0.699240085134426,-0.0612873957068609,-3.43002617502784,-0.905821209705525,2.99543867481698,-1.35578279527966,0.126253312539633,-0.47297472327031,-4.29479716221398,-3.29625235657734,-1.33697727181903,-1.01894460599702,-0.202331053801697,-0.176550458968863,3.14206251898794,0.907546914915687,0.306326509670294,-0.95336121882143,-0.236880499082805,0.0854708201243946,-1.52341497284209,-0.139046221420029,0.194351381417267
74.095,-0.843095017031055,0.624596815113267,-0.0978407108780519,-3.62726710955706,-0.450987940565459,2.91085410558313,-1.37134967604295,0.144801280226673,-0.446809350939222,-4.24916540413061,-3.24344453321572,-1.34848175630009,-1.02234274858616,-0.194415727508016,-0.209396317300206,3.06010828274446,0.863373636322505,0.310901698663514,-0.951990582626696,-0.241465205485726,0.0913521536659705,-1.50777847873392,-0.122935447212687,0.210024351171904
74.1,-0.814622895929116,0.55789633307434,-0.0752414288795213,-3.75970621372284,0.0230554976382935,2.79590692609811,-1.37171152287463,0.173445441656122,-0.425600538432606,-4.1598497891653,-3.19971496388698,-1.36029846420744,-1.02909934916305,-0.178095308282815,-0.234414360505907,3.02697853852582,0.834952232432446,0.299652942705917,-0.95403081174968,-0.244865023538832,0.101005398143922,-1.48767465822567,-0.113566173699774,0.225218672383042
74.105,-0.862135635706459,0.535156212171695,-0.0334534562060035,-3.84223429541647,0.470890498817373,2.67063054852626,-1.36255517798903,0.178449942297461,-0.419696889612839,-4.09814226437478,-3.13928675271807,-1.37230251511521,-1.04363189814916,-0.164668511981425,-0.269822858322935,3.01397658707354,0.826791264143,0.287619065873567,-0.941555488483185,-0.249474315605785,0.109625806974198,-1.46257549822602,-0.129582240460778,0.236264482695378
74.11,-1.01736118218892,0.557360269342146,0.0258182083993569,-3.91228437323001,0.834651846964539,2.55783833220835,-1.33339644017092,0.197801445840506,-0.40472861017293,-4.03253100117191,-3.03343062292348,-1.39924656639223,-1.04222633314161,-0.14431615564623,-0.306826192971479,2.99570587715086,0.830380854843515,0.294502773055332,-0.934795789297746,-0.249224620216791,0.112240951810567,-1.4413410002924,-0.141433994120466,0.250820489604995
74.115,-1.22061784686256,0.650776911494707,0.1257146914622,-3.96589703888185,1.13120070763384,2.46606541392756,-1.30715266495892,0.240247267950984,-0.402900781412373,-4.00757083316478,-2.91541145807123,-1.41252135379713,-1.04045881031452,-0.110877968864139,-0.349195486827684,2.99533788889548,0.833258670485725,0.294267646072806,-0.939333305606283,-0.248200518529397,0.111099355785343,-1.41696513075133,-0.146150616456272,0.257473405415811
74.12,-1.53477799008608,0.753006582405006,0.432590780332475,-4.17083915345236,1.40617747871882,2.39921745318503,-1.29816328110461,0.343876689121129,-0.440274253153133,-3.94235153365743,-2.85504869749057,-1.37550812612845,-1.02706573651592,-0.071381828424463,-0.384176066681746,3.01120296570443,0.859666799084763,0.274983659839606,-0.942178194816572,-0.240594319461469,0.103982814280949,-1.39629913752278,-0.123284870314312,0.278981987679558
74.125,-1.88911110464531,0.819518609631894,0.864570055212675,-4.3682416663757,1.40099491333888,2.39315231274178,-1.27537298748638,0.493678103590222,-0.493290808813466,-3.64536376104677,-2.92822130656866,-1.34539334923279,-1.00326965948753,-0.0418946235403739,-0.422251638153553,3.04026963992148,0.883079928356213,0.233888924435116,-0.951400700751938,-0.23754064640648,0.0891291148857073,-1.39943136513896,-0.104381248926073,0.291819812727301
74.13,-2.12465522122577,0.807617442246589,1.14781361926084,-4.31593832680463,1.12708373699652,2.45696479154685,-1.21305798925237,0.531854502270577,-0.713468208098277,-3.32634966793947,-2.90832772088978,-1.28397542605127,-0.980900838573462,-0.0165274195316118,-0.437738152638964,3.05682090772325,0.891335618034223,0.172431213813492,-0.954531967289675,-0.240708125533791,0.0721348350342327,-1.39337580511239,-0.0594540332768917,0.315407002455343
74.135,-2.30859502725867,0.737252448292116,1.33448207194019,-4.05000185336481,0.51794661274276,2.59860142127725,-1.13104078544031,0.458795440804942,-0.939316564194443,-3.33085534742913,-2.6833670013945,-1.19086966641415,-0.964204589672373,0.00841072826570613,-0.433283551935382,3.09923929530196,0.906732317487979,0.0962119321722433,-0.963244769273643,-0.246728808095125,0.0637295583933651,-1.39121782779694,-0.0187566867959002,0.32545258888123
74.14,-2.2941981768286,0.690089183883703,1.22771175474546,-3.70467536078574,-0.287189494264229,2.7571934440408,-1.10590172548568,0.406450288067513,-0.986635455784656,-3.46247465736736,-2.45714835180782,-1.12911538603387,-0.955015830617808,0.0385128706005249,-0.409002728201442,3.17631826818399,0.916365901948667,0.016203415374641,-0.968407990011987,-0.258558486291902,0.0592306690713859,-1.39286728215945,0.0342030280550724,0.330103473674832
74.145,-2.13597856558634,0.649652254638612,0.964355682278773,-3.37021200626026,-0.98849897020851,2.86713385937726,-1.13075747125622,0.398262223671507,-0.924165459388913,-3.61111254595077,-2.31026193530519,-1.0984972364154,-0.956278475048099,0.055113692394311,-0.371317283887002,3.2280662252493,0.912448728628025,-0.0336098046803623,-0.972893001343046,-0.269141343887585,0.0569711197042046,-1.38955111306202,0.0558646606361461,0.330444314013673
74.15,-1.91564049360674,0.537644261966985,0.623740002769496,-3.09936792119046,-1.4071959762211,2.88536073406989,-1.15890818558534,0.417137218576431,-0.836698153011167,-3.7145269018791,-2.20019649370739,-1.07107187412756,-0.965839738072725,0.0678419845412773,-0.332618653059084,3.28625977556647,0.895319952935963,-0.0842073868580431,-0.963462286581195,-0.273356243800945,0.0566016855225034,-1.38029753752475,0.0642442198761627,0.32964500784874
74.155,-1.59801872035034,0.377028015981606,0.245538377148939,-2.92243642323523,-1.66806434355401,2.80203264734083,-1.19525489928043,0.50858648837602,-0.76593708324184,-3.66720058152287,-2.09420208808295,-1.03479440485292,-0.997180919071695,0.0856729880279673,-0.294435007248504,3.34037547942286,0.864969241439315,-0.115140027163005,-0.965692884848158,-0.272313566085581,0.0650284079787419,-1.3691047210041,0.0398801780730869,0.328545414280797
74.16,-1.30455323936517,0.249453940171823,-0.117287814500354,-2.81644367045589,-1.68881298220711,2.6229043501084,-1.18418624259576,0.402343653133595,-0.68928046746825,-3.29440844024282,-2.05585743386179,-0.947130260859098,-1.0465951391904,0.0811540469831983,-0.27277643738068,0.12912477095103,0.0330579096674043,-0.110776111861155,-0.964210850288952,-0.26594674501888,0.0672436665340036,-1.37272737617949,0.011591738570019,0.332308544325174
74.165,-1.17569630412755,0.196780398826553,-0.37298897775647,-2.69096865221723,-1.41274217974905,2.34834316926011,-1.09699833223202,0.428172316384971,-0.583231964239066,-3.44812904690269,-1.9097140032869,-0.918740846700581,-1.08464376922183,0.0679704923103512,-0.234362742438308,3.4776661406404,0.738036947423628,-0.0810366203501014,-0.965925719842719,-0.259037587147626,0.07093873143456,-1.37079038773607,-0.0172173845273683,0.339319643884776
74.17,-1.14331886929686,0.168324093353713,-0.492385723706059,-2.55157740793319,-1.06413305829197,2.04853598219889,-1.03283892003851,0.491504438323583,-0.582623639218324,-3.15267735130276,-1.82448608536878,-0.799048844173893,-1.12099350189923,0.0525522034409813,-0.216251949564306,3.54405556412408,0.633079064700528,-0.0469977080137468,-0.974863458910784,-0.25133138353549,0.0703902229056629,-1.3782391402835,-0.045780910528416,0.344305336475372
74.175,-1.17891288125125,0.146470911575345,-0.558295013000899,-2.35810491597829,-0.692736606402175,1.77480071693267,-0.995064836993194,0.423357640470753,-0.635827668644231,-3.11210490286783,-1.69273545141694,-0.710718043133069,-1.13090039292875,0.0410851228638368,-0.215041309075115,3.61098927628139,0.524768662606897,-0.0250636577178656,-0.98962340423758,-0.243453445253934,0.0638401049604947,-1.39769733836137,-0.0732520820050645,0.348368587319759
74.18,-1.1870978918406,0.189756004562472,-0.599517758774578,-2.15961801381677,-0.367822899014922,1.61101307808996,-0.962725411258432,0.372005588376618,-0.665664324810244,-3.09851100447891,-1.54618228079115,-0.640976801737572,-1.12418402492319,0.0239967831569839,-0.20852420267044,3.63072456716241,0.400417423223282,0.014862513007828,-0.997999845472463,-0.231096522074858,0.0629614471489077,-1.41481467721233,-0.0994882278195855,0.343083649873734
74.185,-1.21270930019977,0.258835943471907,-0.615435997228671,-1.96600533052667,-0.025890071678828,1.53475824577207,-0.925376128507562,0.352210248747094,-0.692388412311613,-3.0263532792735,-1.46538528350836,-0.598631103313287,-1.10921987173025,0.025314843424631,-0.207905480184055,3.57486876666671,0.330962054506516,0.0572247859654563,-1.00267570147449,-0.195514850953454,0.0524326944492979,-1.44240235894135,-0.12902473360274,0.340676463643884
74.19,-1.29842782737074,0.32486720440597,-0.594014318590663,-1.77893838032114,0.31172510042871,1.50999375568214,-0.889053209629493,0.323503007402526,-0.712923313004349,-2.8746690804962,-1.3800783729246,-0.564450072279804,-1.07926682194919,0.0260811427874108,-0.197218118497844,3.40073101173994,0.236231044551254,0.10407853314042,-1.00405651131512,-0.230015159508913,0.0385821477845043,-1.47156440700615,-0.140620369435466,0.332946034048288
74.195,-1.46075991921741,0.433058444481146,-0.503099013417343,-1.61897628341848,0.658321731941404,1.56198890135993,-0.829223144629826,0.298747778830982,-0.763076117291471,-2.72412728852631,-1.21981730938216,-0.517641371704627,-1.0550204960196,0.0320956097556003,-0.187766197816057,3.21489287594128,0.182751565931757,0.110162549217771,-0.993958259767594,-0.230438286604622,0.0314531825100709,-1.48853388026711,-0.148822075272866,0.323750930395068
74.2,-1.5776255436806,0.525366109950467,-0.421905870207207,-1.60438145785396,0.846921348064762,1.65475478703041,-0.827045980806723,0.27785737469776,-0.808236498170843,-2.56474921949203,-1.04154587634829,-0.453053094681885,-1.03290353142113,0.0586858658645735,-0.177237105916059,2.85746426498487,0.121084326996643,0.0836292010731618,-0.975149552378047,-0.234536495458959,0.0181096344544118,-1.49168530909277,-0.153152304602621,0.30362876205065
74.205,-1.60019224411213,0.567491773029286,-0.374730033220348,-1.70060001591879,0.983932940233501,1.80281867568606,-0.818863416502012,0.269841074595105,-0.818388886577759,-2.5314431754633,-0.856989934038516,-0.387905979382916,-1.01563773406336,0.0835313165163802,-0.180690183321351,2.51651455442164,0.0806532158295406,0.0820712637363478,-0.955417724405365,-0.23603913978749,0.0123892362874695,-1.49266070702905,-0.143378982559786,0.297075845790094
74.21,-1.57400970045302,0.529091010151634,-0.336557514776448,-1.83477191251704,1.04935936908505,1.88976031445002,-0.797464712937959,0.306492544519203,-0.815244219306512,-2.4937482666821,-0.682001788561403,-0.336399662650636,-0.991639992902538,0.0863096481642281,-0.193002693069361,2.17107672959667,0.0376545900808178,0.11557881193921,-0.936411371560323,-0.235854215818627,0.0226016434765401,-1.48388323199308,-0.118326037115347,0.296140119376001
74.215,-1.55057619257686,0.45708485944307,-0.311414376821846,-2.0097546055189,1.1009564269627,1.93994969663558,-0.778438954218934,0.319840782384235,-0.79653416528781,-2.43563457087485,-0.523306640918735,-0.29773539973138,-0.968072934557674,0.073089150424113,-0.213837217650369,1.87842343874226,0.00923991460784778,0.167068114318726,-0.926796157582105,-0.233437182314085,0.0328414473273977,-1.4778052110142,-0.0957872707163769,0.296659260988235
74.22,-1.49123653505993,0.354221358001005,-0.295357083888353,-2.29620756203243,1.17878932517828,1.9768220218868,-0.770839366711833,0.295981350885977,-0.762686606548845,-2.4173421586431,-0.301321060651251,-0.23241482638,-0.947096348723397,0.0561884337674867,-0.229866367532824,1.62490249013448,-0.00723826181835856,0.195020497881565,-0.923790219229269,-0.232286706438026,0.0527664094957694,-1.49730455435071,-0.0632079178927622,0.307955624380789
74.225,-1.37849714727438,0.183299629774094,-0.294157455810941,-2.47534742103536,1.25115127633319,1.95572836212069,-0.774715655536193,0.274041148635944,-0.717228035754814,-2.39029409778098,-0.199849710012907,-0.204303707158683,-0.904284926682372,0.0413326318167981,-0.244834398278752,1.34662552401688,-0.0304410088660758,0.205427866410869,-0.931418662074497,-0.234088596852584,0.056470963410758,-1.50073834707082,-0.0627073994511458,0.312535973792002
74.23,-1.18015636531164,0.00300009150720632,-0.449008313163827,-2.54491044503906,1.37771210953958,1.8844617590286,-0.791411410516425,0.242231241809269,-0.645848384295988,-2.39350808810769,-0.0732365446190039,-0.158912137929313,-0.854025844357564,0.0476227197053965,-0.235283214534272,1.14726581014559,-0.0484089993255541,0.17861599087544,-0.94216486622234,-0.231824246229825,0.0691027501974763,-1.52273882572597,-0.0615570882581139,0.324148061715056
74.235,-0.954610453488842,-0.128476097711726,-0.615140127222902,-2.52176558300802,1.67891574747463,1.80931679776952,-0.819176731081714,0.170120419527208,-0.570373218044743,-2.42501756796951,0.0481506206739747,-0.102466007260136,-0.790951414167764,0.0613879288146459,-0.191170818644621,0.975363701273687,-0.090524225981985,0.142156844030815,-0.951697420715872,-0.232553396640436,0.0755895285624098,-1.54055140262745,-0.0751799164467821,0.341933031944665
74.24,-0.872653709031497,-0.198831473593108,-0.625616634367424,-2.38986524590884,2.09118049332664,1.73957748693781,-0.814251443767375,0.146864360475955,-0.50086663352837,-2.37356810041421,0.109175638461815,-0.0617789470037342,-0.749440779931828,0.0837018799789706,-0.139972621018645,0.909187669506047,-0.138868394121894,0.136681247714802,-0.952435206078991,-0.232737267255472,0.0730631448362334,-1.5543915740194,-0.0741688191303227,0.34841491704136
74.245,-0.925706963771291,-0.142620676240062,-0.483723732757468,-2.08582572059157,2.47229828601595,1.66777582605946,-0.802745765617413,0.171875223014467,-0.518337949338116,-2.12267680189724,0.121737291509004,-0.0322619546064264,-0.731009560505693,0.113184489406745,-0.0742175926763824,0.883841279704253,-0.206743445258652,0.15062016212979,-0.952300016671457,-0.228698564073927,0.0662121388173886,-1.55163518898343,-0.0562101339599474,0.355695052181632
74.25,-1.07872157807336,-0.000873762554886685,-0.296848212135555,-1.74288715602334,2.749103965568,1.62314337155197,-0.767301041423547,0.171542532074087,-0.622154446468871,-1.97953455940338,0.179887067348615,0.000839085469545403,-0.725596687749541,0.115305979519556,-0.00442355947710057,0.803342965150678,-0.309526718292455,0.197923378036395,-0.946816111462357,-0.226156965149706,0.0591945102406991,-1.55841244492398,-0.0412734591288794,0.358965665102005
74.255,-1.2180126283673,0.121677380754863,-0.135160994190061,-1.50817228272349,2.81968768026254,1.62872894803689,-0.740373783241343,0.166399950163315,-0.697363862518673,-1.79331962182752,0.273151329145734,0.0553187074091562,-0.700890298228393,0.0765839194527318,0.0298793402274277,0.742543079752008,-0.39200495418529,0.237439616487157,-0.93828410385597,-0.22726098161714,0.0545451998122652,-1.5482460108544,-0.0289270067032337,0.359979253143661
74.26,-1.31903478756036,0.217679429488413,-0.0123353072363021,-1.34727853299391,2.78866188018735,1.66099621953172,-0.72252392020572,0.184137938814408,-0.704084342254218,-1.65596745145019,0.353580674730216,0.0840387517239791,-0.667306408196993,0.0140967191341667,0.0344821154596168,0.697699512171652,-0.481435866351279,0.23245909482818,-0.921827108608757,-0.222914776352579,0.0530550253846604,-1.56141581425375,-0.0257549180277293,0.366797125874564
74.265,-1.31241630245225,0.267255586465239,0.0681986004207209,-1.18758076109034,2.63165905196863,1.69858226321711,-0.685076478204563,0.233932132224283,-0.681091602397013,-1.53755782409015,0.427156806004453,0.0900106938464397,-0.624741672673158,-0.0880150714381437,0.0230012117173883,0.699419002206981,-0.535192781600321,0.155248589410862,-0.906111783892671,-0.230268806280945,0.0503132639699011,-1.58422515855127,-0.0187159032789816,0.374837478329209
74.27,-1.36430118516223,0.199153743724683,0.526889606222998,-0.88573835862494,2.42126627453333,1.76482169144775,-0.661856742775279,0.255122820006847,-0.720526893807619,-1.59030360730351,0.57076501023351,0.106456251563911,-0.609952103127169,-0.161031828880665,0.00902617171697281,0.779580554268923,-0.521924198583422,0.0619996883455722,-0.890647249277629,-0.247303790360099,0.0521123371524516,-1.60798599576385,-0.0224432616983123,0.380432823993772
74.275,-1.88210592540156,0.375284264586429,1.35520527720751,0.721866321798437,1.53350627051645,2.24133611790405,-0.635246510556411,0.233389710508954,-0.887376058160323,-1.93430828697655,0.808684004939558,0.10066174924301,-0.598795353585215,-0.226924828588372,-0.000549694789766595,0.89084550080278,-0.465081575757112,-0.0679380212377267,-0.883593319716437,-0.25769297098468,0.0664417831653971,-1.64568015816078,-0.0179628565671646,0.377930936016125
74.28,-2.3888118539613,0.824207029129289,2.18006813405161,1.80652630300836,0.339324826175762,2.66969550770614,-0.627640187779384,0.245527269426256,-0.988364884861201,-2.29314799976438,1.05927029670583,0.113831565255037,-0.592655658744675,-0.272757113357831,0.00491422166000963,1.00741284927879,-0.401171222281087,-0.186275655145555,-0.877111278266353,-0.259742057860616,0.0809252105984865,-1.65815345155982,-0.0165899846398546,0.37473568437016
74.285,-2.65229471966596,0.713965444894782,1.60326125683806,1.15387853554727,-1.61343550771602,3.25690345094281,-0.660427884539924,0.311361739609139,-1.0283281771184,-2.66522607930535,1.29396267914075,0.137836012694479,-0.590385842534159,-0.304610100505484,0.00945762498873023,1.15592358241492,-0.322923937929357,-0.289009557634936,-0.886780299283905,-0.268871427438092,0.0994173449739711,-1.64545556149041,-0.0336867111171245,0.357395161910583
74.29,-1.54858393902152,-0.2361364591169,0.0930829752829495,0.0313839877578114,-2.1310951811234,3.09176481392851,-0.730018500345452,0.451377826929413,-0.769047166958743,-2.6049803584172,1.38209984842408,0.184335135042097,-0.597146921323026,-0.342459199793956,0.0183562814576821,1.21810703175078,-0.277216821974749,-0.318577721682074,-0.896841598189372,-0.269796427109572,0.113820328438229,-1.62261390509384,-0.0526599679593334,0.347435711301434
74.295,-0.639846702008288,-0.748827952633355,0.217431183398816,-0.663881649732997,-2.00584720906133,2.36043061698239,-0.848526249926248,0.380371299453666,-0.498787778194041,-2.32532489475618,1.31734980798029,0.217216241380125,-0.622038339642807,-0.359416397107919,0.0322111895653412,1.26222044546079,-0.247137361678632,-0.33760484981592,-0.903414019280371,-0.270296021150283,0.119583878595721,-1.59251690161418,-0.0705779840088779,0.344305336475372
74.3,-0.659664003535528,-0.492915834700142,0.343980141456113,-0.108960501577132,-2.19715521699743,2.08373801650719,-0.930553925927367,0.121611382642263,-0.466124633571892,-2.47709746962454,1.29063411768119,0.321516928590451,-0.677539459457136,-0.368224873709741,0.0414120491864167,1.27071674527388,-0.247790497656416,-0.353552281869966,-0.930251784131086,-0.26247723838551,0.123352156662195,-1.5776015898194,-0.0951036093361282,0.326053952388102
74.305,-1.16130476608283,-0.0612430415959112,0.475810625839379,0.710208992602181,-2.2630488681312,2.15177830424693,-0.949438783382982,0.12438138842533,-0.544290476685081,-2.65254583135662,1.41427821097648,0.417443050696186,-0.750746297324409,-0.395347473705402,0.0179433068172282,1.24708518539835,-0.278062262066705,-0.422781840981377,-0.95610027387809,-0.258938690509891,0.119956904211684,-1.57039690174987,-0.120920124139778,0.306847181173578
74.31,-1.09298559244859,0.367012945374288,0.552539346114744,0.695994630188331,-2.31928498623984,2.10594965353943,-0.966462862967471,0.143386549067884,-0.471768529711375,-2.64001138526349,1.46618326855719,0.513215493589166,-0.805881706836856,-0.415671432325747,-0.0259785733116585,1.25079945529138,-0.29100839005421,-0.498799716524868,-0.973441907236335,-0.2568022131752,0.116985703792276,-1.57625127959151,-0.141043186620746,0.290803598211215
74.315,-0.754334523532674,0.760595913951446,0.649672433845076,0.356274778539444,-2.27194705533234,2.07144905157121,-0.994975881796538,0.107029435104336,-0.310373055506605,-2.41894378328316,1.38218135144044,0.532023457250276,-0.881452508294837,-0.436326595480344,-0.0828851619188297,1.27915918719231,-0.286384086173577,-0.560220699745306,-0.993361361492869,-0.243292267465919,0.114674693215558,-1.58640424010913,-0.19111402145888,0.271934002404228
74.32,-0.465002096712492,0.678991531608537,0.813259605075771,0.0456857624228238,-2.172683811918,1.97896964234272,-1.01855403325318,0.0981928419483355,-0.155598340860416,-2.07415340741983,1.2137217900896,0.523923407110349,-0.964172066513072,-0.461909215325718,-0.133892728856422,1.273039366994,-0.264092102698097,-0.600632209982832,-1.00726821399599,-0.232724807631058,0.110616606882325,-1.59186942047101,-0.253355145351167,0.24989027427774
74.325,-0.353914143994289,0.496883675221949,0.920160860797326,0.0319254716557661,-2.12775838676995,1.79573234909899,-1.07857510523716,0.113821636852455,-0.0260550143970771,-1.63413711692869,0.949270567420341,0.569431975129705,-1.03854371114386,-0.486328880183354,-0.169965711018466,1.20851648525282,-0.258102944529769,-0.607134622606902,-1.01407800643666,-0.220982199041099,0.108176092392637,-1.59806582827259,-0.306496369688079,0.222627408970789
74.33,-0.367981323848319,0.548042888018639,0.929990682689038,0.121428260198201,-2.11887267246799,1.60939974069081,-1.10418510653589,0.115162384353125,-0.028547787575184,-1.34707228077175,0.776900307565692,0.668678486194595,-1.10795557536111,-0.506946148634985,-0.216777566549238,1.11459111751677,-0.268185640956969,-0.609923383095217,-1.01958847665567,-0.214524292774992,0.102456995336871,-1.60238481449295,-0.339582999940113,0.194658812774482
74.335,-0.473455511516911,0.635814276058114,0.838835250549927,0.170482176073618,-2.13517499927137,1.53188098643234,-1.08670682744986,0.0820131325000256,-0.0546719029768881,-0.985506877668163,0.61843744804393,0.763722585571729,-1.14635533828442,-0.523507574919875,-0.260218686724304,1.05914880547571,-0.264910425800045,-0.621756495075828,-1.01990290528072,-0.200313938145447,0.0997840286007986,-1.6043763046958,-0.325510178112248,0.169766757366913
74.34,-0.590903247634941,0.543901786804053,0.751900704421516,0.119455533836346,-2.11528885019233,1.50628781574506,-1.05668105016605,0.0979631378510297,-0.138404071060689,-0.650153008208259,0.510490740760438,0.818721223762552,-1.17267890672404,-0.525094266255027,-0.303205427158843,0.986114851406233,-0.26183637732949,-0.617476660454695,-1.03349717098896,-0.194110450760217,0.0949170969224865,-1.61549919135185,-0.306814737189247,0.154591252986341
74.345,-0.70295356812415,0.319840196779753,0.644008315628638,0.282061057652797,-2.08181522533295,1.42536470220705,-1.0147802616697,0.138935937118023,-0.271969900738484,-0.370245665004851,0.440405014720962,0.833850897472073,-1.16898451540174,-0.513233428581642,-0.320386404081858,1.01837071837331,-0.228100386529542,-0.615535039500236,-1.06712344571252,-0.188025812473959,0.0830489372516069,-1.65207713162214,-0.253491160384025,0.150055915117264
74.35,-0.683064739033856,0.155417149068461,0.791489979467378,0.409715494761731,-2.08154249030882,1.29784665475751,-1.04581014586372,0.0766437135296213,-0.3010306129157,-0.25344175599847,0.423897343205621,0.860278823283722,-1.15035825864879,-0.478143011850644,-0.300339560710479,1.10848373891946,-0.198480276421252,-0.590982071072011,-1.09015148843388,-0.186981029025496,0.0603076205387008,-1.69692909231929,-0.191200833952295,0.151459672849908
74.355,-0.745632652766752,0.102604884659581,0.780033342921473,0.598909934684819,-2.05059003691454,1.1526344976092,-1.08999831947778,0.0134925063297249,-0.358873935865116,-0.182957038161194,0.420504912163092,0.892584803119012,-1.1214901277018,-0.438817352657859,-0.260882051662246,1.20203922197489,-0.174814109534415,-0.538154245748486,-1.10613767126922,-0.196184185084365,0.0266030796718949,-1.73582686825162,-0.134321068809413,0.157565233388609
74.36,-0.604072344439281,0.301735984199027,0.806183837214746,0.799849919364452,-2.04027412393787,1.08897133135666,-1.11290866152223,0.0782157105295308,-0.24810324800884,-0.0915923364409822,0.39252259060234,0.856094224178767,-1.10241856706466,-0.399650873565979,-0.213777459991486,1.23238353230969,-0.172804479041666,-0.484950099874621,-1.11665190796566,-0.203780596567773,0.00203349649380928,-1.73704654206824,-0.106774822528957,0.155454497976636
74.365,-0.528630376593256,0.373517069588949,0.846913389617238,0.816469867236594,-2.02342603839004,0.963168522497019,-1.15623452046419,0.12800459822067,-0.198301639181847,-0.0410476607420598,0.347244967602533,0.865902629611329,-1.1007501600598,-0.368301724029149,-0.163653406712513,1.19597975151581,-0.190004923592537,-0.433479171384789,-1.10710260373055,-0.204074900340835,-0.0181849998581708,-1.69585933581948,-0.0859210207402582,0.161863915337327
74.37,-0.466401006352897,0.407750832834015,0.852263660226283,0.759947044637316,-2.00009520957983,0.84800318359821,-1.19127713202792,0.132884981493359,-0.18189473127458,0.0192476150312548,0.255876465482408,0.886668854278228,-1.10642238300869,-0.351989554672076,-0.144672929723517,1.12179714193994,-0.229968129371067,-0.382281199740838,-1.09306028122368,-0.20706359578155,-0.0141090028113497,-1.63395972478212,-0.0637143900235135,0.171926643388078
74.375,-0.415825646803916,0.383374000220296,0.87969368392993,0.688089355487979,-1.96282985491281,0.746080845989056,-1.21606145501897,0.0826130112252029,-0.193177742687537,-0.0562395264252115,0.177915433050831,0.943342240827363,-1.11876812619578,-0.344754004665789,-0.1526812010029,1.03865283303623,-0.324391635295018,-0.356724830879189,-1.08895912071237,-0.203491463982859,-0.00131842226803886,-1.54511717597346,-0.0188079185943994,0.184247719762234
74.38,-0.44773951634092,0.302250436507499,0.890083467603526,0.619428326171132,-1.91355752682776,0.690868279563792,-1.15564053478725,-0.0117939958993658,-0.186443877346178,-0.1507882796984,0.0910413937347632,0.941760634416015,-1.12169890490978,-0.350824945623725,-0.177627635051024,0.984830051013652,-0.430213726731335,-0.364600936211397,-1.08913785879561,-0.191919359756616,0.00466778802948401,-1.45639765497679,0.0214800530392474,0.189993733840293
74.385,-0.570533239556959,0.259677515093258,0.912885705927387,0.520242376132315,-1.81527508788448,0.544997766416203,-1.17277485877202,-0.0782817799765369,-0.227499898531459,-0.132012652678578,0.0282674841695892,0.945841478798015,-1.1282111406786,-0.392149683776168,-0.206312744196015,0.890877428316676,-0.554237503997194,-0.385223556445262,-1.09127650328509,-0.181754086329182,0.0225985688317046,-1.36656905553963,0.0427484027564274,0.187281496674783
74.39,-0.591604253706469,0.209938177507084,0.930347482261123,0.440697910406948,-1.68968784111396,0.519521797169762,-1.20321120625415,-0.158687990693485,-0.229816415802192,-0.155829109998373,-0.0165878869106999,0.938674213204018,-1.12842953859584,-0.43772414915576,-0.232294036859776,0.797464415705262,-0.666173684041721,-0.393390610779586,-1.09650226648148,-0.170796832512266,0.0374886022485043,-1.31208991700443,0.0649202692709237,0.194338316604256
74.395,-0.617926301583584,0.166860155117387,0.931739548915987,0.301028593570949,-1.52585034359067,0.504658585197424,-1.26460357631361,-0.262630919336147,-0.206277306730295,-0.0423634171040716,-0.107452603184136,0.875152725139014,-1.12849827241598,-0.484302159635429,-0.247305827047541,0.691678740708165,-0.761170198648286,-0.403058979946492,-1.11136570342388,-0.155480705207806,0.0508131737812272,-1.25222310369719,0.0842909671911448,0.195464628323501
74.4,-0.710802502620057,-0.00307225247707886,0.987788706933257,0.0804246770845017,-1.20214396454363,0.581312824443158,-1.37878221146973,-0.472556113790844,-0.222347187419433,0.0218978917845914,-0.146019041123727,0.814303040689419,-1.13867081751452,-0.494189062475437,-0.228201291686176,0.598687583309168,-0.828435581420371,-0.408254990232731,-1.12727527606965,-0.139137320884606,0.0609800753684597,-1.1922713082026,0.07473571820778,0.194804041453763
74.405,-0.734275033665818,-0.101193783637683,1.08629285129524,-0.0283017094949994,-0.777740214196206,0.826388554603792,-1.61642811064262,-0.842032317629529,-0.230087755581937,-0.0629874384726239,-0.0755267058720376,0.720216499292391,-1.20713516505104,-0.468240237356684,-0.152365537052696,0.54796827496972,-0.83885046761963,-0.404723524269792,-1.14391619552645,-0.120629054010489,0.0625860196510158,-1.10188971668969,0.0207077315309148,0.183675017677442
74.41,-0.452807539200615,0.0845801786103266,1.16390170376699,0.0207696147575442,-0.328037973395336,1.14154836709044,-1.94354607943084,-1.04470874834449,-0.16300376107219,-0.184691571407568,-0.00651541423263912,0.528744399874517,-1.39965689978837,-0.411590999707161,-0.0436845673156089,0.524469779904442,-0.851967927594541,-0.44492582300661,-1.16615425737568,-0.0945826134203784,0.0599570653162294,-1.01816368515016,-0.04388080468229,0.166365607267295
74.415,-0.0400628633332495,0.479537765622062,1.12125071521623,0.123666745069305,-0.0454559434792574,1.22747675121526,-2.1887499135435,-0.745422491093288,0.118552669662825,-0.213309666702153,0.00968476021438606,0.447741347175833,-1.70480261469112,-0.385672374366363,0.063882665234077,0.526967110525019,-0.951002244580624,-0.367838967781223,-1.21447082328486,-0.0584857071238757,0.0560015942908291,-0.906229536764474,-0.106173402224744,0.138512002285336
74.42,0.123388697798318,0.563510220638036,1.08571345623587,0.130372860508801,0.085072928505238,1.01928398288459,-2.14906258668728,0.0203435727598018,0.398061282353518,-0.238814762761888,-0.0724911835140905,0.626416384574252,-2.00185381291727,-0.367988186513232,0.136984193328003,0.666073135657957,-1.11509083135137,-0.283372331802204,-1.31279691426006,-0.00170895305249744,0.0412367552969907,-0.757692501737389,-0.107965650347015,0.100014561643693
74.425,-0.0545251661627322,0.346281063745044,1.024799369769,0.0896624900710077,0.15266367179863,0.630865240783995,-1.67618911465695,0.321595643099697,0.225899563078844,-0.392807624139999,-0.153386631001599,0.87991617272726,-1.99972372461871,-0.314482056641562,0.0135105432721078,1.00291217736086,-1.2358418689305,-0.24731760418273,-1.40590911754352,0.0494304522717981,0.0210944736935699,-0.686743866399946,-0.0351501615834794,0.0857176223755483
74.43,-0.372099812359861,0.171815933399521,0.94387333421419,0.100025486685852,0.225364141906231,0.39650275028414,-1.05240024503216,0.228325136495192,-0.0978218377779062,-0.657345323609798,-0.188223295892766,1.03055678150361,-1.99602740180601,-0.118997137486511,-0.171901721906757,1.60277073434161,-1.19979289538605,-0.0380885794269061,-1.50573675999636,0.109357265227847,-0.002449750334832,-0.686135549619964,0.0648557885982089,0.0777967043421906
74.435,-0.537224498781572,0.134512406431964,0.876224836067606,0.166739764118423,0.276273694837239,0.332476550606209,-0.711662266815808,-0.00310128931652448,-0.343990589763573,-0.90764272100004,-0.192404684047423,1.00248687588838,-1.8691926917563,0.119631764442576,-0.333619563993581,2.05046790645871,-0.985601025103052,0.304747297424173,-1.54723945966668,0.137356976232929,-0.0314844033058074,-0.766047646980874,0.117631891024317,0.0781597306990332
74.44,-0.564177562925294,0.101034938884515,0.841572332958927,0.242224243570481,0.280871129981096,0.337079406948323,-0.751417166371175,-0.0894145764588131,-0.4560697877111,-1.08676005869967,-0.215919635746151,0.898764028265737,-1.55451054075869,0.246314344649419,-0.394907210364812,1.96386111810567,-0.722393295560747,0.62034688359487,-1.51686428206048,0.137586175423688,-0.0675903991625033,-0.923560473753958,0.0908685261962036,0.0716989691311657
74.445,-0.53726055303737,0.118030770398507,0.841892701573508,0.279995956309231,0.257625086530861,0.373247726190683,-0.91296432443292,-0.115271178979459,-0.430110092791003,-1.25953513072071,-0.299700991183402,0.766357883411227,-1.17102594421971,0.264400284849362,-0.358430778822473,1.19732802613114,-0.511203338298427,0.705183520644237,-1.4213461692445,0.111388062221681,-0.113928083701743,-1.11579892480793,0.0121052264050302,0.07507192721346
74.45,-0.49539693110442,0.185352773858531,0.830564942439557,0.285495565093916,0.212589755596259,0.405857211686254,-0.976393980190254,-0.243095087483532,-0.379553948191514,-1.14024472544378,-0.354170153540936,0.764079918646519,-0.903733017568624,0.0960621299228249,-0.305810174494871,0.242104326335686,-0.428274919954897,0.450703161839698,-1.2723970997337,0.0717189773812274,-0.156205321950393,-1.271576515081,-0.0658612804147777,0.110210927551275
74.455,-0.453154969288942,0.266857867063197,0.813874953362072,0.263880124887011,0.186507851646566,0.396556052411115,-0.968922783999615,-0.392620313533673,-0.305122422527508,-0.825949773991391,-0.378615350907681,0.768592629092557,-0.71590900148636,-0.0813376640041825,-0.254525295740186,-0.451689915514614,-0.324245967741223,0.176098745487586,-1.1343438431254,0.0453758688933089,-0.175184651222346,-1.31516211695618,-0.0577828241172415,0.174518284220566
74.46,-0.442395252876325,0.304080839170753,0.81869039782339,0.207182691226572,0.185868879259586,0.350330469097833,-0.944178180948376,-0.238324987248848,-0.239133902260981,0.210665872634363,-0.40332098535173,0.767282424888446,-0.557686816157219,-0.352049404595408,-0.139465453759664,-0.923551163501112,-0.213648934579773,-0.217577807558036,-0.990306961737826,0.0350063124020828,-0.190947839416509,-1.24930804570055,0.0821758270778382,0.280873514161627
74.465,-0.412391393085225,0.310472052276682,0.825844693259219,0.108052128432289,0.162996660282164,0.284205986949029,-0.98002745571477,-0.0468987324242581,-0.237779259751427,0.885869976158512,-0.42871795299619,0.775190163866509,-0.457697310761353,-0.538140652176545,0.00891645919808992,-1.02941555963827,-0.0951473526187527,-0.466151772077454,-0.970582057650409,0.0340809101948509,-0.190180791660323,-1.14395006693577,0.278802609491978,0.377447505522536
74.47,-0.383322227087527,0.335152643186432,0.831089467566376,0.034958489427072,0.0988170513533429,0.204326230677756,-1.00306967026031,0.144469958095942,-0.211687393510385,1.18879545122282,-0.434512214876495,0.829875253442435,-0.387384397010848,-0.69465606442543,0.194919845443394,-0.792046040078664,0.00597468576992262,-0.570437017906455,-0.922486767228424,0.0384715209064493,-0.169335578876464,-1.0144250349624,0.490402342236549,0.465381730479402
74.475,-0.389840650625223,0.366704267425792,0.824840447902685,0.00067088869996395,0.0141972432201749,0.128209714717918,-1.00883452185985,0.272042495591651,-0.203245087725062,1.23026289487815,-0.455441389721948,0.826560850697439,-0.336852182610902,-0.807860526513589,0.360562433856113,-0.45104080244279,0.074102060303021,-0.64931645838311,-0.934716150097457,0.0387193169911656,-0.14042001924312,-0.866593347836913,0.674285117238054,0.538106085240558
74.48,-0.432156055772294,0.320374186018787,0.833801389756354,-0.0342089135644406,-0.0377878403497537,0.0649405563043753,-1.02042069928165,0.344558240425555,-0.192691361427977,1.0214095510041,-0.490553499324771,0.766181415744077,-0.331587765613847,-0.840041211660026,0.507359952455761,-0.127853149652568,0.0541539397120842,-0.649716160409694,-0.9778867611201,0.0217330088074943,-0.0908734428897336,-0.705484122659384,0.771937255561807,0.609016737962467
74.485,-0.435143833868177,0.287682415746594,0.8383459403983,-0.0555540316678715,-0.0823949705818161,0.0183711014738051,-1.01559826463723,0.382593749308168,-0.214696528592814,0.613080971491137,-0.565278250059751,0.699623348059216,-0.439102633616726,-0.780360704940646,0.693893166194221,0.21765509718518,-0.0515302460782502,-0.600884122571161,-1.02005808839908,-0.00902564394223275,-0.036701545526176,-0.634338577292153,0.697902154386782,0.651710239347238
74.49,-0.433513987251801,0.296352850264514,0.831276916336573,-0.0831992631369346,-0.108370425156907,-0.0174037981893892,-0.982635670544719,0.333803219772987,-0.20436200765703,0.198239862030614,-0.622342251832378,0.638307595738201,-0.601103180186764,-0.661525814840829,0.809067877123324,0.440217611471129,-0.215117353175986,-0.54099443363932,-1.04743499066686,-0.0363441314624196,0.013915035497187,-0.612591446750694,0.597095013166708,0.656610879791234
74.495,-0.428782763559761,0.288956634014341,0.83405525136765,-0.114494262453788,-0.142367027514211,-0.0475393607106668,-0.962302725888986,0.256628736420993,-0.210652828074014,-0.299475753211643,-0.675874170440995,0.569247254212785,-0.713350497957524,-0.555254522281957,0.836267092002847,0.556383596079543,-0.401148338227711,-0.448042023949797,-1.0568736314309,-0.0571662567549655,0.064216426989661,-0.655352893645065,0.514838680171909,0.619349791397467
74.5,-0.437335923318351,0.268560904451725,0.833665615590904,-0.141549852669188,-0.167230296895968,-0.0617846476675459,-0.957409639502781,0.198766530267601,-0.212972950291196,-0.723091776450144,-0.690521574061931,0.510052805994944,-0.814209783477103,-0.422903000996048,0.746024403382147,0.662494215452415,-0.56706761733292,-0.342492645954292,-1.06718917724038,-0.0670962591885682,0.098467842255847,-0.744699224021833,0.428775253557345,0.528945056755377
74.505,-0.44658303797687,0.217150229440819,0.847999047204685,-0.159951138611541,-0.158109375406144,-0.0528806368808157,-0.959674824957046,0.133543497022656,-0.223087570485504,-1.11413568784697,-0.680832879343714,0.477122308573224,-0.876917053784757,-0.325213339385142,0.617002361593616,0.887675715158169,-0.710988630015288,-0.232717846169163,-1.05550544095169,-0.0570863768129271,0.111537954175064,-0.887117048827668,0.371299967952327,0.450286765359576
74.51,-0.487460654402548,0.129601195807089,0.868993225583453,-0.18092607803254,-0.10098272999556,-0.0185398716428534,-0.989055259727789,0.0094508401693952,-0.216674010867097,-1.5153383155525,-0.702810932397881,0.465984663734231,-0.9369420254393,-0.23937492139382,0.480867766196184,1.17009761274967,-0.776728599904909,-0.229266735207023,-1.02961811744186,-0.0321320605876951,0.119253367823276,-1.04156232790067,0.311741345483624,0.338464977860103
74.515,-0.516029548655447,0.0963865229735367,0.876573519131314,-0.17202787786094,-0.0567704791936003,0.0114363914050185,-1.01163054706734,-0.122713219639046,-0.225782648180595,-1.60891634703724,-0.741097727286941,0.450949413336519,-1.00415601342558,-0.196745366863058,0.353459877406021,1.54867318647775,-0.811735894507096,-0.31499941700394,-0.994836903024543,-0.000243993148915839,0.116533598144188,-1.15449220301797,0.28387498495533,0.254190486155742
74.52,-0.481318285271019,0.133674123186147,0.871967025697151,-0.162036184695666,-0.0267764253477503,0.0405663149891455,-1.04024017258168,-0.265614792183724,-0.249470600301877,-1.54314074415076,-0.791088358812893,0.446206407303135,-1.03488798130574,-0.203815195992358,0.196254214420061,2.07068773162341,-0.729335793814364,-0.428192104775718,-0.946688837361433,0.0421940549364602,0.117416467488418,-1.24483334174502,0.306268801180129,0.163365589819215
74.525,-0.46313180329017,0.124850596282372,0.883409940125339,-0.16985951156256,0.0122144298557277,0.0793529270427216,-1.05621683821879,-0.395655658081773,-0.233043382307038,-1.32282888374921,-0.844738555615192,0.454519229489418,-1.04592122349148,-0.214037048699063,0.0825240845563275,2.12750548866867,-0.751512665074027,-0.623692513852138,-0.893230209634834,0.0897378261973242,0.120777355199902,-1.25490082857227,0.340557226194671,0.126202529255071
74.53,-0.481234988263513,0.0963977615707532,0.892798094954015,-0.166453733039631,0.0500362919125422,0.115552206290284,-1.05313288143282,-0.429862057423751,-0.21590149702615,-0.978698762105866,-0.89338643543006,0.455773342293655,-1.06708582992882,-0.241513349511336,-0.0310009956582375,2.43604934669594,-0.551411171094724,-0.656026522876545,-0.861028632087258,0.118349232993164,0.117432338501732,-1.22520433999093,0.375658207893275,0.0989019072861743
74.535,-0.493092719990761,0.109816294017839,0.885025969141448,-0.129897612009806,0.0907861346180767,0.150424303647709,-1.0364033179318,-0.420573476684577,-0.201964053706071,-0.442457158769619,-0.933213418106885,0.487103787151728,-1.08223116202186,-0.249407882446313,-0.1651276836506,2.45191655031336,-0.307656816838163,-0.569339128299928,-0.834238711462858,0.15157760658564,0.102702370055143,-1.15479263669215,0.393956324677525,0.0814720292700766
74.54,-0.471535181926652,0.11122620053101,0.886508487926153,-0.0846813199609848,0.127909364045936,0.187190058369039,-1.0032241680467,-0.368881253330984,-0.201147423153215,-0.0011097724818257,-0.943922111527794,0.509523121324517,-1.0724966607595,-0.220739555437028,-0.224089980014293,2.25457858343578,-0.114205568041034,-0.523313833620755,-0.817906065766742,0.162566240953816,0.10458285412342,-1.08610569247327,0.392084097729991,0.0793789061618167
74.545,-0.456028001165493,0.0924939253112302,0.900265088546676,-0.0295428689009211,0.149043742896479,0.223015297527365,-0.9982702298484,-0.287237258945502,-0.172724063011746,0.280157471750238,-0.938001341221954,0.52582948722246,-1.05994565144579,-0.172592317370232,-0.247119968965153,1.93480050256767,0.0749156933498605,-0.513168263263411,-0.819379216127198,0.169655615048411,0.0861165666224836,-1.03537274290969,0.360094959591055,0.0872943584670228
74.55,-0.437158605844955,0.0988665216513085,0.900653394345801,0.0572787840575505,0.167383643552846,0.244112804509138,-0.98613475022365,-0.196281823890723,-0.138315637853546,0.448129192523472,-0.92037549615921,0.544125653503433,-1.03107511308379,-0.105088445884884,-0.238369342269164,1.64221103260035,0.270362659966286,-0.535442739213751,-0.830312147374634,0.172033521450841,0.0608144184192352,-1.01947332595025,0.331151821585208,0.109214928320313
74.555,-0.425860453714902,0.119877839843915,0.895643194230042,0.143082971774047,0.184068859599989,0.25808024109444,-0.975877579054478,-0.128185504298903,-0.117208180253912,0.497324847286123,-0.900333130952267,0.545967883019572,-1.00970863283242,-0.0548430606134653,-0.222037831450581,1.38572339003848,0.409058486443535,-0.565133378880081,-0.840999894480241,0.169405881030905,0.0427388603205507,-1.02205737193836,0.310197359080292,0.134289977598535
74.56,-0.437658134102182,0.147767729839636,0.878377636659553,0.20912920235047,0.191013658418943,0.264270842075348,-0.971602712187643,-0.0658641389435637,-0.0820048181885184,0.430912982447218,-0.854127779594583,0.542973487744114,-0.996961132253084,-0.0231836111157015,-0.182821420379583,1.07213803160865,0.48834024286536,-0.552670645065957,-0.854063299954241,0.166901213797224,0.0321326819324939,-1.03276288448492,0.295140750752957,0.157319065234677
74.565,-0.426096629288993,0.171274211915647,0.865781627869494,0.293192485761132,0.195967225481968,0.264270842075348,-0.963941455857602,-0.0167825718925162,-0.0610070064622106,0.35487007929616,-0.826562742550457,0.539383809283595,-1.00867966293113,0.0100988305617486,-0.140541943487447,0.894361635872507,0.51614265236587,-0.500931261908079,-0.877608700136671,0.159853815511048,0.0312130021911066,-1.04180984536721,0.285887634374296,0.189539606205372
74.57,-0.397623007830311,0.19731430476015,0.859596956782136,0.324691587470721,0.190837500729103,0.266250267685366,-0.957656683108514,0.0155946704165789,-0.022613454093156,0.169497770860349,-0.767024541484931,0.547845573674476,-1.01632574772689,0.0298964641687441,-0.0936673981883109,0.777393379846734,0.518259112746292,-0.42177731540726,-0.900953711418565,0.157708158242275,0.0437178572902242,-1.05129141462605,0.297367479334385,0.213844433966641
74.575,-0.382466677302129,0.215950152382601,0.856725520485488,0.344772762165175,0.16284127575645,0.255709035047639,-0.969576523852301,0.0506829882004846,0.0123596201200319,0.00578703927988546,-0.701934310335075,0.546682128256409,-1.01419024912669,0.0391358725983681,-0.0469457764531958,0.741410816508118,0.483497498100114,-0.371413600536807,-0.931301745929558,0.146334133668851,0.0597207506828888,-1.06052101075926,0.293492082656191,0.258562702808167
74.58,-0.367050915156802,0.245319454474806,0.870295992704575,0.315406894346948,0.133745430714748,0.233064226916473,-0.978008315348182,0.0711391998675296,0.0374877381743664,-0.183047080517584,-0.662504408408937,0.533318369693143,-1.00608957600396,0.0327464042562562,0.0107039910618048,0.729544520979739,0.426244840461184,-0.363041853784399,-0.963764754715369,0.131554587856687,0.0757302353956762,-1.05355111137363,0.288908229994129,0.294527177824327
74.585,-0.333017018680331,0.279126085097697,0.847162775969985,0.267406746125707,0.108236342119857,0.213408123494986,-0.987494407611968,0.110970347683241,0.0634936430295056,-0.297198320122804,-0.625628476321765,0.52459285568718,-0.997058870485476,0.00943602471971299,0.0760506456693983,0.756479411826685,0.354682352034116,-0.361214206946644,-0.996798706674685,0.113930029083068,0.0839609163760813,-1.04590454809278,0.274506421013772,0.32094588807136
74.59,-0.325062092041668,0.310214376521424,0.847083082486335,0.197666357677086,0.0774530169078997,0.173847032734291,-0.980169260563248,0.165601878545056,0.0623869313298351,-0.416933019191627,-0.596187188409727,0.500747794107733,-1.00869398398148,-0.00795202524897061,0.151479302724652,0.80932650307897,0.285592881020621,-0.359694859232687,-1.03032803478893,0.0941431172084181,0.0843370488529517,-1.02615313883549,0.260942849983365,0.365772524215576
74.595,-0.34469082674849,0.317356385632674,0.844442365943821,0.0732479859840748,0.0538406280426471,0.118589798192659,-0.962180343571158,0.167822067270233,0.0359167223073558,-0.56223593015334,-0.561732718462903,0.488515322690936,-1.00592673440716,-0.0247631489152358,0.212463057400267,0.822736047351045,0.20031207620145,-0.345781065230072,-1.06561153032984,0.0839964398089045,0.0815883528215326,-0.999784712499466,0.241401922686685,0.406631509280076
74.6,-0.373411066141545,0.279482751998045,0.834313178879922,-0.0375745690343488,0.027871029728872,0.0898567767470864,-0.944864337033482,0.132817757923191,-0.0226638224093905,-0.726344013001322,-0.514467967855126,0.471725746193605,-0.991030065810456,-0.0430842490299207,0.265317259469465,0.753233008379867,0.131178183665009,-0.322401534854798,-1.09836368881487,0.0811330511706659,0.07848524083884,-0.970966001309147,0.221226143556237,0.429650517209995
74.605,-0.418426822797858,0.299795143826978,0.815899689116413,-0.127569981435525,0.00271153671524163,0.0406688273323025,-0.963263998240888,0.121504403244371,-0.0359183769450724,-0.749478973478014,-0.482235269951617,0.442729928620653,-0.952633862294351,-0.0556998341406951,0.290980645151116,0.716221365544225,0.0814573993776967,-0.338584258288981,-1.10746644017434,0.0633980363049923,0.0734822664225055,-0.906872340311229,0.195964797376352,0.485077456697489
74.61,-0.430921637629696,0.28495337950214,0.833897180258318,-0.202553301693098,-0.00273108927329199,0.02892738326612,-0.992542916352441,0.0983555700594563,-0.0363703458298049,-0.755787806541916,-0.436975297903624,0.417886249582641,-0.915035914086254,-0.06604130441635,0.299647322849854,0.707781874521728,0.0495275407032785,-0.356146560091505,-1.10468698170293,0.0460080828591987,0.0635323908987148,-0.846223638929388,0.185058881964173,0.517153123617168
74.615,-0.451241769240223,0.231426716044458,0.867675725151463,-0.217143949010035,-0.000230265330270597,0.0384609633763717,-1.02036906768991,0.0969029768496716,0.00779005790554843,-0.723231553578467,-0.42842206711839,0.403264851477418,-0.890571096903622,-0.08568201110102,0.293050451460737,0.725096057178742,0.0342206461710235,-0.381074287108249,-1.09448736351192,0.0290661852372278,0.0565294240513492,-0.796318220054796,0.174330284845726,0.5363013312065
74.62,-0.492913832271999,0.160133793830997,0.87919742250643,-0.169058688597349,0.00294563951514045,0.00743568637724081,-1.01944548221261,0.104299100866224,-0.0259347183929012,-0.477791331742473,-0.522409364301947,0.365668610891964,-0.881554641845067,-0.109640656525688,0.269326930276076,0.750397419055483,0.0217046058302922,-0.404948815381502,-1.07817178122058,0.0274338686546548,0.0439709572832857,-0.761337299890974,0.147029874037606,0.544358572900683
74.625,-0.483630880055471,0.178177901448298,0.856441485365135,-0.0791717654515677,0.0130853376052069,0.00845201171461483,-0.988257961259581,0.0217168554702726,-0.0939266963459706,-0.319994094636532,-0.565434374294171,0.353350901255718,-0.8861158977807,-0.122591746010614,0.2366322163175,0.780849489696019,-0.00785965867173982,-0.441657384342392,-1.06221796494555,0.0290391276088534,0.0341012462788979,-0.730866492035427,0.110958407374512,0.537802257401271
74.63,-0.46389692395303,0.200976752715772,0.848944641070987,-0.030408388887994,0.0398039102379997,0.0399530533289937,-0.980260814777261,-0.0490561888505056,-0.0853275405028722,-0.203211810775862,-0.556059249015273,0.326849493768439,-0.897767020299201,-0.132750526334408,0.207949846206916,0.795209095705768,-0.031969224827031,-0.456145168603209,-1.03494611247787,0.0315574657757318,0.0145611513727153,-0.7001440468636,0.0837100103141659,0.520107745766099
74.635,-0.439999934861536,0.19257415638866,0.856472180441575,0.00942381333501344,0.0587884774796433,0.0601162185900065,-1.01271890742699,-0.038652563609372,-0.0740055888383313,-0.0869892890988242,-0.526886499496607,0.304555100455049,-0.916742705277548,-0.143835713441485,0.165324316152881,0.75149570265785,-0.0640321804105792,-0.484862944206227,-1.01237876250979,0.0332417267393208,0.00149803263113362,-0.675069317959018,0.0713432242167165,0.495559892064069
74.64,-0.438962909021986,0.19493147448264,0.865223687728775,0.0479780880359933,0.0618287958376011,0.0741094899838683,-0.99869144986111,-0.0409117814199828,-0.035094169521482,-0.0150924432468495,-0.505172969564765,0.265097926197835,-0.928184826038425,-0.143376054022847,0.119066009712535,0.694403469607928,-0.0755500723827797,-0.508365168619894,-0.984462552270186,0.0268460135772098,-0.0274682738307376,-0.642193284666922,0.102342484399451,0.449298975483
74.645,-0.441902236180085,0.189272166117095,0.878814567700605,0.0855706044084656,0.0802825322801791,0.0886436443058114,-1.01123361446824,-0.0381821030039077,-0.0107752777052345,0.0210201229924416,-0.508148447196646,0.274008254657248,-0.943319188396013,-0.135994758469863,0.0712247471437243,0.650595628357415,-0.0485609416907695,-0.526804636349173,-0.978061298941978,0.0329451865809342,-0.0352206516041842,-0.621560459983512,0.153907414687305,0.402175019639328
74.65,-0.472912071155653,0.144100772837035,0.900609228937697,0.141907244479914,0.0904792928583233,0.0905170477280099,-1.00436242653687,-0.0241396872502131,0.00415918991368031,0.114502039966111,-0.549067195648608,0.274413636985764,-0.965676842612892,-0.135633822627774,0.0238628164542722,0.597682615051307,-0.00482044939938641,-0.540868111468817,-0.978285184772516,0.0340138016904098,-0.0439330324893194,-0.61072659357425,0.218786011466105,0.339041923930365
74.655,-0.482766064790502,0.130754146195061,0.893509908580887,0.208541124264797,0.0841531537237231,0.0830375054096655,-0.984956194568853,-0.0332114730619809,-0.0314097125569602,0.208730452741105,-0.580490454429763,0.263631408519826,-0.990989084180844,-0.143810354725167,-0.00914550192737541,0.543506260875937,0.0414234883068802,-0.546106367488123,-0.984209829376764,0.0441810359380715,-0.0432690911943262,-0.6070929303415,0.279600924638475,0.287477605503694
74.66,-0.482951600164565,0.162141623570426,0.8777180982407,0.268314588937025,0.0872062052753508,0.0972261377675277,-0.966970993906616,-0.0602299776715498,-0.04778247494217,0.241165947499062,-0.568036212147673,0.262316827818163,-1.00861092188345,-0.161411719528098,-0.0465766170073312,0.418374030656806,0.0851742255068197,-0.536561035793551,-0.985067007932413,0.0480829889490495,-0.0355560303973922,-0.625717655270886,0.318346191262607,0.23702972538788
74.665,-0.47080640077631,0.186288821217431,0.870299801076922,0.277295777564372,0.0971509292844576,0.117943441810274,-0.974147842702336,-0.0535269335986456,-0.0474704354327628,0.158772836223541,-0.531511261869923,0.265345898112989,-1.01977794859936,-0.151124408182362,-0.0654206324233391,0.304189153972961,0.114640585708478,-0.50495797139921,-0.98674017836208,0.056728056903886,-0.0220487352577058,-0.629687823344051,0.330256692901182,0.198864816536606
74.67,-0.44604019111985,0.176233049506607,0.870314681749762,0.275697756603425,0.107872892850941,0.136642370067488,-0.985078835672594,-0.032667131371244,-0.0341908603086073,0.095790320623813,-0.505250491817463,0.27094920701208,-1.02752953439716,-0.117862520601079,-0.0810981300065227,0.188369351796726,0.13611524569886,-0.441232857465811,-0.979073222253199,0.0659908604655943,0.00120625409000245,-0.622927531545239,0.31278342116834,0.156604158062961
74.675,-0.442912857110746,0.17566421414847,0.871607135228523,0.270617634057999,0.118266743172681,0.144544795155525,-0.990421026427325,-0.0239047149208644,-0.0291827563719542,0.0141132975328407,-0.477340204387701,0.274979051160941,-1.02853407951928,-0.0963194104162267,-0.0818795575728994,0.132528606229919,0.148716301582236,-0.390807474395818,-0.980071953806303,0.0744179939128316,0.0225226761112703,-0.615276554381727,0.278774302816971,0.133044162574991
74.68,-0.442510645416441,0.19200668674379,0.86814583557248,0.253784792513495,0.117751624862554,0.138436317443848,-0.988641480336587,-0.0134848036482615,-0.0249680723194895,-0.0554655814996537,-0.460777428990955,0.274785882431278,-1.0161794896952,-0.0902828945641428,-0.0740953338955768,0.0541137507910933,0.147751077027632,-0.351166792830882,-0.984265325417841,0.0895948428275662,0.0482299835840535,-0.609541168874797,0.253795609605797,0.123823868036217
74.685,-0.429885875027681,0.213426074287744,0.867658181812471,0.223668200972296,0.123313483016233,0.133533290064035,-0.982257056440578,-0.00341789826566954,-0.017161240839579,-0.0984905707836348,-0.444672349989406,0.281807046681645,-1.00296022808696,-0.0962836496177656,-0.0501553929368947,-0.0197693785828438,0.121565792955665,-0.312205920688808,-0.985636749322364,0.0946677625084024,0.0639089061790331,-0.594140937498631,0.238147188470006,0.13239172505883
74.69,-0.416742325092924,0.203582206897328,0.860459059735811,0.190145015271512,0.127382558851082,0.115129044118248,-0.985218098344799,-0.00861553626590988,-0.0296686977217918,-0.133708761212768,-0.428724588079239,0.288075047658265,-0.996341322473642,-0.105222061900884,-0.0177814283905197,-0.0558104393985836,0.105243318403524,-0.28859521915023,-0.994598402516341,0.0993362586207782,0.0826522938100395,-0.577285406223137,0.201974300990824,0.134173884987831
74.695,-0.431363730019552,0.201831556193055,0.860342156497328,0.169333055422343,0.121796480481011,0.10408900088873,-0.99907668976372,-0.0224531530083748,-0.0383132487105618,-0.147822119614742,-0.404010157564935,0.296239577293031,-0.987985010191635,-0.114012124755328,0.00251849598954087,-0.0811318825286738,0.0928619319894854,-0.272212587733854,-1.00529902753662,0.0968849370648829,0.102748106186115,-0.556038482248463,0.157924102780332,0.134173884987831
74.7,-0.444079622883989,0.231322832690847,0.830597845355399,0.151663518303927,0.101762722127866,0.0908068915592096,-0.995303921860747,-0.0227647296581533,-0.0307495197900625,-0.119981693538852,-0.392224110439261,0.2952701151371,-0.996182376624096,-0.114991530199664,0.0288225237119905,-0.0876083829931697,0.0786586584327224,-0.2906664108902,-1.01701852054213,0.101701042691349,0.103318662973432,-0.531986397050012,0.112156186758216,0.137638723048343
74.705,-0.4358119139975,0.295352978989231,0.808782683244491,0.109550765985163,0.10956137820317,0.0969776497443661,-0.994287618159998,0.0157212428493114,-0.0219102955392305,-0.0579224682414136,-0.364079339796702,0.294514133708005,-0.976411682191053,-0.127674557997727,0.0756532611469038,0.032367027426157,0.153931252508016,-0.338414032579457,-1.01228888957655,0.0948269570740621,0.10224056403062,-0.5002110721307,0.0672181232344786,0.13539557158947
74.71,-0.423849625340614,0.267855408865995,0.828029650716238,0.0721657077573978,0.113896377384663,0.112927302634106,-0.9879855742561,0.0483201796232399,-0.0154359679933621,-0.0304395850385834,-0.337799433125908,0.28884231719108,-0.95378079642726,-0.151202178017851,0.110897624259069,0.0950372109812178,0.180025450707408,-0.410596191480812,-1.01508226495069,0.100260639296419,0.0916988676776867,-0.456325741215627,0.0362941981016955,0.139615874336552
74.715,-0.412698362773764,0.227446066403033,0.853065272912518,0.0554392893117484,0.103377108074969,0.107839142163568,-0.995294485954782,0.0791537196639403,-7.7488739453035e-05,-0.0380130796410385,-0.32977642784878,0.277773235979414,-0.938711668487921,-0.196900288910907,0.156809963164316,0.13368210272035,0.169957782240262,-0.413403250372457,-0.994305225600133,0.0997997722117939,0.0793023982191998,-0.413193136679231,0.0244922559630476,0.154807603369459
74.72,-0.429043737393033,0.211733113638667,0.862268326467412,0.0826286408685033,0.0953511808678573,0.0855737798645279,-0.995151689338035,0.110905882823081,-0.00245768834700574,-0.0485133952079696,-0.318872684733649,0.274615175992593,-0.919520750729835,-0.215877622182049,0.187820167734488,0.204855208241738,0.168325291399796,-0.408125915131535,-0.964172829298461,0.092810054036303,0.0803945665717145,-0.352497389401419,0.0210880650045704,0.15819657308878
74.725,-0.443924370120427,0.223213381178513,0.849877072387396,0.123017144788008,0.0899603252054021,0.0789352154016114,-0.99017856346452,0.101722945070463,-0.0181214517079624,-0.090747810540804,-0.350025375115617,0.250475189233336,-0.903992461849935,-0.21472900287584,0.207689716797064,0.299577908729884,0.158063483865535,-0.397811338332374,-0.954489395957823,0.0988603326335711,0.0572775363496845,-0.277670670952781,0.0159478604079482,0.169571523728434
74.73,-0.43972339774862,0.238882844526016,0.835694618394107,0.160961872954271,0.092890441142429,0.078466510212731,-0.98181157348465,0.067196731668201,-0.00907766918997086,-0.103974416261441,-0.362532292162489,0.234900225136382,-0.917182455351678,-0.216254495453084,0.226767759237013,0.434168742450159,0.158582695318921,-0.433982377743957,-0.956921764203994,0.103176672165355,0.0405185568509875,-0.219775459919324,0.0119754833453996,0.182939289184599
74.735,-0.423953508059166,0.264067272779638,0.839893336466889,0.179153971116964,0.0987293839005218,0.0734781310861139,-0.979363825993032,0.0487669803748854,0.0290011155817522,-0.0835456663965647,-0.369533026507106,0.225628547380656,-0.950303742141508,-0.231028192270443,0.243236899058752,0.546920186709187,0.174826911292513,-0.439147718552845,-0.957897581737284,0.109604970923515,0.0234363978258382,-0.165208027975944,0.0221772021394298,0.192191400823348
74.74,-0.421509128186631,0.249633442820115,0.865931668076667,0.194309693667324,0.0973280816447093,0.0661916404731493,-0.977711830143764,0.0456258795058277,0.0376074277558364,-0.0758322015132901,-0.352938721742299,0.232348066785735,-0.966890333047215,-0.253105930602727,0.25036971405813,0.663988072481321,0.177805438003234,-0.442320749993426,-0.955492092676135,0.120033915404235,0.0117204245707996,-0.127690324433528,0.0344772204965888,0.198237440236969
74.745,-0.458320131315522,0.215104841279989,0.874172925090401,0.226556376089005,0.0651907327698239,0.0554413465469922,-0.965479162415362,0.0661806104944956,0.00641575514246388,0.00249787617132392,-0.387551110350062,0.212599740763932,-0.962228092540707,-0.259417783807648,0.247078750381987,0.738901279570221,0.156000762733542,-0.431988747010715,-0.948031197827258,0.128178838717498,0.0110720914906678,-0.104047547435384,0.0540544867392006,0.207028101016685
74.75,-0.492283152964626,0.215294091107895,0.8567469922773,0.23957773759768,0.0551190593503263,0.0443205173662537,-0.951100635619564,0.0526921375448467,-0.0141170984205171,0.0749127104920753,-0.37773871528339,0.194960168814261,-0.949396469203779,-0.261489338622937,0.236939516863043,0.801967634410785,0.124843476329008,-0.400917785729083,-0.939809292122132,0.132991184358785,0.0158696713762803,-0.09361257604735,0.0622298479669364,0.214609148047286
74.755,-0.50059301678981,0.239492664894119,0.838161676120858,0.252034466633708,0.049686799386648,0.0555146878600928,-0.96823473343635,0.0410869924217578,-0.0129196222423667,0.0577643523527267,-0.352881686392764,0.196501465660256,-0.939160365719005,-0.256895046597423,0.21434486346852,0.883171647626974,0.112976737027423,-0.364255871051041,-0.941685680922336,0.132245406167063,0.0234857883850209,-0.0935623452920614,0.041964055499997,0.226300902184359
74.76,-0.465390800071595,0.255470701689336,0.859541673901041,0.237092828929257,0.0571054809270454,0.0850590946019864,-0.989320646187465,0.0378034215855018,0.00192927758058351,-0.0706477617400901,-0.322205533509751,0.199659491937386,-0.937992670539416,-0.242058032421506,0.183021327667204,0.949354648773886,0.109683989516591,-0.34372923968208,-0.948891683055921,0.125550285173444,0.0356989557097665,-0.114238118884668,0.00399845604475441,0.240968368679557
74.765,-0.426546881604708,0.238890382021025,0.84093377187597,0.220061704651081,0.0467579656981585,0.0946611492629935,-0.997163898009676,0.0443623445291352,0.0153926626727158,-0.133927116174569,-0.296958393509093,0.192034853518336,-0.940858806605879,-0.223371300765098,0.137716834689364,0.965251149176631,0.102911829016098,-0.321277218754902,-0.94988394850181,0.11420846491957,0.0486681727012423,-0.128751629433261,-0.0467167302448278,0.24737539956319
74.77,-0.423189861369851,0.219963400656713,0.846613650054425,0.191852846704451,0.0627486104592504,0.102095184458413,-0.981465760920186,0.0299733879489104,0.0232937716647191,-0.227950139779902,-0.277285074634024,0.189778728588082,-0.961775084164935,-0.19946091802142,0.0822428782499267,0.969135244588915,0.110938603172657,-0.302259252903635,-0.947317592407021,0.0987417997160056,0.0598972172479446,-0.147617213830549,-0.0923081563986093,0.246196606539608
74.775,-0.433084939964768,0.203772587223681,0.853064470085659,0.16746625647657,0.0740181451872381,0.101609139827055,-0.966709507616528,0.00975263350423308,0.00746059287514932,-0.305122244918818,-0.252127045284446,0.185602626113186,-0.99039062363496,-0.17974069506903,0.0378786644295766,0.951285845479437,0.132109766943546,-0.293563672558097,-0.942336982591082,0.0793906669511406,0.0690270671249614,-0.157891861277571,-0.146302346801888,0.234030204098062
74.78,-0.442024240757426,0.211292438522809,0.848818544216679,0.167798997404807,0.0740221150769145,0.105063115675062,-0.971362035417945,-0.004846861546275,-0.00782055125185377,-0.336123899095155,-0.228119115434638,0.181415321363567,-1.0175456588015,-0.151570922909101,-0.00546473244060894,0.929401526332289,0.178542652744045,-0.2592901395028,-0.941092986170236,0.066018354138978,0.0731526243008519,-0.176949236685922,-0.174658150258381,0.225799348829664
74.785,-0.424991480687409,0.240116259770637,0.836395969419099,0.160692773049341,0.0839717777533497,0.128621288666792,-0.991294050631674,-0.00963216281527275,-0.00361417718067871,-0.296771235158988,-0.227094935554575,0.17145552964544,-1.02660212862636,-0.140524076788788,-0.0199101861082684,0.895959977631722,0.218987233158245,-0.232047029579535,-0.955470759788283,0.0574537092595961,0.0745128190861185,-0.194112281217389,-0.177447613919947,0.207354627348955
74.79,-0.404336774190058,0.251165634276527,0.840080329526798,0.145051783702205,0.0802208192859319,0.144118185005004,-1.00654770508415,-0.00407623143020473,0.00594487934151088,-0.205572237406204,-0.228498323248835,0.148228259397535,-1.01919082216341,-0.133345901591643,-0.0361265529882447,0.835430658615737,0.259538900476144,-0.198605659979151,-0.973033783856165,0.0479922557663363,0.0757866354636779,-0.20647259858537,-0.157401893468812,0.188851721015689
74.795,-0.381877380907799,0.255084538328627,0.84076630789586,0.129673976435878,0.0590198445987244,0.144320392973531,-1.00554428030049,0.0185656801478897,0.00607372232573143,-0.127065462352602,-0.229494701983795,0.14919698455007,-1.0100673613867,-0.138978150455166,-0.0523145277500179,0.746899362700626,0.285927136602748,-0.196533504368695,-0.954808360607023,0.0460265202372379,0.0737638040952691,-0.225598064280629,-0.123797092582982,0.166702822885608
74.8,-0.392560489929928,0.255920454659235,0.83700152699593,0.122792601585388,0.0521518244272884,0.130673948410046,-0.99973559879948,0.0597665596849865,-0.00893105890409888,-0.0412721854876288,-0.234807186858737,0.150684231609941,-0.992740913520405,-0.151052871889527,-0.068325527736277,0.63760806430476,0.293467152660544,-0.209023604067881,-1.02234517592378,0.0472936065522368,0.070023959573024,-0.224499598145485,-0.0935342777156603,0.145555089635581
74.805,-0.455322470184403,0.245629104133556,0.846920775702928,0.129461818384264,0.0660679433079624,0.116432126073153,-1.00823694293929,0.0749748723260377,-0.0382640538443425,0.0131895589966393,-0.255714563831362,0.138074845209188,-0.963139977800242,-0.166017767703302,-0.075863455532136,0.519200298650559,0.288843900594788,-0.224230260166471,-1.03730768568781,0.0478415911469364,0.0721575469311253,-0.222077166781567,-0.0753559233149444,0.118737504437867
74.81,-0.493921831984116,0.227425697139168,0.856681886117606,0.170334286743204,0.0592974398065135,0.107049578318582,-1.02154956496872,0.0847589731064295,-0.0788172851874416,0.116902035676952,-0.279396134357764,0.120980050431892,-0.919815698974775,-0.187679334490433,-0.0721916360854709,0.394049733512946,0.273112320308666,-0.233254552558668,-1.04299478714088,0.0524803910492281,0.0740955855852394,-0.205272354126,-0.0763922630418364,0.101342053438831
74.815,-0.500637648519169,0.21829235677545,0.858784238214029,0.23191475032139,0.0583701007980646,0.103282196308092,-1.03156387435309,0.0678014392010081,-0.085271634565826,0.292909370515388,-0.307786273994397,0.101599299197,-0.8819581873408,-0.222542830498046,-0.0578231324915746,0.252980188654924,0.2498152560205,-0.237758565442191,-1.03862257740662,0.0566017757816447,0.0716635990981204,-0.180293980216362,-0.0957413095062458,0.0900463308392281
74.82,-0.489113807951959,0.238178849241669,0.849249119276833,0.273600190292798,0.0575023725850309,0.10691733469281,-1.03411801332483,0.0669985617981473,-0.0711879377545516,0.399331974029903,-0.324001721540731,0.0727445207842303,-0.860960831883856,-0.272716077478376,-0.0289156498931229,0.113881322756291,0.23180769577292,-0.250026983778528,-1.03317434875698,0.0573363460296562,0.0595102783396965,-0.146262822467214,-0.127286787614258,0.0838781057032088
74.825,-0.471145750855212,0.266369021324932,0.844250766621594,0.281516278689916,0.0535235631273781,0.109577134551422,-1.03521240927326,0.101816541209999,-0.045490927896019,0.420625693755991,-0.338256336876393,0.0648594919488479,-0.849759792782993,-0.325076941154477,0.00729176187861086,-0.0539060028203041,0.215265408900303,-0.289657197836732,-1.03246773051809,0.0592839312744742,0.0409087432105752,-0.0942383955552257,-0.167735046296585,0.0804247921379025
74.83,-0.456933100487571,0.275151458880163,0.83700043968627,0.264259595480526,0.0481925565596191,0.0947229970093337,-1.02134569780094,0.139328716321249,-0.0179887812678937,0.410265814844819,-0.350253666885216,0.0420617474116906,-0.842148975507854,-0.370385133129126,0.0418907330024345,-0.0587339550447938,0.183046163928516,-0.355260057214032,-1.0326978499067,0.0627692465721654,0.0307660942631037,-0.0530346799585398,-0.187221974555861,0.0793784410814968
74.835,-0.441328231609597,0.28882922333721,0.831660277450544,0.253981101735262,0.0418164059519768,0.0780044906361071,-1.00301599961681,0.132683574636594,0.00336030685539009,0.361505027746546,-0.363440490379279,0.0284435746088532,-0.838537108657355,-0.402275293381031,0.0830879370109035,-0.292770452164891,0.161217067115586,-0.413514247328403,-1.02828602255492,0.0704345855462027,0.0100601758203712,-0.0178116251803759,-0.194414381325861,0.0864771670785012
74.84,-0.434313987352166,0.263883420180656,0.849252752745713,0.252860732500621,0.0432817497961344,0.0624882150344674,-0.990215981174951,0.111856443500696,0.0038551046922205,0.28407134334598,-0.377633652687947,0.020019882226993,-0.841267879680165,-0.432986789851639,0.126179186552302,-0.39649632530719,0.148708258923161,-0.465684403837288,-1.02431790624761,0.0712481721387578,-0.0136405943251589,0.0221379308567034,-0.190936754961645,0.0836356847700656
74.845,-0.455969659619018,0.239392520841392,0.860401068562654,0.273943860836017,0.0507181039723722,0.0541339112173383,-0.983557090979963,0.0795099591266853,-0.00333436509656884,0.265294291825058,-0.391542812384566,0.0125767739514254,-0.849846064663852,-0.452846346373923,0.153390782161583,-0.375054959456586,0.135257790392493,-0.490394853902957,-1.0149458616853,0.0818526484510078,-0.0222005285452242,0.0446643163260367,-0.179179498338922,0.0743174381731319
74.85,-0.460855771275834,0.234329351052224,0.858290932932137,0.297647941418367,0.0522410096730612,0.048681981065859,-0.984534975013008,0.0514880964688869,-0.00548003752156483,0.24638123784594,-0.408543037071477,0.0083356939804047,-0.876128040535731,-0.476334107136546,0.18448584501651,-0.322062945831699,0.110840334426293,-0.517272352165577,-1.00940660839243,0.0876907044791238,-0.0355311712138174,0.0759120608675276,-0.161345907688507,0.0704842193422415
74.855,-0.469080395806183,0.254980188225318,0.84553844626967,0.317215306090917,0.0605673515572641,0.0492526255548,-0.992173868461013,0.045118170794225,-0.00655873412075027,0.213482785794906,-0.405909054162552,0.0150406044889943,-0.902413605306034,-0.492078449911013,0.198254066686881,-0.282405962485894,0.0848296444868862,-0.516093804268575,-1.0010053582943,0.0992317192289441,-0.0405186210196443,0.0949617021255334,-0.148027122718827,0.0720723861302259
74.86,-0.467460958469304,0.263006873392762,0.847527290315103,0.312065317049947,0.0786470935158263,0.0654943685038781,-1.01847069805729,0.0514245090245236,-0.0182150468287601,0.162588779163335,-0.403872578154994,0.00845004379792645,-0.932187492514665,-0.484375809544938,0.198272703665092,-0.229523219961054,0.048087907173521,-0.481371651969202,-0.999585953874238,0.10238782056066,-0.0374536563823152,0.114922576550017,-0.126230551815922,0.072684034346195
74.865,-0.464398107905815,0.262864210624204,0.830901219373595,0.307156359346532,0.0884649893416706,0.079380303994149,-1.01816840706461,0.056480448989596,-0.00997227951870689,0.110786240864905,-0.401893886601155,0.01145270047492,-0.958233263413045,-0.456174057643599,0.188552347309239,-0.170727996873832,0.0273978953241799,-0.427965987822489,-1.00313766105527,0.10268546935645,-0.0302447107080058,0.133214026538154,-0.117811493180918,0.0666274207580352
74.87,-0.459275172836854,0.272329923057319,0.826163031850453,0.287320717445954,0.111102557774594,0.0945354433314115,-1.00947066057745,0.0750000187505941,-0.00799971455847752,0.0811023491947974,-0.400163485414576,-0.000690432891791389,-0.971451054802643,-0.410521198032095,0.175039641036711,-0.124956087374046,0.00433642701665439,-0.340756106136628,-1.0087809207854,0.115028830957977,-0.0172055953155301,0.157117534109517,-0.107454943367915,0.064007930967925
74.875,-0.47070342470663,0.26937964112252,0.828753544303838,0.267821636802395,0.121664201093301,0.104581484088445,-1.00256467434166,0.0828841470158912,-0.00688643755905023,0.0191795804052217,-0.395926445444408,-0.0101389924501293,-0.971976978913302,-0.360031337521884,0.156150508687813,-0.0935650088570335,-0.0113123169338161,-0.250783345916054,-1.00669075866285,0.12651759876083,-0.00522762328926724,0.170086519510198,-0.11195411691134,0.0584500279834407
74.88,-0.453059694536597,0.269524972497073,0.833541877247146,0.249210338563652,0.120201313206035,0.117716625632961,-0.994197552734315,0.0767600048633179,0.0102954073453271,-0.0723755760369207,-0.381128388557745,-0.0134293843339883,-0.961628834946124,-0.312905524925827,0.134013827496201,-0.0652186573854164,-0.0139833402069629,-0.186614781001362,-1.01189372251391,0.127771279610799,-0.000980509876661693,0.181008239185717,-0.114608195568135,0.0596505142748356
74.885,-0.436432106464835,0.268781744386673,0.825064336656211,0.230802757082667,0.122590510457647,0.119176845044429,-0.987761928623329,0.0729316010074915,0.0237897993813515,-0.129453789934178,-0.383281011653864,-0.0303032145928756,-0.954940365390589,-0.258673131810835,0.109199645349583,-0.0280511820458884,-0.00582919259028928,-0.134319841674172,-1.0082652772444,0.135626904654545,0.0054979434378497,0.178843984612656,-0.112021409660787,0.0596505142748356
74.89,-0.431599643596328,0.278339566891751,0.824251110640825,0.210591081514919,0.119465541807359,0.118247699245893,-0.980285384922944,0.0512690232000345,0.0409874082688227,-0.139852262162129,-0.364676977801241,-0.0373142712076538,-0.95248918981689,-0.225234435266296,0.0858163502979435,-0.0049966467089749,0.00401439517736435,-0.125580165458263,-0.994961553917216,0.134641976606447,0.00680952628128978,0.178284151643107,-0.0997583791613579,0.0610291515100848
74.895,-0.431918400524014,0.28207845395349,0.819617724477518,0.185731274556439,0.112232610486281,0.111680266655771,-0.979970282742646,0.0451662992210024,0.0485577996857287,-0.120695684233757,-0.360246552969113,-0.039961651844604,-0.951900026625381,-0.20300892809845,0.0631939253745964,-0.00425737666879814,0.0240343391478587,-0.151070072936355,-0.975420667482353,0.131565389993314,0.00344408415162366,0.179881274700165,-0.0875425543957094,0.061075916982137
74.9,-0.429993121997988,0.278173566556061,0.825524197859711,0.168432342553755,0.105284161515355,0.101906196351743,-0.979595398261107,0.0155296986350231,0.0498924396716336,-0.0703459635827632,-0.35354352298565,-0.039404008651598,-0.956500196612683,-0.194601823587671,0.0436598150364355,0.00570778673219739,0.0324377329420916,-0.1618782275264,-0.952978101600423,0.128008407019377,0.00360571013412388,0.186644059829227,-0.0648813213741335,0.0587125166886101
74.905,-0.435229203770691,0.283911293745593,0.828499670222546,0.152674286033786,0.0991677656448203,0.101586177285872,-0.975122221597425,0.0075149354546277,0.0522081956804383,0.0407877573143666,-0.344722317220593,-0.0375716925157752,-0.95421953706466,-0.18793654898635,0.0305691857124256,0.0100901471376272,0.0355409267375204,-0.146685572794264,-0.930031086669845,0.124556681579741,0.00772596561699693,0.174555790743286,-0.0324485495441142,0.0643762538064301
74.91,-0.435408011785852,0.299121517916715,0.817987490529397,0.14212398803745,0.0789085927586691,0.0950815721314345,-0.972270266149827,0.00388769992647993,0.0631805656856606,0.131446393068509,-0.334879276711953,-0.0351719786625648,-0.933286097421495,-0.179652527306587,0.0264045540465575,-0.000387200197738962,0.0347621997946002,-0.152450745491559,-0.903421995943282,0.128713184379489,0.025968079719037,0.157350226079841,0.000958400855007432,0.0701024869040375
74.915,-0.43974708392685,0.301352084939349,0.827413225846683,0.112997269582955,0.07708389448573,0.0909518809373199,-0.959597177642733,0.0273266062519786,0.0851634069347187,0.209017730424864,-0.334080680047617,-0.029811622806345,-0.909525102431498,-0.189144058677219,0.0264465568499033,-0.00779870856635669,0.0419820199596078,-0.173987605233889,-0.889792663514268,0.127587087723145,0.0389099577369119,0.135818847177233,0.0283901755543072,0.0736784383893566
74.92,-0.471601469947683,0.270650776090622,0.867842233040001,0.120903614115245,0.0759825424333113,0.095924839066637,-0.965364147573001,0.0561570490719066,0.0768904836449086,0.25558934951963,-0.333462427259956,-0.0289204283799427,-0.905839172900779,-0.215181852456873,0.0378393099869923,-0.0327237130216113,0.0453743402993825,-0.19198656729934,-0.883143131907999,0.120851772276179,0.0462173995293196,0.0951657024869159,0.0126326167403821,0.0730891525745392
74.925,-0.487091247380166,0.242433947109535,0.864880865053053,0.185743402918458,0.0722744361381211,0.103729388742542,-0.977563282030489,0.0782641528542305,0.0521274059478697,0.219113040499059,-0.30963437951716,-0.0234215186912574,-0.926667888127124,-0.260853520180506,0.0591507409257651,-0.113597818722852,0.0411386580431833,-0.191345942175103,-0.892254495649742,0.113768029887354,0.048111650443065,0.0491411647910513,-0.00895620307727579,0.0726813988532809
74.93,-0.485990892278028,0.256852950198998,0.844662280461325,0.229111424636524,0.0662502944469452,0.110026221657579,-0.986419981966602,0.0865518342884222,0.0537185343296402,0.145859837526124,-0.311858834937746,-0.0403490089381714,-0.95323988536408,-0.289548985801543,0.0822886981668121,-0.190736773502714,0.0349374283960358,-0.201265292997925,-0.915234302835463,0.109687188063862,0.0421858998487274,0.00788437482307989,-0.0364867172536592,0.0683513043533426
74.935,-0.470435867152228,0.280673669957884,0.829413802127541,0.231778841449248,0.0662502944469452,0.118879954654784,-0.986722219743225,0.0766838400614815,0.0676703408831115,-0.00197585201537426,-0.288287168263241,-0.0500532828576109,-0.98782877309103,-0.314624458300467,0.110065226878687,-0.252540828396774,0.0223254278398932,-0.186454247382925,-0.946469443162623,0.117704289987031,0.0328465371749775,-0.0120949414015961,-0.0508723684595083,0.0627138668914888
74.94,-0.439499452317413,0.287121736318879,0.828248186939345,0.220957056612933,0.0677602743749188,0.128662765026093,-0.983523087080248,0.0751328885110465,0.0710949436520305,-0.14331186697906,-0.278675271607948,-0.0573821766428935,-1.01377282070109,-0.327921626336591,0.136627972620122,-0.244218828729152,0.0140692691882029,-0.146232525413291,-0.96416648571072,0.119908462561928,0.028447809482168,-0.0237380367257238,-0.0548363823488378,0.0650505644870537
74.945,-0.450071049498848,0.269274826140394,0.833872134531096,0.190242668606441,0.0772455483675003,0.127950472373838,-0.981624335159242,0.0685204768819998,0.0670491450047318,-0.261295045479483,-0.259948077207576,-0.0511943237377944,-1.02744537391305,-0.334300279501791,0.153655296347867,-0.185994004249769,0.0175066648920261,-0.0996048558116186,-0.983805657727978,0.140545065182233,0.000384904696853324,0.00471317494502078,-0.0330516451552868,0.0787318309212508
74.95,-0.455041286541343,0.26146663663412,0.83912632466754,0.173107324721523,0.0759381674384904,0.128180444328595,-0.980186495346367,0.0445871947458345,0.0604711988195219,-0.317341963578665,-0.252071557719287,-0.0641191346314237,-1.02904878592269,-0.331994300361159,0.159605293039672,-0.110104590716792,0.0129446596168246,-0.0609803804207576,-1.00105973224608,0.151436366025725,-0.00617487990167947,0.027762722480635,0.00967822575932443,0.106002205051859
74.955,-0.450039900469893,0.254150556460944,0.833628387214474,0.157407254164208,0.0651766735440665,0.120258970778898,-0.986414948106169,0.0273257336618361,0.0552940121628833,-0.323797614659928,-0.241769727671857,-0.0741343776379833,-1.02147017097399,-0.319057850363701,0.15659361980424,-0.0160108286075663,0.0103461720225052,-0.0240265912111276,-1.01183183441096,0.161948620610743,-0.0132446080152479,0.0639130330947107,0.0719250681929546,0.144247608092649
74.96,-0.454930391863932,0.275381158504847,0.832136428881374,0.142997678440559,0.0614147663444858,0.117616262999119,-0.995472587606463,0.0175102178144132,0.0509852767998058,-0.306274209194799,-0.232027623113161,-0.0764313328821562,-1.00782365429391,-0.291235921203962,0.139752638967601,0.134065426769864,0.0217987492505408,0.0171365745493261,-1.01194395384819,0.167187168183099,-0.00652404427916403,0.0923736890845878,0.119280753007374,0.175634357433508
74.965,-0.454355301347809,0.288664952830704,0.822611014087216,0.121410337601365,0.0614961593065912,0.11680883471455,-0.995688931576897,0.0295258417758673,0.0505427023958545,-0.233506407424396,-0.213875478302149,-0.0833520206887901,-0.998215870142609,-0.258141477913517,0.124789716826117,0.224981145397794,0.0308916736394167,0.0511145893398338,-1.00826458254278,0.162480274446368,0.000851858430865887,0.115087681645865,0.139262189831232,0.213050279704319
74.97,-0.454640750999172,0.289212222524728,0.819099448642936,0.0989173901157748,0.0582918930365802,0.118295744371265,-0.996242872264252,0.0484290529200973,0.0562563452565219,-0.170220430462563,-0.204519420470918,-0.0897277446557458,-0.991039405214389,-0.226418213778382,0.120599542385207,0.272709457627153,0.0322454692766454,0.0840976893003047,-1.00904308487781,0.155898081602723,0.00332358032035089,0.130783192434991,0.150293461831043,0.244061312960127
74.975,-0.434747478564507,0.295463181338543,0.812542657633033,0.0742954106068971,0.0548432294395611,0.105564936460968,-0.991960011005913,0.0808111482536203,0.0629907219323353,-0.123819122613979,-0.188848540887714,-0.0999712164704268,-0.993096230686761,-0.212425991378497,0.122191623529593,0.285595296344818,0.0373148311924526,0.0842154709602523,-1.00661594740192,0.146978660529615,0.0072744156904631,0.129042323066054,0.152545906267893,0.255496384882302
74.98,-0.42180881577467,0.298212913491836,0.810961589050675,0.0445031984205318,0.0375961173529861,0.083924664662876,-0.976097528915347,0.108787354589747,0.0878902286985488,-0.084121174675676,-0.181336392599234,-0.114475969142509,-1.00403085138647,-0.196675265252632,0.115641309553091,0.235655305727776,0.047352536895521,0.0945970700493156,-1.00615676682829,0.133597792072931,0.00556187951623585,0.125458510717371,0.143244092835268,0.256992271077654
74.985,-0.39858436894864,0.307941882374697,0.819355279532408,0.0358734756089082,0.0229979676648686,0.0620695633618428,-0.964903316941348,0.0952237052287286,0.111772968015458,-0.0871563579032912,-0.17671255612008,-0.124067497927645,-1.00899314815252,-0.187921669998236,0.108318968932512,0.175233588130369,0.0562838141270654,0.0889441535584084,-0.995871801653607,0.130340244236626,0.0097586848464246,0.117238193495393,0.12074350959447,0.247204887756143
74.99,-0.404289419040536,0.271817084438508,0.863734779327335,0.0197226648447091,0.0180166794849477,0.0378842122534482,-0.967018343635839,0.065860816795823,0.100385645335573,-0.0991348948579463,-0.190724970002724,-0.131437328600539,-1.01068456015243,-0.182774665791187,0.099573134050314,0.137055784893714,0.068297168641978,0.0779749365594927,-0.993485892800017,0.12725492292625,0.02216091075439,0.116353169083595,0.0867046087901487,0.229708931156245
74.995,-0.478880341498192,0.214626923494335,0.884014099399141,0.085534301370527,0.0186042040586472,0.0265853865815685,-0.97127080873486,0.0380508410771815,0.049612387167515,-0.0343472724047418,-0.209837298815827,-0.155975021274224,-1.00492620265486,-0.176759240475215,0.0913373791532323,0.0986454810273444,0.0901161986098098,0.0710716628797214,-0.987803649107804,0.11867719296592,0.0356657003719854,0.127522101255829,0.0463075944281833,0.204874812934072
75,-0.514690455950628,0.20326983963136,0.873560995222275,0.15767088240996,0.0148468031857664,0.0280929903072417,-0.992155236578932,0.00397540089716294,0.0084469382165267,0.109067130630966,-0.195731658180275,-0.181867657146078,-1.00325928648555,-0.175484688034924,0.077127950288027,0.0608512386839819,0.0962928230538884,0.0524933549296211,-1.00444851067834,0.111619058903056,0.0499520087358911,0.133198521235657,0.0164340111465733,0.180374976853536
75.005,-0.518011542040397,0.247916871949187,0.840934627633566,0.210092077929864,0.0139038209971304,0.0548849754265348,-1.03437946863365,-0.0179590313748908,0.00930155824398361,0.22048265317265,-0.179359261793276,-0.200570613001838,-0.994616226345498,-0.176299220429608,0.0550170308095677,-0.0260899292237702,0.106192370892385,0.0403132531634777,-1.02831000166443,0.110638344938971,0.0665144116370159,0.139598576655553,-0.015023783036716,0.157023124801539
75.01,-0.510876195632455,0.273690245020352,0.831832195238478,0.228237426947277,0.0173825100064278,0.0771514486974084,-1.03052693842679,-0.000713757758514658,0.0296924627116583,0.343586007703403,-0.158874168013804,-0.219723916349568,-0.997958737290879,-0.1734660348729,0.0496247387486532,-0.14690559723565,0.108541231744745,0.0277223816352505,-1.08233157956559,0.107090679477939,0.0868232918007689,0.11933241354074,-0.0386564772679137,0.13279074269756
75.015,-0.493150872026143,0.301300071854963,0.820266672753877,0.245669397847569,0.0088072217696899,0.0903986230695252,-0.999482805219637,0.0529922708060434,0.0678832410098882,0.462451931622796,-0.12005943533244,-0.232212247015562,-1.00842721871551,-0.175519372327033,0.063920566046343,-0.274962523296786,0.131896330489242,0.010171999761559,-1.14568296015396,0.103914818125319,0.0985617926918584,0.0963630752469805,-0.0657791131794168,0.111310774906133
75.02,-0.463578268722534,0.314672674388095,0.801970086861117,0.23486081529998,0.0089101064956548,0.0901545954257478,-0.985155198772726,0.102286272366506,0.105191474300683,0.526030760739272,-0.105628847668008,-0.248964323835455,-1.0121059244891,-0.177451076332107,0.0795937562803205,-0.393647885691951,0.133676881401903,-0.0337110868719558,-1.21401376671579,0.105584444645031,0.0943069165209253,0.0719748547279341,-0.109206326343648,0.100883763050142
75.025,-0.446425305678559,0.314055616480378,0.803071571678044,0.184260119343017,0.0130063373801282,0.0646603890949034,-0.969731092142294,0.148518595551045,0.131305675702196,0.507119048944619,-0.0722194839906624,-0.262239668396797,-1.02756633412713,-0.184149102727454,0.118404741565986,-0.507145863912139,0.118929249623662,-0.0369340645808862,-1.25821843726063,0.107121324962586,0.0823920975224533,0.0342636226852382,-0.185352504880012,0.0999022310196343
75.03,-0.429039495287651,0.333041065254837,0.789784102800694,0.154022453098048,0.0030752171271604,0.025919654665349,-0.957058149305554,0.182758245926912,0.153402240751699,0.461317059004647,-0.0472092991774776,-0.277083451355632,-1.03406885670293,-0.191768415720386,0.156772063893139,-0.550392283277112,0.110243393340477,0.0175171755408018,-1.28194320406687,0.102087265713597,0.057609758607299,-0.00342219231932124,-0.260598485682247,0.106951766950514
75.035,-0.416298023699285,0.362913857634892,0.778945374783272,0.101736272888626,-0.0143213454073501,-0.0176395585620087,-0.941574870547815,0.20681728922253,0.170454264121178,0.380794690332179,-0.0194338296260179,-0.289665939029466,-1.03975534037486,-0.188277675110277,0.181495550564588,-0.56858586479691,0.0974146727773811,0.0585399211310184,-1.2960544303678,0.0888887242274921,0.0203383249787715,-0.039949003435405,-0.358508543246769,0.118657570062396
75.04,-0.41998450483294,0.369290250391434,0.780926790325954,0.038370691247755,-0.0216696237149323,-0.0564864429378166,-0.937076248366906,0.197411911936202,0.18653666516089,0.279583022067086,0.0072554719992823,-0.314730399411472,-1.06479222881241,-0.174229469972484,0.21355350150633,-0.546140448151838,0.0996138884065318,0.102113641254332,-1.27521667387927,0.067417887454915,-0.0128300744883112,-0.0593909346080179,-0.392245422115914,0.135035758371647
75.045,-0.421342256670882,0.349157371651112,0.792040261039072,-0.00856218121385098,-0.0201367367362748,-0.0817192950149221,-0.933420180779016,0.1652364974439,0.18906969136687,0.205623917892447,0.0294251958019517,-0.32654226062781,-1.09407402240187,-0.157305072757175,0.228737575180578,-0.501232716617588,0.104193352162838,0.153213363621387,-1.23442157791065,0.0626181904743076,-0.0179735384945693,-0.0421516801832125,-0.364168225193788,0.120794781011483
75.05,-0.424114426902691,0.333113145248259,0.802054857878309,-0.0530352047902945,-0.0272298843215065,-0.111946916321416,-0.937184430448441,0.137578107769675,0.184167186076812,0.138538076992793,0.0680715543099689,-0.344551623352359,-1.13087111514945,-0.129022491950073,0.233421075356712,-0.447999747050969,0.101433462376421,0.22925047199382,-1.15915846974004,0.0553858858403998,-0.0200151177480327,0.00073768214082838,-0.296226183397861,0.0857118123284795
75.055,-0.413010386894264,0.317024593569593,0.797030817215111,-0.113123196197988,-0.0397425709751597,-0.151359585163981,-0.949503722767252,0.114788542320156,0.18691476136857,0.108225336725347,0.119686969876804,-0.349290990657375,-1.16152280812246,-0.106700616241816,0.224223550635499,-0.396180715529059,0.0882998289395833,0.312247954243604,-1.07616995590329,0.0514254663693568,-0.0338512668377078,0.0283403478523634,-0.253140322444879,0.0428379187406751
75.06,-0.428431744021356,0.328788088633976,0.814844894750908,-0.19814468549389,-0.0607145056638527,-0.202934531824121,-0.948162272474609,0.109002260192398,0.186791930370174,0.0963733145179295,0.137110544493843,-0.36485557383872,-1.18404430936103,-0.0904382914777337,0.203377983039019,-0.358155851353317,0.0649662180995591,0.37997835311804,-1.02460224330423,0.0503533325716814,-0.0561692589645634,0.0248211930534603,-0.220991476154393,0.00411219811546992
75.065,-0.454855846131405,0.32449833380198,0.818900161619386,-0.236100672578681,-0.0592647916429013,-0.228849086205524,-0.954336513808658,0.101781454797313,0.172515452300098,0.0998875092466559,0.189417639043571,-0.373230264054402,-1.18636999255453,-0.0675143200015577,0.166376212670101,-0.326531702956682,0.0385973664024436,0.448249498599653,-0.981382839690839,0.0440498876626908,-0.0697797275605929,0.00326959945243296,-0.157940256016722,-0.0245322972076862
75.07,-0.476167697715976,0.311301499096873,0.82438445809418,-0.253965854583939,-0.0697390292277789,-0.25195139777511,-0.966014611780105,0.0967653543539176,0.1567652453927,0.137033750990144,0.239707085343154,-0.384022387449086,-1.18414928377467,-0.043463151099913,0.11619728892235,-0.320980488868873,0.0139394361495123,0.487393427651558,-0.958098750650125,0.0452313210338506,-0.078436889722273,-0.0159532061355623,-0.0965381547803466,-0.0442185706836103
75.075,-0.491882664027283,0.294350244804837,0.817880288354481,-0.26529089871225,-0.0827842427269899,-0.276915422375199,-0.962740130476844,0.099447652852024,0.153932886158499,0.182120362614458,0.290390832944963,-0.397032435345947,-1.18330581175493,-0.0286097567162169,0.077470584007737,-0.313892762925909,-0.00758635225102346,0.523957314093565,-0.964960649432868,0.0409410837432228,-0.0722620996801288,-0.0353181375653724,-0.0647628579274134,-0.0570094381165509
75.08,-0.482260024030023,0.304557384032547,0.793070758048972,-0.29542527556009,-0.101595405869832,-0.315160832884199,-0.962777602590869,0.112923087204619,0.181735126940602,0.218721163411575,0.367676313672921,-0.395153333324118,-1.18516752001938,-0.0117556366022489,0.041218113812068,-0.304685926668132,-0.0100805346198409,0.55845498470281,-0.980324233017803,0.0275981087955901,-0.0714873049647093,-0.0508872341896339,-0.0438599164393064,-0.050864963729392
75.085,-0.466414019990799,0.357846622347559,0.795165632063204,-0.35948956676988,-0.120321879710938,-0.377253927710071,-0.960744867789513,0.134259474020994,0.183438295470921,0.219698975219833,0.414611590560139,-0.399064604410292,-1.18802513691801,-0.000881854999986733,0.0294948900455347,-0.294969319416928,-0.000363911072841961,0.589548165831423,-0.992299912532534,0.0220521335767683,-0.0712659348019331,-0.0489198070203134,-0.0300879412521429,-0.0410278368816375
75.09,-0.45870562177794,0.369023461946476,0.804981865628267,-0.38553513727918,-0.132547235647143,-0.402877168281224,-0.961536164948845,0.139077876234018,0.18597114421351,0.198138243791796,0.466814936372743,-0.404019411461802,-1.18887334773301,-0.00104079833920176,0.0210147657089693,-0.29408068804494,0.000524715568122305,0.639684115553662,-1.00816166732238,0.0028552576193568,-0.0485551256371544,-0.0485755875706673,-0.00947981743007876,-0.0275311804751446
75.095,-0.442333725784342,0.340596930263737,0.821944745060621,-0.416978187077883,-0.132885903120041,-0.450442508913814,-0.965797665573663,0.123025986962253,0.193353192269546,0.149215365051051,0.548865620388641,-0.413817391758363,-1.19137218723805,0.000954168473130659,0.0151048383566696,-0.302633788102178,-0.0202446920378067,0.737803530456022,-1.00918225929058,-0.0280799399409478,0.0123719327951228,-0.0611751134457575,0.0423340376252458,-0.0201623780543367
75.1,-0.467988049728597,0.318958254830515,0.824263815366854,-0.428621951371766,-0.150132184337637,-0.513010637915986,-0.969346992726223,0.118376758593115,0.184182634879696,0.12425636180695,0.603335969478672,-0.426192778043952,-1.19177548449769,0.0147836572065989,0.0128674402587438,-0.282757195466665,-0.0322261215434562,0.80733098937022,-1.0052259467031,-0.0428826677539522,0.0374648318071495,-0.0717201697438799,0.0698137229238,-0.0149404723505101
75.105,-0.480110323106299,0.350500714925675,0.840620622359669,-0.421465262569844,-0.162653975652831,-0.552715883587157,-0.966277653698667,0.102803546586557,0.174534788971257,0.136834312709172,0.666113057534008,-0.444812548434064,-1.19285233706886,0.0419810345322285,0.0170481503435562,-0.216762379873926,-0.0711399028767205,0.9046206623861,-0.99180596210685,-0.0501941630550421,0.0849703216239744,-0.0662559943977419,0.0920671779366525,-0.0136511586606503
75.11,-0.475368600293443,0.346512086782226,0.830770324606458,-0.415937026598583,-0.18504212289805,-0.588611968631644,-0.960817864511243,0.0686201652820733,0.172553470284765,0.130924771598521,0.724447639225947,-0.446986965435475,-1.18474453352659,0.0638464483749097,0.0164947662399145,-0.127538086535094,-0.113589896170002,1.00499260863346,-0.987470906733526,-0.0572138890770936,0.106874661399433,-0.0439276919339143,0.101284760195089,-0.0181006721180368
75.115,-0.4452134973992,0.366272317275413,0.828935129377998,-0.430878228319887,-0.203108453262382,-0.60526605849854,-0.964115781636061,0.0459864898078978,0.175993698238452,0.122519054453058,0.784645084829859,-0.434026827766234,-1.17610985846657,0.0853324040320508,0.0214719006394678,-0.0184229162391891,-0.17671806442235,1.12729351946337,-0.981773511591712,-0.0644539920669752,0.0976513049680186,-0.00430687887866151,0.0866644334841813,-0.0231664563587206
75.12,-0.408564180718155,0.368736260983849,0.829787323386759,-0.475820657620114,-0.209706928502885,-0.616242980673477,-0.971997733693861,0.0181302994303338,0.180214469669399,0.158492883531932,0.839273399897581,-0.419536781420588,-1.14539290685148,0.0956986765899999,0.0184998138093193,0.0425421637442487,-0.248282285088875,1.23307496811178,-0.981089015170811,-0.0792106328106315,0.0626145929680192,0.023560576653537,0.0728938654411539,-0.0207565666233861
75.125,-0.423775284698506,0.383033196321051,0.871834098975672,-0.511628922544933,-0.196054551129026,-0.63230967467411,-0.977409898027219,-0.000553878878456939,0.168658453902354,0.217397939581427,0.876736478665765,-0.412121017479479,-1.07723405442039,0.0961137934673927,0.00585438945397024,0.128125587255946,-0.325258795493409,1.33491128569554,-0.973375399784143,-0.102936602529663,0.0248155876258966,0.0308581704615988,0.0941054614015307,-0.0054789745964474
75.13,-0.455287338016114,0.369384256109191,0.894079294630337,-0.529118633453986,-0.196505480383519,-0.634239750295622,-0.988341722714562,-0.0197757697296868,0.126487833646599,0.273076772372823,0.914169147084192,-0.394370098189787,-0.998577828170268,0.0885756175453947,-0.0187962246854771,0.164701234722781,-0.38859253571265,1.42965298790117,-0.955176001267718,-0.125913531863914,-0.0109780581627161,0.0455628740234405,0.120738496126562,0.010850718038273
75.135,-0.51171252562887,0.395757892803616,0.871020874056177,-0.515421183461196,-0.234193642309062,-0.616357723683731,-1.00180515777754,-0.0229843557319403,0.0795926949688481,0.322156056050642,0.946631342570942,-0.376101658163561,-0.951024611238289,0.0924386773913452,-0.0668080790904668,0.161575232634051,-0.411868134195031,1.49729343746071,-0.923810299181012,-0.139520758422017,-0.0195670614703107,0.0766743527387725,0.165175857165623,0.0144478157162666
75.14,-0.602269018739423,0.39936663644249,0.771767754888995,-0.488891150069206,-0.207050810570736,-0.629078015254548,-1.00181085972461,-0.0170129710068163,0.040868385137983,0.342878516794321,0.98957592853148,-0.344152628820622,-0.913237302051474,0.123883559062863,-0.142065182112948,0.0548769700695967,-0.433671334099015,1.5303348055317,-0.916844351008621,-0.146990778937444,-0.0277618020662969,0.117244811954865,0.203227274238356,0.0280228007004124
75.145,-0.591692270894588,0.381195147514462,0.857651534080096,-0.545138545129806,-0.185227672405757,-0.629060193063207,-1.0239220373428,-0.0178261042912202,-0.0210842876972043,0.315293523991337,1.03023550785554,-0.304842919133006,-0.899986788238299,0.137059666085718,-0.18631649682789,-0.0983453242932493,-0.439103153263738,1.48569228891484,-0.902290512244176,-0.158979697304051,-5.85781367971622e-05,0.164811776692849,0.223990678787231,0.0303298458456993
75.15,-0.640542928083806,0.35403506378414,0.866822558039821,-0.518131277210234,-0.176540062773525,-0.554235907229728,-1.04120423011295,-0.0112328456227851,-0.0561024157108567,0.277130168154122,1.04797776241742,-0.26860878479503,-0.877798702156163,0.116720677953231,-0.224902837822274,-0.234510662970069,-0.405313782079306,1.37712743829749,-0.902310445423691,-0.167440876345642,0.0264069274331806,0.204704777528242,0.218330966201064,0.031037307761719
75.155,-0.722396359809309,0.368314430337657,0.892472748529195,-0.397720268123244,-0.162901732146503,-0.45969704969592,-1.06299270504978,-0.00659715240130499,-0.114251776498383,0.240283734383624,1.08299598009666,-0.231400249241874,-0.868653247570778,0.0731692454949265,-0.232479019949842,-0.294808547758483,-0.348876796578296,1.28445898854766,-0.903690468920848,-0.167903567842698,0.0487810609672282,0.233826715471342,0.191835855194009,0.0325688690512435
75.16,-0.770822158537086,0.397842042431305,0.865673428357972,-0.289644987154111,-0.163579763921321,-0.352057817121595,-1.06841030496628,0.00607402625519189,-0.161233531593247,0.15895840484447,1.11815934831315,-0.208583134016091,-0.879805455667998,-0.014300794986896,-0.205717534531954,-0.314786522310139,-0.225420197412325,1.17890351009488,-0.914287591968325,-0.163639451815514,0.059048000973152,0.270805791825499,0.149650769634349,0.0319668284244127
75.165,-0.77880437224417,0.432780708436775,0.846020320402182,-0.241174476291144,-0.164570520549883,-0.21862772911217,-1.06872994827869,0.0291194067814269,-0.171319913898881,0.0447595609645785,1.16630045961763,-0.191933025697078,-0.920393464791277,-0.102712082079237,-0.162025692226092,-0.291532585997931,-0.116490445878374,1.11437047773807,-0.932313974099815,-0.167077157158875,0.0658180110393127,0.285007931126947,0.12780862611961,0.0393092379398827
75.17,-0.752768016802699,0.458682358241475,0.807577208718156,-0.221152804937131,-0.148802892899859,-0.0565115785964652,-1.08358088839128,0.0564755818936167,-0.184547594856431,-0.0947612886747284,1.22129149373402,-0.169422642345113,-0.952827850614407,-0.171630001250786,-0.117244499253646,-0.211619515139628,-0.0311949137680831,1.06773377237549,-0.965346261647628,-0.167721189423694,0.0651188263061773,0.307002798971532,0.105293117275115,0.0435753053032119
75.175,-0.674723774796706,0.44255666333342,0.775674052908219,-0.255256133807209,-0.116265469818079,0.0859389990367173,-1.1163944857275,0.0772904657401009,-0.181079032811039,-0.327673114651855,1.26860015619292,-0.142456825804136,-0.979751492829543,-0.24662084745181,-0.065316448841935,-0.032568027673229,0.0756447458381961,0.997900168483487,-0.998768675253865,-0.169387763076972,0.0623813063466291,0.319694017464387,0.103254447216193,0.0385061706976117
75.18,-0.61320675224977,0.393756835585874,0.779922794126373,-0.301358000077842,-0.0489375490637869,0.18648274414821,-1.15415672538094,0.073161453279695,-0.157364627695941,-0.549709549941296,1.27752307070495,-0.124154336295399,-1.02613605113425,-0.298228605916213,-0.00949631735978902,0.0727815899792292,0.11907064720205,0.960180283892545,-1.02829504910903,-0.171835012594655,0.0707303068710954,0.348534193487455,0.100984510232204,0.0249323046356903
75.185,-0.510296460374979,0.339083543748934,0.850162520261964,-0.345822886320992,0.0364144176432328,0.278918381405574,-1.18713130360975,0.0271452182009663,-0.11829030806613,-0.743901562651148,1.25521484367062,-0.129231410916069,-1.1284270711302,-0.329774772011911,0.0764111825754706,0.13962767629855,0.135766897817447,0.95144349889768,-1.0500837489921,-0.176576015067517,0.0800576394484654,0.38646868012788,0.101323317949275,0.000164367792002358
75.19,-0.367894842066548,0.211515682304139,0.95553599858856,-0.409649450742112,0.0921447173481524,0.268104927136505,-1.16184278056533,-0.0350176355119965,-0.0932712560342792,-0.922265573663216,1.21442869585159,-0.114042279495564,-1.1825092515966,-0.3265132174214,0.0887336831238661,0.0922563654064641,0.107977887610306,0.981896954465388,-1.06955205552969,-0.172809917193561,0.0885256775893319,0.431051290141843,0.0825666443213247,-0.0180905320286432
75.195,-0.287485147689626,-0.0431852531700632,0.969935255953753,-0.423683977769241,0.125130456666741,0.141862157427597,-1.12346614814936,-0.12200970248376,-0.0859076925256467,-1.03260888918332,1.15433979241035,-0.0869464627800773,-1.19909847234706,-0.284682623440774,0.0233999565143793,0.0243538818602321,0.0569247823674765,1.0839273351353,-1.09370308494352,-0.16995652402435,0.0945655839274429,0.468880196750897,0.0751543209117968,-0.0345490649216461
75.2,-0.116211451360677,-0.375398328439035,0.887962867609352,0.00661672740908064,0.0851938152839777,-0.0610482590455087,-1.08873752570276,-0.201462186819458,-0.130881524120637,-1.06120233171381,1.07164920829213,-0.0384303241076484,-1.17875344298698,-0.252658371366083,-0.0554978493630928,0.00398093878197865,0.0190735230154451,1.17870495148036,-1.11265058247019,-0.157448912251779,0.0980071261187167,0.490199487652356,0.0566130835368513,-0.0490834049978087
75.205,-0.268798745008044,-0.0932820957156945,0.939327883032788,0.475594229768995,0.0703987874002911,-0.146618439189633,-1.08313609931622,-0.233428830482897,-0.160681390179089,-0.791198352544189,0.972901639419297,-0.004268011327492,-1.11489715411509,-0.246118090949541,-0.126052540762361,-0.0727947239118624,-0.0286027147950623,1.24649352503368,-1.12896059666733,-0.138567504564539,0.107853968961595,0.504664943722875,0.0491948121783129,-0.0543431298585079
75.21,-0.321627729386945,0.0517122876037829,0.779968222090026,0.46912473333132,-0.0318993017467997,-0.318980750267476,-1.13147462461892,-0.266343765962235,-0.246760513241312,-0.461048653849009,0.901379804683746,0.0136343393846148,-1.01294692060225,-0.262349098361702,-0.179758746518958,-0.166179606664327,-0.0598968719290237,1.22423712161375,-1.13293277660739,-0.116820905503301,0.116388130828832,0.50908131369566,0.047786874077236,-0.0538738169668936
75.215,-0.816361083837735,-0.390217778496876,0.575840111400848,0.203062163355249,0.0935141473121409,-0.569843748994782,-0.994304630042077,-0.180242584673431,-0.468551347850362,-0.117477982987483,0.890630708595563,0.0376687676901714,-0.910561319485763,-0.285484572813877,-0.222231856935436,-0.238044881171772,-0.064202848686904,1.14563238118028,-1.12414080105997,-0.0927166316740728,0.113434442210425,0.497718424812021,0.0473466656058813,-0.0468551883433083
75.22,-0.731257461696971,-0.237882356522446,0.901037795927077,0.884200084574164,0.150620878869621,-0.620379907367243,-0.71997172319593,-0.242383421543251,-0.47113681384343,0.495609987291787,0.880433075027261,0.245049057750135,-0.792979474581952,-0.31453737354195,-0.251912676383345,-0.282999328700346,-0.00741050036860993,1.01567776830878,-1.09919436792797,-0.0729887811355923,0.104048153156364,0.494841576165718,0.0394555703711938,-0.0318729338778193
75.225,-0.476344347115228,0.260459096636588,0.860070119805049,0.872690912774303,-0.00413308949710548,-0.613459827941049,-0.833267730536802,-0.203151856150162,-0.324921743235024,0.799359776885071,0.833003813162583,0.136034613571091,-0.709667076670433,-0.330673992474503,-0.275663114516808,-0.291432415222398,0.0732565425357287,0.873069123337562,-1.07979038226362,-0.0534712098851458,0.0960238563692153,0.470396331886624,0.0310729861355099,-0.0198696834068423
75.23,-0.546852259881144,-0.0520605055366896,0.681102284406295,0.66746659834985,-0.0663885536140186,-0.680624843555236,-0.968130653258758,-0.200044759770151,-0.364447814399256,1.01108829149176,0.791035208440639,0.145371481007522,-0.645141351400554,-0.350307711018832,-0.273814443462633,-0.300025624414145,0.172935250003538,0.68616516539871,-1.05527285192229,-0.0368583482256952,0.0885110285990985,0.441707732394061,0.0243228268704611,-0.00483877780409689
75.235,-0.611735191455366,-0.14826456173172,0.565776908659306,0.7410368851601,-0.0129063950195137,-0.715697116103186,-0.923570310685773,-0.157977592387726,-0.360714233868313,1.22577504590353,0.769910850547338,0.144453766750287,-0.608338644091503,-0.379536495280775,-0.24827256829263,-0.350507860780342,0.254826346565995,0.521108914612564,-1.03665095575916,-0.0318968480930921,0.088488041979629,0.395819334787238,0.0191957593450249,0.00761099304798358
75.24,-0.439023859266113,-0.00593125331939702,0.62425389077092,0.978552345449697,0.0505255577159793,-0.786178808217505,-0.87402066508687,-0.0984439493677687,-0.358573803840246,1.43801307786359,0.750314720150231,0.113224968810106,-0.60686280681287,-0.444801637891742,-0.208161808870861,-0.472476519888847,0.308780074221367,0.369565928655723,-1.02131141529526,-0.0271908973433511,0.0932367911372141,0.335824574598374,0.0129687082908394,0.0143793157029187
75.245,-0.448983893775871,0.188366399696536,0.569150899726083,0.823793883840133,0.0899846699696397,-0.864170912008755,-0.836057206875641,-0.0430136097625876,-0.349919222151519,1.44749411657066,0.701192932477844,0.109891581049465,-0.630375613936835,-0.505302140583654,-0.173315255440051,-0.694373934984078,0.3180746617007,0.121767765399428,-1.00642667723229,-0.0408353908709184,0.0859715895859456,0.267725533401686,-0.0118552543385569,0.0132261216640472
75.25,-0.46668261055743,0.301115319659676,0.510036088430852,0.595056525961179,0.111633742780183,-0.82852936583247,-0.820130583198752,-0.044606906448454,-0.342559294413282,1.35922444018035,0.657792156056324,0.113780577003672,-0.676584817386292,-0.531787384023358,-0.132448758537521,-0.835950656295783,0.289346574457328,-0.0931749447551757,-0.987438935963901,-0.0523835909547664,0.0906909412777381,0.196310830366628,-0.0556571336188198,0.0132261216640472
75.255,-0.339988560355386,0.27134890952441,0.360856013288318,0.436249016440354,0.175519804054282,-0.756809483933506,-0.819086199451229,-0.066897616525418,-0.334087526651259,1.16920558701362,0.629304667946047,0.110119691888145,-0.70873275161528,-0.520230125604474,-0.0996816390835614,-0.974622039485379,0.228622863512211,-0.26956566051383,-0.976066985213616,-0.0589462209007269,0.0825767296979161,0.152414191450921,-0.0867656079397519,0.0152096228799986
75.26,-0.250299419633363,0.369728330130358,0.248296517127935,0.119720536851064,0.331531756136603,-0.682755409196061,-0.806190161486791,-0.0780529204539931,-0.294351595114145,0.95288645365564,0.590527258640815,0.0965915967341203,-0.713102003916283,-0.497666430985343,-0.0723681508848418,-1.06205917036397,0.1249189336555,-0.369462626459942,-0.963147074513782,-0.0644343787826769,0.0671676412415789,0.131751545413449,-0.102525254930553,0.0231378645919234
75.265,-0.182222872336636,0.427160893264889,0.252468149157962,-0.308371346652447,0.596094057487703,-0.574935463454408,-0.81030039497997,-0.0509121122443444,-0.223493282764031,0.656782648502087,0.525216951952553,0.0544013674550391,-0.704596889489617,-0.490387858963854,-0.0487537410439613,-1.03211315567969,0.0156903392394765,-0.398740564396952,-0.959427461784876,-0.0571439645936315,0.063445765324241,0.122988322033639,-0.0778112753147727,0.0275281023938165
75.27,-0.137733713144098,0.37822438471438,0.238242059878997,-0.659209133421066,0.802504362384224,-0.477352103030031,-0.82004064831671,-0.0339901491911518,-0.183236441304176,0.360288267748695,0.490900334353158,0.0347704218649053,-0.67818953736884,-0.50749476821407,-0.0258659644742833,-0.930823981510657,-0.0930601149976751,-0.390173221385562,-0.960418647051152,-0.0486752622002569,0.0577739170237177,0.12692904824267,-0.0394272997437657,0.0359338464860789
75.275,-0.0659324723751191,0.325231947963029,0.207311161199756,-1.01386735135147,1.01994661668881,-0.385894209469417,-0.870076536102985,-0.0639159346755981,-0.163337012518892,-0.0724932352597171,0.435159315646259,0.00715304526933423,-0.641476494737,-0.530178630382936,-0.00225694731364489,-0.809763887280102,-0.167470367593759,-0.388098055620439,-0.951508891611885,-0.0419657130356806,0.065397990332931,0.117806108031026,0.00432534966284909,0.0533107961853035
75.28,-0.0762319234013974,0.404205629189073,0.264417490789948,-1.41711675955881,1.30850082806495,-0.299924130214828,-0.841622450355846,-0.0941676247390505,-0.139583646171158,-0.508876635089833,0.37777287849372,-0.0309892473457347,-0.605364040366355,-0.544622236054179,0.0220015965414963,-0.697336852560132,-0.185223415404408,-0.394581707087317,-0.946886522733058,-0.0387867702496436,0.0792587330153186,0.0956950024692445,0.0273644969092502,0.0500769079407138
75.285,-0.192862683143841,0.67745423833039,0.973561060613557,-2.33123734214388,1.42475052828176,-0.081408532291969,-0.845824089051573,-0.102838392857461,-0.151327295752562,-0.831612319781907,0.314558494334619,-0.0635416627541927,-0.588913645201415,-0.546626305704138,0.0614208925198221,-0.546831910243039,-0.171456705492616,-0.441260077409983,-0.946845482472785,-0.0318704591064315,0.074227794425353,0.0387721786398968,0.023126530217535,0.0522730970242263
75.29,-0.411555845477471,0.192245054675389,1.70202616599454,-3.30535794012596,1.02069732910569,0.0363920754323542,-0.877774867596667,-0.106633203970352,-0.122629855573987,-1.22104488562393,0.216238905980291,-0.0858381656974979,-0.594410886359963,-0.557924231772891,0.0776919201018017,-0.39520241477186,-0.130686364666594,-0.496228507866216,-0.940870536215368,-0.0412340907369305,0.0824229526459946,-0.0384200665033342,-0.00187492427448989,0.0512221054256586
75.295,-0.398139359019533,-0.507801190752788,2.03669873751805,-3.43011033000262,0.16462308953068,-0.0436985195694941,-0.902382180187538,-0.153088324125707,-0.026141364818735,-1.60744715138973,0.0895150976051084,-0.0827370477501509,-0.638324991485173,-0.572232711380896,0.0920957081321444,-0.229479497197187,-0.111609547821775,-0.577712737587131,-0.939683474305579,-0.0474855567068637,0.0867565386773993,-0.113548017467257,-0.0281591054466132,0.0476805683078377
75.3,0.1442578380491,-0.916020295227169,1.56735508716848,-2.51158776644264,-0.411337228831322,-0.214210916796522,-0.923022449066269,-0.221415347559558,0.120167123126006,-1.81810681954401,-0.0428236079709919,-0.0846520758858884,-0.696409271851846,-0.57955858310816,0.101425280425785,-0.0300890915711918,-0.0960617478078948,-0.680805798172177,-0.936673418858008,-0.0495017836234943,0.0973601672401693,-0.176135746199299,-0.0602206842210377,0.0289051369238577
75.305,0.539379219796734,-0.460605974131398,1.27749066857475,-1.79458147978641,-0.496373972894524,-0.330929331666494,-0.946735218745135,-0.29679852998952,0.162501391751896,-1.94145000914059,-0.23250284427067,-0.122032020655715,-0.756885513356996,-0.581599805647273,0.098991595596377,0.22775498472528,-0.0899648223136773,-0.782767252505495,-0.93332320817736,-0.0631295499974998,0.114038979681817,-0.247696632340842,-0.0973450785208249,0.0170722353680831
75.31,0.160003523743003,0.0190361479858556,1.28118769187267,-1.44533472644449,-0.503652501706864,-0.241502821332937,-0.943112752260945,-0.316851558483561,0.0123222589047664,-2.00249283244437,-0.330972307345508,-0.115126906816737,-0.835254214072407,-0.579909568138867,0.105733668264778,0.554789649670299,-0.0738961355306098,-0.898829920631646,-0.929331122519628,-0.0724669243333572,0.121171342511247,-0.280150159941121,-0.133241078224833,-0.000790496657879355
75.315,-0.40700720001943,0.328999339551564,1.0986778080604,-1.12952168245175,-0.510276149911227,-0.0413544349133871,-0.902823875899216,-0.344534500701924,-0.202990339692873,-1.84113245295513,-0.374995730201249,-0.0919841539975395,-0.900149032568128,-0.581252691212568,0.0989170980333058,0.863446733537877,2.28300482552362,-0.218196190056691,-0.939933392876946,-0.069983086262049,0.128688090872045,-0.311065443458052,-0.1730601384761,-0.024820998227333
75.32,-0.704184390251978,0.57628100628814,0.781730003144008,-1.07529386804561,-0.363097384634591,0.298357107016741,-0.864522483287187,-0.361388708404843,-0.318272169983554,-1.42332063438903,-0.38647986903005,-0.0971886585085099,-0.946804140423341,-0.588904613950729,0.0697300821686681,1.09880598221987,0.00777226692520482,-1.14819742114313,-0.888821672077435,-0.0738093661046627,0.124369390631208,-0.336902037907609,-0.198526202577569,-0.0466891826694827
75.325,-0.744347487904568,0.394914339536045,0.833176807603133,-1.00327523949769,-0.227700723038948,0.580246116025006,-0.885124985506926,-0.31756100682782,-0.462429099862559,-0.944301399440485,-0.389853729646634,-0.122532434694824,-0.962580623194541,-0.58530073904131,0.0196123975639021,1.2328928854528,0.0750079422915125,-1.22589264040486,-0.958322020143747,-0.0698965236149188,0.105208970732046,-0.376493893268185,-0.22924976606543,-0.067918130325872
75.33,-0.878099362388122,-0.0403793644905104,0.91290865647715,-0.662991680129781,-0.24109366443595,0.671737344957389,-0.925865872483904,-0.206913459908727,-0.582483761459078,-0.548448004262904,-0.345944608547064,-0.113384946250754,-0.956895744816814,-0.560841791360152,-0.0291849309489609,1.27434100562551,0.153945450662346,-1.21747968945992,-0.978808303060479,-0.0708400077671203,0.0878648826661695,-0.421119085511503,-0.250696680177548,-0.0904377163087113
75.335,-0.959570230189114,-0.381694740963533,0.850162476238565,-0.206698403876762,-0.310761461447326,0.613900003485468,-0.981566364883944,-0.174533307514125,-0.619208507010102,-0.131183470636388,-0.30558464499031,-0.0910752350400422,-0.938347197101021,-0.492699553891836,-0.0976502243183342,1.19616945522863,0.262612176894482,-1.10669762991857,-0.991581106989431,-0.0644146959414083,0.0644113632270532,-0.478318352869352,-0.272802441625422,-0.113792406875336
75.34,-0.94163167389068,-0.385370581514751,0.798225801723182,0.451119485982697,-0.374081148809556,0.509787467436406,-1.00985480258776,-0.155542748584851,-0.604046489769123,0.272910045395735,-0.248721727978455,-0.0700027406619147,-0.920770589575808,-0.425702377700199,-0.144127077372041,1.04873546389722,0.351909258627369,-0.976150600561203,-0.999868570956914,-0.063410375030095,0.0514344553407524,-0.510052607643335,-0.274355035701387,-0.137781981335301
75.345,-0.922824929421097,-0.0998571482493321,0.714377719601989,0.807576939136044,-0.440331942695396,0.498036927058005,-0.991237292551131,-0.13004035759844,-0.534531607186308,0.498366309284869,-0.194349918727568,-0.0572966619563041,-0.910330682878875,-0.361035430311454,-0.181293454000433,0.858670785030311,0.436509015837481,-0.873084963183706,-0.995455863391754,-0.0590222056145112,0.0565086086314825,-0.531005847573746,-0.261913007634857,-0.159198176792274
75.35,-0.842859021051084,0.190025112273294,0.740515667873626,0.962773612352115,-0.469706608411709,0.570656285416002,-0.984370647013201,-0.0743493980970088,-0.447631796155006,0.736212200405726,-0.139044868233482,-0.0184742265032705,-0.910713295862995,-0.30145633385499,-0.21636843118802,0.576759524929873,0.506203434641167,-0.836644349686892,-0.991996271949496,-0.0600386134865076,0.0529407902297922,-0.529045069185613,-0.224180156081958,-0.171249747276306
75.355,-0.64607544599744,0.308397239005717,0.812361950180336,0.942732416641647,-0.496469879461761,0.641134697621108,-0.966510455631205,-0.0110630266683567,-0.326467766718246,0.839777223056694,-0.15726413421777,-0.00636427168421544,-0.923510706179354,-0.251715247773697,-0.231740418218404,0.232557488825596,0.537209722938396,-0.857481210547359,-0.984618026103377,-0.0599296029042002,0.045811961628431,-0.522036974145602,-0.187158659002214,-0.166250630111057
75.36,-0.432524497951169,0.23808778380762,0.928703504664771,0.810940690913199,-0.505250986887811,0.65632878948923,-0.996495006898434,0.0737140562728177,-0.132797937551372,0.806242646125627,-0.226010139956502,0.00471452462784131,-0.940431701203551,-0.21620207154839,-0.223552810632628,-0.000777057841447948,0.536210004441129,-0.932871943221092,-0.984604141468988,-0.0744632503602322,0.0257264825497194,-0.516107014126785,-0.14338774107588,-0.160406318479177
75.365,-0.353775368552909,0.249207878386476,0.953769539260188,0.718680217176968,-0.478290385986018,0.644543504869755,-1.04655468343455,0.131313094954258,-0.0224736415855714,0.644206640694053,-0.328689331134374,0.0157823174733693,-0.97687758057725,-0.188845881590667,-0.20313113440583,-0.17035153778383,0.517724640833607,-1.05361494672261,-0.988632960542939,-0.090927212536265,0.013036806338916,-0.505718418609843,-0.110982710708408,-0.140707388520241
75.37,-0.341323686887322,0.323586556802059,0.957582312076678,0.620797660454361,-0.440309181163054,0.623188032031216,-1.119056831914,0.185088231479885,0.0539092610029179,0.403918765273135,-0.450761489539839,0.0141306039331406,-1.00704117959793,-0.181366914134938,-0.185108703955356,-0.26364633777148,0.477974776471837,-1.1592152839407,-0.994339081308984,-0.10284963354791,0.0120607157133959,-0.491350783174242,-0.100805099622658,-0.136517385590825
75.375,-0.366652313592929,0.398917148062328,0.927684624264864,0.429946359694162,-0.365275978900212,0.556523948766011,-1.19738318741584,0.209644804835845,0.073776985842751,0.11126223750107,-0.550575407127173,0.00326281768904029,-1.0592969126848,-0.17099101346144,-0.137212275384499,-0.307190209093561,0.436517551090838,-1.26117520864877,-1.00528253971094,-0.107597343795777,0.00356929869421001,-0.450468098334418,-0.101741935099161,-0.132385440189601
75.38,-0.420077332982541,0.428024365193828,0.930948845390313,0.239950422258731,-0.273336913066242,0.506490352705518,-1.29302553687686,0.23843158827037,0.0551734783277234,-0.16324240749395,-0.614342980317221,-0.0151006755218734,-1.12422734606183,-0.185830771838491,-0.1016246498993,-0.256104546652937,0.415544944866366,-1.31454783565046,-1.01813225426725,-0.1071869430173,0.00394023906545598,-0.399543214910261,-0.100735396108643,-0.139143823348568
75.385,-0.418876324788031,0.390652600886954,0.938736453292559,0.0921577175207758,-0.226906565672177,0.402788607804292,-1.34974267224479,0.243018333072563,0.0327486210919865,-0.471758495321188,-0.652600509199311,-0.0198229658759457,-1.18776547464831,-0.194238581697313,-0.0907191064207058,-0.171500253166515,0.37501501384878,-1.42277355825721,-1.02679222765956,-0.103361147249089,0.00606269297210699,-0.339599234286446,-0.081341168990073,-0.151432267693982
75.39,-0.389373696252894,0.349121105025832,0.94958790779895,-0.0492138772966022,-0.140658531878847,0.275448812516532,-1.42501084788926,0.188936968852672,0.0225645654267263,-0.692700550729768,-0.685567895736577,-0.026167781680601,-1.29731621130822,-0.215487525173813,-0.098739894273126,-0.0718086233103987,0.341167114285376,-1.50503666088061,-1.03125983927725,-0.085789479903005,0.0225971195872834,-0.258215419870459,-0.0772274057394728,-0.164835372311682
75.395,-0.352242202681602,0.28421875606093,0.953082392616893,-0.121750379732455,-0.0772729604140967,0.172821168429875,-1.37954075619488,0.109970880315138,0.0187007578082419,-0.860671822729783,-0.684341467354655,-0.0100259626959962,-1.40123174849534,-0.23466360746343,-0.102984611042279,0.115846376550466,0.288800033935177,-1.58879178555201,-1.05211846671628,-0.0599641126482561,0.0325985750368838,-0.191801610528757,-0.0857807081013034,-0.18023273947815
75.4,-0.356712960897175,0.223377287646436,0.941501109984532,-0.173245089779441,-0.0367077557368076,0.0961615470578431,-1.23649888712857,-0.0260035101392336,0.00292237235799442,-0.956703010379494,-0.697785317405601,0.0204089518470966,-1.43220054377284,-0.242163929053181,-0.087306025316762,0.23868162824835,0.264620771575843,-1.58653270691532,-1.08919141894458,-0.0326615159657417,0.0296681627958718,-0.147824498902789,-0.114189570348532,-0.177399889026815
75.405,-0.411168649169175,0.176212069253662,0.902342649545505,-0.195786421376188,-0.00893257353968669,0.0420183155534748,-1.10039285372454,-0.139731578909874,-0.0340788196255133,-0.931651387287731,-0.701415262766516,0.0459420843201525,-1.35901476100003,-0.254142191372222,-0.0419438185148498,0.457263012188185,0.247049587135871,-1.44284303129142,-1.13894748013947,0.00800610241293993,-0.00126958037362074,-0.124847979085653,-0.116000706663756,-0.149298598972206
75.41,-0.472757638639037,0.150459723666039,0.876154600666497,-0.208228762122805,0.0115666647260194,0.0301138534059649,-0.985815869982002,-0.217950319512872,-0.0958265337113973,-0.761572867038827,-0.709963917830757,0.0696390531981893,-1.24578158954385,-0.258231567876422,-0.00183420457696332,0.596871079970474,0.240344648119614,-1.23284568586839,-1.1524237705887,0.0214229722823206,-0.031367117705303,-0.132725084005214,-0.10241098703949,-0.118098994230895
75.415,-0.487392879655138,0.104051953396445,0.867145405828807,-0.173659850675355,0.0120005417473855,0.0487430001835566,-0.919949311593517,-0.279322536595058,-0.13880700261707,-0.492243035912979,-0.71402631447447,0.0989091858442158,-1.08258820707298,-0.260660105001216,0.0411330816819871,0.742495155052909,0.237358033657074,-0.947953526574509,-1.14066355133894,0.0255541151532732,-0.0586524662513807,-0.166411554512268,-0.0788798105527443,-0.0855107065368466
75.42,-0.478266831270715,0.0794952828622728,0.875620521963876,-0.129830823034507,0.011199004169517,0.0712642468304326,-0.894948769292603,-0.292203523686753,-0.148608355486009,-0.199503097827411,-0.707290156705199,0.105798783946121,-0.962901398929506,-0.250497128896411,0.0406852729819882,0.808652681885368,0.233818233590058,-0.745083690099356,-1.09993752906178,0.0158637465268356,-0.0712870179820774,-0.188995159133807,-0.0741081755027682,-0.0686812056455035
75.425,-0.464490282520545,0.0600639693036531,0.881922537018816,-0.0601155575809475,0.00995593001235614,0.0941660713361684,-0.936273817540722,-0.240267184820736,-0.129380223148894,0.180855616645276,-0.702715989976841,0.109113974890401,-0.88131656076553,-0.207547277570514,0.0234821249146857,0.770555955723132,0.209654946022413,-0.58753737525263,-1.05031960407395,0.0148233043502162,-0.0617809504443614,-0.201391341418674,-0.0370362370638965,-0.064526995554493
75.43,-0.464506966995874,0.074836185862747,0.882241260218067,0.0129695715815572,0.0142800685405088,0.113327540253693,-0.968592706266565,-0.170647681244894,-0.104244131979387,0.419389228053191,-0.706015192909099,0.120492686545887,-0.839459998114516,-0.12394994835703,0.00633557566666316,0.642072763366881,0.183729517810496,-0.507475458597988,-1.00384919183341,0.01429996058491,-0.0402134091235471,-0.199415004767971,-0.00371805972067712,-0.0551533388441909
75.435,-0.452677668755356,0.11240974229282,0.877711997427745,0.0936554363812275,0.0260450752021848,0.134585736252611,-0.995748160193723,-0.104629927822131,-0.0976442666395681,0.623958339481901,-0.720388831705822,0.117046180084203,-0.832899443324974,-0.0550882969029925,-0.0231214347228531,0.496999406143635,0.17846877500381,-0.500385974524865,-0.963125982170558,0.0168756818842696,-0.0184080430991281,-0.176165605948178,0.0417683438453732,-0.0394293315871824
75.44,-0.44458237235656,0.129795913722912,0.871725098583606,0.150530418112039,0.0410373662326496,0.143011477955035,-1.01852483232133,-0.0291099659264962,-0.0899572373234446,0.702812988573477,-0.72284609079361,0.120352314185585,-0.844290095378804,-0.0225775141047082,-0.094824520784017,0.244460260544305,0.127533447520305,-0.510801508405991,-0.933908681205974,0.0141964366293961,-0.00495408729567408,-0.164710698219531,0.100068247626527,-0.0163045846299618
75.445,-0.451127931088548,0.155337386959395,0.861889535984168,0.217539064771028,0.0496684519286409,0.144627799402459,-1.0071896724297,0.0137168365463108,-0.0646987412005397,0.699213785464245,-0.706963358421119,0.124776436586789,-0.86059133368542,-0.00141979051395264,-0.125692764271304,0.0493143655611187,0.133483810806285,-0.566153249427794,-0.929785816185593,0.00509601549586335,0.00903175634624466,-0.131565538411805,0.13156810600373,0.00501521508597735
75.45,-0.456083510314333,0.171991669831703,0.854452458331604,0.248645419427138,0.0510329801214026,0.149431571364403,-0.998219157114574,0.038951577846717,-0.051285742711013,0.657191909809632,-0.710412896634119,0.11415536804608,-0.886946435798871,-0.02019445825668,-0.155838806241747,-0.0485451633794101,0.184211381703995,-0.66597579307704,-0.944425948294283,0.00224265698524762,0.0210481292382085,-0.11085606766699,0.147636380950064,0.00527375855465245
75.455,-0.466705110122747,0.174994592141996,0.848496759882266,0.260438208862098,0.0467835372005886,0.150327747678211,-0.984750523293764,0.0604147633129323,-0.0345634963845513,0.558339154980033,-0.703613548022271,0.105944008622812,-0.899762128358815,-0.0559601344936255,-0.151991580626936,-0.109393864712435,0.238224688327731,-0.77660634125356,-0.960837469787768,-0.0116391591420848,0.0135156863950081,-0.104912600733968,0.162511158269073,0.0466589536099392
75.46,-0.467019707382154,0.181555667579383,0.841225281773253,0.26316250506286,0.0441764936946287,0.150861509124515,-0.962942359712538,0.0511361681618967,-0.0209514619192738,0.454600908434104,-0.682063505968975,0.103983589624985,-0.882785424213664,-0.135871485766976,-0.123433066980807,-0.0486393382049453,0.309629972756913,-0.858096393721341,-1.00026214329619,-0.0579786828621301,0.0544783111285996,-0.0707130936470365,0.119907329679009,0.0387365055468704
75.465,-0.470031928222328,0.192954748300227,0.841784127464602,0.256548620438408,0.0398603691192551,0.156202868498125,-0.95151570812417,0.0397992996443779,0.00534276510589162,0.337186823519753,-0.64851654243787,0.111501991166004,-0.862440631220817,-0.218433678115047,-0.0760834318715706,0.0896095850139962,0.386943720331822,-0.93001389813159,-0.960774106128001,-0.0898736282166376,0.0729907947675533,-0.0655678783396728,-0.0732174926099717,-0.016583643003695
75.47,-0.45403835537173,0.212499870242937,0.836465197523808,0.230256085409002,0.029017167808466,0.155380190655129,-0.94454930554019,0.0262172048216278,0.0301866721181095,0.276596023362953,-0.625841934302461,0.107548271905611,-0.851431672000213,-0.284045765677927,-0.0439818651463534,0.239401607997196,0.445195557140839,-0.9554450958019,-0.967299918038131,-0.0866621749676849,0.0731868731549168,-0.107869757529997,-0.215307442980752,-0.0758648345248133
75.475,-0.427299250869479,0.219528323929611,0.853947466869015,0.185860856370382,0.0234909877181053,0.151298958561729,-0.943144062890344,0.0172024405357391,0.0624233828343483,0.217692954535819,-0.581021557205482,0.11607414907232,-0.881298888089451,-0.360396708574663,0.00343399058454604,0.405273481576211,0.473145904638756,-0.942132282141193,-0.967431049887928,-0.0761440556272049,0.0675110176905033,-0.148617241020617,-0.279210156184276,-0.124240722973145
75.48,-0.404906644222404,0.208440340527027,0.861119882606609,0.152760641245237,0.0245775479138105,0.138064699132403,-0.951533721904495,0.0142814508815758,0.0772455382372353,0.159953330735496,-0.572900397855258,0.114684079270011,-0.935711310496347,-0.399455575313678,0.0443603392879919,0.47363544915137,0.453573541472462,-0.894113467065411,-0.984778076890268,-0.056664118633547,0.044597989917225,-0.176449835774935,-0.24707636269505,-0.155738589319187
75.485,-0.405320818574293,0.201067094910187,0.876128468488667,0.130215531990773,0.0191207183843199,0.121941870529977,-0.967761098337943,0.0224904485078827,0.0806200235678327,0.0989774674267858,-0.550740743604816,0.119346112012863,-1.03602732944335,-0.411663980252835,0.113406594951259,0.592496345418372,0.43106617581623,-0.750804386775953,-0.983446560431535,-0.0409385517749646,0.0362158202274877,-0.209359022449761,-0.178036379663073,-0.16145030281655
75.49,-0.416921740572219,0.220510213707901,0.862637760664595,0.116604106948125,0.0150907888415003,0.108045625627294,-0.978478935329405,0.023596091895466,0.0807547125894814,0.0519304994131681,-0.527041663826078,0.121592088386976,-1.08857256402756,-0.410251699449647,0.163817078708775,0.672344171865875,0.404430944952882,-0.611915012950719,-0.970584650781001,-0.0299527999073465,0.0335224135710906,-0.2306000774572,-0.0874667870254169,-0.168814365006151
75.495,-0.42769192394097,0.229163425707585,0.854322093491439,0.0998659823640657,0.0145696674859046,0.101558821621314,-0.987824291394583,0.0215006617701622,0.0707253651231088,0.0181513623897861,-0.502202452359259,0.125096600906772,-1.11604109237298,-0.405465871678117,0.212371881022768,0.657985290723095,0.338562482974813,-0.478162150806484,-0.95854764794888,-0.0155890979861066,0.0411299248808069,-0.214896116855645,-0.024606815402443,-0.179884910345699
75.5,-0.434899783236551,0.216537429528644,0.853984719014011,0.0825987387736604,0.0221960556334925,0.096923117419878,-0.989907955898861,0.0251002904276468,0.0623714713716547,1.26794615528178e-05,-0.487073587221498,0.118135315818683,-1.11570707526482,-0.40105155543616,0.248441597544678,0.548178933865056,0.24036757619162,-0.378633840130639,-0.952313470224156,-0.00487603034162065,0.0513352230448477,-0.189544947036232,0.0153299752323007,-0.1846883893013
75.505,-0.446398276864414,0.192431769103494,0.857100150755993,0.0896519859592197,0.0187590653737309,0.0929066894325529,-0.977595417373843,0.0188604711283727,0.0457601967565095,-0.0439403655925501,-0.445803557505424,0.113580367817469,-1.09477277211874,-0.383609684238738,0.264992499724902,0.432494022798815,0.192064980814542,-0.333003752989806,-0.94896337346418,0.0022056226646799,0.0582140495236242,-0.157868952675857,0.0177743141422747,-0.186233974056409
75.51,-0.462981573281238,0.200674324428681,0.848054623636088,0.101952219233919,0.0112883534578464,0.0920119285583496,-0.968939086147443,0.00629777748235385,0.0289088747132196,-0.047615580516032,-0.419712065226611,0.114459335803986,-1.06853753283178,-0.348356663501747,0.261360023661372,0.363810503433058,0.144479988812526,-0.264915830282328,-0.951608716488935,0.000416184468862117,0.0557418095063055,-0.120228693923165,-0.00405664100164626,-0.192854994979527
75.515,-0.468261739980242,0.206398158781984,0.845369533770518,0.11176146277278,0.00551583979912903,0.0938265309159426,-0.968361328593701,0.000192330097052738,0.008796506260156,-0.00934892856904587,-0.392321016931154,0.106184546069453,-1.0444333292925,-0.294579827899692,0.24667445112626,0.382169651625278,0.121887790357756,-0.199502733518062,-0.964680841048966,-0.00900851384153736,0.04995463973148,-0.090848886625509,-0.0421617142718406,-0.202423426947887
75.52,-0.468128327905485,0.201132100882367,0.851079620949631,0.110614500061789,0.00514614253435609,0.0908485153557635,-0.968553615617465,-0.00446005050007651,-0.00200249441829445,0.0378816432219134,-0.363658489671452,0.103460054050909,-1.02352109320645,-0.197743802569199,0.210645275427477,0.397466870181858,0.0918138211169225,-0.149270202478854,-0.9657935480491,-0.0161504995493133,0.0429950261932257,-0.0372185946358015,-0.0881033047195439,-0.223531408101151
75.525,-0.465428657294301,0.193724320043286,0.846923659382673,0.11572961947066,-0.000357549150347843,0.0944043407647607,-0.981498258510817,0.00726979552044842,0.00341945635372699,0.0687355123266179,-0.338909720648865,0.0941371042605635,-1.01445593425809,-0.115818300312038,0.166896593231525,0.416535313625521,0.081487154676526,-0.140707111662383,-0.970093092791666,-0.0224162206442531,0.0353049728086293,0.00885393246724231,-0.102108936099121,-0.244644255968075
75.53,-0.462668445828165,0.209652272483456,0.844279576714689,0.111310899206081,-0.00387273734005414,0.0907902345061302,-0.98273109644129,0.0117724083784616,0.0203442190332253,0.0903646388875968,-0.310172933109996,0.0905806666951666,-1.01543593742429,-0.0346852594792602,0.11866800390524,0.429003217601139,0.0785216004822897,-0.164934638358585,-0.978165102691176,-0.018318182769189,0.0259025393090826,0.0378464569754133,-0.0855217807208159,-0.238283365858625
75.535,-0.452259648934178,0.218649321028887,0.846096943124332,0.103049587086728,-0.0112334310974695,0.0916908583605806,-0.983438199183676,0.0256577243922137,0.0308890279844389,0.0711828706387121,-0.283708270619447,0.0896814888141642,-1.01440385177931,0.0285471587241068,0.0712184929896161,0.438834780374461,0.0878589875607739,-0.197720122611527,-0.988742480196527,-0.0113727040413307,0.0139982596683135,0.0618763028785304,-0.00931728110732994,-0.218152718118981
75.54,-0.430999339874718,0.207621275308313,0.861857066478343,0.07644573382547,-0.0189589807568304,0.0850529706024834,-0.985588229365302,0.0344063873791827,0.0400437842441725,0.0304554225294333,-0.260412697544404,0.0923510677000452,-1.01353810273208,0.0517146404913107,0.0283064875851329,0.459521317694109,0.098081629660464,-0.23255600010052,-1.00872756574559,-0.0017167832479676,0.0138007530221702,0.062523807092386,0.0461095222148097,-0.186589413960274
75.545,-0.425524095525745,0.217915851112962,0.858727423437056,0.0690000172318819,-0.0199029256086962,0.0794776772865943,-0.98690405773102,0.033763146136526,0.0486364339569783,-0.034992569213995,-0.238478334255223,0.0925865910553707,-1.01458493678551,0.0465598466045994,-0.0228259125443568,0.520784776357759,0.124437857899431,-0.266071594202659,-1.01995621912243,0.00618270318414497,0.0115194776660326,0.0562549133644034,0.0806653962867688,-0.134948053801554
75.55,-0.42651176319393,0.226358085379028,0.852706816901409,0.0446308106182882,-0.0253867888784616,0.0718623022516741,-0.987499142000508,0.0340543850989843,0.0415400824932695,-0.0684542502842164,-0.235257354820131,0.0820678542840213,-1.01236668928519,0.0175109540105217,-0.0561772785347826,0.532341871868156,0.131394961041503,-0.2917779177285,-1.04160733064759,0.0112976242153413,0.0100446215578494,0.0421597013855218,0.0857162352255472,-0.0741739932284662
75.555,-0.438126110811921,0.223636184854746,0.847827278475084,0.0133285510394379,-0.027983137882557,0.0616323881796136,-0.984670025964448,0.0370939697909577,0.0414085771579038,-0.119767554792474,-0.215980980694568,0.0760277528480764,-1.01000419468189,-0.0283949700968544,-0.0843653326957367,0.55459140472837,0.150894571611258,-0.312832221585304,-1.06050061558449,0.0061735056532654,0.00769449687892372,0.0294698717565536,0.0825437786646485,-0.0278499419137864
75.56,-0.455405875354947,0.212810898727462,0.853102266809977,-0.0143255225273129,-0.0290899266116705,0.0528376158534606,-0.98159104548662,0.022723788948699,0.0297737329352134,-0.1414504081731,-0.192360836339489,0.0789492452360677,-0.994990210590001,-0.113122971096056,-0.116463379300963,0.56860754877717,0.16268036516985,-0.323951676148703,-1.07611656799614,0.00582749684023266,0.00574354319115121,0.0227706577579956,0.0669863828124727,0.0184614457153558
75.565,-0.456785073406396,0.209083765596821,0.851214808648814,-0.0384638853797122,-0.0344470984410968,0.0464612066684904,-0.975952888850828,0.0141383994152013,0.0253796740625353,-0.121675390869815,-0.175195118839262,0.070892023581851,-0.992078592107443,-0.194584885428827,-0.124547958776125,0.543567602269481,0.159961222149969,-0.351332123644521,-1.08368961719921,0.0028821842584966,0.00585754731766145,0.0332838161919099,0.0460050438600868,0.0303445288532781
75.57,-0.457783606217061,0.207346942017585,0.851777222896667,-0.0500969771242659,-0.038815438747406,0.0437483987478243,-0.980297316724968,0.0222417352874471,0.0302289285502748,-0.108249924014021,-0.151989999166534,0.0638492174304731,-0.996648599650618,-0.286446328239305,-0.124065927213144,0.524366061979492,0.16747339767883,-0.358161658689864,-1.08566371764018,-0.00198307959041312,0.00789004464343595,0.0454952329203352,0.0115262561574265,0.0458788417869889
75.575,-0.452223757676801,0.208214727731748,0.852020322549835,-0.0555748008191586,-0.0359954112093599,0.0381624255760447,-0.986720747733706,0.0245842768783331,0.0339747872682718,-0.108547358204623,-0.114354051752411,0.0668132454156876,-1.00428215882538,-0.370431601864533,-0.114955823158777,0.514973239937954,0.175571977098786,-0.322137236116899,-1.08853641788127,-0.00225698396669956,0.0104335068536127,0.0686514784873597,-0.020638873185669,0.0486552640795708
75.58,-0.454909347679515,0.221124050997871,0.852911470898846,-0.0585643176401583,-0.0279882221000454,0.0281477408167123,-0.980140916018671,0.0302048303306872,0.0455807970881298,-0.0875099056213796,-0.087044059279056,0.0641094180655935,-1.01149222119854,-0.428514120472191,-0.0987846348051214,0.520857319112912,0.184292813910849,-0.2552394567268,-1.08282247341539,0.00149282355927223,0.0158305916890489,0.0746176764429304,-0.0462662316406568,0.0612335548922784
75.585,-0.446090705300694,0.22763506039587,0.85115420946542,-0.0756739370823481,-0.033467125191912,0.0161763830127308,-0.986687052536779,0.0356169621359356,0.0577304870311838,-0.0851132486634342,-0.0712370301256099,0.0594830811023712,-1.01604448758068,-0.474706572910064,-0.0834832220588278,0.538264307755819,0.194325523766397,-0.168841720162286,-1.07403091889444,0.00704880925220082,0.0110040793868887,0.0713267949892608,-0.0599714291290534,0.0795460852238578
75.59,-0.436484521677278,0.230676517848883,0.851607485355366,-0.086994478208147,-0.0352364532395396,0.00195092304068059,-0.990908722119696,0.0470063085437018,0.0760668569954026,-0.127308426371171,-0.046083066603309,0.060686194651403,-1.01797821305734,-0.48608278839014,-0.0655481266112219,0.527761813229461,0.193873794129747,-0.103469619281637,-1.05972041301716,0.00809793979064194,0.0125229432620775,0.0700687773985058,-0.0507505975204319,0.0851852665012896
75.595,-0.424094812641717,0.236305929227532,0.857364541573387,-0.101425201408745,-0.0403683413511442,-0.0152396606962584,-0.993645251959677,0.054861037609847,0.0720859158600053,-0.183454310133589,-0.0310820623656066,0.0581664104495014,-1.01024296624983,-0.469882990259613,-0.0361895523430517,0.474867165999004,0.172621303911354,-0.0418206501212088,-1.04487133170898,0.0083646602746322,0.00446899061065583,0.0613072451572811,-0.0368727100791352,0.0919241500971515
75.6,-0.415514895262709,0.233622212267079,0.866514229386413,-0.115690056343121,-0.0458547582850924,-0.0326592264905658,-0.988549048715502,0.0547458901501019,0.0518833328127623,-0.238934843916606,-0.0185212223079933,0.0593348637267361,-0.996869838329965,-0.442635574680441,-0.0179628871449491,0.423374179808272,0.147837300364081,-0.00525696632374502,-1.03786605876087,0.00883898220291012,0.00303450294746996,0.0506362645894322,-0.0243042899785641,0.0950069172850064
75.605,-0.430652918296046,0.21814610584697,0.858077769737392,-0.12123890953742,-0.0431032373787777,-0.0414680862825625,-0.990468943097419,0.0412628372993105,0.0215079902067698,-0.267329621985191,-0.00589064754115514,0.0567227982723695,-0.982025983636101,-0.408874041531707,-0.00610838767028037,0.358475157109002,0.111953703283258,0.015917345396957,-1.02436375250456,0.00506131535913702,-0.00903671578021479,0.0443370560754456,0.00674006101342146,0.093288765192513
75.61,-0.44787357958066,0.199078575752978,0.859940354149056,-0.121484312214556,-0.0462695900636862,-0.0477791003654489,-0.993962701230422,0.0215930464329807,-0.0156476431340711,-0.270643706444038,0.00164653178811562,0.0503828592111512,-0.969396409070593,-0.370482814301062,0.0080323215436737,0.310166570780397,0.0752200859486838,0.0234638265014376,-1.01859437954052,0.00453189341299186,-0.0253506462816968,0.0497343666676694,0.0205508870436236,0.0883238851849251
75.615,-0.459888433995447,0.178804489722121,0.859464167079762,-0.120083936050719,-0.0445968992245807,-0.0505993233777845,-1.0022292539131,-0.0042518774429063,-0.0420728707868016,-0.253876796348508,0.00738215589779411,0.0466464742507321,-0.962141308072653,-0.342506987543718,0.00947304984639656,0.289208914918927,0.053239059987781,0.0339055430296039,-1.00814536672827,0.000168689205160169,-0.0341573735599801,0.0406236491682796,0.0487108459010816,0.0801616420085253
75.62,-0.464056258088539,0.170718677550628,0.864557120618547,-0.111824966124899,-0.0364329568619456,-0.0436483650693436,-1.01462074115826,-0.0240981086580771,-0.0635351230207716,-0.211304026448,0.0101750223885568,0.0326087382303736,-0.953562415012845,-0.312111119488487,0.00432151837849675,0.258686428647336,0.0207408274407677,0.0631619262383308,-1.00133006530716,-0.00295199079509031,-0.0437341730337461,0.0124219903109226,0.0852839218576228,0.0680716613319149
75.625,-0.459365611205976,0.159360551388788,0.865766240667454,-0.105051951232052,-0.0303518956764001,-0.0442938446589725,-1.01209505362242,-0.034155620104653,-0.068835374439372,-0.160815845965688,0.0146557012787235,0.0350491926074028,-0.947267932899515,-0.296234859372763,0.000212342528303613,0.223059491720987,-0.00109339249048802,0.0676475436419048,-0.995611194527662,-0.00342946198850794,-0.0387570411320717,0.0030307954926526,0.109553092192506,0.0616593589372404
75.63,-0.463707577311459,0.161452944138418,0.86158927938836,-0.0948970480686203,-0.0317132854719702,-0.0418016216698578,-1.00749338610262,-0.0355786314317709,-0.079801780999957,-0.101125845390248,0.0139837124484031,0.0303597557926372,-0.933424189200022,-0.287726714713227,-0.00465481692917055,0.140052094513802,-0.0260612751732357,0.0679294204837758,-0.990806557169293,-0.000317113570131539,-0.0275105396297269,-0.0168115310370922,0.143804600026526,0.0477578467360088
75.635,-0.475637798157593,0.167980100510055,0.854166536282626,-0.0812303621952524,-0.02693167188707,-0.0375987387683873,-1.0077204406503,-0.0350906016240904,-0.0868902792020939,-0.0169310577761345,0.00386243077374853,0.0198686147056607,-0.918994582779825,-0.293394958355932,-0.00809482561983254,0.0619322498256552,-0.0433767159823174,0.064602595982734,-0.978961282244956,0.000950093196061379,-0.0148743679055507,-0.00641790085983084,0.169863327181706,0.0368775359595903
75.64,-0.477234885391524,0.163909083724591,0.853552465717103,-0.0682041036030609,-0.0236694900649878,-0.0334449102052307,-1.00482607062963,-0.0240666329850451,-0.0959403716121647,0.0633106850406272,0.0220803739064448,0.0234169045962319,-0.892547570481098,-0.313634849106357,-0.0102590168660428,-0.0115667672872537,-0.0496540251646932,0.0540985252543599,-0.978793109303851,0.00912252051106147,-0.000877609768135757,0.0182218596130246,0.175454133986587,0.0244192475911708
75.645,-0.472242335312378,0.165727781566396,0.853576799670345,-0.0487715082648019,-0.0157152113275237,-0.0239930638692525,-0.994716644451457,-0.0201538697668152,-0.0874612724771446,0.117671566001354,-0.00538209227937441,0.0124956240016704,-0.872588882010288,-0.336576616026583,-0.00688832596342603,-0.0673430296016067,-0.0460485902509231,0.0487735916161004,-0.979653716890249,0.0144900587317951,0.00357624563699905,0.0163163047428076,0.167196099919643,0.0277728230058024
75.65,-0.465784922570315,0.172551205700009,0.854893655811797,-0.0311228964627433,-0.0240986427612618,-0.0203839652240276,-0.987247574699537,-0.0185184579344235,-0.0754701560342498,0.175640363230432,-0.00810538829707283,0.0160882228058049,-0.862116900822221,-0.364500462990456,-0.00394347463959213,-0.114870774067625,-0.0356258387401153,0.0446815671284256,-0.98237904678602,0.0171719706497012,0.0126496155433425,0.0313675707116539,0.174702398824618,0.0309787653613483
75.655,-0.456913500525779,0.187350791944302,0.849480020191892,-0.0115472638795379,-0.0253767967224121,-0.0151082425299138,-0.989486949978815,-0.0184172832435909,-0.0686401394903945,0.218237371450056,-0.0100241938662486,0.0161497823300247,-0.85863362912549,-0.399990042012059,-0.00333518715219656,-0.161261385656916,-0.0212838228955148,0.0361849133427998,-0.985035005744739,0.0163801092124217,0.0146392115467968,0.0384427882811872,0.18039715755245,0.0334387987690275
75.66,-0.458368061010819,0.187918508305846,0.849786496163745,-0.00238145014386509,-0.0276331173190106,-0.0141819584150428,-0.996673894726069,-0.00436027996410143,-0.0659169832142582,0.269608658738927,-0.0254392221414131,0.000586684406254269,-0.858763979025994,-0.416769121800461,0.00049689122561727,-0.194521196825087,-0.0108915091713398,0.0137283176539877,-0.986205503654073,0.0177253996605176,0.0180157856113447,0.0357689326213335,0.168054491663668,0.0447759913494284
75.665,-0.456051650024838,0.19655726977753,0.849648986947913,0.00498147426100217,-0.0309568162952662,-0.00912449008748751,-0.995762713389949,0.00351947257923555,-0.0458657440093733,0.275113281981102,-0.0222507768911366,0.00817191228270531,-0.879317655358803,-0.430364856570607,0.0124603789024021,-0.205590623555402,0.00264492672952289,-0.00518603743918933,-0.987648368577125,0.0131837130218138,0.00897592173282363,0.0210702808754736,0.161452898672633,0.0537826656500458
75.67,-0.444881009793559,0.200108672480497,0.852386685159154,0.00808720217018667,-0.0323304283838966,-0.0118321031332016,-0.996649595685842,0.0114080467926191,-0.0328378523414044,0.254570086545031,-0.0323734134721518,0.00698097064090941,-0.892405752503415,-0.428753679450702,0.0247999226421318,-0.192108435015127,0.0131986035489827,-0.015739709721388,-0.986685816778209,0.0122963444067386,0.000972642038456087,0.00342756928861604,0.14622387826092,0.0610992245726221
75.675,-0.440543642868311,0.203626235801626,0.856833392549924,0.00724890475453531,-0.0321676476560269,-0.00835413578631855,-0.996146979897072,0.0220871403168483,-0.0264214198257573,0.219880812701951,-0.0420240235999391,0.00131114739328699,-0.904506054572782,-0.416827339298703,0.0340069393488555,-0.148038536722799,0.0231596398067126,-0.0166451971435372,-0.98354512453353,0.00891189485624617,-0.00894052434263056,-0.0101646777217707,0.132218650434533,0.0580388524291508
75.68,-0.438200193358255,0.201246325184048,0.855243504057644,0.00544541768204766,-0.0241550952196121,-0.00940304803942837,-1.00285926188891,0.0311865206340396,-0.0326347920092736,0.17027116527543,-0.0424038281571243,0.00198026875586676,-0.915332200847072,-0.398317104766534,0.0432737226115374,-0.0738415565396128,0.0358695720958971,-0.0165112910192293,-0.982750012699858,0.00466410667623956,-0.0138845486632245,-0.0118396321094884,0.122249529424053,0.049834396772427
75.685,-0.446998542457104,0.203758899532822,0.85447829391038,-0.00281698411581641,-0.0241550952196121,-0.0112391374056031,-1.00183029104714,0.0301180920117484,-0.0253528609555736,0.117454694604564,-0.0452847255990257,-0.00378152832410364,-0.925068653510843,-0.381435748245156,0.0506941046980588,-0.0158183869163194,0.0389234218217476,-0.0226189966789639,-0.991925751502528,0.00408118904471918,-0.00768975876650709,-0.00978470900634621,0.114029837011484,0.0488069352208559
75.69,-0.451889003646032,0.205073980091504,0.853545737090627,-0.0140350591526883,-0.0224451498658856,-0.0143970218155547,-0.997838187335155,0.0285376104125051,-0.0227056436256237,0.0611024235199688,-0.0433562047065007,-0.00170523267248272,-0.937740409700379,-0.361012373482574,0.0570213373495275,0.0349287413523075,0.0403722855526062,-0.0245879772382828,-0.988618438568926,0.00156137711931655,0.00495026193513169,0.00619540154393579,0.106937676046211,0.0378774840282191
75.695,-0.454336687183613,0.203255329218162,0.850860725074817,-0.0309823145867713,-0.0237547897993759,-0.017540271241611,-0.995003183973288,0.0234191420753486,-0.0182802267923572,0.0097949605933555,-0.0496513132189997,-0.00454513441395842,-0.952709100023376,-0.347391920073213,0.0618527990809418,0.0870936846932555,0.0438497149927188,-0.0291269011275992,-0.984796209891053,0.00678118121275395,0.0125145727522292,0.0332087202162437,0.110996524977337,0.0352166220545769
75.7,-0.449512874816849,0.186872139505842,0.854190526228879,-0.0524107126554083,-0.0253317527111719,-0.0214705280666328,-0.997215590208127,0.0140696927307551,-0.0153548232629936,-0.0345735439830043,-0.0389656807166089,-0.000487357823532021,-0.965942160762039,-0.339694188636004,0.0563540366609332,0.132338794156344,0.0492543481879347,-0.0198078860377701,-0.9833671021071,0.00586604890604678,0.0182031143206339,0.0466730550824073,0.106142139584615,0.0354777838732067
75.705,-0.443990534589014,0.182484801659357,0.862156889628426,-0.0611410967063375,-0.0217117071151733,-0.0275334054367129,-0.99320770330448,-0.00526882695496391,-0.0242607107194057,-0.0763745785078036,-0.0342076092342353,0.00125097637457127,-0.959499601047917,-0.340960109433801,0.0510557649154938,0.151527362622348,0.0531610312500173,-0.00427592436044108,-0.987488230232549,0.00320777458129937,0.0227600071658096,0.0435728922079805,0.0864328251773575,0.0458416408216128
75.71,-0.445819950658367,0.177549712446861,0.861166618810101,-0.0605469218221931,-0.0221331641409655,-0.0252280721185502,-0.990884906300419,-0.0260918161549494,-0.0307636896313447,-0.0884098118766887,-0.0157543984671002,0.00558580789283818,-0.952926531615197,-0.33822501932486,0.0406270510304447,0.173521133832436,0.0615144422870459,0.017907422298251,-0.988530623929106,-0.00263485391445864,0.0230448010408067,0.0353580231121097,0.0696938444758904,0.0598487977973737
75.715,-0.418460576554641,0.175980598308424,0.860997788444167,-0.0634326683516706,-0.0229334086179733,-0.0177188437142455,-0.993774662035777,-0.0463229813547015,-0.0349563237520528,-0.0691673611514009,-0.0146329461239704,0.0040939754206394,-0.943363067790015,-0.334751676762125,0.0297353575592464,0.173218370461182,0.0658593076585428,0.042258340938411,-0.993537223022095,-0.00958746806238711,0.0159563847279316,0.027005563130686,0.0707499540345325,0.0672358357032703
75.72,-0.424323463131618,0.177268109774707,0.861243577888332,-0.0575578382955601,-0.0179828863738584,-0.0130537981167436,-1.00282367590639,-0.0562174171336766,-0.0375773066323506,-0.0366617827038266,-0.0217982644574559,0.00308030448985931,-0.94010238752804,-0.331791596491176,0.0237741115699824,0.15880480534574,0.0653888956761531,0.0598935491016984,-0.993160346955125,-0.0164847937189618,0.00651608630180592,0.0139607816145926,0.0801354277484394,0.0665609903721341
75.725,-0.441523154483585,0.17100369882037,0.867677783360325,-0.0489557601332499,-0.00898419016319835,-0.00864110180322217,-1.00865013033092,-0.0518504706218722,-0.042662715220099,0.0169009650878323,-0.0181215612840722,0.00900718877844228,-0.940126639582733,-0.326399592282426,0.01563207866417,0.126069886421676,0.0721209491363566,0.0771247362238965,-0.996588621938587,-0.0194161197984999,0.00440697151451171,0.00651177422046916,0.0942132724408963,0.0574015665404322
75.73,-0.449458756635445,0.17679915638577,0.859983163730651,-0.0378729837739863,-0.00779458542250671,-0.000717232509762946,-1.00843156997829,-0.0301217468614254,-0.0409508190017948,0.0729706662653782,-0.0171024756882999,0.0106153003871441,-0.942985685699229,-0.321533635812652,0.0108948047162699,0.100877876815321,0.0757095975619994,0.0795571204223774,-1.00390360030228,-0.0175655901667368,-0.00284229239318818,0.00314129960510215,0.112524716326016,0.0413843519497471
75.735,-0.450254906458538,0.1881682145015,0.855414227362925,-0.0274981770536659,-0.00376047794651525,0.0018815897489496,-1.00339143758723,0.00144776390087424,-0.0396737693409865,0.117150708318414,-0.0118198785930872,0.00764982269124173,-0.942942887288287,-0.316867376115985,0.00483376524101351,0.0801562323496498,0.0802206785784351,0.0732911665411005,-1.01603685977253,-0.00178938453979236,-0.0186702906149633,0.00762141889650531,0.120392465252576,0.0315496612844884
75.74,-0.450209583967631,0.196975959014325,0.857255849816043,-0.0145402634521871,-0.00202090169066181,0.00721193762330348,-0.998064982422982,0.0241959599076574,-0.0296039284475664,0.131399793381592,-0.00636264397934961,0.00479205653450942,-0.947344109040578,-0.321659138423353,-0.000698004375538518,0.0896790291629676,0.0831328943107964,0.0658161209259017,-1.02437744067091,0.00590630186263967,-0.0287687585528265,0.002456720400938,0.141260653159067,0.0242213718593121
75.745,-0.451174856084445,0.201084400670282,0.851502721804241,-0.00646284367830048,0.0011863129836437,0.00621413787992116,-0.993879607889242,0.0444857757629038,-0.0270636869906266,0.111469923852103,-0.00390717906235083,-0.000493207022220455,-0.946789483467556,-0.329662389115861,-0.00484005938162805,0.12911810576271,0.0836712891853769,0.0526034608446594,-1.0187916450316,0.0160875600218484,-0.0319151438661986,0.00951625591022882,0.163692846210311,0.0192198898883134
75.75,-0.442015459958841,0.210922915784099,0.860598285611443,0.00373311824052133,-0.00421148426925721,0.00412922719115282,-0.996755114356358,0.0498232248134868,-0.0181367875408038,0.0694426888842759,0.00382147262124248,-0.000448714185510402,-0.942868256298851,-0.336134610013915,-0.00240483477290997,0.175209549378892,0.0808974138937827,0.0507594672394837,-1.01404870070408,0.0218297719025996,-0.0186885792713855,0.0211640305363111,0.180284412580854,0.0221901080733608
75.755,-0.446445737064179,0.204366805043092,0.850287486972005,-0.00403207696032845,-0.00599470054010221,-0.00744039295716152,-0.988877777298309,0.0424409426314498,-0.00865238846672253,0.0226193502746046,0.00587369810318016,-0.00530871593930156,-0.943917548350375,-0.345494982801709,0.00438664746666672,0.222357524874856,0.0696823790280114,0.0383929927577626,-1.02101387257908,0.019484888906723,-0.00670470458552858,0.0255587424279869,0.189505663619292,0.0375485313377471
75.76,-0.444655525111524,0.202837893261152,0.851524966632647,-0.0134544754459856,-0.006708891136379,-0.0130078069697676,-0.981808082179233,0.0298610083660863,-0.00614891038307311,-0.0142312826638621,0.0134029859130534,-0.00835733367360908,-0.944202868199989,-0.346373995357696,0.0112341678833709,0.258579298111605,0.0574355934000577,0.0369960429652924,-1.01844066628212,0.0109980420948319,-0.0010635936173223,0.0224864217625605,0.179931522611997,0.049955103735111
75.765,-0.441925046460687,0.196726470043552,0.857460091907542,-0.0222838830208433,-0.00674620010014896,-0.0191622711718082,-0.985047990693067,0.0165985484885023,-0.0128888999738339,-0.0440696273538995,0.0270431279277255,-0.00350731481526598,-0.943223035484087,-0.344118439431565,0.0148797864621523,0.271348917309368,0.042320524069813,0.0399738702128062,-1.01985904078796,0.00538456283140166,0.000368992078059631,0.0113807699431457,0.14447459526953,0.0656656579326115
75.77,-0.439761860201134,0.199258146384456,0.859602685894774,-0.0297275274084683,-0.00827306509017944,-0.0223896035993965,-0.995496438855668,0.00567458732481646,-0.0226185479598457,-0.0476552120885287,0.0158308708963126,-0.00648842193186283,-0.940867541023202,-0.338741096249129,0.0115867165566356,0.272574751397304,0.0308385669168041,0.0441403909322734,-1.02756230526085,-0.00145664930409629,-0.00247136215855727,0.017716589497135,0.107395224340398,0.0657055423056826
75.775,-0.442712597020134,0.196307456507097,0.855355376371491,-0.0399402469446348,-0.00504403679965888,-0.0286451226531749,-1.00304716300307,-0.00346450622916433,-0.0259448957391633,-0.0304729012193006,0.0223243049858204,-0.00880528880118657,-0.937279832033361,-0.332825555235206,0.00563770683308928,0.248455594090525,0.0164966528910471,0.03968041747681,-1.02897805657132,-0.00196241954942316,-0.00599326845872049,0.0287123406394297,0.0824252021975554,0.0605510311573588
75.78,-0.446944444730158,0.189726491612216,0.857451380946601,-0.0479093281758981,0.00100772831410837,-0.0300787960253115,-0.999127793316455,-0.00644989179632799,-0.0281228364466592,-0.0126369941342888,0.023609260097146,-0.00860968593416596,-0.935319542833665,-0.32666887312523,-0.00288896455063857,0.180064666275462,-7.87082319199245e-05,0.0281882836242324,-1.0231522188476,-0.00262331020082316,-0.00832196167200796,0.0365358852168876,0.0682924246134556,0.0616867617091495
75.785,-0.452082534783152,0.184210625192739,0.861802984379684,-0.0527139280829292,0.00272218137979507,-0.0314099752624447,-0.997491460405638,-0.00219434754184712,-0.0301613730557092,0.00120955179038297,0.0250736015940912,-0.00843804751233323,-0.937030501064799,-0.319835874164746,-0.00881043222433943,0.0880944384504257,-0.0167544111609459,0.0194662215618109,-1.01791530714697,-0.0071739187857633,-0.00478286954992473,0.040608111768961,0.0521959934209962,0.0657589882612228
75.79,-0.449952269200455,0.182873181705052,0.860131058613366,-0.0511268097149981,0.00228339627507794,-0.036171330366238,-0.997563650954923,-0.00414156958476978,-0.0374802076565958,0.00861665641311729,0.03057398225622,-0.00886334948000107,-0.938520769559918,-0.32301233813386,-0.00977835952770695,0.0688722480875042,-0.00934280505198283,0.0299731607610877,-1.02089625129286,-0.0084507207075779,-0.0118225549288572,0.0355704971082721,0.0389064485038768,0.0663187228442352
75.795,-0.447368201193795,0.180551760334171,0.863343460062258,-0.0503124470375549,0.00309775895252115,-0.0330239677112585,-1.00136609190258,0.00346851749563184,-0.0355761852441643,0.0154498538237643,0.0338113262312146,-0.00607587138671349,-0.945384948361649,-0.318824042081829,-0.0133483129946754,0.057087294769112,0.00118325591339019,0.0437093055231473,-1.02143130824485,-0.0106374206111504,-0.0232159685564141,0.0185797178953574,0.0224759009273455,0.0618884636745019
75.8,-0.44677357208591,0.182672890752936,0.859634416375358,-0.0423239638428607,0.00632466433708145,-0.0278393316613779,-0.996858119228068,0.0126030437394193,-0.0356046552646871,0.029126885837866,0.0381745368192142,-0.0125018383677787,-0.948887094873545,-0.315656422653034,-0.010166144388171,0.0429765435459502,0.0114216114150857,0.0631196033209515,-1.02182945164708,-0.00768566534174821,-0.035099100036875,0.00378748818193088,0.0103639099681028,0.0633156001567841
75.805,-0.448524220172977,0.188017105852157,0.859138199643303,-0.0386535375964156,0.0025397278714666,-0.0341875105403882,-0.986066739241146,0.000778646566844275,-0.0383139009036851,0.0322382132665124,0.0369946919929213,-0.0107909574074826,-0.946429044802097,-0.315315552647717,-0.00663820047576502,0.0552156868487895,0.0274563195286558,0.0710332938168995,-1.01487977258665,-0.00930555274272949,-0.0438816756579608,-0.00793050963717293,0.024982647839238,0.0635387336724663
75.81,-0.447340988767942,0.190890718930974,0.856874425234188,-0.037765832940339,0.00535437185171925,-0.036747727193688,-0.986719532218131,-0.00564989560950647,-0.0317295140857825,0.0427303626409156,0.0451211992165021,-0.00623650005008489,-0.941337868639184,-0.320991791132133,0.00215273208901872,0.0714161730824477,0.0350712081537007,0.0843652738204711,-1.00656455001283,-0.0112362742922375,-0.0435525642686326,-0.0129819753785649,0.0551734431532977,0.0645372942090034
75.815,-0.443513676538067,0.186513613471233,0.857370623104145,-0.0299893300275427,0.0064573752920252,-0.0318682438181995,-0.990449947203612,-0.0110877516122464,-0.0329984683719392,0.0362388984334374,0.0480431541800499,-0.00404503382742405,-0.931843157443029,-0.327276021575925,0.0127798707179098,0.0753077995978032,0.0324181437710459,0.106070925821858,-0.996758277157862,-0.0062068007355109,-0.0282405627036021,-0.0169348159020987,0.0964561666230584,0.0679595248349305
75.82,-0.443390305379241,0.183948769389575,0.860807446232651,-0.0253274090413337,-0.00250138794658019,-0.0353810906934483,-0.992570390031499,-0.00587161364861025,-0.0428853390457564,0.0411085596340293,0.0480431541800499,-0.00516038112147939,-0.92037469558939,-0.337142703477712,0.0187594122344268,0.0830159639993967,0.0239088321954517,0.119979737086389,-0.993236407456985,-0.0118811833368584,-0.00675264245261919,-0.0192111757092796,0.139690621896247,0.0635343173180408
75.825,-0.445872491786629,0.181497074679513,0.859473860965141,-0.0243543032008035,0.00217862618986536,-0.0284837340507149,-1.00025874968937,-0.0140041360929802,-0.0437096896890978,0.0505199978782884,0.0493037693363507,-0.000616504397748324,-0.91613568016413,-0.345302209804157,0.0195695498488536,0.0989414927665318,0.0213812613010017,0.120932989521497,-0.996228015307816,-0.0152586054387515,0.0163402993765126,-0.0212124992972835,0.162523208952329,0.0514813838605278
75.83,-0.442826062954153,0.178962628472826,0.866169689106169,-0.0185257741159171,0.00516556948423386,-0.0274396317113854,-0.999845317462272,-0.0160616852187862,-0.0448640324161489,0.0612799364955207,0.0434120821796114,-0.00256763444051441,-0.914329570737431,-0.354813992425385,0.016974047799725,0.0847064009889003,0.0213065701816803,0.114957608832218,-0.996327548723541,-0.0178144068939031,0.0294828581773754,-0.0288858520884476,0.170205141658496,0.0432599158219576
75.835,-0.444553599103315,0.183054000901796,0.861116629568597,-0.0156255806538855,0.00437137509120527,-0.0241706585349591,-0.99850708288047,-0.0107669056718472,-0.0476318615755952,0.065557779714888,0.0394870542083868,-0.00567678365069067,-0.916656950382312,-0.359932397590493,0.0120794653483243,0.0699417565198417,0.0190545254591274,0.104833877590092,-1.00209587696706,-0.00736582392522138,0.030456322786444,-0.0362504940147165,0.170344249375592,0.0270092409443906
75.84,-0.452431180038053,0.184184295317704,0.859668264272572,-0.0153314704671817,0.000496539908839045,-0.0193074402660761,-0.99633510297427,-0.00686124786419468,-0.0507016323240877,0.0482886327076063,0.0335674510097062,-0.00296181445535686,-0.916458642722032,-0.36449291355633,0.0101308044923184,0.0503923467297346,0.0186747293919325,0.0888471703177641,-0.998721288848997,0.000434273261248543,0.0303816320902077,-0.0510506285112537,0.164059813454282,0.0205382044974344
75.845,-0.453923787073869,0.186368977025764,0.856123320934638,-0.0227627153853966,0.00150048732757568,-0.0166305365374765,-0.997500688586043,0.000401562659270824,-0.0550002868077893,0.0425975954325633,0.0367754429940768,-0.00634782924159293,-0.915509198510086,-0.365483949372541,0.00952993532349963,0.0552190298250089,0.0216618412534842,0.0757712657888412,-1.00777642726126,0.00744017955858984,0.00600540026409726,-0.0655510032819026,0.149893904994118,0.0166137478801394
75.85,-0.450564669132187,0.185732830761305,0.858329589559488,-0.0231184887607158,0.0025491170988821,-0.0160266238172115,-0.998044751826153,-0.00419668878815466,-0.0547154654757079,0.0245080494168087,0.0465202354403082,0.000537161497129998,-0.910437488672454,-0.361942006689438,0.00761393555640698,0.0725150483158444,0.0288620459059466,0.065130300476072,-1.00818879822689,0.0108161388541718,-0.00558731842019629,-0.0839352869202601,0.155346860933013,0.0210629721298675
75.855,-0.451753759994287,0.184921282157419,0.860562856657961,-0.0335325021018737,0.00716719074382968,-0.0175765132935782,-1.00229153905878,-0.00595896648512842,-0.0535558351333487,0.0177022070298543,0.0403490221008689,-0.00252226334675139,-0.907199780009717,-0.35756797872708,0.00769354735773493,0.0868797355707109,0.0351593906336493,0.0700431037664361,-1.01703124282748,0.0128783481896181,-0.00514846823081662,-0.0930782253551309,0.142138640945949,0.0247445238742729
75.86,-0.448958945397513,0.18565448474572,0.855176863065474,-0.0313886287897004,0.0018720614593238,-0.0120178902462854,-0.999957823746509,-0.0124185218716519,-0.0489734329965491,-0.00794529018461479,0.0273820350867839,-0.000523535339769018,-0.905838447203964,-0.354230225861365,0.00816004561662184,0.0978717891236156,0.0466775505299825,0.0788789695247599,-1.01731943625645,0.0157504193788215,-0.0072214778835533,-0.0998907723392999,0.139682502803735,0.0229996778070927
75.865,-0.439788690182777,0.185385000627692,0.860751066801261,-0.0331351305494723,0.00239882708588887,-0.0063973856193417,-1.00065996741966,-0.00692017268715683,-0.048616381120561,-0.0150372336009902,0.0184877654939665,0.000607025849796739,-0.904241071447992,-0.349938380566882,0.00981215834380869,0.113530312343168,0.055844688871938,0.0747789125050723,-1.01800122486976,0.0101737118133188,0.00358648936042524,-0.10599523037672,0.121215290909207,0.023549569311477
75.87,-0.441692726169202,0.180314695710349,0.862406984841876,-0.0322251159469711,0.00313465266811035,-0.00830451006140388,-0.997018981356797,-0.00524755654687443,-0.0503634324208794,-0.0307400486318038,0.0197059903734107,0.00182525156977581,-0.900817437952045,-0.350364205032216,0.00691194875243374,0.10859591775058,0.0577689558267593,0.0722871758720813,-1.01463860210542,0.00419672021685179,0.012596492922571,-0.102513981035609,0.106617999249028,0.0254430677741766
75.875,-0.44620865637142,0.185848615940884,0.863464880223065,-0.0353085562855396,0.00336772572109554,-0.00608319943347921,-0.998415746555727,-0.0046117707942809,-0.0534339009822632,-0.038051844436081,0.0110384059316163,0.00188779059746792,-0.900027191765615,-0.348015833597679,0.006777734669429,0.097755838055557,0.0604520190532097,0.0698442352298175,-1.00688661763215,0.000246222264600764,0.0216465371781346,-0.0904813006581774,0.0820731272402589,0.0236244518533144
75.88,-0.452293255312947,0.187299783016254,0.85531584944683,-0.0324893223115566,0.00162720300512813,-0.00808254197943032,-1.00546498155282,0.00168030322245457,-0.0512067677446299,-0.0426655562925223,0.00650553964078426,0.00322018766284489,-0.906329365154272,-0.350037267592003,0.00565385796306095,0.0881862167642194,0.0626470773817041,0.0679765239425252,-1.00126415660206,-0.00670626621590243,0.0175318005277558,-0.0901089640328895,0.0712194367936795,0.0230039214461914
75.885,-0.452472787159441,0.18648471906717,0.854893947996389,-0.0272626525675965,0.00718260238880163,-0.00938871409744024,-0.993972049432295,0.00461214742888374,-0.0526029173991114,-0.0247734921634044,-0.00526637000329067,-0.00237830296988976,-0.913276889671469,-0.351579906063185,0.00480709815773473,0.0724992945716198,0.0682746355756979,0.0682133961022084,-1.00781116723608,-0.00145952511547702,0.0179947285752068,-0.0883729360448481,0.0531379862065658,0.0247399424048491
75.89,-0.447417993044581,0.180515073901712,0.855371808433159,-0.0267908546737503,0.00570228804267162,-0.00992543306502963,-0.99919656021302,-0.000738577379748561,-0.0542074633247833,-0.0432581711005683,-0.00107936194608057,0.00180870661070501,-0.923463527451545,-0.358709919230713,0.0102996200133972,0.0620018842878815,0.0723399445202383,0.0620380863971645,-1.01347034064242,-0.000552070871536819,0.00819184289053305,-0.0876135171454976,0.04754024878117,0.0295782603519737
75.895,-0.442320405700158,0.179467368076946,0.858935202548211,-0.0218977005089424,0.00399663758129971,-0.0042354038002709,-0.99814481234042,-0.0011949828416824,-0.0503655697816258,-0.0416324890240357,-0.00253671903397482,-0.0013108427336992,-0.92358068704765,-0.36707055793209,0.0177070568307489,0.055791952915912,0.0728023129121314,0.0475345705570327,-1.01741871532112,0.00080398139088734,0.000155598870551087,-0.0871679356260481,0.0473468357758341,0.0284643062136741
75.9,-0.440757743702319,0.183722037420413,0.859514414011602,-0.0156443127181991,0.0038153998326307,-0.000836852472275496,-1.00011641192629,0.00293954165869913,-0.0466015783185222,-0.0252615247751762,-0.012320603458088,-0.00628243029306273,-0.921829324412044,-0.372831367000043,0.0262700291467392,0.0402110097897246,0.0747152637564426,0.0400263000405545,-1.01715766877123,-0.00424780449623347,-0.00106387497053667,-0.076030394000806,0.0411215086241943,0.0312948600492439
75.905,-0.441150436427448,0.191562303631049,0.855781581389888,-0.0140371918678284,0.000665039518486708,-0.00328024150803685,-0.997934684328843,0.0113430760809297,-0.0458802751288822,-0.0246414978131567,-0.0181342366371901,-0.00710024196453079,-0.922913034072211,-0.364749524108093,0.0275645106285596,0.0404882058501244,0.0746557679159955,0.0336806350252127,-1.01184576325025,-0.00150065906563463,-0.00268863734018591,-0.0628306488205432,0.0427150290535664,0.0325408099257338
75.91,-0.445539941185134,0.191553332894853,0.858382417154741,-0.0178616200801551,0.00463439475709859,-0.00519245543198525,-0.999139982287934,0.010162828557836,-0.0511903460494524,-0.0188269080935823,-0.0267225926267121,-0.0106415303269042,-0.922532368634019,-0.351572492192035,0.0306629420783194,0.0425389397421467,0.0721129367096619,0.0286773094307452,-1.00948648987719,-0.00415013338973353,0.00336732749895163,-0.0532658768110301,0.0417924405172338,0.0315515398979187
75.915,-0.449926479649166,0.179677393897573,0.862811781149773,-0.0221203800526947,0.0143704294213889,-0.00901220373728899,-0.998819061019652,0.00815422960562676,-0.0595033657905779,-0.0222620428669502,-0.0272102877701677,-0.0122318581587185,-0.927477324671423,-0.340009371883831,0.0269679915247522,0.0462605100015091,0.0637872288785889,0.0345229578573418,-1.00188979034112,-0.00487929777891611,0.00793128546174569,-0.049797285348177,0.0368689112300981,0.0297484075770196
75.92,-0.445693675877891,0.17743357759035,0.855196175032728,-0.0122948987836366,0.00717599902391339,-0.00598654247316315,-1.00399424347138,-0.00361916501797429,-0.0591848238935367,-0.0189296943837516,-0.0276268323286433,-0.0114502763972621,-0.931742621595717,-0.333044923666136,0.0179357693708946,0.0662644047668806,0.0637478875601915,0.037360726815314,-1.00427046167599,-0.0137534043948391,0.0101449258620224,-0.0521349910597094,0.0287837471685553,0.0337835632165449
75.925,-0.448245398923465,0.180040993516555,0.858942350347988,-0.0162676334526029,0.00250923486013085,-0.013849598967301,-0.998825896414438,-0.0107947259088535,-0.0597515156737737,0.00190599822542418,-0.0331393750067256,-0.0129239156314256,-0.931410243428452,-0.330622266882672,0.0106138672845373,0.0788954799784415,0.053588324223191,0.0366809627559485,-0.999592326421905,-0.0157139655406278,0.00950347745048659,-0.0746637321773545,0.0184322843132672,0.0270593282431134
75.93,-0.446703753981734,0.17801203943694,0.860149483721773,-0.0152588859200478,0.00102149286514993,-0.0127900865808761,-0.997977051531412,-0.0143729538935328,-0.060251310404994,0.0198584036835239,-0.028155275344441,-0.00793680077842949,-0.92986289977165,-0.329476425374547,0.00268706189891681,0.0797130441986787,0.0441868896448424,0.0347951433053699,-1.00563813945907,-0.0200152385412071,0.00533205238620085,-0.0837427850682829,0.00500210599607409,0.0191166694602254
75.935,-0.451317809902,0.176772348873846,0.861722327979339,-0.0152588859200478,0.00194092048690223,-0.013444427372051,-1.00372002882642,-0.0157810287055604,-0.0585974060721875,0.0451978854415145,-0.0278079931997111,-0.00648842193186283,-0.926941762543222,-0.329306295262711,-0.00589262735960164,0.0561947178029985,0.0406652316451073,0.0353310661058513,-1.00408016074518,-0.0163495963224145,0.00153660834382216,-0.0956914334923762,-0.00760104896100413,0.00698708591373686
75.94,-0.448666122412989,0.179900473264583,0.863095040820103,-0.0129893355487129,0.00499173175112994,-0.0107842468803462,-1.00011389336804,-0.00611707335008167,-0.058446597031758,0.0949357886334809,-0.0323556778483629,-0.0110645214486187,-0.925543659100018,-0.327931393964571,-0.0125655424742433,0.0386851065094276,0.0301501961600039,0.0373187809444238,-1.00606876007068,-0.013698312562772,0.00944410733278527,-0.0962985140795009,-0.00110849726019802,0.00467425957322121
75.945,-0.449459415846953,0.17958378945802,0.855275406411536,-0.00627909059750271,0.00711891871401597,-0.00938871409744024,-1.00483968774246,-0.00154184646002332,-0.05598374355429,0.129523278399144,-0.0344842133258983,-0.00860855906196354,-0.924841363009625,-0.325496685382844,-0.0211682626779209,0.0383582036246027,0.0281976697877818,0.0276519432663918,-1.00442726863823,-0.0137632730229345,0.00234590909556495,-0.0981341068182166,-0.00462599046680721,0.00408922396981925
75.95,-0.449834685562905,0.190842812687611,0.854738674284823,-0.00218108982505265,-0.00146354003003702,-0.0104299866504138,-0.995762007659694,0.00427860490624932,-0.0482085235225458,0.139939025721646,-0.0352667715063629,-0.0142534160718362,-0.926018471689914,-0.324413266182206,-0.0209552042073717,0.0473310200538768,0.0272265914827585,0.0282216258954163,-1.00699900030646,-0.00869256033245889,-0.0029213628407381,-0.0968037131044191,-0.00894967387832726,0.00961865546674559
75.955,-0.453727710892064,0.191026549015711,0.854553432800736,-0.00175749566575175,0.00100958583368272,-0.0118321031332016,-0.993876962219711,0.00649188768138437,-0.040272479034689,0.137622007072917,-0.0301174446912383,-0.0121432420741801,-0.929843941333886,-0.322127427216707,-0.019299627188866,0.0335407486713986,0.0272265914827585,0.0288736373186111,-1.01296772187385,-0.00811110546994963,-0.0063182141231315,-0.0965820396406874,-0.034270068348316,0.013507309474212
75.96,-0.447186072543804,0.192828625152905,0.862914114099018,0.00270386111635395,-0.00417278477019636,-0.0164287443131017,-0.989649677728742,0.00958281823282596,-0.0344389948562513,0.132187014774937,-0.0312431535887115,-0.00783395513719388,-0.931376735309684,-0.318323743744169,-0.0143361642667028,0.0306391843913374,0.0331463993570591,0.0229538348596556,-1.01354116294459,-0.000837326758929947,-0.00427198819926149,-0.101011682777361,-0.0471045558135455,0.0108795048394346
75.965,-0.446039039171303,0.188751397613052,0.857160542702635,0.00339232132664554,0.00573568551080958,-0.0181034716259998,-0.981445015606361,0.00246428291778043,-0.0223808686799573,0.111007254930115,-0.0243830686622423,-0.00927805585797252,-0.933530120871165,-0.321883662284486,-0.0104753529543218,0.0179409120342458,0.0269328873216975,0.0255022601719242,-1.00947623035456,-0.00829392191568425,-0.00670620706797244,-0.114102604880475,-0.0677720844221827,0.012826341303133
75.97,-0.439688594249865,0.185441389016293,0.860256851679614,0.00449706955596874,0.00150048732757568,-0.0186558457406614,-0.990495968773904,-0.00133243196408377,-0.0258790035409451,0.0984859009993809,-0.0244138273305067,-0.00775902463075135,-0.937837222300209,-0.323788234582755,-0.00315654733964726,0.0126654474236088,0.0342805475068176,0.0203217789530754,-1.00692865764082,-0.0122265882207921,-0.00565261629780482,-0.123204198734612,-0.0762304819922127,0.00966627623304797
75.975,-0.443440772749767,0.186677592657788,0.859597881383703,0.00148933776421072,0.00228908460238217,-0.0179405771195889,-0.990711882277201,-0.00369797155302912,-0.0284717144288534,0.0824768408301098,-0.0176056365353148,-0.00521601835409187,-0.943368924076868,-0.320604870777888,0.000634020170535656,0.00751251406223635,0.036189039719605,0.0259995473349842,-1.00794773694973,-0.0152427138279212,-0.00541536262278495,-0.122701007719357,-0.0744450557981981,0.00586810858448695
75.98,-0.448946970277516,0.185170468477174,0.858557180162827,-0.00046324711479848,0.00815413800071207,-0.0157677919866865,-0.994226049771304,-0.00384629076017073,-0.0325687653938197,0.0669552798741334,-0.0065891345542007,-0.00648842193186283,-0.95414716390532,-0.312334437735122,0.000265055669067344,0.0130156851537468,0.0402684024488011,0.0288736373186111,-1.00263789907251,-0.021444575708832,-0.00155522679876397,-0.120826349731335,-0.0591600750312107,-0.00214355490789139
75.985,-0.451247548123949,0.186211399685112,0.857426674241174,-0.0034669132929085,0.0100523456931114,-0.0171438531490339,-0.996883888253408,-0.00166472465749252,-0.0309025282976852,0.0685173917586613,-0.0079316912596426,-0.00793322150102401,-0.96403503261953,-0.311019338824427,0.00162468503866764,0.00427835569682005,0.0337943939603115,0.0251902115007032,-1.00374509555742,-0.0231833965237364,-0.00592904884983894,-0.116201138536619,-0.0417940114795835,-0.00833202458895295
75.99,-0.450592678977886,0.177816573078139,0.863662249091747,-0.00548532977700233,0.0100523456931114,-0.017022419889933,-0.997869158025262,-0.00157688506533191,-0.0280200694529135,0.0618928208354718,-0.00366984763373024,-0.00621243349302397,-0.977130866861132,-0.313335177801639,-0.00133769808941966,-0.00894016892215554,0.0232019254358656,0.0158370230778339,-1.0059340225047,-0.0159638279137184,0.00228647445480733,-0.105722562660911,-0.0200235412602945,-0.0129622692095655
75.995,-0.444716105946617,0.183314580866838,0.861531915922503,-0.0105411686683094,0.0108949850800883,-0.0151181315559399,-0.994909387831133,0.00161295287567372,-0.0242356308102514,0.0564417979708077,0.00466902407061525,-0.00453212209957994,-0.984322394707306,-0.321432463882224,-0.00231873791582876,-0.0192362981066827,0.0137650419611682,0.0114241303436087,-1.00536208938673,-0.017947064978077,-0.00019650153713743,-0.0938509549560838,-0.00313891927278402,-0.020261478295521
76,-0.44613899371495,0.193817151994621,0.859833038139634,-0.0173489251067507,0.00900732609975994,-0.0188972592814825,-0.984822052093575,0.00642800328484445,-0.0119279928914445,0.0332545550724589,0.0396541171239011,0.00502076030190378,-0.988846601092003,-0.319644623696804,-9.23038700174898e-05,-0.0265014931406283,0.000959811239941781,0.0175392238377075,-1.00551582952382,-0.0154517138508192,0.00756443398348103,-0.0902235891925285,0.00158707367842449,-0.0175370038066287
76.005,-0.447792555870605,0.193231547422966,0.858204719120276,-0.0245522219758237,0.00968160871063648,-0.0212349222937721,-0.985804433962948,-0.00285671171779069,-0.0115698257384163,-0.00822932397408134,0.0239588032521949,-0.00179804869840269,-0.980039209193133,-0.317420354371637,0.00692619633887789,-0.00893561595151213,-0.0125332857169396,0.0329824876680845,-1.01212279058404,-0.00742400850281991,-0.00402519828376397,-0.0869562927920128,-0.00535260415237216,-0.015856704981448
76.01,-0.442535588091797,0.182534895225807,0.861784682072706,-0.0291754805690164,0.00952078298573274,-0.0205961402196033,-0.986106236001078,-0.00470450966157828,-0.0224869450902731,-0.0280993555467038,0.0346012261510771,0.000104784233459321,-0.974727817439162,-0.314380363978508,0.0106056732641184,0.00127964591374722,-0.0216384187876051,0.0394226166606774,-1.01203998924701,-0.00705655197922007,-0.00357873981990257,-0.0776779008671786,-0.0306298682212482,-0.0114218551710306
76.015,-0.443002274640686,0.179236215680426,0.865495089308406,-0.0306439014764443,0.0074229513662356,-0.0242767197374134,-0.988818028932234,-0.00768665282927024,-0.0257339464669494,-0.0273602488048589,0.0426770736913137,0.00377224911344851,-0.968250378650871,-0.311288082686424,0.0115595690224711,0.00595836821043314,-0.037743803188556,0.0519331201460425,-1.01690750760662,-0.00747448678030167,0.00278511163770476,-0.0697506878134176,-0.050899039188118,-0.00835808482204226
76.02,-0.44710643176973,0.177283920524276,0.858713007736612,-0.0358317395967028,0.00980740058288293,-0.0240980364027315,-0.989806284286026,-0.0101760383116249,-0.0207688868538473,-0.0161485897925819,0.0479680416477711,-0.000267280952442657,-0.96232702595907,-0.305069203374774,0.0123950526070484,-0.00705969544833493,-0.046042351124144,0.0496969984287567,-1.0166584046041,-0.00615312120254906,0.0172536753905977,-0.0595361184775483,-0.0594573418220489,-0.00875445786975429
76.025,-0.447774054103006,0.184902685064605,0.853080490546094,-0.0360276959836483,0.00935624283622338,-0.0235234561853545,-0.990497261724186,-0.00735980344715034,-0.0284221859763518,-0.00364017271171943,0.0510547976249445,0.00470577299551482,-0.956468684302818,-0.29996950476088,0.00622144363235662,-0.012058494179945,-0.0494335890182668,0.0618639959419512,-1.01642685484133,-0.0120274138857856,0.0211698920525473,-0.047510113813582,-0.0653404584843381,-0.00695896600643102
76.03,-0.445399292540784,0.185892217892947,0.855788502008324,-0.0339979268886073,0.00975171524504879,-0.021605659276247,-0.989277454308374,-0.00148256427386777,-0.0311885991609456,0.0126888819606632,0.0575882051153124,0.00835843448039071,-0.951849893707166,-0.292402318870814,-0.00314678593875115,-0.0252018077562029,-0.047977995568281,0.0633625695218866,-1.0127580042058,-0.0103141229130738,0.0186936668824281,-0.0331093519841036,-0.0699827851412766,-0.00820550540643924
76.035,-0.440803382015872,0.18220519148199,0.859208882666761,-0.0296235244268665,0.00685026364001083,-0.0238817411222324,-0.993457974139343,0.0103675312583009,-0.0312784969867433,0.0229862025976118,0.0639251843094826,0.00539539979760546,-0.952565364450145,-0.281842292961478,-0.0115258931160383,-0.0271324664720107,-0.0457083322839357,0.0654030238892065,-1.01617872076532,-0.0127155973083098,0.0211617928877062,-0.0244441327588594,-0.0587470340027978,-0.007542684674263
76.04,-0.445809980861082,0.182241522867611,0.859771103103105,-0.0286975242197514,0.00867512859531426,-0.0241268089034747,-0.997146577857564,0.00814280564516897,-0.0314452919007379,0.017458627127862,0.0662661237235185,0.00450682826340199,-0.951802912805168,-0.281178347471811,-0.016948971607698,-0.0411919063783767,-0.0460606283111463,0.0643461336590743,-1.01658795657447,-0.0109761327251657,0.0207627833514241,-0.0192560367710403,-0.0411211402760597,-0.00265739491239562
76.045,-0.445044924524317,0.18922065500531,0.857686075345181,-0.0322158271074607,0.00315214676866894,-0.0314474175336946,-1.00155366809346,0.0186696922069313,-0.0344817465044551,-0.00307266892734606,0.0763679508644886,0.00161178698986458,-0.948170039800517,-0.281669874012185,-0.0191003222198774,-0.0545062219364589,-0.0453586662053918,0.0622816570640187,-1.01656620733033,-0.0119008076886689,0.0136923028670546,-0.0178818692595262,-0.0255377312838041,0.00288226869386728
76.05,-0.451380989822644,0.18901492545799,0.851345706753571,-0.0383435022005654,0.00407145731953611,-0.0380347434308668,-1.00235818338445,0.0216240893850287,-0.04510995285881,-0.0293180261941383,0.0756736983427077,-0.00150669769452205,-0.948000544198417,-0.287554430728081,-0.0178531809543175,-0.0838355363055473,-0.0461232621868063,0.0586365138322448,-1.01477219411079,-0.0140768236179099,0.00766542529298662,-0.0187001902019903,-0.0131078575549805,0.00836179010262778
76.055,-0.453750700189224,0.176783310478556,0.855759887205549,-0.045002495967195,0.00348071249792201,-0.0379508500267965,-1.00282288762328,0.00969986354078296,-0.0533887606675379,-0.0255003055866292,0.0791131915264675,-0.00282333977520466,-0.944717850908798,-0.293835586785895,-0.0148883547495995,-0.091454803943634,-0.0432461912444168,0.0630810782313347,-1.01459842238838,-0.014233791714056,-0.00013909196064419,-0.0229427539867017,0.00167259555401387,0.0177385291754322
76.06,-0.448579795022353,0.177453232997107,0.854219873312871,-0.0412189323596421,0.00277292474098111,-0.036316734989356,-0.99557024300098,-0.00163688307768831,-0.046025446155478,-0.0147811656847633,0.0857985207781159,-0.00164069856051654,-0.939443808906678,-0.312818311051156,-0.00792862975781048,-0.0781228303537932,-0.0278660268868867,0.0739890579669212,-1.00247722564071,-0.0142904834261532,-0.0070908869755121,-0.0106827069202895,0.0175090254497547,0.0242213718593121
76.065,-0.446058844210609,0.181148842847575,0.85991639798921,-0.0406643496237767,0.000528915844105464,-0.0382308266733966,-0.999888166691949,-0.00570295943075344,-0.050755020765633,-0.0123917914526636,0.0922359781706565,-0.000168126983496031,-0.939610969028078,-0.321979315760104,0.00171491912065882,-0.061027692465769,-0.0266432195726766,0.0779027736455079,-1.00308278822199,-0.0185194146623839,-0.0189354410430421,-0.0061061788620244,0.0153086996582047,0.027990047889835
76.07,-0.440534904060295,0.186176212140602,0.85618506528455,-0.0487509403088849,-0.00234344239137667,-0.0329434851541803,-0.9941722058873,-0.0130814741424488,-0.0498641001895262,0.00751449077383536,0.0936844237929594,-0.0029799628177974,-0.940280607050731,-0.324289839588047,0.0132901241419322,-0.0622751403577651,-0.0273320266330751,0.0843041223585373,-1.0030510181183,-0.0156446387913541,-0.0149338208010288,-0.00646379543546793,0.0119291667378514,0.0383808618621728
76.075,-0.442017970165231,0.181614729559042,0.863118710496014,-0.0509538818955048,-0.000942900776863098,-0.0324948789223749,-0.989543419418172,-0.0184426721586682,-0.0487271058623254,0.0254310618013536,0.0988539004348072,-0.00160164386034012,-0.938868747965814,-0.323377388984688,0.0230515346001159,-0.0797526908006597,-0.0335218317442373,0.0845224917663663,-0.998750350250294,-0.0198141383746896,-0.0184642267142176,-0.00761502547000113,0.00376333079206081,0.0337401991645357
76.08,-0.441543680894687,0.174033526548351,0.863833635940534,-0.0471863842749022,-0.000942900776863098,-0.0347991348440316,-0.994703010762443,-0.0200376020722416,-0.0556351206112757,0.0361920239909619,0.0934734205028765,-0.00043684268050771,-0.9397978994267,-0.324988454529824,0.0280908267241441,-0.0936360561151558,-0.038613843585017,0.0814720304484354,-0.990867390550438,-0.0326707917095544,-0.0181981329764892,-0.00705718626616617,0.00288316985009333,0.0291657859098381
76.085,-0.443196164351795,0.176670557983791,0.859271734965408,-0.0492698099890813,0.00126138986817039,-0.0346512564379901,-1.00228927384355,-0.0134063633588848,-0.0520953163781927,0.0615551438532932,0.0891668503095959,0.00390600918956294,-0.939334209823012,-0.328444895950371,0.0334611755775984,-0.12137746097608,-0.0574495243834726,0.0692677641579767,-0.985684729201447,-0.0330526265855687,-0.0109938749203368,-0.026858808702331,0.0629499646667377,0.0144478157162666
76.09,-0.451309262189156,0.173978913169576,0.859968075634621,-0.0468942295850311,0.00413658258991988,-0.0326009094715118,-1.00242556046005,-0.00982948793121261,-0.0548242777495763,0.0823105086564116,0.0926650980540175,0.00879279016565351,-0.937781221426559,-0.333439392596207,0.035271506455221,-0.1607626393817,-0.0669927099130423,0.0560076929222287,-0.990670751545474,-0.0318252782140562,-0.00170906504505322,-0.0678324386808088,0.16976373992392,0.00882303543767255
76.095,-0.450291866981066,0.175603303530492,0.861063239179837,-0.0409660740969257,0.00389227048444285,-0.0318782134210602,-0.998444299359752,-0.00348504636600495,-0.052617336942866,0.0845596393644018,0.0973334712014261,0.00886083484266329,-0.934426361335587,-0.350317052742751,0.0316476471110255,-0.213492893282823,-0.0794310111222392,0.0455667594268755,-0.992469265381852,-0.0265356964075998,0.00368434000472642,0.0158263724724047,0.0206272891214763,0.000572254594752687
76.1,-0.448531601728496,0.184066725195399,0.862945962614442,-0.0416650356334576,0.00745191405157674,-0.0324438659344159,-0.995674157412527,0.00518795939837929,-0.051172568270319,0.0790490773379292,0.09015696277615,0.00910550826537337,-0.935167688299057,-0.365290280495202,0.0286720226437856,-0.253097349492715,-0.0918112948828294,0.0448539715568026,-1.00115317349067,-0.0264394264201752,0.00862026964891389,0.0343004909554837,0.0200530297032545,-0.00745733758726001
76.105,-0.45335666295937,0.178765700717267,0.860267882909351,-0.0328203647963225,-0.00170684385975015,-0.0299286421571166,-0.999085589482206,0.01603863155676,-0.0562124313561669,0.0655474270723527,0.0873191367889114,0.00843900737429922,-0.940827239453419,-0.364006741712121,0.0331249419197081,-0.278961104335718,-0.10250784461111,0.0294422808985287,-1.00860075761166,-0.0264983602706805,0.00363074794790393,0.033931548515296,0.0255080673787355,-0.013935201431644
76.11,-0.45141097227589,0.187689602136869,0.870194814993593,-0.0342643168218182,-0.00676302704607255,-0.0311025379509742,-0.998176387918273,0.0228331832810244,-0.0557972262848691,0.0515418202756268,0.103103038256601,0.00671590006823634,-0.945284350838476,-0.35659640848268,0.0389222748618486,-0.324217385761037,-0.120147452500514,0.0181361001253171,-1.01326322381217,-0.021933828961948,0.0104771834728189,0.0302699101013695,0.0206555365814781,-0.0178500791319949
76.115,-0.461329903028892,0.183941525441139,0.871223063259804,-0.0293331449300848,-0.033458102583732,-0.0397742238142879,-0.999361800006618,0.02617676607385,-0.0443326853836765,0.0368153741852977,0.102242887373787,0.0016479879705433,-0.951693246310974,-0.349061171844205,0.0438218312557559,-0.359514315813726,-0.138884178562394,0.0129916071891785,-1.0218196486273,-0.0216723044525306,0.0144794430356068,0.0265931118132341,0.0202213715457097,-0.0155871670251095
76.12,-0.454743597377172,0.185956006864558,0.875099787508851,-0.027475830167532,-0.0640096758809331,-0.0519537710454233,-1.00297598342369,0.0186412487956434,-0.0318911149621178,-0.0250078950013589,0.0945229777631058,-0.00884865993712792,-0.953864881785073,-0.345494726938239,0.0453450566317854,-0.356653423371595,-0.148770139824386,0.00316351564687981,-1.00976871267882,-0.0151606312675478,0.0129709578307792,0.0322010225825111,0.0273598941089517,-0.016094546765089
76.125,-0.456338973188302,0.178362922646686,0.862981141763749,-0.0296094310469925,-0.105327975856406,-0.0544212453333395,-0.997013007045196,0.0172671830560113,-0.02697435915909,-0.0888632791949228,0.0825248452270809,-0.0185682448374836,-0.95146739609151,-0.346105080231652,0.0486235657585642,-0.367811612262197,-0.160213098325025,-0.00449925282178275,-1.00763426219643,-0.00668064452436873,0.0197938345529615,0.0403910412004874,0.0326994980645888,-0.0152262638292853
76.13,-0.441190441476433,0.181789440555174,0.8569671103897,-0.0221238127091202,-0.0961764850818091,-0.0543587903459276,-0.989252419252183,0.0244191493055228,-0.0358986610931225,-0.138614010857744,0.0756852096525687,-0.0207036190000388,-0.952911180314215,-0.344502268499752,0.0502643790690825,-0.357828380578418,-0.173770776564779,-0.00870777645135291,-1.00601244627219,-0.00737457520307661,0.023466306907327,0.0421456018124891,0.034666280621879,-0.00734490741416829
76.135,-0.436911320271267,0.182842316804217,0.861569802495774,-0.0352303751213201,-0.0873359956298506,-0.0597353864117392,-0.990314998913176,0.0219829109238822,-0.0415189235227443,-0.155565914284986,0.0826578057624008,-0.0207417223385099,-0.963344371712911,-0.334883739805838,0.0470372394675558,-0.326432219998279,-0.187654300799768,-0.0232225951004033,-1.00479680752538,-0.00401715741649875,0.0245364666064289,0.0497765832017076,0.0281541860177162,-8.6887605773672e-05
76.14,-0.43392566092342,0.179586703417074,0.854501096812637,-0.0491260052463618,-0.08294229293698,-0.0724792739867018,-0.996864246974424,0.0134143924178533,-0.0357876422139647,-0.145610086232348,0.09172447325796,-0.0176709733058227,-0.96724065581303,-0.330275342297539,0.0384258161952185,-0.274389583118994,-0.199822836617746,-0.0393024159538034,-1.00954377543593,-0.00555496831006569,0.0358833097757321,0.0612657069063164,0.0128182327271951,0.00946372973834554
76.145,-0.447821472894449,0.18897000429295,0.853203578487464,-0.0708064770898105,-0.076878410564002,-0.0744404162325522,-0.996957340134831,0.0180356158103093,-0.0331118186132152,-0.144952609610129,0.0992908743367573,-0.0177634859130958,-0.961396224334418,-0.32390049492778,0.0312504162457716,-0.258842528324827,-0.212930518174758,-0.0366356654628022,-1.01184573238903,-0.0114840068991808,0.0354488972159843,0.0656749445772864,-0.00512644227001337,0.014519298686785
76.15,-0.441000215742056,0.195537772894574,0.842967507883366,-0.0773229716022644,-0.0676414098898034,-0.0838313042388967,-0.98248202634755,0.000441112758581388,-0.0399609040962583,-0.134130816477823,0.119748101400802,-0.00477307735248363,-0.944464431552945,-0.31349244951911,0.0178866614469365,-0.238656568499302,-0.231774115478594,-0.00959731187713283,-1.01772746804736,-0.0156124513539227,0.0358047766222756,0.0576836808508273,-0.0266819508353013,0.0205844448024397
76.155,-0.435140751477953,0.195604350937799,0.845577011343558,-0.0847758950009034,-0.0576919094331109,-0.0824746451367374,-0.976687951952897,-0.0201563872810611,-0.0489635110781,-0.138150015784164,0.129896685481071,0.00290952205304675,-0.932355463812351,-0.295369626821587,0.0163811118885475,-0.221807492634029,-0.238546147056305,0.0229818692922266,-1.01043235890955,-0.0189522958762874,0.0265425674922128,0.0508638779586685,-0.0465450785514675,0.0180271435111747
76.16,-0.429453392915984,0.178940835469317,0.860501747924745,-0.0895768348813901,-0.0399109993275589,-0.0768558078481899,-0.96830242547552,-0.0330997829835531,-0.05357673784897,-0.128805088446849,0.138143179185807,0.0115752479749181,-0.923369314031833,-0.27129986038849,0.0183661125763774,-0.225743223595452,-0.242728711862382,0.0673604493080567,-1.00695363289144,-0.0269399956577394,0.0217900112635063,0.0333576593960669,-0.0581778406789501,0.0254001419496903
76.165,-0.438345346403661,0.148833963206866,0.870176150359704,-0.0880560652323643,-0.0332509744998294,-0.0724123478355839,-0.982182967675725,-0.0413867238775544,-0.0674761475854253,-0.0826478270238315,0.134792402148473,0.0195803534420005,-0.923482781365504,-0.266562528960568,0.0151381108257391,-0.254685159836857,-0.236750793773279,0.076905085511015,-1.00718315615855,-0.031666907264487,0.0202364771761226,0.0299167256411118,-0.0597463283296627,0.0233035455997986
76.17,-0.455104314496442,0.154854430707872,0.879718851428704,-0.0795377620499944,-0.044085985757654,-0.0689551173382457,-0.989492041970727,-0.0318592685079131,-0.0665764924917773,-0.0448928130457293,0.141269964909236,0.026308316687361,-0.925449177477085,-0.260700995602328,0.0171554709312113,-0.288918192507782,-0.221843803592921,0.0709459295143875,-1.00275763430411,-0.0349009278289229,0.0176916003981854,0.0299194005889466,-0.0531491692495466,0.0172563710116152
76.175,-0.476256199611353,0.141274137344196,0.908860047772386,-0.0677153362594816,-0.084247987598535,-0.066808357834816,-1.01752164550245,-0.00377742779023947,-0.0178523435354638,0.0435681901447197,0.0245389244140249,0.0107175882041652,-0.933041462638935,-0.272892839597423,0.0200004404190593,-0.321907431698339,-0.20104144229661,0.0690520045412592,-1.0019279037277,-0.0320874182775431,0.0188555349871271,0.0402728835155964,-0.0379548014673765,0.0106030198472422
76.18,-0.484945540231798,0.105017840075946,0.913324671542895,-0.0509592172356786,-0.154538085261586,-0.0835342550232198,-1.04986986859259,0.0077865894679235,0.100758461898337,0.108174629458598,-0.226642888801431,-0.00796538980128715,-0.937730661107455,-0.308206232528249,0.0129403805231652,-0.358061322605473,-0.189215756093634,0.0525243923895614,-1.00457836156636,-0.0293535891356117,0.0142119595959617,0.0467142652960933,-0.00814751258504266,0.00834011769982453
76.185,-0.466150558783679,0.135838904873695,0.872372344210901,-0.0128601716582274,-0.189451374661786,-0.106885905539849,-1.05325134500809,0.00620493081319621,0.0895627657519908,0.0227676733968093,-0.482413237612158,-0.00855446851507643,-0.943534098767019,-0.33746198114185,0.0218192757939829,-0.375898841096728,-0.181850917741243,0.0347282773892431,-1.00405019986623,-0.0291215298992813,0.0171850743959225,0.0654928370146135,-0.0165523487841546,0.00367798203369876
76.19,-0.442941425264941,0.206251261254359,0.851346601164136,0.0248609507891591,-0.185580392462619,-0.12082793817356,-1.00618450776224,0.0417139097043825,-0.0499260154776782,-0.110979978856425,-0.543589103489026,0.0127726191428499,-0.948992135754097,-0.37921775224666,0.0176091395036652,-0.372205038174541,-0.179479290154887,0.0249690479901975,-1.00852320055212,-0.0214645750738442,0.0138830652284351,0.0719080611920314,-0.0138916853707996,0.00467425957322121
76.195,-0.434182675746342,0.22922755550521,0.85658119342176,0.0111991488055242,-0.154998133613353,-0.107385754585272,-0.95572650191217,0.0388855699352563,-0.0885637266480342,-0.12478416864472,-0.420496813381457,0.0293643753582939,-0.950176325409958,-0.394156320473165,0.00784343024377009,-0.376222595920052,-0.187039946658423,0.0207164585459322,-1.00762143335502,-0.0201897779232617,0.0172607474855575,0.0755749726638068,-0.0204308056317464,0.00804220583588765
76.2,-0.464655614159051,0.0954397730787829,0.899609482391119,0.00174900984646953,-0.131400812899279,-0.0974465524565967,-0.983419061955234,0.000717226587707043,0.0607732767516979,-0.0092740315970174,-0.391315876167409,0.013896261003977,-0.944717378703206,-0.389128357595034,0.00293639030152358,-0.3797747194767,-0.186676295031407,0.0308385129453319,-1.01150000822772,-0.0122439901559393,0.0137055774535292,0.0784521896162178,-0.0336920727497778,0.01562210902559
76.205,-0.486157748050039,0.0690270377318274,0.899857696574441,0.0542978205391271,-0.161555802254654,-0.130100524347241,-1.03740325457904,0.0506498069988349,0.165687409784597,0.14503031471347,-0.688747984739797,0.0118966023237275,-0.940889276137019,-0.364822774627135,0.00532586320095294,-0.359420024555043,-0.180948083285872,0.0919255209419986,-1.01185387485004,-0.0138924077392363,0.0236946522161872,0.0775937008690965,-0.0368606721151204,0.0229214427293829
76.21,-0.456110472977729,0.1617965638511,0.864163817612299,0.10605077486795,-0.17455682909155,-0.144964152356244,-0.981787831774784,0.0591949782085196,0.00806340577487705,0.0858821691665465,-0.73194227786327,0.0330633438540329,-0.944160622900904,-0.335981807699193,-0.00143802714492725,-0.336774522377606,-0.173271426268046,0.153668325596465,-1.00858507727879,-0.0144540741647638,0.029675043584444,0.0804086982881926,-0.0400424031460983,0.0325671025981864
76.215,-0.412990545513478,0.232478581047724,0.862295124939433,0.110080971941666,-0.153160050139145,-0.131462774946452,-0.938088674521345,0.0148734419610944,-0.136937449864202,0.0295398486184717,-0.498735538576064,0.0498754720229226,-0.951187905387203,-0.287400334193387,-0.0200482626054592,-0.283509804526389,-0.159047248926075,0.22788997183108,-1.00150671083823,-0.014405502211091,0.0329561309421288,0.096629113045575,-0.0425141439889835,0.0413235588576756
76.22,-0.399421996094456,0.182616673626891,0.867405736211502,0.0688615319988073,-0.125750842628135,-0.131274804234962,-0.952979037254617,-0.0552207278714624,-0.0955542552979709,0.113909805150002,-0.318773389282995,0.0417617283804644,-0.961776938347908,-0.23854906534007,-0.0309968122604118,-0.203974445157306,-0.133654645362971,0.267486520721894,-1.00067938463927,-0.0195099794435439,0.0341577254065516,0.107598120548442,-0.0423048725687985,0.0544589601588516
76.225,-0.423567714178903,0.146224320704091,0.877194446740357,0.0294476914640989,-0.114980428678216,-0.135681273744103,-0.988768236324428,-0.0318210918413538,-0.0669076171336153,0.11973348806085,-0.207367135609261,0.0049177583127778,-0.969502312417245,-0.212031367410179,-0.0294219376157535,-0.160912327238684,-0.109879740602114,0.281145612965538,-1.0009191182139,-0.0214873274203656,0.0376340006358867,0.122687489170196,-0.0581473139904839,0.0550630366604252
76.23,-0.451395556910794,0.171114564860763,0.90453850999345,-0.0100592973985042,-0.129259601155572,-0.155858001948952,-1.00736892459641,0.0157705005829266,-0.0493708054326895,0.0747012680199158,-0.126163753097866,-0.0039553633315071,-0.96702404710022,-0.20792886480971,-0.037693272230338,-0.168465846827097,-0.0973862484097481,0.291052344346016,-1.01031007969384,-0.0276055451142711,0.0429477740505467,0.135782959149061,-0.0819162998361707,0.0576419878240497
76.235,-0.443710541611926,0.188645164465631,0.86618589833131,-0.0206888075494431,-0.146324545145035,-0.170822029912955,-0.999712721838541,0.0177320193581628,-0.0665235168000658,0.0759135294413557,-0.0846932977666902,0.00956574361602678,-0.969480705939908,-0.204967049973157,-0.0469478660569481,-0.182316777787492,-0.0949294011133836,0.310763097783117,-1.00940238408433,-0.0369362209911976,0.047640261238122,0.140456824639702,-0.109820680708106,0.0563156625148145
76.24,-0.449760881433833,0.191452504527129,0.876842536480804,0.0139811081038209,-0.13520503711406,-0.177543586268246,-0.986396459409665,0.00931803177078841,-0.0567141082478017,0.107631037654615,-0.019983548734223,0.0201148303901494,-0.980723342262258,-0.207563022531388,-0.0514456497186668,-0.189124503039839,-0.0913436475317728,0.360021839227253,-1.01470914797204,-0.0368421291632946,0.0554331087940301,0.144415907964382,-0.143322707127182,0.0559673125074673
76.245,-0.468217626235908,0.164419789007106,0.857268768236763,0.00106005082815933,-0.163035882462286,-0.199536148807957,-0.986661817132348,-0.00297406313178002,-0.0575752959574529,0.17549292414103,0.0368021192700612,0.00925113552536263,-0.97826300682466,-0.206478175942292,-0.0534899899338986,-0.145011362476053,-0.0950016330693836,0.392165433386814,-1.01441967585379,-0.0354136582843331,0.0511512365009736,0.148849246486376,-0.170128415489544,0.0520758648834378
76.25,-0.457036080957145,0.177497220443455,0.853436843370316,-0.000661341734498525,-0.154939204030757,-0.2092975303312,-0.982284266696289,-0.0162041183668258,-0.0778423174752739,0.169528933330702,0.0774256098428173,0.0130792860321109,-0.969709645972568,-0.214994016203581,-0.0580160081793387,-0.087955453861742,-0.105541700777473,0.426914537047247,-1.02039560088398,-0.0397087945990094,0.0564605632768769,0.146612459334321,-0.178239227204403,0.0505231887210673
76.255,-0.432013934818774,0.198461306274386,0.850414667422034,0.00881197565837943,-0.143814858997402,-0.220015809151576,-0.983582698629067,-0.0270199338373299,-0.0752150351616224,0.195389569343143,0.11072839091098,0.0216736876855557,-0.946251185875172,-0.220391721013984,-0.0540029140907077,-0.0830627461667274,-0.116774207802544,0.443240711626197,-1.02278323599604,-0.047679074530314,0.0593176026155561,0.136236936279391,-0.180600772395897,0.0464224293274121
76.26,-0.401588878105784,0.201879862961144,0.831509618360127,-0.000993099081137291,-0.128908990253847,-0.216351380631086,-0.989466527605239,-0.0157646756481381,-0.0915230090877693,0.213506206299085,0.153330697472396,0.0251323074972723,-0.927535329896725,-0.226776840976441,-0.0463468135370243,-0.104262817852202,-0.133454973748158,0.438432345958936,-1.03200703331439,-0.0509445035376062,0.0645114051712304,0.110788442270392,-0.189857901937362,0.0449901781976223
76.265,-0.410983645086126,0.179627543556854,0.873951981051835,-0.00995718997161393,-0.0881089756801848,-0.205364245955457,-0.994475875581832,-0.0283134736223761,-0.0561598845626328,0.232979196690305,0.154287577020124,0.0287846209723752,-0.914287666030215,-0.252919686612062,-0.0398330644397194,-0.133454676730578,-0.153365297520607,0.417488659879232,-1.03112986231076,-0.0527312918051668,0.0721465167656176,0.0985229024403704,-0.202427969052356,0.0343109297358823
76.27,-0.418358192646995,0.154338288306479,0.879360449378858,0.0117727992248029,-0.0726016538540863,-0.206137744970474,-0.990336643705614,-0.0217008342152045,-0.0492978653077691,0.294248346563458,0.149062727380673,0.0404869509452183,-0.910465151645451,-0.277331336767092,-0.0255644290665985,-0.213545098496359,-0.180178463892637,0.37088836694654,-1.03532071888264,-0.0614289978695504,0.0810324385321932,0.0809029353826215,-0.229700440041694,0.024537290217529
76.275,-0.431226472357852,0.140650936305527,0.885710476944378,0.0329117193083542,-0.0593448738450675,-0.200018837539537,-0.983504304614557,-0.0326214383136203,-0.0716613991571283,0.307050421201745,0.162882432341576,0.0493026041717217,-0.914879277435683,-0.288340914588931,-0.0165605807763852,-0.290267814938415,-0.18741106421845,0.345433280449695,-1.03945971939824,-0.0704102964147183,0.0878339969022205,0.070045403381802,-0.274359915464924,0.0134672930371211
76.28,-0.439073847786496,0.137521459036406,0.887752668781308,0.07677160572029,-0.0570092449276766,-0.192971927100157,-0.989911550037138,-0.0488179774724654,-0.103562473676995,0.31375065575552,0.162882432341576,0.0613735648620134,-0.91510087524256,-0.307803072164472,-0.0201782427153892,-0.339917937041273,-0.191368749270144,0.311818289719239,-1.04534984294775,-0.0744467929837596,0.0951804067404234,0.057833234061589,-0.315603771915781,-6.07690085044255e-05
76.285,-0.427889606199182,0.155566430279293,0.86121064940029,0.0941673348472886,-0.0570030012289484,-0.183370529014513,-0.989828143453937,-0.0548499695246375,-0.09879949769781,0.262559764557356,0.187522747935446,0.0737305804006533,-0.907899161350025,-0.320442362352694,-0.0231539493010662,-0.337992421299608,-0.178099101712487,0.309293036004167,-1.04104505775289,-0.0729443668131139,0.0934585902269794,0.0489134047071217,-0.37982864783519,-0.0104792043852995
76.29,-0.42320160693789,0.188146246639773,0.858974181901609,0.0769260463176815,-0.0508099356420722,-0.163602882661737,-0.996413312579887,-0.042113466984499,-0.0845897273687886,0.2046267685416,0.194138345367674,0.0767912309824553,-0.900789126495679,-0.331601236533593,-0.0208617418563537,-0.306456385610737,-0.150180429817901,0.289899323815959,-1.0420867084365,-0.0784382397579075,0.0956866480438402,0.0450822511846332,-0.430886224570181,-0.0175703094241902
76.295,-0.411312148389681,0.189361232452196,0.860549186351333,0.040578745032076,-0.0410566913831211,-0.141085637169458,-1.00110962431951,-0.0263483191831274,-0.070553045353665,0.123306769782815,0.203634458721588,0.09303488699099,-0.892821872188973,-0.343160263613537,-0.00968006540523552,-0.270155609348826,-0.124224061104128,0.261225921601845,-1.03973901505129,-0.087784706383566,0.0987352641205526,0.0374770987463928,-0.49759155749886,-0.0321301305370339
76.3,-0.42339178765318,0.165500682008709,0.891546599181906,0.013068057609919,-0.0262688968425472,-0.124232944253835,-0.994717682719554,-0.00430991127606554,-0.0593221539707239,0.0562774231112054,0.192066429625242,0.102970901308634,-0.889012202193551,-0.346442100469912,0.0131599601058766,-0.268378834691822,-0.107898762375998,0.252591523952034,-1.04184911005276,-0.0916175639045593,0.10910704075214,0.0287454684605468,-0.55570893647374,-0.0507560294946438
76.305,-0.458360836997855,0.142076251156493,0.887228399901032,0.010856687200946,-0.0346903675947024,-0.114828155313942,-0.978822655510048,0.005219525432897,-0.0706483902937027,0.000188802341607876,0.177718591622815,0.103048297561213,-0.883754058030631,-0.353534213372478,0.0422132130994049,-0.283156064140867,-0.106470374009066,0.24872627445741,-1.03123314674489,-0.0933175614772831,0.11536058754903,0.0409093340391115,-0.628382375796367,-0.0718451839616223
76.31,-0.47240735991053,0.138880399493741,0.87463690235727,0.0297467346807034,-0.0238647186309936,-0.11135355818923,-0.977857562224769,0.0174462189874978,-0.130292142428345,-0.134303027860484,0.187820503695266,0.110816897226338,-0.884781334363974,-0.35330191938783,0.0564750896257949,-0.251686568216108,-0.0936223201523886,0.239981663851083,-1.01716546329653,-0.0883260460957232,0.113627737452706,0.0685985417365629,-0.664905246509055,-0.0909527795903246
76.315,-0.46773488657971,0.156237253031798,0.861423042427876,0.0515708608663919,-0.0192551906286008,-0.0952707843743918,-0.985408078754676,0.0233729507640653,-0.148706648602264,-0.210908750330196,0.168410692930957,0.117374423828308,-0.884581895100391,-0.353439132879333,0.0728436346786801,-0.197541748146649,-0.0818882316600349,0.214854978049802,-1.00253785858942,-0.083120014532163,0.108294562757724,0.101508845313795,-0.687470447281108,-0.104056552052498
76.32,-0.452228753728233,0.179406839094957,0.86036414235733,0.0478032132859029,-0.011364193409483,-0.0734224022052688,-1.00133375107492,0.0138570440579375,-0.140403723234713,-0.310080764234935,0.176313711104046,0.128268773838411,-0.882724646149472,-0.360350164477455,0.0835009736373604,-0.123378910210542,-0.0744573972179097,0.172644460018972,-0.987344976859667,-0.0666472788321631,0.0802883533723127,0.149664199482148,-0.665383399361725,-0.111043240006257
76.325,-0.438165294398005,0.188470577906091,0.871119587166369,0.0347211157286953,-0.00785366982328126,-0.056788611670419,-1.01594741291982,0.014873025548244,-0.117338018916747,-0.376117450476268,0.168964628367528,0.127651009343819,-0.889038253487451,-0.370552759867289,0.105732184698145,-0.0342506513381604,-0.0585730337074619,0.133560708575734,-0.970299852332339,-0.0419122625567826,0.053912396490505,0.210400491511797,-0.601186805299873,-0.102335891998003
76.33,-0.427570645133035,0.185828615457431,0.865747667068616,0.0149055575294419,-0.00303035189595387,-0.0481050180967239,-1.01849081176631,0.0079695225434483,-0.110814916759071,-0.42685150629505,0.153959132392158,0.130978461146228,-0.905413053023557,-0.366185366247181,0.127814724533001,0.0577233778776485,-0.0464248260362627,0.105686023715619,-0.966538510668973,-0.0242452608707677,0.0314178485901861,0.250640823671106,-0.517906582548125,-0.0866883156511095
76.335,-0.428180835894946,0.186732484718188,0.876008124568593,0.0194013013947693,0.00661363368824111,-0.0378132371905657,-1.02234134874362,0.0148457112689305,-0.103731543884307,-0.492185736960985,0.137783577092529,0.137671530246735,-0.918766872390481,-0.358234485749642,0.140072649124175,0.116028102264452,-0.0300828311365936,0.0943919847595505,-0.962180981882693,-0.0107269246369355,0.0167955443837665,0.279330290586943,-0.426956656220526,-0.0542429707035807
76.34,-0.435216860020687,0.183223642339273,0.863239534703024,0.0316185530392697,0.0221733058446844,-0.0282631670975331,-1.06022644727545,0.0157353044434409,-0.115483692840308,-0.483486733313169,0.130187882926015,0.162413355807025,-0.928231404955069,-0.354922656170665,0.148485692963661,0.192497916336464,-0.01842022533693,0.0969924466626009,-0.961624340215455,-0.00641564969681443,0.0200872755567713,0.293194873543343,-0.365954796129306,-0.0314844841336998
76.345,-0.435995386929436,0.156833734291676,0.867558677917922,0.0290473261779471,0.0330711773081001,-0.0299641585393127,-1.01595626249619,-0.000169669626920485,-0.123143517807887,-0.483800081066615,0.107354781131283,0.138006667842634,-0.930318506168166,-0.362079017730827,0.141858390002737,0.289718467678893,-0.0155327171087265,0.110482755093834,-0.967162769283011,-0.00799041033548091,0.0290529416515223,0.279176766887972,-0.347616132843896,-0.0112473925544298
76.35,-0.430516434671148,0.165475028841316,0.866963634640646,0.0437986127779478,0.0348391192171543,-0.0261395556024434,-1.03563402374897,-0.0177469114499217,-0.131968613613911,-0.456165937135218,0.0998583692208087,0.129974079155392,-0.927140126404995,-0.367333200083065,0.113470652582559,0.369980808096804,-0.0129582435326957,0.104356530940786,-0.980179152014175,-0.0205470863375052,0.054594521543058,0.241531693794675,-0.342755232471957,0.00170126825405429
76.355,-0.424873177487118,0.171637649592451,0.861980799495997,0.0501653771915435,0.0351606913366804,-0.0148659425104803,-1.0369720005855,-0.027380030651491,-0.124619334976146,-0.407160479649362,0.0918439345477538,0.131218553370119,-0.927441747140525,-0.355260658857224,0.087471653224263,0.435460939485003,-0.0121088352899357,0.0847604373421676,-0.989114445689058,-0.038873688518512,0.0725916572952512,0.206288765441316,-0.361722102281592,0.00191903659601017
76.36,-0.424060837291004,0.188512372966532,0.850519480365358,0.0370618206699228,0.034385280441833,-0.0129528442935376,-1.02828874555936,-0.015141967764882,-0.111928143155765,-0.35180319240492,0.0747837196403663,0.136268998350314,-0.929155686145614,-0.340570993095512,0.0563833248330243,0.539995854835968,-0.0015119020368731,0.0500834996487707,-0.992373147492059,-0.0543513932682263,0.0956448057232603,0.161958104077455,-0.401216163844086,0.00457276372360738
76.365,-0.413293612638251,0.192710413667174,0.852822991661413,0.00979486136827084,0.0286718667957838,-0.0124972431238437,-1.01383121668106,-0.0174600180712691,-0.106990451083902,-0.287561837024011,0.0615943390298216,0.138893216848373,-0.926411304415159,-0.332905500880613,0.0321155039900251,0.605634122055951,0.00224210798648368,0.0306459248505544,-1.00322249673412,-0.0678257566476324,0.101779309110141,0.134042201688439,-0.422471004263708,0.00223087146878242
76.37,-0.412118757670954,0.189959893279468,0.847532408011758,-0.027571380251275,0.0203677114000841,-0.0114708969867124,-0.993175825892304,-0.00799759421537333,-0.0990035309825052,-0.229607255896771,0.0458158787469844,0.142084617779348,-0.912906311730813,-0.329934828285752,0.0020001452852255,0.652142661299452,0.00245168610675973,0.0209693719805003,-1.01107180917892,-0.0789664616162124,0.114150688735768,0.105496519951668,-0.440137803456347,-0.00176894709097155
76.375,-0.425720162634283,0.18898052319346,0.850432550389228,-0.068281060720779,0.0129494159429522,-0.015078342171777,-0.994060487360003,-0.005685051766147,-0.0999037769150416,-0.195094270408885,0.0395101454828924,0.150287843532455,-0.901762064712268,-0.320576130674068,-0.0253096207104113,0.670630803024572,-0.000872382894158363,0.007134949530871,-1.01721930548326,-0.0872960558583362,0.125404878508616,0.08718528217504,-0.451344573880727,-0.0122766804934823
76.38,-0.445200384237265,0.186217859224805,0.843945517451769,-0.111819207802988,-0.00404213416802605,-0.0119626853088345,-0.99921875022699,-0.00238387856448036,-0.106432876160816,-0.191759107584135,0.0370141628238449,0.164380112217312,-0.885255230343257,-0.313299605950401,-0.0449333119914263,0.679339428581159,0.00160557059485334,-0.0215701098463596,-1.01595282765937,-0.0983843297850541,0.141926933424055,0.0797023326158524,-0.454114593811857,-0.0271978467129469
76.385,-0.438389907798272,0.169970478422022,0.848167476740614,-0.123712998103898,-0.014381542801857,-0.00600033345399592,-0.996347160704434,-0.00295875037985753,-0.114426601312107,-0.200171489249926,0.0241069103691197,0.16186406838353,-0.874155027681082,-0.319830872318645,-0.05285773336175,0.657149912014428,0.00614185955385059,-0.0795193814252074,-1.02173978456199,-0.0966558087171434,0.144723897879023,0.082984894734199,-0.452134494064064,-0.0371373474906489
76.39,-0.442800536198305,0.163432541031161,0.855169876852247,-0.134717089056127,-0.0132491349779391,0.00500376154594076,-1.00069524294168,-0.00464460427227947,-0.126311871742946,-0.195271310669444,0.00843982338296263,0.164141835777089,-0.869073678555281,-0.329587631208448,-0.0486656699229556,0.611367018067313,0.0112423759390372,-0.123490738390216,-1.02173500386413,-0.0877749633811783,0.135201899434474,0.0962253844502397,-0.424027715501207,-0.0472434450494275
76.395,-0.450681220855468,0.140321460079827,0.876533985055829,-0.141181191342408,-0.00603211818704068,0.0173738937301321,-1.00590398139429,0.00610368643539466,-0.119597223700503,-0.206084539954684,-0.00651570652993008,0.169274725140649,-0.879391557169715,-0.332614756926226,-0.0333473422473083,0.538108370337161,0.0130341876215885,-0.174655134638822,-1.01525494674932,-0.0775341366692497,0.125268292322336,0.111347207115969,-0.385912974407883,-0.0439178884807028
76.4,-0.456343795380986,0.115553393958936,0.883621720802181,-0.11543112690046,-0.00338628888130188,0.0267544798144741,-1.00123272851729,0.00737433850248777,-0.114257901478474,-0.241009028808006,-0.0221363216323685,0.171652708592183,-0.905601892511118,-0.334970631713161,-0.0166062208063846,0.456272431196419,0.0101766690339049,-0.200159312455794,-1.00692293729599,-0.0692444105081909,0.104758400667985,0.139942236853265,-0.333368811874829,-0.0228869135334033
76.405,-0.452527553486138,0.125142317056774,0.879224177784879,-0.0657534491943887,-0.00113512887365442,0.0387514658944506,-1.00424929755921,0.00107108431490273,-0.112165759466495,-0.281654130874238,-0.0236835328440469,0.175700477661018,-0.936737965636129,-0.334492617594319,-0.0131130749392925,0.395877759905583,0.00578920219631034,-0.203355705623552,-1.00158440081444,-0.0495974342465481,0.0724140394170143,0.158776578828804,-0.279683368876465,-0.00272818504413202
76.41,-0.442777820081449,0.139056405201294,0.877280595399359,-0.0371562039529157,0.00719969686003932,0.053320880306411,-1.00688207134719,-0.000847481223489408,-0.0976578004128905,-0.3489421831008,-0.0227495823302611,0.178204110152567,-0.951668218534915,-0.328706380086301,-0.017982769173758,0.376177094619073,7.22140722668643e-05,-0.196729250748955,-0.995523330246093,-0.0464812656978247,0.063961438706427,0.188108343707455,-0.251474802799109,0.0159356491036452
76.415,-0.430442505912055,0.144820501607605,0.882184889608635,-0.0165801345118737,0.0169678709052153,0.0644049185025017,-1.01212536049953,-0.00988775608517507,-0.0911206061240168,-0.387060519607974,-0.033379014078946,0.175040287749652,-0.965728300562674,-0.319981237879715,-0.0285074808892543,0.367082015451171,-0.00494637061030532,-0.188989356931426,-0.995624356308374,-0.0458280905909069,0.0571603171663752,0.210614888616695,-0.236101241776732,0.0164042840129361
76.42,-0.418710590177852,0.143180240458903,0.886495762438288,-0.0115938000380993,0.0266176084325897,0.0776040559374429,-1.02077345624826,-0.0230201789992099,-0.0856466726198539,-0.428027631413749,-0.0395318375349623,0.17905433609869,-0.970254422994886,-0.306336103347096,-0.0462336030404741,0.351341776337698,-0.0104484229022826,-0.187316912564557,-0.992627467864605,-0.0489401405570202,0.0536341031470543,0.223618303236135,-0.238892140678413,0.00732676666896684
76.425,-0.419827858689911,0.12877059229077,0.873034912996092,-0.0175561076187801,0.0276469318984506,0.0793041194532933,-1.01885816902336,-0.0249416873862115,-0.0851505187114739,-0.437427678898846,-0.0379128755097898,0.183187931546368,-0.966174118627416,-0.292900153110244,-0.059962330273585,0.351758298886386,-0.0136503396175434,-0.192614742079436,-0.995134248693224,-0.0482794763157013,0.0562373958247423,0.226911508492269,-0.244324442077356,-0.013231646428438
76.43,-0.418220884795311,0.136377530715305,0.86992778422305,-0.0194866546046848,0.0197642296898556,0.0746615159795504,-1.00251922669204,-0.0257634773217927,-0.0747005109538638,-0.41549019024931,-0.0356532172901992,0.188892892610584,-0.95543039751634,-0.288655972333216,-0.0708730467763898,0.323081782950303,-0.0172888744460789,-0.218824363921579,-0.980433906158049,-0.0445781212957264,0.0611107883966028,0.236079230904579,-0.249143534632266,-0.0434307634074988
76.435,-0.404529509935765,0.131220758626298,0.859855412764473,-0.0205627246112672,0.017784826415995,0.0618718800105278,-0.995783818692366,-0.0243520138251848,-0.0673909378326914,-0.412464618019877,-0.0366287203049033,0.201272273610382,-0.943901391755506,-0.292709660023854,-0.076176741793959,0.277621756779584,-0.0222233180876395,-0.246160072894529,-0.972955583283859,-0.0418142792163466,0.0749140636470337,0.236079230904579,-0.251599638010028,-0.0658038300853188
76.44,-0.377450693060726,0.163942909834102,0.841922875201369,-0.0256291428404378,0.000723747109122863,0.0582211455742022,-0.989657465781604,-0.0311025011654813,-0.074347643081713,-0.384441617375794,-0.0395465689762599,0.210507845648883,-0.933666089399957,-0.29613698843964,-0.0712037291861577,0.230481214986628,-0.0321562782111574,-0.245197503697653,-0.970787477182535,-0.0363754053431134,0.0896598595424082,0.247747868641742,-0.232578682619379,-0.0722376604262869
76.445,-0.386704543267113,0.170798218459601,0.862898218613839,-0.0450044396006225,0.0190915279380948,0.0721322452159925,-0.984610281621186,-0.0269196139402959,-0.0737288711941331,-0.329297167348898,-0.0396369433597235,0.209281628532586,-0.929332935280808,-0.294027409117545,-0.0574993853817718,0.181233796276385,-0.0503363928287927,-0.226903482309332,-0.970900163797247,-0.0349203857771913,0.10302863256653,0.27445825299388,-0.196771436450424,-0.0761736014235007
76.45,-0.404955666577924,0.149311997886708,0.863465163578192,-0.0748924643012141,0.00515936686710123,0.0758818380481935,-0.997716094736031,-0.00506906881849116,-0.0789970314955269,-0.263959781337609,-0.0442958544423034,0.213926364776977,-0.931262034035355,-0.291670726236326,-0.0355356701987594,0.145308530527445,-0.0621611673806723,-0.206587968204388,-0.980861467575733,-0.0344082460821204,0.107799553071869,0.290677531762427,-0.188810234027243,-0.0755444925761941
76.455,-0.420345612489398,0.135578545865564,0.864621291936743,-0.0804439595044677,-0.000114420518228171,0.075301418170282,-0.998155115568529,0.0163121332998934,-0.0816062835385015,-0.208571214694052,-0.0452356771059613,0.212986537771644,-0.933653832834104,-0.293075001702445,-0.0120894010486301,0.12769753573909,-0.0613928518866677,-0.213586136560501,-0.991896616611984,-0.0372887756870151,0.106214658237611,0.30082905292511,-0.204800125993016,-0.0743751497436716
76.46,-0.420952877935374,0.160947570000577,0.861966224763472,-0.0753023783540436,-0.00326598592146122,0.0738068132843188,-0.99833826701034,0.0312176677389179,-0.086119495320934,-0.182616634638497,-0.0448540038095074,0.211021575655197,-0.935444288896187,-0.30320875985657,0.0174401017759184,0.101040265767231,-0.053586569032603,-0.22731956068892,-1.00064367762627,-0.0346553990467404,0.0921259451376666,0.300769397542746,-0.21981255285402,-0.0624145424112633
76.465,-0.426903688569434,0.170571021400631,0.863354826525936,-0.080762736831047,-0.0096642542964537,0.0768313738198015,-1.00327859005657,0.0414155427343462,-0.0835989280883599,-0.158302373133254,-0.0526573933244815,0.215729580134173,-0.931956430252739,-0.303820640180187,0.0350112824171768,0.0866386146302003,-0.0556887901633857,-0.224816344220385,-1.01785069578631,-0.0291071981050894,0.0871669795084718,0.295942276716232,-0.247803146286984,-0.0525256369751721
76.47,-0.431445244996402,0.177502627333998,0.867345270586785,-0.0738872669398402,0.00150696029293066,0.0855070185246945,-1.00384151589917,0.0406297469784888,-0.0780026257683656,-0.149542241658308,-0.0583410621399689,0.212001311636963,-0.926491941099378,-0.310557133357469,0.048078300838031,0.0626393493912183,-0.0546269416809082,-0.232870753604544,-1.01548740645905,-0.0322364679343843,0.0745277562980095,0.299279410378898,-0.255658543213464,-0.0379959888711978
76.475,-0.445277346361674,0.169162255702221,0.885078002477237,-0.045473679479259,0.0104376008704784,0.0944388345327588,-1.00560860616063,0.045387668132624,-0.0735386331220266,-0.126711683735521,-0.0740285919823589,0.207308113574982,-0.921654066124964,-0.319983043870947,0.0612840378980138,0.0449576216908703,-0.0554877780011485,-0.246924960244692,-1.01468214202846,-0.0264960405740592,0.0653088389876797,0.300987977638757,-0.252283960863441,-0.0177929947114435
76.48,-0.465175341563942,0.149557117845799,0.887551847092326,0.00559600751154141,0.0204340568469562,0.0968987047672272,-0.995424981898632,0.0379882109462839,-0.0910317599318265,-0.0878122745807021,-0.0836544998114211,0.205028296005401,-0.9193641327252,-0.322145753123486,0.0683845255318492,0.0334979148569354,-0.0617143393369907,-0.266145248330646,-1.0124691339712,-0.0224262573532186,0.0609181992224866,0.275869188895295,-0.237005590653391,-0.0041558956516551
76.485,-0.489151821161125,0.130079079435518,0.87855138902819,0.056354825345979,0.0210475996136665,0.0983804288158121,-0.987673587398971,0.0278160226393403,-0.104535889061868,-0.0582273931136643,-0.0771005570090362,0.205411159964703,-0.919615409899536,-0.323188239860151,0.0780587892882592,0.0316046693892393,-0.0592170454340537,-0.27595664641551,-1.00857690970529,-0.0218440080609486,0.0436795565092476,0.266252695717566,-0.228307539552261,0.00100917741656303
76.49,-0.485134493137929,0.142709678217786,0.870148128304629,0.0807339603831652,0.0151583180632619,0.0988067039366387,-0.984498398841478,0.0319602859366837,-0.0982007018430789,-0.0448153903824579,-0.0770793356980928,0.208411133365975,-0.925181812089018,-0.326308349171942,0.080887178198147,0.0475904415179804,-0.0571432671048647,-0.273532217076459,-0.998374440885186,-0.013663658770124,0.0328937666708331,0.244400433732868,-0.217219956995149,0.00454007769180212
76.495,-0.45317560315128,0.178858022770022,0.866444829835097,0.0781265220378417,0.00588868904959313,0.0938197274717478,-0.99543507654362,0.0494777454113727,-0.113530313565317,-0.0354328081011772,-0.080766908162744,0.21062243529147,-0.927004253583543,-0.325861952564249,0.0803077345259397,0.0984165168603376,-0.0549501907415968,-0.273783344850593,-0.989339000920369,-0.00823357301800601,0.0316862121126708,0.21078722338693,-0.199359036422899,0.00833934545516968
76.5,-0.412107871083034,0.202395281146169,0.861156975943222,0.0416980245498739,0.000572216623789526,0.0816768933763556,-0.994688710813432,0.0692797769257408,-0.0655520913039737,-0.0446903186907628,-0.0685983769040271,0.22254508700846,-0.924860855502781,-0.32349128550376,0.0782183319744492,0.123151105051762,-0.0487246379694393,-0.270565231310395,-0.980251189542624,0.000779328817859828,0.0324182477996068,0.18756183965757,-0.190271572324582,0.0119235694013922
76.505,-0.405893270677739,0.190388110607133,0.866377624166924,0.00969253709400037,-0.00353280878419232,0.0795799445278755,-0.993819279031147,0.0674998329887998,-0.0572538187026581,-0.127437850348532,-0.0791390642112057,0.232514469835971,-0.921673521524178,-0.320576313423561,0.0847775654992043,0.150985501066401,-0.046801495235306,-0.272901413243894,-0.961702462413259,0.00916956022538902,0.0403351282970154,0.164943698345704,-0.180112961231751,0.000746355034414525
76.51,-0.417983323771462,0.168554866744191,0.869514564772833,-0.0195254829914885,0.00302293806345597,0.080095737269236,-0.993829626293397,0.0586979430108034,-0.070701203102694,-0.165595342219201,-0.0799394932278529,0.230520308017731,-0.917743452732714,-0.324309219544345,0.0824094266240303,0.176761648013675,-0.0405158755212367,-0.28048262096768,-0.954858573361381,0.0116745357216718,0.0490241120867503,0.138318338827439,-0.158495814007592,-0.00243838593832869
76.515,-0.439956857680856,0.14524070984072,0.874196178165007,-0.0212517559491163,0.00431257299732377,0.0771203897685534,-0.994844859093599,0.0459681356851036,-0.0935691429062975,-0.215810900968273,-0.0729046016931534,0.229644179298392,-0.919226678867196,-0.324952063001887,0.0768704346487158,0.203663635428576,-0.0206324035129966,-0.294715731666092,-0.950055138518046,0.0126740623788126,0.0635958088173647,0.0998162101882356,-0.133324468668961,-0.0142789578351642
76.52,-0.449702206538082,0.162309018267069,0.859982273565245,-0.00815023380653339,-0.00478007002047292,0.0814511634660631,-1.00540903768045,0.0335323006850594,-0.104481194848287,-0.249017501668836,-0.0773086134147342,0.228197613449801,-0.922009741480969,-0.319385235326552,0.0718063795423413,0.227258253327987,-0.012124677648647,-0.296268463778498,-0.957274824782301,-0.00168747063900911,0.0746779349273244,0.0425512343927714,-0.108339750699054,-0.0219086155375586
76.525,-0.450020082657851,0.200160148364219,0.857291891631417,-0.0206517998994782,-0.00269515710799663,0.0952308059259404,-1.00833461653069,0.0379984826762885,-0.0857642877107914,-0.249764228717152,-0.0658366662030394,0.225775056519569,-0.936760862677205,-0.308425598097539,0.0766809224988125,0.251141021183412,0.00457154610724472,-0.301648430849298,-0.972531974973171,-0.00682341895084133,0.0906929131284789,-0.00316508876640573,-0.0767370140037359,-0.0298768116036208
76.53,-0.435203791060207,0.210163827410008,0.857485986652405,-0.054799049776238,0.00883065164089203,0.11582521686942,-1.01218124944518,0.0434462280559618,-0.073850212129949,-0.246469739696098,-0.0543372574988066,0.226055151259064,-0.94320840380207,-0.313005720020719,0.0870454422819591,0.262726323714463,0.0107061402029316,-0.299013460733034,-0.9906719448128,-0.0148178616547531,0.105167846093985,-0.0444655294269391,-0.0413526215462471,-0.0392805661591651
76.535,-0.419756575480484,0.205940662396428,0.861937965511154,-0.0796538447364017,0.0169990946746389,0.13031788755174,-1.00099759181453,0.0501967627543894,-0.0655835685953426,-0.247101481227787,-0.0438306819176986,0.22409631293295,-0.947679256732579,-0.327069076349206,0.105977453978995,0.263576490985181,0.0113445613533258,-0.297095052154766,-1.00938995464573,-0.0196252379053126,0.111539333960944,-0.0814225909961299,-0.0205009041472185,-0.0405284352600574
76.54,-0.42209928450218,0.205379342840443,0.866430341500628,-0.111598337351628,0.0314145969672894,0.145138233066525,-0.992305216594335,0.0609632029119325,-0.0641669087845505,-0.24440188966755,-0.0353286230372978,0.227958300730106,-0.955539672043351,-0.336827569789476,0.120985738118968,0.265211042948797,0.0125317765523606,-0.273505590278781,-1.02595263881664,-0.0225571436150667,0.113955094148866,-0.10690063386352,-0.0118754502405942,-0.0441342129356995
76.545,-0.416592643891287,0.20081308742884,0.863296303658614,-0.137195880113917,0.0407460675802166,0.156509003363336,-0.991424849321758,0.065700994304971,-0.0667526671143399,-0.251624599855669,-0.0218311448656399,0.233366916435142,-0.959327034675357,-0.340136140792458,0.126875576815084,0.263586139307329,0.00417178847581622,-0.247220318360654,-1.04361154035132,-0.01857221093,0.10923204745741,-0.120615642152758,-0.00921524621180418,-0.0453263820930234
76.55,-0.393501149121189,0.204414339298576,0.855175718175995,-0.173215224892083,0.0521501840956551,0.19537336389448,-0.990327158337404,0.0647517475931395,-0.0742331997302552,-0.290263060706933,-0.000819525617807374,0.234882775138457,-0.952853597321327,-0.336103846262336,0.121100958137582,0.286346106038285,-0.000872382894158363,-0.21475519821108,-1.05063072251023,-0.0188699746543786,0.0990861422478697,-0.139338202679362,-0.0110862027032337,-0.0497418745923804
76.555,-0.388059826462274,0.20636523949889,0.858261866356829,-0.211304209291165,0.0660040300281806,0.231303118688601,-0.999136133396731,0.0493931398677422,-0.0789239343274658,-0.31522929182985,0.0145825768617203,0.226295074500315,-0.940247431476918,-0.33814706340706,0.106402429261627,0.331013877578708,-0.000872382894158363,-0.186103740610589,-1.060006006909,-0.0145531411884634,0.0892637676215585,-0.140812385711249,-0.0267661124596542,-0.0481634623756768
76.56,-0.380319156431406,0.202794391309776,0.852805807693267,-0.279804251067201,0.0756324176762527,0.274139221413155,-0.995993501250824,0.0485636849707897,-0.0797102574659185,-0.336093017773855,0.0360182197577284,0.224343185378839,-0.929659008041509,-0.333993343884963,0.087414425552069,0.359926395370693,0.00618102879712854,-0.177684977193186,-1.06447627297301,-0.015056331010237,0.0759794777093637,-0.140202671289444,-0.0312772762994929,-0.0538015433204581
76.565,-0.39392628271604,0.191057871096056,0.85857845156079,-0.322292196772662,0.0825744447568131,0.284830333506168,-0.998246487144649,0.0447778032954491,-0.0906395752932761,-0.374992897755064,0.0717593679893276,0.217369167218866,-0.929346442272123,-0.319814468200738,0.0701407300134001,0.36666305503221,0.00738724774888411,-0.178247560039866,-1.06055271503114,-0.0135639432038004,0.0816610303530232,-0.131140587737202,-0.0177036190826897,-0.060719933684322
76.57,-0.408464709410055,0.208110970620748,0.862066036787702,-0.362336988916225,0.0843337725714462,0.308852599498914,-0.997597647183492,0.0501580558151563,-0.0956753138510888,-0.418709663342709,0.110918203999945,0.213483633723562,-0.927737470232825,-0.309897864174048,0.0566171953822312,0.346963959568543,0.0101228673011065,-0.186812785311907,-1.06277199182849,-0.0167858339902819,0.0758617861483753,-0.133136436005982,-0.0108776220639767,-0.0687544038914483
76.575,-0.441087384900174,0.197285623833603,0.867648689644562,-0.393512387530063,0.095757862401051,0.341702577546616,-0.996362939290911,0.0548247394984483,-0.109863915994785,-0.476386231315152,0.160360750687138,0.20125672790652,-0.92209842160814,-0.307695759893264,0.0463647672186539,0.304406575824134,0.01190593353745,-0.186144590377808,-1.06283266883482,-0.0190200025430532,0.066392391778385,-0.120135381504988,-0.0163686637258753,-0.0814008052207378
76.58,-0.478094646320541,0.156843897403629,0.876625330474297,-0.386298169167635,0.0968792372667888,0.3613137575716,-0.989754009430062,0.0502778853795641,-0.126172231529549,-0.511519211006014,0.194348010523255,0.194173508080566,-0.920138451311691,-0.309182896417132,0.0394336138865249,0.25945524950427,0.0196050518106262,-0.17675953347142,-1.05800343853188,-0.0149467204798781,0.0635300609169024,-0.113433327958244,-0.0190545912212062,-0.0975163846550888
76.585,-0.486352632527981,0.120045277773406,0.893745178510591,-0.364076166475112,0.0838726951419531,0.351579850415471,-0.992550510158792,0.0503694455176718,-0.131072122666938,-0.524937760883005,0.227389387052489,0.183891070804525,-0.914360396328036,-0.316606107862895,0.0228295847911017,0.207862291397586,0.00582192914445121,-0.186424523289609,-1.05687586366688,-0.00275699113027996,0.0476254502581676,-0.111861822109487,-0.0201571832264415,-0.102440485105653
76.59,-0.49285671349412,0.110352531124875,0.895687701565111,-0.312204658500381,0.0763021282764398,0.3386116605363,-0.99433141059939,0.0496189450621336,-0.131358375035529,-0.50607575547498,0.259314742072498,0.174295168866894,-0.918618664574721,-0.328889272619136,0.00974490850466914,0.137513288344456,-0.00768051191102554,-0.188937811317365,-1.05193349896389,0.00699994062571304,0.043804312849683,-0.108310666715246,-0.00960889302662655,-0.107849585975069
76.595,-0.47715439273642,0.135791848876021,0.883733267824353,-0.270346618488186,0.0623597564701342,0.324700175449103,-1.00080834486737,0.0509127516742994,-0.107806854297524,-0.467882203047664,0.27496528302262,0.169612195562908,-0.926845116721494,-0.337153082558731,0.00737082183263026,0.0664883545620766,-0.0227090451555338,-0.196869053038893,-1.04002524401145,0.018295904170376,0.0421117725270189,-0.117376003755511,0.0033779851630507,-0.104785343269416
76.6,-0.455145432471917,0.166437554724516,0.876671173422568,-0.245793951632005,0.0514872904158332,0.307886647191617,-0.996325197525729,0.067023534104223,-0.0881239091974099,-0.439472667493742,0.283400022846856,0.170827795009652,-0.924825258719828,-0.34692495263163,0.0163816038358471,-0.00358276151586153,-0.036520132932346,-0.199583232402802,-1.03355823613259,0.0167187722683647,0.0455200796315438,-0.128511856333563,0.0234633076015308,-0.0984449281577553
76.605,-0.438274432167016,0.176034274072158,0.877230342088277,-0.228142993194285,0.0481529865308545,0.281389898230328,-0.991196245754863,0.0958502489934733,-0.0759615207690436,-0.402943188997669,0.288696418394823,0.174342917263813,-0.916362718406448,-0.361551918585971,0.0351843049452908,-0.0737061175646472,-0.0495789259769357,-0.202660727763757,-1.02074377783419,0.0233711779212495,0.0557471772232623,-0.149789192758489,0.0433683969592601,-0.0901473548393786
76.61,-0.437190976318064,0.163426379176416,0.885775422179799,-0.221352859399349,0.0453921794211833,0.261268860193537,-0.985320540076801,0.112420602769677,-0.0681225490113496,-0.400964081398935,0.299957031193507,0.172856572368219,-0.91604027783453,-0.366208906195179,0.05402320570956,-0.101609107879486,-0.0581293797429288,-0.199383613822669,-1.01126507986316,0.028057274911957,0.0612766957001905,-0.168342476863927,0.0596545306140951,-0.0795432136064539
76.615,-0.43415109852932,0.144771420442327,0.884305350059217,-0.209080326619735,0.039373017847538,0.241567032115683,-0.984835044117738,0.119858783868562,-0.0670931689345459,-0.419235925360228,0.303281793751466,0.170010872356262,-0.924352517733144,-0.363110613346463,0.0754792094452898,-0.13726044613453,-0.0689072502251212,-0.177131089118776,-0.996180816913384,0.0322251932438615,0.0692770251645906,-0.189191074750839,0.0914178417124823,-0.0679261113837226
76.62,-0.451819527986732,0.143907468441132,0.884149738302852,-0.19312645230339,0.0243440881884698,0.215362594765943,-0.98894606233711,0.120918637700866,-0.0576158281790287,-0.449631467255356,0.302102092661554,0.162319497547449,-0.928115428235554,-0.354904665623822,0.0873085038975226,-0.165436159391825,-0.0836163816637389,-0.163203398163162,-0.970788480191441,0.0455689287003578,0.0771326394088306,-0.204785728834534,0.140369664003604,-0.0529121477545011
76.625,-0.452792628923042,0.135673492382734,0.881984811801121,-0.180501479689681,0.0126582527311023,0.189013357419486,-0.981141983845909,0.139141297281864,-0.043413883869483,-0.47191295364205,0.282373026106255,0.164726099131473,-0.936951985401762,-0.343487330294798,0.0943647706591255,-0.167196128769009,-0.0894359027579362,-0.154380530118942,-0.945015967627066,0.0461242775707996,0.0723638131114936,-0.213103289650446,0.18260525043993,-0.0356914320385686
76.63,-0.440952397817158,0.115723787443663,0.88492402301817,-0.168848478590288,-6.51287892943632e-05,0.161304592721924,-0.981468757009489,0.121318495389846,-0.0425278075853933,-0.463710947255811,0.250456259517937,0.169743856029514,-0.943627689221727,-0.328899184920005,0.0891661927736115,-0.162882044083459,-0.10054589582177,-0.155944477136199,-0.912580045668279,0.0509041674326261,0.0749893071045292,-0.24169672873871,0.253080740001712,-0.0208574345788398
76.635,-0.437423775133458,0.0889825788885872,0.883417394102336,-0.151597895795971,-0.0123833596169419,0.140765787418101,-0.981447595918376,0.09517207619681,-0.0671744678092111,-0.480425820852018,0.222238983645803,0.178071860597563,-0.942002759711426,-0.318486085249527,0.0760037599935804,-0.123157895652781,-0.0940856422839324,-0.166617810395549,-0.888263783927066,0.0509888093032382,0.0718242188374504,-0.27133728120005,0.315542175159453,-0.0133880702606221
76.64,-0.422949568769151,0.0747707309288237,0.881620264384349,-0.124444834027088,-0.0121058380210385,0.122254859504002,-0.981276276831986,0.0578682465626945,-0.0813677551691902,-0.484151724086012,0.19586041320221,0.178058848924641,-0.934679799072548,-0.313229547903515,0.0597474628566349,-0.0699098061617093,-0.0901950171044286,-0.169087184931832,-0.869198934595405,0.059664033967991,0.0795471296640137,-0.325840396249177,0.386111049727862,-0.00766473682578666
76.645,-0.425414843486214,0.0783459121855001,0.888986394166819,-0.078107472897762,-0.0168133080644671,0.100333402693214,-0.989345615258034,0.0192510538451898,-0.0932473440800171,-0.436787854223162,0.169154602613328,0.177272353485494,-0.932895800206664,-0.307006880691982,0.0223903785251057,-0.0250947273016853,-0.0801156811017323,-0.156212537742481,-0.849670916326897,0.0693589250925833,0.084931631684578,-0.374592910501755,0.449380797074296,-0.00539173319821898
76.65,-0.431534701155132,0.0987075902761225,0.887039273964148,-0.0462067383672203,-0.0255691465722592,0.0889446903072468,-0.993944558414395,-0.00134821139903667,-0.0963632931453765,-0.347482153672359,0.154269673805952,0.180330846016227,-0.928347036060698,-0.297358829327353,-0.0063928354984276,-0.0488288389174305,-0.0777182087364249,-0.15395729171421,-0.849189457709495,0.08326032210715,0.097368270452781,-0.419261638496933,0.501851071110916,-0.00753112888581955
76.655,-0.423348354664015,0.123886998060988,0.882818463401185,-0.02507827760278,-0.029452925120349,0.0708893685494598,-0.996305488258465,0.000931517451678073,-0.0870025744296642,-0.240096003604235,0.13468967766246,0.186576822849741,-0.928498318691841,-0.284361151527758,-0.0209345667293445,-0.103912118397109,-0.0575425384075563,-0.183145720088655,-0.848333590693427,0.0912144663341655,0.104520522446641,-0.447861399848617,0.529709748329387,-0.00617621705707864
76.66,-0.420984905163446,0.157062897483483,0.87635505040487,-0.00377387697303437,-0.0323162344503304,0.0574944837778488,-0.99575868141915,0.0180042467353575,-0.0896685467474555,-0.121548012660924,0.124222551638599,0.197887562669322,-0.919100824560633,-0.2807598603773,-0.0224556296777679,-0.145662167873641,-0.026799206787526,-0.208195614686163,-0.859649466510847,0.10315710075991,0.116000204064923,-0.471552373592523,0.555272437112881,-0.00856055052337272
76.665,-0.423073718748372,0.170817634875649,0.871810979249844,0.0081853829429651,-0.0322121560766547,0.0573301173587247,-0.994643797479251,0.0478200334561297,-0.0959109227641473,-0.0176185423281862,0.107621993038495,0.222025286191274,-0.895426875436609,-0.29349860805077,-0.00628854762682699,-0.201895693567927,-0.0186469367668519,-0.211680214679893,-0.855935618327704,0.102691245096172,0.132064052396365,-0.479187193322502,0.564411066989254,-0.00797303184493098
76.67,-0.424379163957333,0.17391013654725,0.870125617605318,0.0205473275312585,-0.0341525734509872,0.0494765423965895,-1.00013405001641,0.0782585018086625,-0.0998939508935711,0.0885542322492573,0.0756504886256407,0.227376675243265,-0.877371313040588,-0.306747277184768,0.032287912803798,-0.268480100165622,-0.0167544111609459,-0.223543013329726,-0.852721457826926,0.106756909219005,0.160023842202802,-0.475521593977662,0.543448807809628,-0.000327443129642138
76.675,-0.431348025924378,0.171648059921187,0.873311039808482,0.0315438079681936,-0.0343069563654009,0.0456309347827817,-1.00303102616539,0.0957380343467608,-0.0997710045903521,0.134309786472072,0.0570508752277009,0.228076919913292,-0.867988292379846,-0.318657312179567,0.0795356567569741,-0.295254753941534,-0.00842558495680281,-0.246283934338558,-0.854687040494252,0.110047030107191,0.188079735280464,-0.457747798740407,0.500407866901438,0.00783421974576967
76.68,-0.443421044717605,0.158156849457864,0.877223878254176,0.0312347840932526,-0.0386076061173772,0.0362989255586365,-0.991100364829695,0.130214420359517,-0.103790401295672,0.119550571133974,0.0471130903209299,0.21993333672322,-0.876194712307938,-0.331555151472838,0.145585705247801,-0.300331755564767,0.0132959745285523,-0.291349657773969,-0.874519791661036,0.101196113325371,0.21214723664093,-0.436105742539653,0.434917277794517,0.0252262053333202
76.685,-0.45779811232339,0.142291715128013,0.879715175951698,0.0404711587407298,-0.0444924083198843,0.0283226736776465,-0.993229089811001,0.154874453574176,-0.0951871786903043,0.102203289950597,0.00949233201790324,0.200987550879985,-0.882956417042855,-0.338348174251986,0.1880925662342,-0.262591727407862,0.0173868784500174,-0.32277590712078,-0.901648792699725,0.0927953732361799,0.217828291563039,-0.411560245143256,0.389934518371799,0.0396139952085333
76.69,-0.463447208946834,0.136870080037723,0.877590305849585,0.0554603807645381,-0.0491165168567831,0.0158783571582411,-1.00573022862715,0.174777526645475,-0.0811669458266175,0.0764181291444074,-0.0495181934634858,0.19616322410361,-0.889963880538597,-0.339761212871549,0.224467477741722,-0.199952391842487,0.0274468387452294,-0.348983652170709,-0.924985705012278,0.0856014502587517,0.226370530997689,-0.383898758064331,0.347610360055875,0.0543585159906494
76.695,-0.451608240281737,0.145819060591061,0.880307938003034,0.0665856424636552,-0.0498106777667999,0.00324596615066103,-1.01009055685378,0.155389368072361,-0.106956175279399,0.0448405257862107,-0.109403237118741,0.193931563417321,-0.894947673738138,-0.335585909649993,0.242319263523188,-0.110919480211503,0.0341963045789216,-0.374987157461316,-0.949874568009469,0.0757025522874873,0.233079813799396,-0.342150956534986,0.308000422195055,0.0729662576835537
76.7,-0.432801457269165,0.180369364840187,0.86840612414248,0.0813756116316967,-0.0554186715642752,0.00711442895946449,-1.00001866921335,0.124668438770944,-0.123391929428316,-0.0337431907781045,-0.134399180665693,0.18705593316829,-0.89822123065635,-0.340153857921421,0.251227732959256,0.00229310413354683,0.0415878515418291,-0.394456192051554,-0.976733465487214,0.0685154945738096,0.229082941402992,-0.296401191928344,0.268907045742198,0.086239985172991
76.705,-0.435763563877115,0.154490615888134,0.887487729645654,0.0630399511948915,-0.0498121643974514,0.000605618070907939,-1.00367931793117,0.125374890551447,-0.0921821177565801,-0.0867352504766892,-0.146400752010008,0.171179619337399,-0.893634674151515,-0.367723052681355,0.254237976033706,0.0725717770501053,0.0485735436543481,-0.421609088919232,-0.988983668505104,0.0647047857982408,0.232088139458798,-0.261291661474448,0.229289979117493,0.098744735121727
76.71,-0.446673110064179,0.13953120470742,0.891511752041945,0.0565312878067279,-0.0618135968022767,-0.0124117105944509,-1.01103790177183,0.134086790480094,-0.0414298601287321,-0.0248387422352112,-0.223676284580607,0.1687280910522,-0.888629696093668,-0.383493320151494,0.254630644878603,0.0972282635858317,0.0569518946679413,-0.435774910087599,-1.00199352968302,0.0609122040051195,0.222170150477333,-0.213993931321788,0.189631071222941,0.100416848449621
76.715,-0.440734512498662,0.15659959255233,0.873815119029175,0.0511266832730778,-0.0583727930011761,-0.0232209181647069,-0.997552559300292,0.11212921256583,-0.10349261474774,0.0482021387444624,-0.28772910478533,0.173546016338738,-0.889765364796752,-0.393040705921032,0.248846873881007,0.108939613955311,0.0547476632254657,-0.429327685785652,-1.01430029742333,0.0582659821600596,0.21138577461496,-0.171196636300615,0.164282789092109,0.103271375503686
76.72,-0.434470147367706,0.165898791273392,0.877078338244895,0.0361975034287631,-0.0497837330509528,-0.029560149816993,-0.989411354993141,0.0915620592285224,-0.116825052895286,0.0613521964832303,-0.292728588835235,0.163165059728709,-0.895466600234888,-0.38620047632198,0.210433884497236,0.126458915822695,0.0549936848863006,-0.413983428604896,-1.02712282094387,0.0592008354836491,0.201976677469036,-0.135366416441487,0.145290937027175,0.104704588120588
76.725,-0.422496942438634,0.161841261592618,0.882595835205241,0.0345453083142171,-0.0491083695906003,-0.0348101943746529,-0.991310141253399,0.0999682029612278,-0.0966223442254392,0.0703660447220933,-0.273995917874243,0.158685171822468,-0.894979054310944,-0.363473213976079,0.182222846510302,0.143850620692406,0.0716582675131591,-0.40071215194274,-1.05151442374623,0.0592846448449423,0.187724506421092,-0.103908023360776,0.128423512618552,0.117647165737128
76.73,-0.422118019911792,0.167616737306456,0.869832040680889,0.0370266370331789,-0.045166245592056,-0.0343122822580644,-0.984151598348487,0.103212541093944,-0.106969712666179,0.0719516349424041,-0.251475077799843,0.150394246463065,-0.892551771576459,-0.339820873790348,0.156667525355389,0.16406549876802,0.0851747105868376,-0.394534442004333,-1.06642363734287,0.0505345477932807,0.179079893798543,-0.0824324874899303,0.119598009800496,0.124100597149049
76.735,-0.427443361176976,0.151396631896687,0.878979981256316,0.0382327804010818,-0.0420011204762215,-0.0401475836096958,-0.981744284646735,0.0988670749142005,-0.108304166776443,0.066569382379134,-0.213690947364179,0.139850323432278,-0.89939575556073,-0.31816211442332,0.132798512843839,0.190635928190305,0.109399818844533,-0.390728676830756,-1.08686102641914,0.0440148721428019,0.184190716523875,-0.0566728816937721,0.0926048628208406,0.121642825850315
76.74,-0.419327929093497,0.15092922150671,0.873810211657158,0.0464758904311778,-0.0345003052022337,-0.0389952047897517,-0.983411872692785,0.100645557222719,-0.106218805344105,0.0668439775557444,-0.185720171194998,0.135228142142296,-0.911867289177758,-0.306466481000967,0.121705827163866,0.182911412071363,0.125669915412743,-0.378464561163876,-1.09997497594782,0.0397717007032786,0.191278161284477,-0.0381366485418876,0.0577311304386808,0.11844357471915
76.745,-0.426271383931149,0.156745254697566,0.877602770135421,0.0604856535246988,-0.0329517691328529,-0.0360217051262237,-0.993969261644606,0.0928736082405709,-0.106000841501521,0.0842016688009945,-0.158514801694299,0.128476569952425,-0.926042371455051,-0.28394377466187,0.121558985732007,0.1549312011831,0.137346587517654,-0.37016287847412,-1.09983557075122,0.0332215796839713,0.19545995882698,-0.0140837278417956,0.0129930373696585,0.106999252345686
76.75,-0.433775121010022,0.159716457477971,0.871906562449701,0.0738323550811276,-0.0221135980236607,-0.0319820517820235,-1.00146798691414,0.0981284703007951,-0.100129911380445,0.109821678648938,-0.132894797672282,0.118103699184583,-0.941274165309257,-0.255122896997006,0.124523208782057,0.140801680018724,0.147361719377409,-0.358128968042782,-1.09572241364439,0.0281621074877114,0.194013394701041,0.00638980724247291,-0.0348210683303539,0.100701621112671
76.755,-0.43157487503961,0.160219139395069,0.873568504768138,0.0796059344511411,-0.0240343655950912,-0.0316858387495981,-0.995749553147846,0.113255011086766,-0.0856825687243537,0.135564788176447,-0.0909064687075128,0.111613120303403,-0.946389146632641,-0.24059716857629,0.130649284323393,0.148605578814952,0.148563299436181,-0.353905691117094,-1.08352136090565,0.0276942157241332,0.19052297392795,0.0204547357468303,-0.0681284153038895,0.0918959151651866
76.76,-0.423221790750283,0.171706423016348,0.87317171177542,0.0910130164343514,-0.0298924087286251,-0.0305286848152161,-0.984320468102207,0.134967289369533,-0.0635453311094924,0.158599301529024,-0.0719912666492375,0.100724075497987,-0.946144131919752,-0.244387783439883,0.150034683323447,0.164311748049887,0.143603290211622,-0.366087136679809,-1.07218226532291,0.0216472646027613,0.189364578394688,0.0315319640993048,-0.0717249441410946,0.0774095944987027
76.765,-0.423522757935908,0.170581352165362,0.878292875881245,0.0785358908599596,-0.0250725446771763,-0.045949209984183,-0.987313657106561,0.155662071535033,-0.0281251117010932,0.16855478180395,-0.0640251998911804,0.0918668369127946,-0.94203720415408,-0.264300789883779,0.168893373842646,0.178033988729338,0.132670421758227,-0.394045310971664,-1.06154225126674,0.0186473135167431,0.180370761389559,0.0309875541916763,-0.0619635177462247,0.0576661322288642
76.77,-0.441963242842036,0.15686787254899,0.880480676718693,0.0738874921855829,-0.0370752032689828,-0.0632905797545549,-0.983453811519021,0.1718898490491,-0.00454044890581964,0.226843419831836,-0.0978941408382831,0.0814179955840799,-0.946298711499693,-0.282914035057053,0.184454986300773,0.160881630802683,0.10800857947943,-0.430857987339616,-1.05645642827945,0.0192455116025896,0.182189538343629,0.0271694697439671,-0.0313126029113419,0.040285282821285
76.775,-0.441224446977491,0.162448207180568,0.877674377601762,0.0775898993015289,-0.0408413771859987,-0.0817635518007125,-0.975767715562264,0.168162483028324,-0.00359656556628858,0.291174163287723,-0.123810145044877,0.0826966495327616,-0.955539148000916,-0.286216467067482,0.186342935355163,0.128029360929618,0.0793386097346642,-0.448429736010543,-1.04780243003865,0.0204014896205764,0.182352039281572,0.0203037736185472,0.000349843796700844,0.020758261805257
76.78,-0.428122892544518,0.160292319992712,0.877274533727095,0.0730477767694143,-0.0537496707402674,-0.102252905908415,-0.984668844949146,0.148859012491391,-0.00695873372193381,0.338561278911768,-0.180494543233929,0.0759751974839505,-0.968834003355989,-0.279599177398335,0.173442601011647,0.122341737151146,0.061931723924573,-0.433573884259666,-1.03809866504757,0.0290881770298303,0.184273992017927,0.0292579966145801,0.0349980417779649,0.00143501105946478
76.785,-0.41937269605228,0.150314180716076,0.874366368896978,0.0765319909588832,-0.0518240819906245,-0.110789358615875,-0.975717952229524,0.115149545358747,-0.0280866525384469,0.354459334482719,-0.211929332816211,0.0671948680631449,-0.966881456911928,-0.267585960807766,0.145054807820602,0.143201341564397,0.0628904740844506,-0.396185243790408,-1.01974265005537,0.0454101068014842,0.193057217064014,0.0262145848352293,0.056155143780777,-0.0123873558836133
76.79,-0.425945886726528,0.16089833096353,0.868618513307809,0.0836983695626259,-0.053248573520668,-0.110789358615875,-0.969610583366545,0.094425435554208,-0.0211883119862026,0.351033098590122,-0.197775053065847,0.0620600779838965,-0.970636809300597,-0.251358582663273,0.119301539976105,0.157871189574724,0.0644381181099388,-0.369740859896932,-1.00815153113608,0.0551800921519868,0.187234631675396,0.0194892608387175,0.0735216194328295,-0.0203905379507121
76.795,-0.425416332554972,0.165671468382909,0.875463720628845,0.0836983695626259,-0.051397862854432,-0.108408595503666,-0.964973641775917,0.0911078102118397,-0.01484878185764,0.352260438586523,-0.168019373353247,0.0582879052743767,-0.978021816136005,-0.229016253514197,0.095084171231424,0.139196359337039,0.0601411712434999,-0.348918579210999,-0.99090462205697,0.063043492228194,0.179368802452161,0.0155567163310754,0.0875154022867771,-0.0223211918273002
76.8,-0.415591828884368,0.163462479311442,0.876152546572827,0.082619178163879,-0.0500956848118684,-0.108203467857964,-0.962747366367973,0.090590171912118,-0.0121097752261611,0.342025763602289,-0.120109069555532,0.0614035093548617,-0.993551866284811,-0.204091224228679,0.068714806795301,0.0974877887264448,0.0499742690063289,-0.338283717958507,-0.980560120231798,0.0767810521787722,0.170578357888787,0.0208161885616007,0.107927323169952,-0.0222846206666091
76.805,-0.405686731526731,0.164306514426726,0.869279157008236,0.090369731552898,-0.0458620536770311,-0.101862239860406,-0.95285134677309,0.0804807234848888,-0.0219225088023565,0.32764882434897,-0.0760017571350969,0.0607047751545906,-0.996931413350672,-0.188500703303232,0.0472119372203846,0.0415428399783348,0.0377735912649453,-0.331974499189168,-0.972371700425453,0.0897923443780481,0.171704350105802,0.0223566353484941,0.118369382063139,-0.0101712581384219
76.81,-0.411344069829247,0.168080838444385,0.867543701973105,0.0909789983967451,-0.0460465232824802,-0.0943096675194123,-0.963890800111619,0.0876228240310914,-0.0120292357179819,0.305615138364947,-0.0290359680163834,0.0607047751545906,-0.994133682301924,-0.170237685066065,0.0397575983791343,-0.00680666242423209,0.0330919288361413,-0.332357718195285,-0.963299995627126,0.0927112186358163,0.173045637713251,0.0255120953789681,0.134339849585605,0.00141342645048643
76.815,-0.413822812253699,0.172470591185671,0.869427449971709,0.0914794488952056,-0.0396386321581953,-0.0781234858097221,-0.963136100581362,0.0954327157696004,-0.0031668145262138,0.284175715322555,0.033032794094534,0.0615456520323982,-0.989710158162265,-0.157044318760968,0.0425648115917792,-0.0587391331821277,0.0201639009159588,-0.335489684888197,-0.956028204139513,0.101668109890359,0.172744232374864,0.0366765919537224,0.141450040942361,0.0169297624424492
76.82,-0.418906555562958,0.186766753248112,0.87165882281434,0.0852311425637648,-0.036505369805334,-0.0670749969726069,-0.955541026607394,0.107122575231682,0.00213079580449736,0.254437613189836,0.0853445655093247,0.06192646920681,-0.988251753024576,-0.160804910406185,0.047074643176837,-0.0879790941368779,0.0137515339855289,-0.338907385949158,-0.95658913259562,0.104067643986845,0.178403786934701,0.0456568463794123,0.153031155254669,0.0316932534529967
76.825,-0.413682761329774,0.19924133798503,0.875868951541279,0.0755468225064587,-0.0452169311723931,-0.0689587237753646,-0.951695258144541,0.148509590503364,0.030591725495446,0.230372181327116,0.142044759418914,0.0623454177587259,-0.998969636380106,-0.175025104950535,0.0798949797007585,-0.126253891462665,0.00629324829070498,-0.349487608768602,-0.953599192274844,0.105218340938333,0.164657474524545,0.0555135687000649,0.149965366491194,0.0425546112750938
76.83,-0.412893748911469,0.208390370614806,0.867349165738846,0.0573177719598947,-0.0410133371118869,-0.0760909531243972,-0.949003014458981,0.163618771876807,0.0111158660441993,0.193385791156368,0.181053149311927,0.0618331928622319,-1.00716822079311,-0.188785412407746,0.115845153802218,-0.167430071223026,-0.0069115268250871,-0.358403503894806,-0.957738857725955,0.103008466823656,0.153615267756054,0.0570242091698513,0.158479841242394,0.0544566153220595
76.835,-0.415394869129156,0.209875213226949,0.865818226622759,0.0377858476839685,-0.0424805134534836,-0.0773413634724075,-0.949068451984284,0.155236517751575,-0.0079125494510426,0.129404173086861,0.227271030160606,0.0574016491480906,-1.00831785923553,-0.197734671435603,0.151111459410807,-0.168431258616218,-0.014109022633455,-0.338122218291011,-0.964111893834096,0.105026415795296,0.150207114130768,0.065787374085012,0.157045922042511,0.0616935395119445
76.84,-0.41192569428295,0.192342596151582,0.871585987578317,0.0141711108749372,-0.034476729918924,-0.0788687149910518,-0.95438114238593,0.142770340140654,-0.0245500306996123,0.0391635616300452,0.275763686199358,0.0547149743219734,-1.0003843748021,-0.198098647235704,0.184029236526018,-0.108881163819507,-0.0119019515142801,-0.318430792289302,-0.969212838209628,0.102000498750681,0.145416237137645,0.0759258258895556,0.162831653393406,0.0717374718834188
76.845,-0.416469987587401,0.186986694053661,0.873541782878246,0.00274272895472104,-0.035212925669959,-0.0774172375498111,-0.965007666999107,0.120229584394012,-0.0362743062022579,-0.00653054558517378,0.32182695163712,0.0527298496225732,-0.984224084734844,-0.209176425870512,0.206352982836644,-0.0363726624819083,-0.0179761052131653,-0.304648965597153,-0.969150714414983,0.0955222104514875,0.144593645430907,0.0749925124928077,0.178526792281581,0.0809416821457585
76.85,-0.415694892474318,0.178912054183331,0.869689463373963,-0.00828444583088746,-0.0295083933788095,-0.0748937045457096,-0.959891590300825,0.114733062269921,-0.0439385479096808,-0.0364562932205797,0.363292762766535,0.0482372024952894,-0.96741612062403,-0.223344636010808,0.218787384511112,0.0322621501336154,-0.0164382059478427,-0.307212127261714,-0.968648500323278,0.0919242282576554,0.152338569235143,0.0716867003468515,0.175421353893051,0.0807177838847731
76.855,-0.417340231010251,0.173752671578175,0.869043219521469,-0.0166147072188647,-0.0272242054086851,-0.0779377390019687,-0.962607574172401,0.112117555519872,-0.0607871781303279,-0.0619531856271037,0.403537948757991,0.0499680474291326,-0.956313631290868,-0.23399340949168,0.215435034252185,0.0692979307717021,-0.0191589076722389,-0.31722127333998,-0.964996897734481,0.0902985546854572,0.159336036823135,0.0665671316678066,0.17019162305825,0.0705123167555251
76.86,-0.411662387201075,0.167651395192919,0.869855782496274,-0.0167627195109854,-0.0264574144150149,-0.0770051270112291,-0.964274225773378,0.102153524685406,-0.07190071699935,-0.0861148446382423,0.429127073727287,0.0454759795936448,-0.940997547498385,-0.243193097925333,0.202448276082433,0.102391714417136,-0.0170369511067896,-0.325135245275386,-0.959239698945382,0.0824610139433595,0.172871717401878,0.0673311051279839,0.15848201553364,0.0611293529039297
76.865,-0.420252259685016,0.140571432462233,0.884494336815993,-0.0225890539586544,-0.0283660738608844,-0.0787134249625752,-0.983003116439688,0.0964328518071313,-0.0509227541924563,-0.0687583555862206,0.43639744399703,0.0572493320212114,-0.927748428905911,-0.25527916853174,0.188291740662335,0.124412307746953,-0.0033616585503352,-0.326593591544423,-0.948294936003701,0.0764143095162674,0.178051507756767,0.0746071169339493,0.135938892264232,0.0432618531305157
76.87,-0.434226177284257,0.131126696400231,0.884065791058388,-0.0167800748016795,-0.0320133599349964,-0.083912082016468,-0.994381256401703,0.104520707024727,-0.0478565657251768,0.0112225493719112,0.382113381326123,0.0565950128722994,-0.902919809455454,-0.276973612087814,0.161685737949751,0.138803790435637,0.0102713039924507,-0.334426344198706,-0.939336644965778,0.0802483959132246,0.181607462368009,0.0826710814055028,0.116078296018209,0.0317469286378407
76.875,-0.437285944144339,0.138828114759159,0.876198020222409,0.00193753825754215,-0.0342909534026817,-0.0878720629338511,-0.987209919805,0.1037341494221,-0.071928717645354,0.103212796052197,0.32406472025323,0.0545963048934937,-0.889929368202466,-0.293811827175707,0.143253306008849,0.115917652966598,0.029139496322831,-0.337634712457657,-0.939569306195552,0.0873284657882912,0.187619321597978,0.0938673133743666,0.0969427703504869,0.00896269770980575
76.88,-0.432873485767499,0.14343048444481,0.873443351386608,0.0146406521856696,-0.0340357992538596,-0.092249665644573,-0.982582422374768,0.0998512606997896,-0.0965604356062339,0.182346696947908,0.288367673050882,0.0545963048934937,-0.871137640688775,-0.315704396067477,0.117870909410019,0.0649338155200617,0.0436990003170697,-0.34684709733346,-0.944035900577055,0.0885992583516696,0.194563660547066,0.108479985727222,0.0885997792879457,-0.00238439554973016
76.885,-0.431574677566552,0.13862591313765,0.875003634541324,0.02990570296657,-0.0444705298941088,-0.0955372360037495,-0.985035120925243,0.0933924493830001,-0.112122726040859,0.22766259016722,0.272116336980867,0.053638147287825,-0.861521993646969,-0.32599784045858,0.0970200351399514,-0.00208394536750223,0.0583748928753597,-0.376374270183479,-0.945280963655825,0.0936125810110656,0.20234727313398,0.118708880563048,0.0773668250404618,-0.0212853296186374
76.89,-0.436273699801817,0.140787655084165,0.874573572743178,0.0523030787827026,-0.0434770114075505,-0.0900684120968974,-0.982797629981915,0.0925226065889218,-0.102921485514256,0.263556429846259,0.26147583532042,0.047657784599077,-0.852261198903381,-0.333091352033988,0.0734886954720198,-0.0247165784258178,0.0741801081716455,-0.392071735350414,-0.947618313610586,0.0915496909963669,0.213516176167891,0.126415544329681,0.0617813109212516,-0.041762942283814
76.895,-0.449313025206742,0.147341806563057,0.875237445028999,0.0702736740419072,-0.0488174518163863,-0.0921282189320134,-0.994401268811538,0.0849807544926569,-0.112237941506914,0.311148048215887,0.246084464836511,0.0440294159764901,-0.847190127217413,-0.334121930880999,0.0499147385447726,-0.0111918306820236,0.102187878857934,-0.398304538321197,-0.948581082133874,0.0905971915607614,0.215722815941179,0.135231516128821,0.057840209454298,-0.0477711820193314
76.9,-0.447363964789835,0.154328891894814,0.872343796049327,0.0901930578556801,-0.0531818859351128,-0.0869432329987587,-0.978685567039111,0.0687060589281236,-0.129376046285681,0.321079320653357,0.263500679360332,0.0535942558579155,-0.85395529171452,-0.334043561881459,0.0346297935084008,0.00689869780388198,0.118249923066019,-0.394005156869338,-0.946597840575682,0.0851036536548775,0.213762939250796,0.147504539413622,0.058993830411593,-0.0547122346336919
76.905,-0.436988276707176,0.15486676360612,0.873730008050924,0.0965715652806044,-0.0628723597878656,-0.0814686939120293,-0.977124697916915,0.0854511643481449,-0.119644772077657,0.302216722194544,0.310774565543152,0.0598793901619824,-0.866615460805611,-0.322819306592179,0.0265879595378398,-0.00205613927718938,0.125407842306809,-0.389952614055756,-0.94886459949942,0.0911494532775416,0.222361293795505,0.153962703205191,0.0668480998488176,-0.0573924850282462
76.91,-0.428940418574929,0.155346248714274,0.878595121392983,0.0959916806630821,-0.0633256890662297,-0.0804607921898302,-0.975862932897776,0.0876645074142679,-0.117718060909699,0.280143897810459,0.347685820904955,0.0624411404461768,-0.872711681584602,-0.314751752692228,0.0252045356091223,-0.0305043340676602,0.127948467326953,-0.404827509852183,-0.946048408431035,0.092076511382817,0.218168359470238,0.164083805763125,0.0810412676183189,-0.0575364691293821
76.915,-0.420696971872725,0.148974787243445,0.883003506970461,0.100410018004435,-0.0619366851782676,-0.0715587144169472,-0.979274139719388,0.0932711295107403,-0.125537578179973,0.255467549838778,0.381752920816321,0.0631481632590294,-0.879752110086864,-0.306258960863822,0.0332278870593443,-0.0639788111372122,0.127760853247528,-0.429996707401587,-0.947172093755668,0.0967982151357731,0.208738275494213,0.169564634239502,0.103722587734875,-0.0588538534939289
76.92,-0.431108137808087,0.147296285813763,0.887347776245099,0.100802093744278,-0.0642082442833445,-0.0703420514858495,-0.976963294727356,0.0952243659356456,-0.111139386708354,0.236306578323934,0.407839330482257,0.0584223745081561,-0.886730179662602,-0.299671752867967,0.0430385136042006,-0.0911551851431533,0.124993697215957,-0.461932162377718,-0.955168862008756,0.101478532211453,0.199796428370218,0.181117344591269,0.12876076105583,-0.0649599327343277
76.925,-0.430881548523325,0.150805662962982,0.886147508742521,0.10128403390615,-0.0659392960124249,-0.0800341317801258,-0.984868480754387,0.136707182000103,-0.0817486381253432,0.230758087530922,0.427280651037938,0.0447639491144146,-0.898298411118806,-0.298998199581401,0.0548246793227929,-0.103952504423425,0.115006499745939,-0.495384952548507,-0.965278406308007,0.107262634025781,0.187723600452338,0.191393551620997,0.171416084773226,-0.0640366688934137
76.93,-0.442193701840381,0.160751523699045,0.880314044041672,0.0978609058358148,-0.0694033962757704,-0.0971702192620524,-0.970903429801211,0.156191340668932,-0.0862379860830525,0.232337092416582,0.428703891402449,0.0384121060996772,-0.912420643157015,-0.293596903646359,0.0766235925596142,-0.108092880953622,0.106569140824195,-0.528286678599111,-0.983349254222093,0.120999855002409,0.179472271687123,0.20284668102818,0.225434660460705,-0.0616674258212452
76.935,-0.445190703213823,0.162951488644533,0.882068139135063,0.0938355208375073,-0.0746736287604761,-0.105538983549871,-0.962828309473213,0.15550935414676,-0.0741132952985852,0.216495177654342,0.434675331186136,0.0379421848234733,-0.925296683208485,-0.284825046836568,0.0947060317293346,-0.115665118731665,0.089704671786731,-0.541709610849896,-0.993200708177487,0.130804166916896,0.172694741281868,0.216072622694612,0.268083814548323,-0.0549982234343046
76.94,-0.431527938510714,0.147935077170126,0.884616565560785,0.0946350651630219,-0.0802359496848696,-0.122625725757852,-0.965777767165863,0.160054805063661,-0.0665415748363946,0.235444849803751,0.425734830829144,0.0218738427206093,-0.942140098311196,-0.27480541937238,0.122787265585159,-0.140421603329865,0.0760005633677321,-0.517166506222323,-0.998972698184449,0.136958956227676,0.179043209514222,0.225144554677718,0.322109799582136,-0.0464350283148834
76.945,-0.41884959789208,0.153972193260558,0.882271909556217,0.104796443484685,-0.0936409024021813,-0.144873725951159,-0.948142515425351,0.144155619774444,-0.101464377755714,0.260444044300548,0.468187445072109,0.0164196588247149,-0.954631409195755,-0.273480059944662,0.141573898639791,-0.17134805652249,0.0506313041247361,-0.50161482988623,-1.00499801761543,0.140530522766254,0.181769972247946,0.228276906021818,0.345410578636994,-0.0318231465468315
76.95,-0.424473833345653,0.180431086671131,0.869888114310467,0.0891198320339927,-0.0984057939874137,-0.162918547971854,-0.942440558552382,0.155679137415398,-0.0825614012261348,0.274364005510017,0.508856204287851,0.00406306715931634,-0.966636512416566,-0.269914805256484,0.162856171247645,-0.228844854101031,0.0222925433549651,-0.487835631132738,-1.00723308695918,0.14265023248092,0.171338802546632,0.222937449977575,0.328856600803009,-0.0148062482149283
76.955,-0.429827265471924,0.183378166604806,0.863407522757899,0.0611856905066733,-0.100216050685249,-0.176596451246467,-0.939841717687401,0.165767989870991,-0.0815718189263422,0.2760912975589,0.554556281405401,-0.00971955219795479,-0.970848834224163,-0.264559837513186,0.181539860794042,-0.276457552646926,-0.00525204430558453,-0.469633694924274,-0.998274583337498,0.141342162514155,0.201017067804039,0.208586055502639,0.284555432079322,-0.00234796014938
76.96,-0.419100709545896,0.176554648340394,0.861739921647948,0.0401569563144027,-0.102343544363976,-0.185895464570542,-0.935040094424335,0.160893403131165,-0.0877138310809184,0.259449136080118,0.601889989281863,-0.0138185899704695,-0.97400259870017,-0.24979282293866,0.195430229224945,-0.300543810771781,-0.0174949705862409,-0.452054201331156,-0.959134217658174,0.157140610006869,0.224746041744682,0.21242726321073,0.215040609058421,0.0160116596600769
76.965,-0.419862677974097,0.180468508065019,0.860107191063295,0.0192841626507875,-0.105411211364992,-0.188172306243607,-0.927043886109126,0.153330349391424,-0.084535277250247,0.261697011754633,0.649769185713743,-0.0333428718283813,-0.967996599343065,-0.232282439267693,0.204211173847613,-0.299293511450477,-0.0298917471284852,-0.410836342522933,-0.976384306229293,0.137867816625062,0.23610325638738,0.20178860241081,0.161710147239161,0.0176268127240134
76.97,-0.422431140612924,0.175036663785907,0.853489919675078,-0.00861859027883103,-0.105043859649248,-0.184843827146842,-0.923923952705769,0.149305039796512,-0.0965331371442077,0.248617034164727,0.720331204593848,-0.0560323972002525,-0.961855545002483,-0.202926431313811,0.206539138625498,-0.294351927354734,-0.0414637195238548,-0.359074375960895,-0.976774517028865,0.124679184129812,0.250529616863732,0.200875563356891,0.0786838455869509,0.00967377888989688
76.975,-0.432173880185158,0.170918255506489,0.843710711065653,-0.034887755732849,-0.0999001562595367,-0.176760867238045,-0.924039751900773,0.144143735373654,-0.112755256477156,0.244751942895857,0.771442768587718,-0.0712666816801046,-0.953897941503105,-0.176699800040617,0.198034750281836,-0.305210373357075,-0.04955392745147,-0.344633389458942,-0.975629528228042,0.120762797830138,0.241464057457367,0.185072185595172,0.0207786852049231,0.00266301466331604
76.98,-0.457259393902206,0.177790116287457,0.820215456346108,-0.0501378279645619,-0.0906156675268653,-0.167476378505373,-0.923119942817468,0.12101493625392,-0.12084338635966,0.217417246510286,0.850384154952634,-0.0830615090953677,-0.947866965335135,-0.151690448516101,0.176112460936961,-0.320911276201037,-0.0521588758967685,-0.309005030236017,-0.982159387819616,0.111530396703009,0.212108078481037,0.165322610814445,-0.0201527268916588,-0.0208405564279688
76.985,-0.437212305009769,0.170493420999461,0.811600664253175,-0.0375241486970185,-0.0716521601519789,-0.110166866110538,-0.941529017220086,0.099125725284373,-0.116841916704149,0.186474053519304,0.945217377623728,-0.0956736161326711,-0.955013251786408,-0.124717214007553,0.163542731213703,-0.358045538486179,-0.0614716150278479,-0.29534496788003,-0.979592558373157,0.100264474033522,0.193629997242188,0.147504538192466,-0.0196503005565351,-0.0269168464190891
76.99,-0.384650589195121,0.164300866435722,0.821126614379153,-0.00781298972867462,-0.0545184107447412,-0.0708790335240589,-0.948151341882184,0.114578504337471,-0.108171349867106,0.214974731534596,1.00608733143435,-0.118371415763202,-0.963277318686017,-0.0963383682136621,0.140346554660858,-0.389246283538963,-0.0649569242094277,-0.27332024066105,-0.98067397128792,0.0912742663205249,0.189236490346337,0.11699331864069,-0.0290486149424259,-0.0510969191562217
76.995,-0.313861754283341,0.183102283706669,0.867318759753769,0.026148843708463,-0.0550440420366094,-0.0384926912326263,-0.961161230063124,0.129666565326762,-0.0340187941250539,0.156915824857037,1.0617173667345,-0.13000137372277,-0.959696782770342,-0.0739703531621116,0.109996602670606,-0.428826856325146,-0.0692662216442806,-0.256155043888167,-0.975498786586305,0.093037818778354,0.200303391221272,0.096103222871955,-0.0485575965397636,-0.0690340178361397
77,-0.289448186411972,0.204474115033434,0.902683145642379,0.0257744620202556,-0.0480847200720852,-0.0292945417905012,-0.961746338604487,0.143065379371043,-0.019206619819155,0.0780496677202153,1.10798545517581,-0.129778479185635,-0.943388150626822,-0.0575229000210341,0.0824168491385599,-0.463417305382366,-0.0762266061025103,-0.239537311484493,-0.962596144450737,0.0840124420183736,0.215284872019886,0.0908209720334608,-0.0718323325351032,-0.0885325241940172
77.005,-0.320753938514973,0.224561571977441,0.879284360129336,0.00798533322624048,-0.0485996589566004,-0.0303305242049686,-0.956683307779882,0.131162063791262,-0.0289357237228853,0.103185469557361,1.14708590005922,-0.15470764711301,-0.935568966550701,-0.0334886304859234,0.0431532142336577,-0.505561943879687,-0.083300120890601,-0.208558096057917,-0.95332479832363,0.0797987483537598,0.229691915992936,0.0762911321079425,-0.0770062220201214,-0.0979958270424274
77.01,-0.358450072454655,0.231034803491047,0.890548879969632,-0.0164401894703369,-0.0388558263183689,-0.0308986158987908,-0.971184072788928,0.132152298284177,-0.0415631425843532,0.140027214650533,1.20967190149582,-0.166295172773188,-0.944682714792853,-0.0213014365430324,0.01534983033672,-0.549423655339203,-0.0928175188389356,-0.19547725722871,-0.954214424408334,0.0659901165309933,0.236307255596115,0.0777880711610687,-0.0661658452384154,-0.112359203229445
77.015,-0.370094528584689,0.170425565665757,0.869327921040632,-0.0306059170356654,-0.0238854671674796,-0.0333760590735552,-0.970516266524542,0.126164530724896,-0.0417290816663059,0.153114706110736,1.26732220970465,-0.177938219287453,-0.966905192660906,-0.0138376696644255,-0.00126155413946199,-0.641776235502301,-0.100830865940064,-0.194015393165816,-0.962933853685906,0.0613743617363057,0.238737449955461,0.0793384615100249,-0.0446256459976859,-0.139408391435301
77.02,-0.412608321828636,0.150452196289504,0.861876600147474,-0.0285248231437881,-0.0201903084957204,-0.0511218747623095,-0.928008513442783,0.120287135192315,-0.0571079127177562,0.171338748003784,1.35234491455114,-0.18886217356539,-0.98927009270008,-0.00637696472734801,-0.00359620196881086,-0.723871125734746,-0.0921858850674692,-0.193656389868419,-0.982714986145216,0.0632805647156367,0.23065632491362,0.0785555185097202,-0.0123719705628822,-0.157062249839418
77.025,-0.353826835070132,0.202924725183065,0.868463048928442,-0.0101804140594322,-0.0127335404056673,-0.041124155444339,-0.907296069114891,0.151284700853278,-0.0440262153692765,0.158670404544886,1.38896732193676,-0.204863508572688,-0.982897605618059,0.00877468650836615,0.0100091494934758,-0.754224079251382,-0.0823769168434261,-0.151937322872095,-1.01541706091231,0.0748771611007765,0.209831442608249,0.084519281633845,0.0212416756467737,-0.179330359261011
77.03,-0.306254901457792,0.209144748963935,0.878150610464723,-0.023019143947471,-0.00848811865833803,-0.0318459235205308,-0.913603895080609,0.157603501999472,-0.00866157526778871,0.109533338793727,1.45202846591809,-0.21935474739225,-0.948760917225242,0.014249495888501,0.0352686140156989,-0.737021974958814,-0.0598684633640464,-0.0634240401916458,-1.05064161319275,0.0868059926407162,0.183210067887219,0.0930576509950569,0.050912599689397,-0.203166426409449
77.035,-0.363467181070636,0.209722593403034,0.877831747822839,-0.0449641186101028,-0.0135350380504562,-0.0464241157574245,-0.92593888126686,0.193466155089239,-0.0571071185310177,0.0595931227279378,1.50599451985287,-0.229259713651736,-0.916728410148501,0.020264989055295,0.0792485663315467,-0.683247702835067,-0.0415721770775721,0.03053633094345,-1.06605621879556,0.0959114464992446,0.163896921361901,0.102534351959997,0.0541751272976398,-0.222147526472695
77.04,-0.411116531601401,0.199747753005323,0.871770573098082,-0.0724607267893427,-0.0121146504319128,-0.0540619258876501,-0.943987611090046,0.233918200232689,-0.140110894617332,-0.0182467772298537,1.54847122826413,-0.256740532312977,-0.901413019753781,0.00448731484643263,0.134759305618639,-0.600356658987777,-0.00189496626592508,0.118455558912521,-1.07140441410996,0.102456062392016,0.0988434363879406,0.122799504508722,0.0323731472635747,-0.251298274197269
77.045,-0.424332381290967,0.17733933732781,0.87675062987454,-0.0895545338537314,-0.00560196070922105,-0.053452820841313,-0.954281386705684,0.22780611229617,-0.17840421814998,-0.158803212048825,1.58797190057597,-0.279021809150768,-0.879319381894832,-0.0306074423957614,0.174922183669282,-0.555826092879095,0.0218129015912424,0.176038596501574,-1.06343993810029,0.107590889387332,0.15789770591768,0.155082480548288,-0.0153504978116365,-0.285200597879723
77.05,-0.405711986957002,0.167101621478521,0.887494525428227,-0.0832372211882868,-0.00412404805385684,-0.0504186948669592,-0.980392988647932,0.209739429711764,-0.192530291868069,-0.288184586625023,1.62439891383647,-0.306489525158725,-0.855007253928603,-0.0951278221909818,0.217914358239489,-0.536176306427539,0.058075650307856,0.199923238367349,-1.0542103021765,0.11236146815851,0.176825743653588,0.166147933568926,-0.0564771680874824,-0.303260274025607
77.055,-0.391774428118694,0.172007142548839,0.895275723999025,-0.067077100679174,-0.00579973792435858,-0.05980557174767,-1.00514722181947,0.192486141701047,-0.202759117083654,-0.351960608468882,1.6435580304505,-0.335251335285375,-0.828868920008501,-0.169530229257369,0.251265223339885,-0.528060772007308,0.0858105388475244,0.184927622580461,-1.0444014981855,0.108861352840526,0.19846982096182,0.182280807749133,-0.125106890297483,-0.326628684098291
77.06,-0.409519178262746,0.198152706055579,0.900881801679727,-0.0629049688577652,-0.00482227989214584,-0.0787469726500728,-1.02319052411937,0.183592698029198,-0.234127530019892,-0.358041044333771,1.65718506045357,-0.365351588671191,-0.813415362650035,-0.283990648251989,0.290287392711972,-0.536978286195561,0.116390691902294,0.133752895780083,-1.04111536398373,0.101442125299006,0.218926763375219,0.183588224626835,-0.189711074194346,-0.340814127715729
77.065,-0.392037621178717,0.178650694357075,0.89628119860948,-0.0728444769013525,0.0107461668068469,-0.109066976423939,-1.04572794613593,0.168891372943968,-0.26721559838033,-0.310245552344623,1.66340874161045,-0.368897841603322,-0.811408754925416,-0.360098815457161,0.307506371439353,-0.574837027540716,0.133513152940726,0.0885352510400038,-1.0366335351671,0.0949012587682487,0.227375942933782,0.164343469643095,-0.27384656061978,-0.354274462501216
77.07,-0.457387817880144,0.14673787480697,0.91183217674218,-0.0770086787084084,0.01893794287803,-0.138669049805402,-1.04978578235259,0.154957498770775,-0.282566949744754,-0.269480575299886,1.68423842174775,-0.381548643112183,-0.835993389061146,-0.446311357052342,0.321741191477704,-0.614446760005126,0.148104813802293,0.0504445066646482,-1.01975058220378,0.0819636740831285,0.229786324584775,0.143866936747335,-0.384270710123326,-0.374613446857677
77.075,-0.445267620038619,0.149685024985063,0.91442597523735,-0.0611346174632186,0.0327743955816267,-0.169123443633248,-1.02133245428622,0.146236335151726,-0.289001784754462,-0.212337835479399,1.69290269242007,-0.391290401326901,-0.867273313156345,-0.508202123358852,0.325662402101875,-0.640844286902077,0.162431582933993,0.0517127938723319,-0.994099364673771,0.0760127386653665,0.221999202518757,0.117887394952356,-0.467955901725367,-0.404572734351387
77.08,-0.431446704249261,0.168832298737701,0.924110955405035,-0.065444164115521,0.0539032619199206,-0.192351970833366,-1.02291545890337,0.119409484039262,-0.262980193720937,-0.162658734671691,1.70095335394397,-0.402555948086445,-0.880627136073716,-0.556130838960909,0.325014187662259,-0.667722233876269,0.165406050251079,0.0654662953770458,-0.972269711602188,0.0575130250976193,0.229294263341961,0.0921367796266545,-0.534621736740778,-0.426620384104074
77.085,-0.39968692575922,0.183920103340621,0.960105976596249,-0.075430904779747,0.0987781523232107,-0.229086717913927,-1.09880584078079,0.105688334887006,-0.264016481919294,-0.133135479839902,1.71278199219062,-0.413329140084446,-0.89261379549688,-0.583986673977494,0.35465081747771,-0.713643652418699,0.16327234495707,0.0994517396617907,-0.959242228712066,0.0492570614712785,0.279235876836592,0.046706151444397,-0.622100439978328,-0.454616283792069
77.09,-0.400233447850414,0.21699285466428,0.944382729644376,-0.132016461137403,0.178411431434668,-0.221556725056572,-1.20001380891841,0.187576497527648,-0.275972448756199,-0.0698388515263798,1.73100505012408,-0.445220628467158,-0.925843178911944,-0.603163921998649,0.385282283915284,-0.711732423710312,0.156298842819384,0.158776808000566,-0.99854374961137,0.0194214075553888,0.269059065250565,-0.0249219447899073,-0.667057358399814,-0.460435099069864
77.095,-0.469909420924145,0.200493379775479,0.924319517069743,-0.217206817308233,0.273044073573647,-0.222466287197216,-1.19640506247325,0.28885658540294,-0.294676302479063,-0.109262410913458,1.78591532246705,-0.514437427660561,-0.971545110772435,-0.613788215150251,0.398308354031594,-0.688978241965228,0.13332905197302,0.213269682557689,-1.13454397638371,-0.0143093968300502,0.23463031071588,-0.100408167416648,-0.57465248933271,-0.435291662903814
77.1,-0.497810615229622,0.17729387100165,0.910191864084732,-0.238828986883163,0.369915092059393,-0.281830636834758,-1.13365593808222,0.242733839650635,-0.383573053151867,-0.38529487154151,1.84218905068613,-0.514949699293096,-1.07186373734896,-0.609761325111391,0.383965802556356,-0.637069282820952,0.107968808360771,0.179418011688408,-1.27226285843817,-0.0549899421377395,0.18521285188357,-0.218743123112041,-0.340575916658273,-0.405109656923788
77.105,-0.427542376221078,0.198861661705437,0.937343382163627,-0.222831846449872,0.465861513927099,-0.325395657853509,-1.17880449324267,0.0455359049039077,-0.348949613179774,-0.510408752272753,1.87218778778279,-0.4972536707841,-1.14092479514617,-0.578250694827998,0.368013721180296,-0.504171136519902,0.136914640439573,0.263827463594327,-1.32965090369996,-0.0520910952541172,0.135305010510922,-0.23671655356884,-0.19126083273451,-0.431470692157745
77.11,-0.524712068448897,0.172336481948871,0.670743601452393,-0.397831468681966,0.575650177343023,-0.375478950706298,-1.47565274218646,-0.0587927481735406,-0.446520571319726,-0.466538977918068,1.95010401333431,-0.506045646534829,-1.15591943431662,-0.505468874188999,0.315327564478808,-0.297368651445746,0.185470003812791,0.442793511428263,-1.30292720245936,-0.0179526893979177,0.11328492954573,-0.229396500487652,-0.0741449577595568,-0.419270601209001
77.115,-0.87505597965295,-0.247936353713272,1.08486598703549,-0.81865876512556,0.856737946756403,-0.34641137334676,-1.01167596736529,-0.434089250391709,-0.803413255318056,-0.49197108753941,2.07841330418266,-0.494703147243524,-1.12476722419936,-0.428077361730932,0.276570239226765,-0.167350405094483,0.218384586828519,0.621958475120623,-1.24616738655483,-0.0114074510950323,0.100475231004197,-0.187384765320469,-0.0862329760313371,-0.396368649478573
77.12,0.420381850170131,-0.0817604624526617,1.26514861804865,-0.208991817137162,1.0723309331066,0.240741503891458,-1.17845352532734,-0.395275266930011,0.0186356939908277,-0.259746855467195,2.1268439917338,-0.708067966293448,-1.17661837839964,-0.360810485982191,0.257927638376654,-0.166336809065145,0.219345343111134,0.788088265119458,-1.20005707149528,-0.00718730491923907,0.0742676142172399,-0.171010719845548,-0.184920705526184,-0.376512568489468
77.125,-0.128510850869604,0.562737966044716,0.999887493142763,-0.319376715305082,1.1907370978739,-0.0497616387557393,-1.75270273812951,0.261298651443569,0.380442217748787,-0.580030304913693,2.06138546934606,-0.698972064455559,-1.32590295363635,-0.355427485755916,0.225108147873918,-0.288521937375376,0.230954415845636,0.773018300091915,-1.14350074500554,0.0114188857285659,0.013348898450232,-0.215455665419343,-0.172908547004598,-0.379187890761128
77.13,-0.38960479904929,0.283341734568693,0.980976810720365,-0.546036474178553,1.37585980580178,-0.317618702483211,-1.34364407774059,0.0337155481403141,-0.369582769206526,-0.625208379035145,1.87378974826721,-0.336987153716097,-1.39959120447822,-0.34030101825182,0.158300260354268,-0.303951561455883,0.315173506021855,0.614943843047992,-1.15887999661269,0.0459927062963092,-0.0361672492172776,-0.328875196854015,0.00910142978207646,-0.378949327619117
77.135,-0.474908287486335,0.0750743888873546,1.01162567357805,-0.458693617000379,1.61629646866471,-0.414248481187433,-1.37923925758459,-0.0132397679266767,-0.306995849701273,-0.654817893760115,1.96165442694154,-0.300160934082046,-1.43229843317941,-0.330538998750316,0.0433954222158981,-0.201829374331998,0.400435373371027,0.446347955627218,-1.21104072421994,0.0946409631185276,-0.0734711824378268,-0.484803527480807,0.25422338524235,-0.37863675326125
77.14,-0.444435896351714,0.110210740729251,1.04803009586263,-0.457355366220854,1.94503583188908,-0.500700171152021,-1.55190283451895,-0.0559443971356788,-0.392383533724827,-0.480794178662965,1.88159013541338,-0.22712561512124,-1.46132266292833,-0.291624718003531,-0.0697541293488461,-0.207517448886669,0.487867842313717,0.370213266728398,-1.25974575349233,0.135025927619624,-0.0786347611100462,-0.602178109132874,0.42097751341209,-0.363885468351243
77.145,-0.311682671954212,0.0701795297956317,1.09959999857586,-0.530628636329235,2.17291249646049,-0.507000680301766,-1.57035379334752,-0.128062159101646,-0.349424263027461,-0.390078105188795,1.92440610715148,-0.2526732589528,-1.47989893456433,-0.229996240555116,-0.137905874278956,-0.341843219636569,0.487901122529343,0.439208351680249,-1.33628463697774,0.161866308757609,-0.0638195841379832,-0.67732054781445,0.421210322635855,-0.340457452845378
77.15,-0.37972258701773,0.110552144249167,1.06301199429642,-0.583069572108571,2.41168252881871,-0.512703323710818,-1.61299430861339,-0.238852807095431,-0.257619803478621,-0.257163243137064,2.02239339067777,-0.34655376048529,-1.50119589921157,-0.206968919323099,-0.11420504818631,-0.408652980803911,0.492249791385016,0.501669406890869,-1.39975224917556,0.16005846486469,-0.0731192000663628,-0.699839783686377,0.323809240555621,-0.318177818177025
77.155,-0.445342975996667,0.210894095849934,1.01183511277886,-0.646814730105348,2.68607069830235,-0.54180993319363,-1.53926296177285,-0.129291804315132,-0.298928483172038,-0.103694864595238,2.0541627765318,-0.38414474792563,-1.49102397261791,-0.204908358116687,-0.0243894053252305,-0.411351031197897,0.526420205990718,0.44705562588278,-1.43375443899013,0.138089996894895,-0.0900530868235774,-0.705280100844398,0.232323432303495,-0.29963654675875
77.16,-0.445935111213632,0.153940566287517,0.976845408980323,-0.763553583378511,2.94794397148736,-0.651247343561093,-1.48334728490624,-0.0109974931239276,-0.220773521618423,0.0331073855367247,2.1121524017299,-0.352593450113039,-1.51045948756926,-0.121837720716887,0.093195458281264,-0.327611574964953,0.470426862432824,0.389713255394704,-1.42857024812815,0.0965832212890657,-0.0886205102667576,-0.715159044043045,0.141910542925849,-0.28967016404931
77.165,-0.477996997103747,0.139396139695765,0.996513066744279,-0.77344174865159,3.1913021454025,-0.816267391277533,-1.46063784756868,0.0372775122996386,-0.164491409760141,0.00380173338407266,2.14832821602538,-0.281020248713279,-1.50681528645491,-0.0387670610378016,0.129346304810904,-0.183130105874584,0.424853259229468,0.473287524578187,-1.42556087440607,0.0864816250843875,-0.0497307934718248,-0.704144564983727,-1.55855123218447,-0.208016451520873
77.17,-0.370172247934387,0.282238586767031,1.06409050469645,-0.637537282196126,3.42791182305923,-0.902175275671081,-1.46836091826589,0.0509100104653863,-0.111269969720646,0.0856369790578639,2.17539367874868,-0.233417117951961,-1.49005896002168,0.0201779834439824,0.135296967442602,-0.00172027827988951,0.386865462697479,0.568544152604734,-1.42125280754345,0.089737181741111,0.0051405978881594,-0.64823356175067,-3.01971825230233,-0.123109603869013
77.175,-0.276836906289649,0.221822228950193,1.02125191994403,-0.71206178510654,3.63229755704357,-0.986912941875854,-1.49854397326589,0.0398349439252633,-0.085359131207708,0.0932164344704949,2.20895565646731,-0.21205178962997,-1.47247894407073,0.0439341867851027,0.128109549798583,0.111927703265204,0.35410035269645,0.609382817973151,-1.40846703415283,0.0837020540554047,0.0428358953483677,-0.522999594321729,-0.413431156675142,-0.218725732785469
77.18,-0.432027295152402,0.112526301538257,0.9770515515701,-0.818089870983673,3.87727800349681,-1.1217861043558,-1.49532082858087,0.0180566966713898,-0.143050535540549,0.0806579466687345,2.24925885244168,-0.205674265103394,-1.47308849083754,0.0566670281124953,0.118200757327952,0.0924653071983051,0.319857822539161,0.657591897008486,-1.39552104577837,0.0820232715267749,0.0516427682990552,-0.462506920127494,-0.580447436362555,-0.175442448235837
77.185,-0.531881857394101,0.216475487247016,0.995291829397006,-0.75806019987845,4.19365760165692,-1.20055558000914,-1.49848733124436,0.000273175440132829,-0.131263998872455,0.15482937679189,2.33250462626402,-0.189662070380793,-1.45415931171806,0.0947189453095742,0.098099469524598,-0.117189414852104,0.259103320724582,0.746645906384145,-1.3551633704852,0.0794490618878566,0.0345076797259336,-0.45634771904329,-0.675191509620974,-0.124795298168048
77.19,-0.434425829729798,0.239066393828015,0.986263998996856,-0.833904263980578,4.47117371503541,-1.29264865238338,-1.53785194970276,-0.00678321024971765,-0.0530240682876646,0.188034834122224,2.39126654960695,-0.181634699836913,-1.43920858365643,0.126075177046188,0.0874648037384358,-0.305823058477489,0.233016912811714,0.831837896668084,-1.29351222545804,0.0748946298719159,0.0118052101854376,-0.485173729623566,-0.68959279020317,-0.053269823210621
77.195,-0.431472184128755,0.193176791646379,0.969129776232122,-0.891872803273676,4.79289693046261,-1.43971878583942,-1.56315636318619,-0.0204087579377531,-0.0276375873951518,0.216138854183002,2.42946812432642,-0.143676275258589,-1.40233469584588,0.157895669466492,0.0725927694351656,-0.520904538868619,0.183554074361028,0.961815070218092,-1.25105394947921,0.0756934659388561,-0.0224257724453583,-0.530571001011595,-0.640078374785172,0.00886385617612757
77.2,-0.499761676049651,0.205916808507393,0.955838905849996,-0.902058723786847,5.10096559469512,-1.59390732136554,-1.57229672909011,-0.0281529412749277,-0.0107793063540431,0.394658054923496,2.48134185823448,-0.0862404157993135,-1.39147100411288,0.178087857082514,0.0649894013571878,-0.687873197067348,0.127318245963205,1.06874822561331,-1.19879033110407,0.0553606237659972,-0.0510620923679086,-0.555462340892743,-0.569644790416523,0.074800092761618
77.205,-0.514816854709289,0.22785159886826,0.873198301767126,-0.923575511252307,5.37965035120749,-1.7204055905623,-1.5885301629893,0.0154239981550049,0.0597820619117732,0.524286050197458,2.54264191608692,-0.044169442938512,-1.35572886734285,0.182638825440563,0.0505463246689241,-0.811856858461396,0.0812655982326845,1.14138171421393,-1.1674301191659,0.0287293922058247,-0.067207872125553,-0.54157186984108,-0.540082124949675,0.105232089391135
77.21,-0.529226216449135,0.261835161200634,0.884184172146198,-0.967940432034733,5.75689011026827,-1.84746258483266,-1.60771937712128,0.0645305600654723,0.131677081542939,0.697283022538354,2.58930261341243,0.00757244191250128,-1.33895498787187,0.172303302868651,0.0349275096118754,-1.06808212197506,0.0146771116763021,1.16804609162009,-1.13776424729619,-0.00445858464120139,-0.0680198291264392,-0.501250600814382,-0.509158841721045,0.128963072831426
77.215,-0.571808390690417,0.221070648048628,0.868914859240715,-1.04711861815772,6.18828483693016,-1.98327137725568,-1.60074483915503,0.0908221504816726,0.189836946591437,0.799743861152815,2.63632981976304,0.0489796217413249,-1.31528455298547,0.156780466484071,-0.00438717041638951,-1.34853761307233,-0.101636227569661,1.20243434586301,-1.10562080249883,-0.0441264570383226,-0.0524868672013159,-0.440316978144427,-0.471836042209943,0.155674938279091
77.22,-0.593279303507538,0.239218834975055,0.863434365504495,-1.32606624169174,6.73146932087231,-2.10638121884225,-1.59799944088191,0.0999706601954848,0.266840308778285,0.85391528834843,2.67900804754113,0.0975015574092803,-1.28209066213323,0.147925861594282,-0.0845830224478717,-1.663106601377,-0.24395956768385,1.30842850325799,-1.09147617919989,-0.0635510775211272,-0.0314223928585439,-0.397613830135788,-0.455545179677504,0.184800806640286
77.225,-0.561252274489059,0.261080011764754,0.815198002480227,-1.53823207732066,7.18264102061049,-2.27377622786082,-1.58140618477477,0.105376498260558,0.327069753619081,0.959979133034961,2.70522880554199,0.135491918445386,-1.26160521601134,0.167430515604856,-0.173438468780605,-1.66639389423476,-0.281274507074755,1.44849374653214,-1.07671473308376,-0.081748084473685,-0.0120106328421401,-0.355772649931934,-0.45437912238719,0.198456394905569
77.23,-0.450052304598472,0.340088592336773,0.876707772770155,-1.70643128344358,7.5666061543433,-2.4258159099454,-1.54448779371312,0.104054635373705,0.39460952742743,1.08138545837876,2.71836063278263,0.161173746281189,-1.21322659683279,0.230343948878626,-0.344701276778251,-1.36233935589905,-0.254202157703286,1.71909145180193,-1.05621327984451,-0.10043903202445,0.0145966154610916,-0.32449578754158,-0.443947273084168,0.20758520221941
77.235,-0.37002098637925,0.423136223694568,0.855194856786823,-1.6355588560025,7.78413885845768,-2.55228400907546,-1.50791826364999,0.0980576001169903,0.430054075107021,1.15773035646855,2.75765398336827,0.18923040245593,-1.15872687154297,0.299687708641626,-0.494067467490011,-1.08905955895466,-0.194224117020417,1.90247373512758,-1.01261633820155,-0.11450039148546,0.0177806764705323,-0.314817181588986,-0.428589860560492,0.209264184714247
77.24,-0.387773889287333,0.350346165930779,1.00590971055667,-1.68731390472353,8.0184113998479,-2.71569680369301,-1.50431747400773,0.0856955789739139,0.464951150361297,1.17157118927456,2.7505620017306,0.197504453981339,-1.12232115747417,0.416575507733209,-0.589354638992873,-0.600910055769564,-0.0657366700167236,2.17356682283507,-0.95780040368069,-0.135202628268281,0.0234454734817967,-0.305976526245088,-0.397048420818624,0.198647521849089
77.245,-0.622609863281335,0.254109803321932,0.874956491400756,-1.95102983918057,8.3872399370369,-2.84685348448492,-1.49696623830974,0.0675130734120934,0.444524507029693,1.19322071440516,2.70842516530985,0.203938040633606,-1.1432245879268,0.425122464812473,-0.563658196975998,-0.210918520510825,0.0560072671767133,2.37977560907222,-0.894841252324615,-0.163628604607542,0.0238393210640296,-0.279448055534415,-0.348858021599815,0.181525210271435
77.25,-0.764207444332997,0.293575661672006,0.98307409051921,-2.09739980392045,8.62610690366325,-2.90255718118471,-1.47390098316434,0.00381839536451442,0.38768110689346,1.32166820749169,2.63180213361664,0.203085244977181,-1.16303723976668,0.377401866067337,-0.497444194666238,-0.0546526617322254,0.11647399580717,2.51221054180922,-0.847151292562907,-0.180928532429232,0.0194741930081778,-0.236135452149034,-0.298204543716547,0.15887358910185
77.255,-0.855858532671881,0.286420203104142,0.935329633317198,-2.30613280651006,8.76483027094128,-2.91577282686229,-1.44726096740901,-0.0492249655297222,0.287152270017618,1.47414812789023,2.55138205927836,0.198496325707574,-1.16576708847961,0.353844632139697,-0.438466042841185,-0.142517411436861,0.142822688058666,2.60561646469033,-0.795124530412681,-0.20160169047574,0.0132508477191505,-0.166530679521594,-0.221292606844375,0.140110477825034
77.26,-0.927680082785887,0.285331652992824,0.985691492611611,-2.41014292813426,8.95542778443774,-2.94583817889186,-1.40513340182695,-0.0575097433786882,0.179242612125515,1.62521740541139,2.47475988997303,0.182975717028511,-1.14620488522351,0.336735010747307,-0.402359749710387,-0.355598211057694,0.149332334648841,2.71770970968939,-0.771304808719188,-0.215124007005684,0.00298101099575279,-0.106740693327166,-0.159072403158926,0.136762810109264
77.265,-1.21720198830915,0.16953280129217,0.790718770722972,-2.43952630218656,9.0053222335867,-2.86779451537421,-1.33930045726946,-0.0293631287439244,-0.0181816929808369,1.81431597168348,2.4002078000952,0.183373231828388,-1.11961416188601,0.277825097682934,-0.435451227266043,-0.629361021319052,0.123282910907805,2.8501968218043,-0.717543207463275,-0.234990833842108,-0.0248898251758425,-0.00147434245561163,-0.0525232788647434,0.147906634977279
77.27,-1.65748820865343,0.0153350697874171,0.518798104867577,-2.41932881088651,9.1690749767348,-2.6907360063245,-1.22979303421806,0.0304705408114157,-0.366070198112785,1.92788195109947,2.35908606054489,0.193837527224786,-0.948344086639924,0.201398377532962,-0.378493035510667,-0.985692692838376,0.183151315373784,2.95329879937732,-0.680793113593735,-0.25715115564379,-0.0428604060809733,0.0981134162637214,0.0427141190144176,0.157346455095734
77.275,-2.08009622702575,0.00504931637059089,1.38430462202054,-1.56000187361334,8.88062616658511,-2.41615743349398,-1.13974577629397,0.0438984046719725,-0.683111647037419,1.9434994370216,2.37531962552567,0.203218600075874,-1.03077079636959,0.148194911297693,-0.224065331531515,-0.923779514983909,-0.088134468445608,2.72608079818829,-0.609923201272029,-0.28250445162606,-0.0525356560896826,0.199078220048224,0.132309811501981,0.145838335248424
77.28,-2.15374329193458,0.177887099547289,1.19641574346372,-0.352158818397869,8.10070196117818,-2.02749612205063,-1.05913558756019,0.0605315880912819,-0.859494789493548,2.22721794921771,2.45662209951811,0.204874771161659,-1.21424318908819,-0.0180030599748,-0.264462912405592,-1.47176391612366,-0.169352181244399,2.84989297095167,-0.61175637073692,-0.311913941506087,-0.0407107825725281,0.319695915068589,0.198583409776141,0.112511096911457
77.285,-2.04553742431058,0.303799627987449,1.06479734761736,0.028361334624246,7.60410342411275,-1.78083715237772,-1.07013024295829,0.163975996251027,-0.843876731894302,2.47787592402309,2.52723288941436,0.0233153811623487,-1.12584818008168,-0.176329740545531,-0.159135707777069,-1.78563235747883,-0.174030735488532,2.82832318497068,-0.607382921000313,-0.310984945379331,-0.0455250488988226,0.422492985840341,0.204282069306114,0.0601841232496803
77.29,-2.07437584762753,0.464062180773436,0.967324290255072,0.306843349870567,7.10526184693649,-1.6091490563228,-1.18728527796827,0.204201013242407,-0.777499500333998,2.42171696639908,2.39516943707466,-0.0082146886728077,-1.17084350954995,-0.234638267068475,-0.126239732867658,-1.86695841236834,-0.286670145201804,2.77619397888722,-0.598194152534765,-0.303090876103791,-0.0675941739087162,0.491398465017478,0.198660139463634,0.0201228669076966
77.295,-1.95944588381134,0.412702129945434,0.905215764816445,0.397383710772031,6.68521180023653,-1.60798367922068,-1.23635095106284,0.235389134005007,-0.651988960482611,1.99171934940724,2.40691300665154,-0.109323782159494,-1.20774861599492,-0.317575435948216,-0.119149775599148,-2.21698402082785,-0.474083856160395,2.82384457548512,-0.646682159514129,-0.285710656645921,-0.0811898844381221,0.507212558141623,0.199023522476646,-0.00441084139906969
77.3,-1.69404003334083,0.243211861879033,1.10214795556367,0.310065213724746,6.40591774887574,-1.93883406127709,-1.22337445599832,0.311233239261928,-0.485791122228545,1.91874012465279,2.4122171350548,0.0400655441654002,-1.29121945167009,-0.41583901498959,-0.108543082020114,-2.56789141552348,-0.618038274148227,2.72500487176312,-0.659659176318478,-0.261851315106966,-0.0911420853320924,0.483479927767167,0.207188586002166,-0.0224350471589776
77.305,-1.58479496998569,0.255862064421358,1.32285071647426,0.0950406505070729,6.00621078166844,-2.29330108818825,-1.166754963104,0.309494517799538,-0.267350389279138,2.15515675628004,2.21650932953069,0.293098387726269,-1.33116339602312,-0.473340557494092,-0.11434998792669,-2.57662718913746,-0.691250220883881,2.6735501720253,-0.704213653012373,-0.217175865217163,-0.087285532293854,0.438124351574949,0.229371212955553,-0.0314489538520014
77.31,-1.37443823461075,0.282492145152149,1.39537821501414,-0.381129034109096,5.52171821811612,-2.44277738569895,-1.10321294497961,0.26603032646054,-0.14944128204137,1.78500904468114,2.07498976571151,0.38102546003798,-1.34766582770239,-0.531711278877118,-0.138824449101573,-2.50223004835036,-0.757440241143962,2.63548759763816,-0.75110211341643,-0.174011829018902,-0.0810616105947019,0.379341802601737,0.260832538588462,-0.019707527556139
77.315,-1.27885328584295,0.386269428149792,1.40778714998494,-0.333444293366117,4.84543947963913,-2.36765588978119,-1.01749961300355,0.376713640400953,-0.268420391838209,1.31715247335623,1.86599585788822,0.380977243534613,-1.34262921190126,-0.561618431814459,-0.156578068608388,-2.42133512017852,-0.798923149262733,2.61338649510961,-0.804865252979626,-0.138586811433831,-0.0516603267629599,0.350154075845778,0.293644395574899,-0.0207527017775691
77.32,-1.36593169833574,0.669638818574678,1.44199419171144,-0.217848376607644,4.40147005414982,-2.13897034111111,-0.891369728478094,0.424315925481728,-0.435898626456137,1.0628266466266,1.84194974884079,0.447027172570202,-1.32210983332582,-0.59777255039717,-0.172057439738195,-2.22541172155303,-0.805509092619524,2.58718823003753,-0.829573591580117,-0.120531665282173,-0.0253677554397486,0.346120236765003,0.28613718144714,-0.0482669058492577
77.325,-1.81175299306906,1.6168236358604,1.8667356888191,-0.885667352184107,4.13003994037767,-1.02273677404905,-0.782036034413624,0.291303615216447,-0.64616385998036,0.80972191368088,1.9309171674078,0.558499455685941,-1.28456745126789,-0.634731572234667,-0.154601051535288,-1.9841097965894,-0.815187574742974,2.50962954281188,-0.874077873239282,-0.0966782173076105,0.0194020309481481,0.345077331766192,0.238743900025728,-0.0892597121666828
77.33,-1.94121881692724,1.21771666792756,2.66184270923121,-1.20856095009129,3.19327789458023,-0.308747622567402,-0.753800455452745,0.13834505032035,-0.64865500720448,0.587631344795227,1.77953534384743,0.562884194420368,-1.23699172898864,-0.643541795055098,-0.116582093513903,-1.80982515812234,-0.840198539682953,2.43698749959492,-0.895444870136591,-0.0781196440114966,0.0436900648781654,0.341800360135109,0.166036568807981,-0.142285384050935
77.335,-1.42326781486038,0.450532450858011,2.56088366210785,-0.728233577252941,1.72441401158793,-0.333701107143593,-0.758804474335093,0.0847421165979109,-0.512983387705997,0.635863434605571,1.40163554684021,0.502865055760115,-1.19541399077807,-0.656869740129973,-0.0642623960895969,-1.50389463678356,-0.835656402414108,2.39578757111315,-0.917310971777275,-0.0631788172488603,0.0701697609317529,0.348298824449007,0.101137938280244,-0.18467894455533
77.34,-1.03651617332433,0.240666084844962,2.33287357371941,0.499219214644555,0.515614632699801,-0.199382314995598,-0.728640330438271,0.156416439684691,-0.45729577120291,0.752752286520372,1.07538110468963,0.407262686014981,-1.17789916956578,-0.664040371331274,0.00683144562410008,-1.20839117150154,-0.804982195797869,2.41631103554247,-0.953453001256408,-0.0557514107699555,0.0776887213387169,0.351206183379998,0.0637569153928232,-0.215662241194131
77.345,-1.06340514590953,0.582562723369361,2.17277144229912,1.44590139425536,-0.534268998418638,0.374277423630545,-0.70741853632977,0.163553426901142,-0.472208687789141,0.549387646216497,1.10549332240926,0.408545486431785,-1.1519588129176,-0.651451816022519,0.0539080792302552,-0.811277782622069,-0.824642034071715,2.44285501762486,-1.00311127925354,-0.0445435963650548,0.0912996624543471,0.36498573477925,0.0529888686284021,-0.239000653829795
77.35,-0.936628574937468,0.728461933282494,1.76478471135173,1.87151980945028,-1.51576174427876,0.739982615854056,-0.762903530416006,0.0861648478373743,-0.352931950108202,0.00685451718168048,0.988150089530333,0.435283001598226,-1.1411041740292,-0.624114697869417,0.0861567170985886,-0.59771567393838,-0.790538790857469,2.44560188658085,-1.03686107263615,-0.0448813890808904,0.0840999355393298,0.362090550867237,0.0477209529613807,-0.243506496982969
77.355,-0.572915380926153,0.636647918731968,1.36543093451476,1.87633059072566,-2.05961233293571,0.948385365792685,-0.791309392711128,0.0693640420395589,-0.159518639986401,-0.140850326611565,0.663475635485075,0.483631913759455,-1.1342850863807,-0.571762214135516,0.119776680609924,-0.386450979915427,-0.717899838505272,2.45549103066036,-1.07309595923411,-0.0465730520296671,0.0670187853562297,0.342953116381268,0.0234495477752285,-0.228803816008652
77.36,-0.209336372217474,0.588415160144271,0.999998978553924,1.68653427982622,-2.3577141002175,1.01838475531632,-0.77604391964977,0.0668252204227653,-0.0244161181185349,0.0760398037474364,0.417067819139515,0.522151419452491,-1.12650984248584,-0.520536581295266,0.129379663687019,-0.240289173003726,-0.657349441761951,2.46919842944069,-1.09822960035894,-0.0535321089644631,0.0376315266684536,0.313019650693488,-0.0337200148718808,-0.201706009950669
77.365,-0.0397238859776635,0.586937523320324,0.811360443274537,1.43160710402852,-2.39838622303872,1.07504725926308,-0.736971545403759,0.0655423282107732,0.0505663254347188,0.316627877474256,0.246497995226754,0.581534102856955,-1.12636229940691,-0.468925375849061,0.132173528817854,-0.162508703873777,-0.611421269383681,2.4826545287212,-1.12616505294992,-0.0741706603058737,0.0121825368749179,0.286825069394748,-0.0869583436206446,-0.165888647386236
77.37,0.0576183189734234,0.476491197625005,0.643706987801439,1.16851493178918,-2.34293655087029,1.14188028820487,-0.680095288320192,0.0865057964895459,0.107560207812506,0.468582323728706,0.0506506296717873,0.626031207261409,-1.13636616169711,-0.415869962823942,0.125666421964863,-0.0610377465621271,-0.576201555730178,2.51281913145614,-1.13367704864631,-0.0994042484613113,-0.00611366938501233,0.272324207424774,-0.138878712815449,-0.119623138605241
77.375,0.14443444622527,0.312715863575417,0.513510321767822,0.947583123312056,-2.198022380589,1.18026807183883,-0.626835663846109,0.0761104634325061,0.119289688874135,0.509849083089547,-0.118233800499225,0.665476013724431,-1.15163983590912,-0.3831494518756,0.109094621253652,0.00609065830987727,-0.549476599041252,2.55078437004283,-1.12568372885574,-0.115497974002337,-0.0164636054769982,0.256097694344064,-0.163908184488589,-0.0650259442282516
77.38,0.186394931461076,0.178989414281631,0.46611831626044,0.838088103245787,-2.01627484610428,1.2080726274321,-0.548799922596334,0.0380514578520172,0.172946813381064,0.574638694051734,-0.441024443516416,0.681282518534352,-1.16530392171575,-0.337359317228359,0.100299598785437,0.0812874612050959,-0.528486832518026,2.61297809741281,-1.11207532686317,-0.135642093621942,-0.0200055696804606,0.262466126297528,-0.194354460811413,-0.00600105415117131
77.385,0.133809217535255,0.0960993745075174,0.533185094733279,0.882973621559538,-1.87435302950187,1.24021662602037,-0.506276963905446,0.0463983607535682,0.173485497338501,0.789138967691385,-0.774422691617649,0.671558588310502,-1.17048332917851,-0.311489296533854,0.0993170615583292,0.15056815071553,-0.5026512142418,2.64460619803398,-1.10736878533645,-0.150511740860418,-0.0155519199122638,0.31042105483998,-0.221618404167477,0.0141863474162258
77.39,-0.00942816874660126,0.0217557381989049,0.684551690857454,1.11182312177856,-1.81607726688272,1.2952695504319,-0.444547054293738,0.0329019848964982,-0.00201342183504165,0.850807139798486,-1.01324482791222,0.67565965582233,-1.15571978915581,-0.29266348810846,0.0920683378008412,0.205856972999927,-0.458418872317323,2.67154780279403,-1.11206547901331,-0.165248399842977,-0.00789306493829212,0.35061322798711,-0.21891938578279,0.0349418510250599
77.395,-0.155224133251687,0.0102839053828824,0.834056886707562,1.38762782423557,-1.89423224596382,1.38566431132985,-0.384519116655144,-0.0414745194508892,-0.173076297531902,0.725652082392562,-1.07674507820738,0.699169849600205,-1.13363590514254,-0.278852409049391,0.0877337547380106,0.230894126639275,-0.412497846358195,2.66913388875186,-1.09872576499855,-0.174056141297345,0.00258946664629681,0.359734395981099,-0.226394050478047,0.0564151511481607
77.4,-0.270049162493127,0.0306991533640807,0.925985312699965,1.70799180804945,-2.09940323995932,1.52001963705869,-0.361839015167192,-0.11904720773589,-0.249948425152705,0.475960120859981,-1.11751390680527,0.678582105859053,-1.10614118356552,-0.267262021666953,0.0865653672370184,0.227905449998519,-0.375125423523581,2.65601461711927,-1.07193901342648,-0.17681605450035,0.0253919846846748,0.351241554748803,-0.25850825400839,0.0713829243467084
77.405,-0.314270033115303,0.120951931554951,1.00292770564515,1.96665233385565,-2.47266099735237,1.65986082757059,-0.372552742322978,-0.0735722841868974,-0.226250514753947,0.223377807640355,-1.28822878300525,0.651754704498853,-1.06311052118198,-0.252076402390879,0.0988666307930916,0.24328950047493,-0.346116945220387,2.61376212539456,-1.05770583256111,-0.176317437841645,0.0465669107113392,0.329747488208659,-0.261623676414396,0.0709189162711153
77.41,-0.299265582184052,0.210475376199105,0.966043481736494,1.9813283874479,-2.78877691864425,1.69998171102532,-0.370948680145579,0.034286861295239,-0.207792750691854,0.100358481209543,-1.50030823087254,0.611849505079776,-1.03120590800915,-0.243172536294065,0.108659364649828,0.253611084511314,-0.336264962965529,2.5678795365635,-1.0350301875432,-0.169775613277129,0.0653127916536402,0.299357554654854,-0.252106368734884,0.057435155602585
77.415,-0.253468593735539,0.267386313873985,0.882983470083708,1.81788215063118,-3.06932747177207,1.69196640919803,-0.38030173675169,0.065851880707372,-0.172851577776251,0.0508918506037686,-1.62720888312476,0.585714888337979,-0.989201448572776,-0.234982523249459,0.112794709439834,0.315872306832058,-0.329614197295326,2.49164793186155,-1.00348745592042,-0.157458151852108,0.0879389703955168,0.275830171964343,-0.231468824706028,0.0347597100854422
77.42,-0.186351948106307,0.257138689528685,0.734371591159142,1.41096220846712,-3.32066089930326,1.63928763599813,-0.405606045364772,0.0475684189909163,-0.0778360385138156,-0.0338827978980606,-1.78009618059187,0.57998832947282,-0.975171910675863,-0.230272336294875,0.10915091520285,0.334991623343048,-0.0322043901249301,2.42826040334132,-0.979942186039504,-0.146625621602597,0.116871694486229,0.261887929845193,-0.170294353779622,-0.000955814915624636
77.425,-0.115513167777787,0.200987859906321,0.618702211067218,1.05709098868751,-3.41045801959198,1.56549570421545,-0.433507197136454,0.0189387386992998,-0.0229767780081696,-0.139971597452074,-1.9371112756816,0.584883014306061,-0.935974517717768,-0.218474738155656,0.131379358459839,0.338765756359082,-0.354743478916528,2.32106089001214,-0.950949352849344,-0.146979176679965,0.131546574480235,0.265706332131003,-0.129966315775708,-0.0249648298976848
77.43,-0.0485356939812268,0.0661405080921782,0.519147817498841,0.838600875829746,-3.39044138621087,1.51409004746489,-0.449786637733213,-0.0174680910076824,-0.0061589208368513,-0.252033768756001,-2.11822261932502,0.589698493480682,-0.911728953271559,-0.213401379606164,0.135148861724315,0.368717944320762,-0.362412746288593,2.21358472580281,-0.925709204361768,-0.141084867847608,0.147247598221123,0.26900956085364,-0.0819319853302808,-0.0446241662638394
77.435,0.0103446256662685,-0.0962913156191076,0.493231754971753,0.837222844328297,-3.31113279128798,1.50359815939766,-0.467849311716866,-0.0472990361670844,-0.0111918683256235,-0.338226805768503,-2.26407125381537,0.588879997717838,-0.878058225978211,-0.208355485100553,0.140225472356342,0.398819704435417,-0.364558063919441,2.0826869887634,-0.904544135408211,-0.131107001545417,0.160314421481314,0.259381616357959,-0.0187311496041475,-0.0683369456939465
77.44,0.00239505866574303,-0.159168363796445,0.537889713019617,0.925737407380565,-3.21246889220201,1.51022711459997,-0.493060087466544,-0.0781416223220005,0.00512721929599782,-0.471514165169901,-2.44916814883676,0.558476915533748,-0.850186081019145,-0.207080480348028,0.143358179351568,0.446059108996355,-0.362648653733881,1.92503853512895,-0.890689869075654,-0.129594561057583,0.17708731007243,0.239286955430912,0.0537963008556953,-0.0840390775581848
77.445,-0.100629498263048,-0.117733025564672,0.649110283708929,1.11114509563697,-3.16453278916819,1.54389636119346,-0.5152774680653,-0.0974668693420002,-0.00442242132572311,-0.48252206156415,-2.68482180139197,0.534772328750687,-0.844053097313787,-0.2096992750849,0.133662069235314,0.5383340497578,-0.368574619479026,1.76241981008502,-0.877338483197144,-0.120964217332118,0.179102875789229,0.207802751639299,0.112621645258048,-0.10949313243776
77.45,-0.257298676836258,-0.0683325360409935,0.793649458139843,1.36980402659743,-3.19598825071061,1.59715340266542,-0.520842928959088,-0.130893650698744,-0.111984467399349,-0.385009514446079,-2.83824362553572,0.516986686151613,-0.848939205872745,-0.214837105077201,0.13473917109615,0.641555970874679,-0.385448657763011,1.60727755632142,-0.864897906342892,-0.103384254549543,0.174974078344899,0.162911612363014,0.160690028792762,-0.138196969217947
77.455,-0.409141700946089,-0.0278846632382591,0.957581771781833,1.6788878443538,-3.34462242408967,1.6980356220251,-0.537998790491085,-0.168638210112415,-0.217342960092042,-0.295248070933041,-2.94748453473761,0.49274539992828,-0.849236848993098,-0.22504664360792,0.140459496742708,0.771371727095149,-0.386424304986728,1.49122500685587,-0.85414505173899,-0.100168533047402,0.172435449698364,0.124755288221914,0.192718266720594,-0.155955479119893
77.46,-0.592164772111742,0.0462976544520786,1.14721276230878,1.85574552459096,-3.57170370296997,1.81921017802123,-0.584746384481776,-0.20699228135323,-0.270768200997777,-0.120100749525847,-3.14453751206174,0.463399057670489,-0.853694890943823,-0.242394103772763,0.144409774949097,0.981742149684242,-0.368782827764832,1.39186190216959,-0.840227441364809,-0.0952411867982193,0.167425468893769,0.101660743875598,0.206916737272641,-0.166376720386895
77.465,-0.702040456741409,0.0827349546001801,1.22259722117781,1.99853609778062,-3.94743188832553,1.96656612227969,-0.615939460423054,-0.227003568152983,-0.352009285829438,-0.00668166106482297,-3.29424624453889,0.410897018607724,-0.853681953078822,-0.257338802124335,0.152163978344516,1.15699030332055,-0.352980876095631,1.34049867744649,-0.833271357343337,-0.078586295212044,0.152683737820415,0.081461536270137,0.225375276024382,-0.172650622918091
77.47,-0.756882606600451,0.118597925261289,1.2127359369594,1.97740281408212,-4.26113773806347,2.05101058755495,-0.654324070433133,-0.210976980918908,-0.331146143459595,0.0539192483176348,-3.3889011247099,0.362559163615186,-0.847031920538553,-0.271702066170826,0.150990613824948,1.33366651243939,-0.340965684578118,1.3091109093302,-0.830064784073628,-0.0729828476503368,0.144758401658078,0.0710857955717082,0.232671887059403,-0.167070839639518
77.475,-0.748594022905346,0.134566169623206,1.11108279294226,1.76102122761302,-4.62844273744638,2.1017547087405,-0.703030344362017,-0.165599084320406,-0.264991282942598,0.111106519115738,-3.45572965225111,0.324003484247692,-0.835700615134878,-0.284552281983814,0.140042418936524,1.4841125860664,-0.342070684105285,1.2518263279354,-0.850255655931614,-0.0755785447838245,0.129820681467003,0.0714801178763703,0.226530961653862,-0.153544694207968
77.48,-0.697422479687518,0.080468188191914,0.963965145983667,1.43895173571934,-4.8294164848329,2.08598774458231,-0.758701114217907,-0.129199501746805,-0.217378337236039,0.140453873429433,-3.56087028927758,0.312896102843521,-0.822781494178379,-0.291405863476115,0.164337766332625,1.62897865514271,-0.342877812598532,1.19224520898885,-0.85759703215748,-0.0792437314079953,0.125883346897485,0.0769757675290957,0.219387050449138,-0.137608667088011
77.485,-0.61742682533956,-0.0656259323324028,0.812761888491253,1.07777145942765,-4.9202051615163,2.00751677566553,-0.809800909107519,-0.115877071151539,-0.195533788786151,0.0946688374413773,-3.67213551905076,0.311825579207179,-0.800696070084208,-0.301306495349419,0.162001278738932,1.753491231875,-0.35052066699263,1.13035830864436,-0.883778303896456,-0.0811946215788649,0.122275576285542,0.0766399381397768,0.215433370923904,-0.124206366920333
77.49,-0.524351753752674,-0.257873051887662,0.707372662889545,0.835498899745458,-4.89906410809006,1.86159469355998,-0.842687161991151,-0.114736412953628,-0.190093970345043,0.0259421967836824,-3.7605503394074,0.309427430765359,-0.788222522644079,-0.297949594180055,0.147119658067273,1.86582904654418,-0.353535067161303,1.0826547956129,-0.89244742030535,-0.0790702445837699,0.111331143778513,0.0672154365326911,0.202217202676028,-0.109160381749031
77.495,-0.485920814659785,-0.387698569552046,0.65061143051153,0.813460928402452,-4.81324335518649,1.70210273492894,-0.871125327899707,-0.121375105155501,-0.208322275125016,-0.0745562264083394,-3.87877451895446,0.303512897778688,-0.782897426921732,-0.291134714189222,0.124323314803115,2.08475004092275,-0.319432490731165,1.0298012615553,-0.90747920403988,-0.0837419989170378,0.104432283529789,0.0508228849435809,0.191004902124405,-0.0834548810798536
77.5,-0.522207986922927,-0.397378568016637,0.665848529234646,0.950520020666644,-4.70806020479849,1.56278449751959,-0.881769915284483,-0.150207573547282,-0.228417548798526,-0.158954764904579,-3.97861745807927,0.292963102602649,-0.773026136414067,-0.283033533873143,0.118480627419981,2.26812803875577,-0.296584543551769,0.995358163386852,-0.91612974395313,-0.0861998581986048,0.110076800923966,0.0294160016549506,0.179926776313319,-0.0611003854049125
77.505,-0.61077448584787,-0.323404965590411,0.725058896461036,1.13511048872723,-4.66127744075028,1.46387274817189,-0.852242277381194,-0.166562405124613,-0.297065702240495,-0.205908780721525,-4.11807708349287,0.258916788675317,-0.757906684290975,-0.283342854980079,0.0964538535115937,2.46099977187891,-0.275746109322794,0.952869365066198,-0.925815772766904,-0.0946521072732333,0.120659994369773,0.00210750445316101,0.169478493133184,-0.0358121991137745
77.51,-0.731773543156872,-0.18419259335277,0.807803098310316,1.29856304019568,-4.66848945136838,1.37819514713591,-0.829732999248074,-0.148942927879931,-0.366306661735407,-0.183361624563095,-4.21457548270925,0.223628139630332,-0.752390203755758,-0.2780475333403,0.0703600006571607,2.62509599867897,-0.25326839581756,0.888515600774122,-0.929808520585362,-0.0973855081013998,0.121585695643784,-0.0214125620226311,0.153656250510848,-0.0206324154010597
77.515,-0.854941298088976,-0.0188566281524678,0.88005854022791,1.36514192636253,-4.72858105135583,1.33657220857006,-0.828969217838661,-0.130170417039081,-0.411603380412141,-0.134983126410371,-4.30630917183005,0.191111762929542,-0.740206803718927,-0.292248547939445,0.0464591543545743,2.68384392831872,-0.242790422100101,0.825739370535302,-0.934450132539177,-0.106020557404497,0.128655924909601,-0.0456997299671679,0.115125579485762,-0.00487681324056934
77.52,-0.944578665085893,0.111895127265892,0.923713205727935,1.33224997809327,-4.83429145616787,1.34666421218356,-0.829777972797692,-0.103194125951026,-0.434917454611458,-0.0962958907242759,-4.37304644828057,0.164993421694121,-0.73478855486132,-0.294250255640528,0.0237753499712215,2.71210805111473,-0.207978477814162,0.783229930708029,-0.94020584351381,-0.107755382462182,0.126017023448112,-0.060412558896634,0.0821380550427692,0.0114073215471426
77.525,-0.980995302992436,0.204044969018402,0.908224756576864,1.26867742955696,-4.91858514909639,1.39555322582671,-0.85892153415464,-0.0901598978462961,-0.456975706881553,-0.144069371876324,-4.44858088586155,0.152671131311014,-0.721534982943388,-0.292019377581938,0.00685065112028878,2.64408299168973,-0.174539286435203,0.752307599334014,-0.933223873346533,-0.115901901941844,0.124121682173231,-0.093565247579894,0.0385061357175494,0.0229996778070927
77.53,-0.970789195530544,0.245087960180483,0.844979311482841,1.19249372957274,-4.98733558361102,1.47913856031373,-0.884128552156554,-0.0818753255369143,-0.43506695366997,-0.217095773286038,-4.51929001043666,0.149600285211235,-0.710826112884172,-0.28745947082263,-0.0304844800391151,2.55251173679168,-0.145520961891189,0.739508945456684,-0.921866211207206,-0.12356173392875,0.127200615412824,-0.107017714295791,0.0192772215004771,0.0264655480691999
77.535,-0.943881603293253,0.258661993303093,0.768842462238839,1.12496378060209,-4.9994668275744,1.56522890428167,-0.924176154300232,-0.0936190501046823,-0.414683912319976,-0.296882647954979,-4.57932627518837,0.158602776466988,-0.756341676415125,-0.264588671129353,-0.0360116330224185,2.42662935289952,-0.129219080346815,0.718907211270928,-0.917097047915854,-0.127176496726261,0.122686579191103,-0.108401700802558,0.00649212054755694,0.0261959963387893
77.54,-0.911689342285693,0.268356949502072,0.688647695368369,1.0876015776726,-4.94505813055866,1.67181264142152,-0.959352278600858,-0.0924017346249623,-0.397394954531369,-0.347258104139955,-4.61928438808781,0.170374696618213,-0.648258353024203,-0.239704204385459,-0.115751976061122,2.25797656191572,-0.0674412182910867,0.731081086743011,-0.920316376281628,-0.132675346763078,0.119703108705989,-0.10722258062866,0.000482788208261501,0.0242044033636359
77.545,-0.895275952731598,0.289092047516952,0.620606657993113,1.08226728070596,-4.81985676506452,1.75839472591973,-0.999732129013082,-0.0875974938174807,-0.399495934125738,-0.36685187169895,-4.69247150656419,0.182666803499006,-0.609183420526417,-0.206800619449781,-0.106154650122354,2.13731760681931,0.00732192955145889,0.692341824343002,-0.91812466809336,-0.124362591303859,0.110239970612786,-0.10843862593174,0.0190203663029807,0.0198830951548339
77.55,-0.899294720933191,0.321999262311183,0.59261240572659,1.08024450011233,-4.65304855346473,1.75009732334579,-1.02239694489682,-0.0951988564945604,-0.39716280636814,-0.401640373747242,-4.74118660863369,0.223274601280263,-0.636172561595457,-0.196116120125719,-0.149309996086183,2.01609548149783,0.0537811195705855,0.562913916761565,-0.905474706378135,-0.12373663736221,0.102872115243197,-0.104966935065424,0.0477443303771769,0.0157339756886385
77.555,-0.912850400821695,0.353125925057357,0.582561123748031,1.05817299841365,-4.46959966009611,2.02708913550703,-1.04141833058833,-0.09888012108845,-0.420412025592267,-0.411636964605098,-4.79077758754775,0.245805067783449,-0.599315965829574,-0.17672586004381,-0.179620609612729,1.87129617870526,0.101715365311803,0.384773171914399,-0.8972486619833,-0.122284345721049,0.0950566394513246,-0.10195873776552,0.063528249464846,0.0110466813255571
77.56,-0.924349428927561,0.382889402939817,0.564027992000235,0.995489655453346,-4.29206563427186,2.1298899332498,-1.05381361360508,-0.0948496072588109,-0.436318339694255,-0.426612414125169,-4.8270911207216,0.268433348431744,-0.597391618093769,-0.142691631497784,-0.214808805528808,1.70224354210297,0.102351845937563,0.168981561020167,-0.89385278981985,-0.124700367719887,0.093405597238352,-0.0976863309083005,0.0780623616289629,0.00840008517944862
77.565,-0.918737234053322,0.394739335202373,0.554592257232144,0.884137740271971,-4.0837306037358,2.23115747589348,-1.07497987376924,-0.0823288389453883,-0.41941662806421,-0.452740273327422,-4.86625472624282,0.293091503974337,-0.589687132869185,-0.124842272039748,-0.250011107019332,1.60075163787797,0.0734529318553011,0.0347543232457508,-0.894845832360403,-0.121232520916788,0.10464303262646,-0.0895520131580161,0.0751986287698752,0.0086458322898678
77.57,-0.91820092820457,0.403198420087341,0.573926875533253,0.745226156429032,-3.82428683525404,2.33809347827744,-1.11195976228566,-0.0419132143368988,-0.411239702684779,-0.494173597632319,-4.92880786240333,0.315049762763139,-0.566586228920566,-0.118018652654836,-0.283536476657233,1.42035956345831,0.0527772863896993,-0.0612259811671845,-0.89753197248656,-0.118879925769699,0.0992230482327992,-0.0788468978566119,0.0756033225445807,0.0127608993973983
77.575,-0.943621293826453,0.482968181277416,0.630223926755889,0.631599859358328,-3.57646040742323,2.42155979522569,-1.15669138160796,0.00147253046586206,-0.401597899305642,-0.550395775546374,-4.9712883495473,0.331138245888801,-0.536561112580431,-0.109616866126025,-0.312832379846081,1.19713865767195,0.0414991100285102,-0.147652752635243,-0.894771269174675,-0.111047332725027,0.100596050236757,-0.0691161432195255,0.078353954542952,0.00993022870129947
77.58,-0.99160841567663,0.506312534094434,0.713011027377035,0.571642061332251,-3.35953537091603,2.50813155720555,-1.22441397252049,0.0453729810719611,-0.405215433045358,-0.629691148799695,-5.01783640863502,0.352722025754798,-0.514646271611587,-0.0958978728817044,-0.330903966234624,0.978529018267364,0.0407641339755316,-0.218344820166967,-0.891534165806227,-0.108590892087593,0.104928922279959,-0.0691800533097786,0.0775516660648781,0.0175377075130936
77.585,-1.08986026780573,0.529195675078217,0.815372267174208,0.572021203934302,-3.18422517200368,2.61741140348557,-1.27498847805898,0.0663671466572405,-0.434576288153282,-0.746936635837509,-5.0544145247752,0.376966314032542,-0.507671659998066,-0.0659722680600835,-0.341191301575425,0.672697339817747,0.0265710322381061,-0.29994371994401,-0.888360840829792,-0.116415038608209,0.118525965883629,-0.0695871941979617,0.106596658577681,0.0220486160317138
77.59,-1.20404842493666,0.556682253729738,0.911648929744709,0.616585358552494,-3.05767594556876,2.75110379730915,-1.33081969830081,0.0940423173545808,-0.481901615659999,-0.902369547807909,-5.07116417865363,0.401711253714818,-0.514803493327547,-0.0474156035853315,-0.350129989328265,0.462856901587279,0.00860978425477976,-0.34704794749582,-0.89636684464296,-0.115767275945624,0.125186156772968,-0.0823924623753417,0.130922756450072,0.0289128622946336
77.595,-1.31055782751128,0.620524422986827,1.01475873154669,0.652886097830631,-2.96159638722221,2.94063946156027,-1.36794084848024,0.121941941490976,-0.518825840623946,-1.0604521918057,-5.08232372764978,0.408532116511458,-0.523140937541951,-0.0204742280972223,-0.360374820303687,0.191791632361783,-0.0230534298016387,-0.390726688477773,-0.911626885798585,-0.112873170100844,0.1417166902862,-0.0946433774592706,0.164801213731787,0.036781710955343
77.6,-1.4714101791321,0.66295679235323,1.11434763545903,0.638338698336676,-2.89742778708788,3.11976162475887,-1.39146706776263,0.150701380308482,-0.559805121689817,-1.22201122832467,-5.09246461890565,0.408942387911892,-0.528256050501685,-0.0103473472425963,-0.360800815313684,-0.0100942563310374,-0.0505129782038927,-0.41662589210999,-0.916698185094212,-0.103600623693875,0.148797836525548,-0.101069749972789,0.181153941473903,0.0364641189428386
77.605,-1.53029368650812,0.654629371942289,1.20012182214491,0.546822860962311,-2.89812555225737,3.31415577913883,-1.42251447166626,0.177618547165518,-0.560377620001626,-1.41277360315174,-5.10261721740016,0.408713680670935,-0.539763183716286,-0.00691395055408004,-0.358624550258985,-0.287614120563326,-0.0830961985397258,-0.482704557099442,-0.931026707853243,-0.105221974004656,0.161763802814084,-0.112645282099064,0.199796083179163,0.0483152040587941
77.61,-1.6675222315129,0.581073099725371,1.27240209025165,0.492805526568767,-2.93226124032119,3.44982967091934,-1.43397884373147,0.193824239853612,-0.56764876639973,-1.54096189096683,-5.12540140278437,0.391663792717923,-0.548988114326829,-0.0150858920555118,-0.364149091694669,-0.484478688410915,-0.10777747714857,-0.559768718369121,-0.940909833971599,-0.105516372995846,0.169464422770003,-0.126600196684387,0.19037767492044,0.0517258832131836
77.615,-1.72736849172982,0.500576245121414,1.30390301978281,0.459112486482259,-3.01214303568252,3.55847330641628,-1.4286439143245,0.205085553534725,-0.604695347665299,-1.71214199527931,-5.12636126707808,0.364956268917764,-0.567731020271098,-0.0317505353249862,-0.35717841565988,-0.67431487893421,-0.142711680469528,-0.674082479270832,-0.945400246364356,-0.101636121072893,0.177492087917018,-0.140518042247784,0.182509879051569,0.0570451781784224
77.62,-1.74675287910891,0.415305295168658,1.3074167436647,0.39059071378805,-3.11920164434244,3.62655803053509,-1.41604509295866,0.201517732836641,-0.60447628949899,-1.84211159512421,-5.08269969194249,0.364588207773361,-0.589431019130838,-0.0460395480899503,-0.3416555151118,-0.824891569761151,-0.180976473314584,-0.801478759251489,-0.946195753757978,-0.0998573218851951,0.176202583489413,-0.142709465523493,0.160255123380651,0.0584922118376634
77.625,-1.70894349958923,0.302899735380702,1.24563369024318,0.289686793877283,-3.23506452306412,3.62875223048508,-1.43356675638913,0.133491334573889,-0.56281122550437,-2.01304719104722,-5.03826787658866,0.348776431821493,-0.609914892145152,-0.0455102543120535,-0.321083811699476,-0.889961915080846,-0.213052682831302,-0.939611609124307,-0.954973391604376,-0.0976375791947148,0.171609446799428,-0.155098091323423,0.140067732612461,0.0759563922055242
77.63,-1.63112845288027,0.132397071882012,1.14671294702183,0.230546213293542,-3.28029373292419,3.55477471672156,-1.47268302410577,0.0827403756576528,-0.531587007167542,-2.11274996150361,-4.99918478527976,0.32015149353605,-0.657087600461301,-0.0344843499576042,-0.290134737975164,-0.882422799414134,-0.231974388243063,-1.07813997730539,-0.950268670082799,-0.100521059335982,0.164078842236291,-0.158939247500285,0.11712055868604,0.0845754340338286
77.635,-1.56147687212134,-0.00654454937599116,1.06599378636639,0.195288738357135,-3.2612504132531,3.44315404498413,-1.51447698672643,0.0213951724578885,-0.502684568558805,-2.11446867222522,-4.95166892527697,0.27327853141022,-0.695702299033079,-0.023706096949539,-0.270100014740246,-0.831104215827687,-0.246204912798752,-1.1564794438927,-0.946275748034769,-0.102649821138473,0.14752660742472,-0.171048410992802,0.0863409514859354,0.0918409337168815
77.64,-1.5105273692509,-0.108921827592929,0.988945755242711,0.160314174211171,-3.19279019391243,3.31850056200518,-1.54224570642487,-0.0577007776234622,-0.494032413059155,-2.07953763345742,-4.89747035883961,0.217045759007894,-0.761054284536997,-0.0122669423791468,-0.243166085671396,-0.69689487631947,-0.2630703780428,-1.21568624748238,-0.934622867936489,-0.103492747597794,0.131714244529215,-0.191367945431224,0.0725526510578649,0.0962805033420539
77.645,-1.4802917702127,-0.173439678668328,0.932419186775615,0.127662583563711,-3.07565782117739,3.18905614553316,-1.57355756003377,-0.156251153717727,-0.479308454299565,-1.97411003966844,-4.80055193716339,0.119133873114025,-0.800201002807115,-0.00631945358888275,-0.206308745942857,-0.576393276272445,-0.281240643118667,-1.18140606302737,-0.939602478944244,-0.114023672825012,0.124756252511254,-0.194681173519546,0.0798370583455832,0.0986348327639955
77.65,-1.45638499341423,-0.179352081030467,0.879462346117762,0.0802384636788996,-2.91404876056362,3.04586536332671,-1.57577117938827,-0.210887883593894,-0.470886025240017,-1.85150330152979,-4.72476873533447,0.0350664326801861,-0.827438772026058,0.0112008540541338,-0.160538498226286,-0.467715692016053,-0.299957613495377,-1.16265739487856,-0.935867928169463,-0.122443209183184,0.123519395096885,-0.201846746432287,0.11178630968728,0.100731803362646
77.655,-1.43833594670253,-0.129377238120228,0.812384186782866,0.00649930142324705,-2.72642302199308,2.89007615629771,-1.56084747676002,-0.23706905099625,-0.464761078905094,-1.69479596157094,-4.63755446327693,-0.0584512234874556,-0.837766947986565,0.0277719170673322,-0.0980151959044728,-0.345209411416119,-0.321923016306546,-1.13835466147108,-0.937901998761265,-0.12784898694012,0.121299099346468,-0.20522053065692,0.144013430658655,0.101456171597003
77.66,-1.43693733308516,-0.0711032851670456,0.744517708177864,-0.110989750749367,-2.47251513117268,2.73896562866857,-1.5614539129638,-0.232328597691604,-0.475486270453291,-1.51203956548376,-4.52082247811857,-0.168649054970262,-0.843467627460551,0.0520397359873947,-0.0354916132424061,-0.192638865033666,-0.317550715382063,-1.09406895132456,-0.943331005560869,-0.142608167619096,0.123346364976094,-0.206174179911613,0.181693516901588,0.102409824728966
77.665,-1.45472186320374,-0.0205692723923643,0.702167142466092,-0.222005703901778,-2.22846381064484,2.66790886693667,-1.58480842326026,-0.225078361745946,-0.450051185502971,-1.38943927048502,-4.42369776382425,-0.224841680897924,-0.855447369836393,0.0834569770954359,0.0447803684678851,-0.00526240114189468,-0.320701366372558,-1.05041924531469,-0.958461037176723,-0.144321525486634,0.133717015590194,-0.202174256808106,0.208410307544657,0.0977070451223475
77.67,-1.56029951726457,0.026531265103507,0.73056873919051,-0.279948272362654,-1.98373402205752,2.62980195462288,-1.5908312360534,-0.205618096995712,-0.484140308256281,-1.21943582636884,-4.35231271133307,-0.310729756926889,-0.87089640124198,0.106214584477143,0.1151301521488,0.1782317248285,-0.325165162870807,-1.02244815810528,-0.96730378498343,-0.146328006247474,0.154129990616581,-0.196400627493858,0.233827710466708,0.0904914306659067
77.675,-1.75840051393629,0.112913450250094,0.807166177897979,-0.335793064599688,-1.81293009766004,2.62416576707589,-1.55423751370843,-0.169351580601923,-0.531762578513675,-1.07094461127135,-4.20018341201566,-0.386834168856439,-0.909047632345923,0.132387618932003,0.181150179929908,0.401961380047832,-0.327542350459887,-0.98237926875686,-0.978919788567324,-0.139232894981572,0.175136219762045,-0.198135310827064,0.235890341196604,0.0847931112663275
77.68,-1.94683737707232,0.205923696660637,0.853626740623147,-0.555251372116073,-1.73267961701428,2.62458467483521,-1.47491324292802,-0.101873967250973,-0.593843899512322,-0.986369046016719,-4.01753016980816,-0.405898546175604,-0.975178195544749,0.166023761102179,0.254669528416331,0.699344444591824,-0.319851408247287,-0.947577140985489,-0.984090809260472,-0.132924788227043,0.185534890660508,-0.201287403702736,0.223973338603952,0.0828642813813322
77.685,-1.91961541890007,0.193815576753051,0.847679204540825,-0.799629231621359,-1.7865388258151,2.60180533025957,-1.41105072454868,-0.00513602713311422,-0.636100696396645,-0.879168163349554,-3.87654122305292,-0.397121736299332,-1.04034914821959,0.196574768222934,0.304487442003759,0.936254506038145,-0.305770118887078,-0.932089545964304,-0.991945487921049,-0.126082837178396,0.199263087084552,-0.200231251221909,0.203951078926308,0.0835563302546808
77.69,-1.78785039610982,0.120205878475071,0.71549993793124,-1.02514508114262,-1.92432353509252,2.47825103278232,-1.33056286335691,0.111252689446161,-0.619859830401006,-0.785263303253416,-3.69609166257789,-0.360312241828805,-1.12520435506069,0.249283299542601,0.356504153074165,1.18860237093972,-0.287000181503775,-0.911111988338178,-0.999582808203912,-0.119591365867199,0.211129356078478,-0.187998164094123,0.17272752770308,0.0827613463884607
77.695,-1.66873642143296,0.0518281335405001,0.516174242366791,-1.10665694858276,-2.06327082147857,2.23098276962775,-1.28213214367349,0.200676699344691,-0.596910991232475,-0.742060600814617,-3.55297322652318,-0.299401200632429,-1.20600292984336,0.300973202613877,0.388203845424815,1.40006623413235,-0.279057275911809,-0.868558996890171,-1.01204838791445,-0.111167137907816,0.218798006206486,-0.164011683666908,0.130726774433263,0.0735367649805119
77.7,-1.63504158161594,-0.0782812391695097,0.290138502110463,-1.02477811811017,-2.11066166005699,1.8908522084158,-1.21030552874589,0.220052893753437,-0.571036158028754,-0.805212932511465,-3.38902158077014,-0.153173951369561,-1.25239506068574,0.343133640170859,0.383190202209353,1.51310195113043,-0.278351805200586,-0.83673778634208,-1.02925235086229,-0.114397741419813,0.225145489246903,-0.143175056255615,0.100156913667604,0.0705207156512881
77.705,-1.65482651934128,-0.286295187413458,0.104671605901082,-0.71279169760973,-2.06154836027523,1.56971621450139,-1.15805876825028,0.249895741191489,-0.669268102476213,-0.899103949891648,-3.21785136724813,-0.0442190942874217,-1.34491799798175,0.395024074025592,0.342675863692076,1.66946194319462,-0.249668383518533,-0.797247432713828,-1.04217617548112,-0.117920182420714,0.229893890116314,-0.135601104148944,0.0818654147494148,0.0788315525098398
77.71,-1.65421609282971,-0.453831979694544,-0.0445584357312017,-0.261394689958396,-1.92218888310563,1.33578056548779,-1.11863645465618,0.220672209915459,-0.690448749611736,-0.911578065973426,-3.05736536589471,0.103859614044978,-1.38273104439051,0.427365292645778,0.287262680056852,1.72976875734466,-0.210126160166314,-0.774622194688805,-1.06528660048799,-0.127473703229579,0.230779732302305,-0.148224547236029,0.0530222895871234,0.0877627560629936
77.715,-1.62649435608254,-0.595317053903732,-0.16138996763311,0.331502480335481,-1.70799552846963,1.12355708666221,-1.0793584028753,0.156132899022158,-0.727461024852464,-0.821642685420762,-2.8355456285921,0.288044399856426,-1.36118901068492,0.466690840346767,0.173596486813601,1.72360235565857,-0.139357476684918,-0.74713886645468,-1.0892674286754,-0.144574513689706,0.23437823741748,-0.174320211648408,0.00642002394831024,0.0932139582914111
77.72,-1.67171400369555,-0.669434041084003,-0.200891713086559,0.977177675671571,-1.45361231472254,0.968388229727477,-1.03622600058266,0.102851596147229,-0.76269657578473,-0.605079171031426,-2.65211220243937,0.429474075004185,-1.37289179470594,0.570816557532186,0.123330802131554,1.53770129498111,-0.129073916146419,-0.852387426084504,-1.11463872181439,-0.151256806973648,0.242368948607784,-0.202542544222318,-0.0324047610449281,0.0916167930886425
77.725,-1.78201105947606,-0.648164732409884,-0.197141233106322,1.60821999756418,-1.22567223337008,0.845981762031382,-0.990136864954447,0.0256353382918579,-0.801089901631892,-0.381988945819857,-2.43869521721209,0.524440833850126,-1.40431974582402,0.706010369357932,0.147315039174829,1.4021226258437,0.0910289562171313,-1.17041826425432,-1.13648453642536,-0.168391621920083,0.238802078093142,-0.240380574984743,-0.111033359269405,0.0914156389997464
77.73,-1.94452583179765,-0.532413289248147,-0.193781942641598,1.96055596055422,-1.08388955670742,0.782002070633356,-0.954050634600052,-0.043510778942502,-0.859761917675476,-0.198193489469599,-2.19918716999632,0.54645306509098,-1.40710934823068,0.750691595322015,0.053788341297687,1.33516769524056,0.259851575464411,-0.98440972648177,-1.17774053119963,-0.193507345269202,0.236134157139666,-0.241396408186173,-0.170015723590404,0.0541261050729843
77.735,-2.12186314864667,-0.360053156422473,-0.214941960059096,2.12622367774058,-1.02315037785444,0.776076316069476,-0.889871676977894,-0.115948170337474,-0.942291133404752,-0.0156531443963438,-1.78416617958625,0.498370107815516,-1.41995140477035,0.857790462515507,0.0159519127752912,1.28009896834163,0.338693780532118,-0.311807206499679,-1.17922219571187,-0.182386459424521,0.234497399295461,-0.237245881381057,-0.232264588167049,-0.00655495952950781
77.74,-2.17951401252198,-0.250486384514505,-0.287901509971678,1.96171142697685,-1.02776089915244,0.81953918629142,-0.838125255736504,-0.187783299988012,-1.01685571289625,0.0223003920360829,-1.37564063300482,0.411069282404727,-1.44259792830209,1.00775479828484,0.0288943052281899,1.25894055839746,0.367022017937414,0.369941349210296,-1.11476949903177,-0.143389690274017,0.227906368657406,-0.306849504417132,-0.18331114276286,0.0372178902520176
77.745,-2.018999170834,-0.247975236927173,-0.467452732100676,1.28645055364345,-0.972025478452446,0.850337132830263,-0.782075401334197,-0.15543805767423,-0.961046401842685,0.118242783392785,-1.06480795489911,0.321680725050215,-1.42324399439703,1.14869652644803,0.016372566190147,1.28362721109483,0.382009049440021,0.91986998630859,-1.11653058908598,-0.171987932133197,0.222506214812879,-0.28798354590759,-0.133644948509744,0.0430413562203343
77.75,-1.82371882349578,-0.335388845957532,-0.623474839219606,0.568601864548324,-0.804833605158242,0.795315557254718,-0.768683419744213,-0.13999588009183,-0.906585750754992,0.168317651986489,-0.683626341731798,0.210537270091863,-1.41491739774109,1.20370095146644,0.05892524583317,1.20073459880028,0.323463660751345,0.926656300254658,-1.116854018779,-0.151005081141604,0.220111036694249,-0.286767127365548,-0.0803455414270712,0.0706244888972392
77.755,-1.67255047939898,-0.520413653899087,-0.759104558119268,-0.0404884519336174,-0.541689561688676,0.727259584409337,-0.753980484771601,-0.0895076741096686,-0.818324928771861,0.057204919240301,-0.304376186332168,0.146633963481391,-1.41304204137456,1.18582696042304,0.110233402086114,1.17475984291817,0.266109875444178,0.653268138936109,-1.13579411524541,-0.139146904681608,0.207923156666096,-0.306631019411886,-0.0221240276157831,0.140922833064493
77.76,-1.54049533972444,-0.798233940448993,-0.843474247364997,-0.532924546316925,-0.0860548762554433,0.526525835679846,-0.766261849980118,-0.00727163935225581,-0.747636502739859,-0.0825136599683157,0.0302522522457636,0.0959918083641744,-1.4143939263339,1.08641299432789,0.182691099778182,1.23980425290454,0.186539701521651,0.294243353728872,-1.14738010596896,-0.145559079001663,0.18893441001156,-0.305246603081223,0.041490753758702,0.221322947449464
77.765,-1.48216726142812,-0.903487240983231,-0.829477874378449,-0.696311802908176,0.338457658958332,0.300662716566501,-0.779586814851508,0.044808116295466,-0.710178701269317,-0.164262956740722,0.363784195488963,0.0652948065272952,-1.40036748915559,0.925646454430074,0.209473051480243,1.41590518574316,0.058064429338068,-0.0899711897451328,-1.15703517787326,-0.176032750983092,0.193893293349401,-0.290869020249459,0.0694890704977126,0.29347672538169
77.77,-1.49610537638782,-0.87976055258268,-0.703747209456924,-0.813730053563302,0.777170735324582,-0.0777723685869594,-0.801321668581726,0.0661557141432249,-0.72399954429045,-0.333147269550669,0.747964412761139,0.0363154722324796,-1.37683584834458,0.812970580472343,0.183860166515193,1.49923741989307,-0.0916086969546243,-0.2617015763,-1.16348686396672,-0.187766674061006,0.201212009029538,-0.262699600162975,0.041747724128603,0.327211214364023
77.775,-1.54166621366384,-0.806910410638088,-0.511488993482471,-0.873202855307657,1.05767183213621,-0.443577527749081,-0.829405762303585,0.0989380587007753,-0.754814127948296,-0.456364711367436,1.03469497650885,0.0289407186210155,-1.33854379316872,0.683701724171325,0.146269602463309,1.59117759241615,-0.284898235297942,-0.444347664999046,-1.18667861677806,-0.200650012427617,0.209022847255416,-0.194429631366815,-0.0255145408348377,0.33669367871925
77.78,-1.59025239142906,-0.719384970276208,-0.307750677923534,-0.901955572404758,1.23544888271231,-0.814487105869929,-0.870715883850542,0.156775395132083,-0.773143191288906,-0.520415163438928,1.36949663489427,0.0493409279041414,-1.30733250678387,0.605574868118353,0.100741959833557,1.65587159710824,-0.381650307577695,-0.573623479568983,-1.19517099338226,-0.213309854439059,0.242226212210825,-0.0992229005368473,-0.161755485574968,0.296299503554919
77.785,-1.61438730589105,-0.564632082825129,-0.155862767354382,-0.900497477930219,1.32086427665211,-1.15117093852583,-0.899246911573796,0.163136228466693,-0.76521040667877,-0.50867918431473,1.6048038603089,0.0814182443313517,-1.27701803963404,0.532667632245894,0.0307146861825253,1.66129363091225,-0.403617817024623,-0.784900978428649,-1.203912767361,-0.200249734404852,0.245057196877108,-0.0313774326614282,-0.287677353679294,0.248604482612658
77.79,-1.64214257509427,-0.406192292173079,0.0101127066185535,-0.884440892039298,1.397230305522,-1.51392133887206,-0.9390901287503,0.164072565132959,-0.684950629340109,-0.509983410877411,1.84041108058562,0.121479076027424,-1.25538531434144,0.461316240196925,-0.0401998882563251,1.55032998041604,-0.401588201522827,-0.930686121308641,-1.22159788120612,-0.165124858254746,0.243830458172709,0.0514389490788199,-0.345903392594425,0.231295652221875
77.795,-1.64231020529186,-0.378925894329754,0.169041716580353,-0.748841698510585,1.47132738397602,-1.71282293632558,-0.990686663043338,0.176159580326297,-0.608021651350755,-0.45030027596051,2.00216018442003,0.141763634487961,-1.22260477393269,0.378734056367052,-0.115170021002652,1.37772201825948,-0.418373372841774,-1.01854391778842,-1.20515789564731,-0.158609899698996,0.258093274636903,0.125070683280886,-0.365083061057761,0.231909438967705
77.8,-1.1817836635817,-0.280570572622374,0.374649737669479,-0.479669393680546,1.60026197708092,-1.86123137927699,-1.03921305270567,0.178282408272881,-0.420546888458915,-0.393827913037377,2.1076839919287,0.150698457322736,-1.1827933937232,0.311811315671664,-0.173642757889403,1.16370243289441,-0.436511819987308,-1.01901729003765,-1.17102191961013,-0.156606880867615,0.284685924829035,0.237877508785842,-0.392278716313312,0.240194397388883
77.805,0.156153030964603,-0.205678634018784,0.625126294252733,0.167936998006867,2.27099284228207,-2.07016006007157,-1.23036639595966,0.156875503196064,0.755216183756203,0.31356223448479,1.87429542935865,0.145207038482609,-1.1492939586722,0.235103672125826,-0.22636865143678,0.900775273658242,-0.468785968550793,-0.978097375700263,-1.17275981591258,-0.147120823206225,0.311162369488792,0.329283976430352,-0.426115048403186,0.252075568144772
77.81,2.86769324033153,-0.378103586718586,1.10239909801401,1.99153101428503,4.0422279106458,-2.62267579033908,-1.99629217303592,-0.220457974162355,3.49175124829974,1.52507726675061,1.02883950442254,-0.188018098506,-1.11726781818294,0.0789997729874291,-0.264828553176253,0.498391045624083,-0.51873886331837,-0.932005475161118,-1.16516505450592,-0.148941793266715,0.332135723309249,0.412669832918005,-0.50139842614486,0.277463164616901
77.815,3.3883655674928,1.17817363875865,2.39375949375635,3.139878359143,5.14437074453226,-3.30217858238478,-2.89413742404057,-0.836248071214629,2.70508291075525,0.259972501825424,0.858449261533084,-0.571981114992559,-1.16622034094562,0.050811718113928,-0.310883082318048,0.23744114542135,-0.530782462365071,-0.936527003176677,-1.1683276609412,-0.0944788403083283,0.304642457524573,0.51833927159616,-0.579817248077484,0.29807337640327
77.82,-0.79390674652606,2.48919088115083,2.90752004858472,2.76201123534983,3.89872664781237,-3.48471564469828,-2.49577663051677,-0.711649140311878,-0.225073088025226,-1.9980877983096,1.45799419440081,-0.0536697428197032,-1.48386570245746,0.0576054399644053,-0.429189845312504,-0.0128185283708944,-0.526355243946172,-0.948379153770681,-1.22800588226703,-0.0249257408193243,0.264051766656467,0.621389462655247,-0.494084162236605,0.318477764499099
77.825,-3.06211345286282,2.22738755264306,3.0354137280333,2.43032992098143,2.22997617809553,-2.3342948721325,-1.12904365654136,-0.329976744111697,-0.0595399569858965,-0.292496221054329,1.48029219539147,0.403220102689173,-1.69083615511444,-0.0213417585059516,-0.504235875432892,-0.297758384974446,-0.549702179964796,-1.14514601878491,-1.33247161233857,0.0100729465405758,0.22477403015936,0.693518420769914,-0.329872429316912,0.338590454068842
77.83,-2.56553936577409,2.44434561392586,1.33167069586599,1.09448650579475,1.21106744349235,-0.859553883451513,-0.584792870288698,-0.512074353648295,0.249070581358524,1.47099792761178,1.42634223009783,0.472038628756313,-1.69445421641772,-0.110603755305482,-0.495223124920478,-0.711884028734364,-0.593821960657561,-1.37626283699177,-1.42378361261379,0.0221443390971127,0.165968586746241,0.670314646738174,-0.110943584460783,0.404827848066376
77.835,-1.04845583403679,1.60146094772686,-0.107505243752067,-0.0078117036851354,1.50181809770768,0.103922820655307,-1.05318129603592,-0.168916426407697,-0.0387061262901077,1.74232417066374,1.28543748090453,0.198730353825765,-1.50142337118716,-0.218414866456,-0.488850551008231,-0.931720893232867,-0.592432220132306,-1.43386339374593,-1.44207031774996,-0.00207767646910874,0.122207640491462,0.581827361951588,-0.103799325496905,0.427132810283143
77.84,-0.542230845102272,-0.274668056835841,-0.796012029382807,-0.68514301604471,2.28391566274314,0.231557916971284,-1.00950750505579,0.437243350619803,-0.360322579043537,1.02012274621341,1.34628002791445,0.256447471188852,-1.22447748283116,-0.305220658640011,-0.540267955243896,-0.776395025808647,-0.475549449428001,-1.30488575055297,-1.43140973379482,-0.0228908057016648,0.121478039175618,0.553816457952894,-0.186802308254369,0.417719756117637
77.845,-0.957641327851206,-0.98373705631998,-0.720074857972535,-0.0408550178529403,2.76741844767827,0.182589930164706,-0.735468968513952,0.388836088529923,-0.676968862327125,0.608052427614927,1.69264771043387,0.429558855323893,-0.930589129189127,-0.318538819841334,-0.62653060371552,-0.442424568690986,-0.208975573684779,-0.969346129974928,-1.3599181458053,-0.033417142703006,0.13408979233873,0.640474480405912,-0.360891975467651,0.390032645021764
77.85,-1.73510493202031,-0.404038629747259,-0.280013901735085,0.383727193761481,3.15897032045189,0.0703391322193525,-0.669053509800507,0.369105859849466,-0.71792414116289,0.776577129244048,1.86697184569399,0.324590772390366,-0.82658582877838,-0.17363182255764,-0.669555724531454,-0.0283583272597836,-0.0756568383425619,-0.560045587191757,-1.29586708119447,-0.0465567804882728,0.101692645826809,0.6585806989687,-0.440650008349136,0.39304600101654
77.855,-2.10566682477987,0.80917827207785,1.11819435205393,-0.775415853050214,3.32570620072559,-0.400443923682437,-0.883827257789822,0.242975957789034,-0.466241749185365,0.697021015370326,1.9513312748505,0.29803672149761,-0.751471702151073,0.0786044372505967,-0.682062351083429,0.342459300106483,-0.0538854136487849,0.0990445250900358,-1.24496714806558,-0.0467835067102901,0.0436530967143362,0.584595258403005,-0.375514005711894,0.414866429624829
77.86,-1.76121278890261,1.69320909299619,2.9522236038091,-3.12520120905527,2.60015617136176,-0.41347630104315,-1.14923054578895,0.236635365746861,0.086034526242785,0.36517932502179,1.91611036864959,0.317994441752321,-0.689185408556303,0.213595590728302,-0.60550145538543,0.0599917019218108,-0.0762788156865363,0.598894005776878,-1.23553254982995,-0.042246973189238,-0.00899848923578466,0.477519534747353,-0.224848496247042,0.449177125061272
77.865,-0.900673095494651,1.11892357968794,2.95482498673849,-3.41761138235275,1.10732696072726,-0.11489155163416,-1.47916839853659,0.508118413580676,0.261531491856464,0.152118696528581,1.87905742096047,0.298099745041042,-0.599623382756849,0.348693246737472,-0.226536809725002,-0.489506366161004,-0.194997623474036,0.678999214989729,-1.24118032239745,-0.0309763773485279,-0.0327910232627284,0.394886462061603,-0.0881370458640979,0.490619589060976
77.87,-0.347426372571505,-0.225034950731456,1.7462606473076,-2.4764877484456,-0.160306010697965,-0.152820018391075,-1.50333697142813,0.133317963948822,0.35109204870836,-0.674045470442259,1.85656076960502,0.373404244851488,-0.597066169580508,0.431807311362364,0.0930289842236546,-0.709965858525091,-0.388887122839148,0.452376059875324,-1.25779514081834,-0.0206546740341633,-0.0319664182046153,0.381720384871752,-0.0786003382268676,0.515266804722946
77.875,-0.373393743807125,-0.716622781404721,0.691008588286622,-2.1914632524704,-0.408691396472895,-0.673175520257518,-1.34302405088833,0.297480925165804,0.0549304152899908,-1.27438001577621,1.89399985723168,0.646740443739495,-0.705627267121812,0.381607106653097,0.338429901759244,-0.688320966878339,-0.609093043611423,-0.0341439403373675,-1.2738100986409,-0.0167953439442407,-0.0282710634086493,0.373762541666718,-0.107177771807125,0.53316035464361
77.88,-0.772947271898859,-0.419617706864831,0.320781197441041,-2.22720436476235,-0.147568702639338,-1.02587801271996,-1.16258598275134,0.399975514332893,-0.538016029892282,-1.64913245449678,1.82818562796447,0.874086123610877,-0.938310860270303,0.185741565323132,0.458813568474418,-0.805548819451912,-0.73060622613628,-0.605330300132227,-1.28424528019852,-0.004837065005552,-0.0275442214080362,0.345984801646616,-0.146182775497437,0.522654631248975
77.885,-1.16737161257138,0.319172259002481,0.488982489400098,-2.18407243340127,0.0944827837322136,-0.839571031478775,-1.01834045794876,0.0210736204589449,-0.461738913391566,-1.56808099455857,1.90461919121695,0.649715737805927,-1.13996205474642,-0.0845202665417319,0.432140067795211,-1.02402019863171,-0.724584924441295,-0.954678503821479,-1.29174368552535,-0.0113718994747964,-0.0414104790086255,0.282558857948902,-0.146431961788031,0.497169375174248
77.89,-1.2503876071234,0.883866736481437,0.889751213557917,-1.95056072268482,0.109501996333724,-0.34518670788265,-0.943984502248441,-0.0149312599967503,-0.352638934305829,-1.48515123753735,1.7855775205352,0.43820219605516,-1.19338885230792,-0.465583261365488,0.393056136798676,-0.96840413508768,-0.70634560789661,-1.0794025772305,-1.26672366373185,-0.00693148876760367,-0.0564794657975842,0.221796033078997,-0.152341770715348,0.465731295569085
77.895,-0.919417198670715,0.668455597709336,0.994367273457184,-1.76762389607137,0.0304205897796602,-0.148647307347275,-1.01796606281763,0.0950315053307755,-0.196537966980583,-1.47513917989909,1.71139522582893,0.346243600185602,-1.06604203890748,-0.679836362325568,0.39292034569397,-0.78522330433665,-0.714393399777236,-1.01224179815188,-1.22447016322098,-0.0154135103564107,-0.0729256212192874,0.172635364759512,-0.161364439126873,0.424568545458211
77.9,-0.641018067975678,0.296219702443393,0.914897204349619,-1.62350408818052,-0.00737353401194094,-0.101465571737239,-1.1460545524023,0.220010934103576,-0.155175005089555,-1.43018969700122,1.63243267176919,0.387675529596756,-0.808799129260755,-0.823153492883757,0.319848289078073,-0.804040892026401,-0.728835603366854,-0.889935827296076,-1.12155377612333,-0.0367262567223241,-0.0871408868847376,0.100402708367573,-0.193826712542395,0.335633717114793
77.905,-0.546461913932869,0.0413188745730439,0.871744732457643,-1.4288786766278,0.00209353667462821,-0.16461460466773,-1.24438202987835,0.154098256290569,-0.210488039268663,-1.48632484019629,1.58028277584609,0.388599964330057,-0.63307554656714,-0.827464109767379,0.277012391308485,-1.06449972007783,-0.688138406460869,-0.825104849971759,-1.04077997512304,-0.0246113172591486,-0.0985848664533375,0.0522755402604355,-0.188923276275992,0.256720300438784
77.91,-0.644988038188938,0.0579814154138542,0.881931065528711,-1.11112137156249,-0.0784992317811967,-0.188977807760239,-1.21264532178777,0.0674029386742466,-0.168110711884686,-1.35476428191461,1.51286193725881,0.422772307768981,-0.479887644758076,-0.782045354588812,0.215582591868696,-1.15389955637722,-0.575646290151315,-0.961772611870401,-0.955558673377216,0.00492499387572134,-0.10532628839075,-0.00649186865497985,-0.151284085783514,0.194343642751575
77.915,-0.610679269866149,0.198760469699422,0.830008074502483,-0.956194100597006,-0.172830544161174,-0.224206810399857,-1.10899226409377,-0.00913419795396979,-0.0950895102771654,-1.07245443810748,1.42658749717073,0.457802768609458,-0.394424463481178,-0.685649301231065,0.15034191960477,-0.897710133737193,-0.437094221448926,-1.27414576175558,-0.861760335904052,0.0461902826837164,-0.104030222619146,-0.0627475877281155,-0.0727156726506662,0.163488291232876
77.92,-0.550316922933411,0.322599721255614,0.87450014174639,-0.801572698951317,-0.216434856442284,-0.246831280853233,-1.03920053231156,-0.0310817075949936,-0.0553499350316275,-0.835792384657733,1.3810669943789,0.519971928210863,-0.441142289153458,-0.528934337966652,0.147762874089812,-0.318576869870996,-0.282203195366781,-1.61954709703635,-0.777033733837786,0.0655487397931831,-0.107175602614847,-0.104740814920279,0.0137846038618749,0.145183521429553
77.925,-0.530174190758264,0.406120957547838,0.869364448423068,-0.662671189920191,-0.241947693384028,-0.195123064900681,-0.894841496903031,0.0139484584875345,0.000281835752390736,-0.575695012898211,1.28244485666454,0.53938798034987,-0.537872838670817,-0.441018562670411,0.200938023047902,-0.00558454881487017,-0.223908156009194,-1.77327999526058,-0.718993687398832,0.0874688958031696,-0.0981180340924503,-0.125267680963339,0.0994293338896969,0.136878586351224
77.93,-0.529970923406292,0.335122076876271,0.853833646366405,-0.640986314105866,-0.204570926094529,-0.13750901725911,-0.886543127050448,-0.0318263666775823,-0.00597290810999532,-0.374763608468285,1.21169218025473,0.545055577241577,-0.713893660221762,-0.352119894153134,0.335325668355317,0.346495900054719,-0.177005411052839,-1.9120138895922,-0.65346178640778,0.101426139563288,-0.0952208531817708,-0.171797359070769,0.192613968934743,0.138395704269631
77.935,-0.547894713535799,0.154573893985982,0.889327849723153,-0.642778533116135,-0.158541804340293,-0.0822596605685791,-0.926941577624171,-0.0612118056973011,-0.0330084199864718,-0.238110740747626,1.14813273381968,0.565761991428518,-0.840122608240029,-0.340336113220143,0.433690035995407,0.450903399055889,-0.158807311341737,-1.91132559196656,-0.620519005068157,0.114974273672739,-0.0786450628123922,-0.227841924211933,0.233602845812649,0.131662700402465
77.94,-0.579668117813695,0.106912584649198,0.896689011021529,-0.650401504260976,-0.177361224737869,-0.0836003473547818,-0.984396767136955,-0.0360487655221137,-0.0497949706801184,-0.075727580380517,1.12084890783165,0.568940203549053,-0.941948615033332,-0.363189291881943,0.465038399812508,0.405473287076667,-0.132503542024893,-1.76779348656081,-0.611350999248321,0.114053995409972,-0.0659753810974089,-0.280442068271781,0.220301432994632,0.118764713266871
77.945,-0.510277409846184,0.142715394446233,0.905535152142007,-0.588882628356571,-0.202116856326875,-0.144457548450038,-1.07702026592587,-0.0557271825491243,-0.0350499473042355,0.210001120293081,1.07417845015744,0.534253966707606,-0.994466997375442,-0.366864816119273,0.405472601625428,0.206564294253407,-0.0873770480290125,-1.56287651830652,-0.628052949327395,0.115972458915739,-0.0463196900484324,-0.334349146339168,0.214046597344874,0.0708943032803651
77.95,-0.487267135555759,0.190403431143727,0.881517946286612,-0.47719346095445,-0.199497914485266,-0.136888560443402,-1.10036789699382,-0.0420789083042232,-0.0751715662359405,0.400508546908721,1.04390229933504,0.521840543494849,-1.03237634770463,-0.369439390593651,0.302577571054064,-0.0202953794546492,-0.0166292438836557,-1.37408311656853,-0.674525683170449,0.121186140474471,-0.0365901663688215,-0.362410528698777,0.180259528716254,0.0202031166833775
77.955,-0.509658662513762,0.265223732469718,0.858760967904795,-0.360848946433294,-0.179673235900614,-0.0980932050029986,-1.07991883254537,0.0130033356885698,-0.102533504102593,0.661038610312286,1.0061436320784,0.490691308503613,-1.03993636891358,-0.379607611471545,0.210316650741104,-0.141913790857245,0.0577741274948294,-1.24779193621299,-0.736446741959948,0.13181521528578,-0.0410931652633899,-0.382277816163725,0.0967226150626918,-0.0368848103200719
77.96,-0.541530426193045,0.308819940592019,0.827639611000504,-0.325852518998633,-0.142505837831681,-0.061266304404467,-1.04007157418312,0.112678485394043,-0.100203447095214,0.848902912400807,0.982453673999318,0.466328735581267,-1.01016227969643,-0.400462418876815,0.141058555854104,-0.147963959307279,0.108123322718958,-1.22260832490382,-0.794017486687293,0.13561864818076,-0.0458491682425024,-0.379953398369816,-0.0321368106388286,-0.067791325893917
77.965,-0.552729311404065,0.315575800029275,0.831971911571665,-0.276975649530365,-0.102388931694067,-0.0269753156426476,-1.04500721320595,0.203799967512942,-0.117993592413919,0.91475253222416,0.925608172395217,0.435456819825532,-0.953787019312278,-0.397135991970328,0.0990438726622079,-0.116951677044356,0.132004507917914,-1.21157503370415,-0.847350453774461,0.1443299127953,-0.051509866357217,-0.373575613916024,-0.149738023150142,-0.0918322854824224
77.97,-0.505603917208444,0.298070952025846,0.839555843741042,-0.188883212471145,-0.0731434921729895,0.0189566708611067,-1.04682117695836,0.249930168075111,-0.0884088918115221,0.861406845932877,0.874005344037744,0.399550284407057,-0.898260078929562,-0.383280738061407,0.0931820808424289,-0.0505702975213154,0.131070613861084,-1.21040187536855,-0.888294131015282,0.150578474261424,-0.0551001953663719,-0.340584890142909,-0.235935937989871,-0.0985548767685901
77.975,-0.480382399853376,0.250711865099001,0.838124298432719,-0.163992392965606,-0.0672628854315293,0.0377678888629246,-1.05436445268991,0.257744101484737,-0.0440426991471469,0.751128240568595,0.831615861482446,0.357647750227764,-0.836741352053782,-0.371021971926318,0.0947828759727328,0.00281308130162182,0.11689317347425,-1.24188610604079,-0.918721241337855,0.144114495254467,-0.0484954236805888,-0.306092050196365,-0.268829808238195,-0.100763532152124
77.98,-0.464437618143544,0.263403112145644,0.839939824820598,-0.120647804886757,-0.0727857512102604,0.0155624760594821,-1.04305967277472,0.244167247349717,-0.014107434040784,0.586669887885979,0.769422217892598,0.309569386125418,-0.784243951434295,-0.356808071266235,0.110576011704126,0.0183715935048264,0.0843493596319488,-1.28457671464817,-0.941581750443569,0.144210123996822,-0.0456790903402404,-0.266787987226899,-0.238532850409997,-0.0932281407951176
77.985,-0.461515486265898,0.293248827763838,0.84165264880888,-0.141774122855141,-0.0627083260424711,0.0211863498458292,-1.01374526131813,0.261073522073899,-0.0107402280860064,0.411271020901996,0.74426351492034,0.298838230042854,-0.750502541268704,-0.34359004284457,0.147585837897781,-0.0284554434035621,0.0557084921022074,-1.35858835575817,-0.965353269072744,0.144865781716894,-0.0417133532048379,-0.23526132879085,-0.190857421202102,-0.0797952105069011
77.99,-0.466545555003206,0.284397818300336,0.840818768613628,-0.14795038986074,-0.0643648717498453,0.0151369392110401,-0.991091704763144,0.244763212095451,0.0124244835112845,0.238890396526446,0.699395948575772,0.271251315770925,-0.731724163996981,-0.329022154843156,0.20541283693015,-0.121530979938602,0.039505695269096,-1.47148857641469,-0.973132159058103,0.134092701379481,-0.0462438884775332,-0.225067742092718,-0.15403362433493,-0.0587779358824949
77.995,-0.482939679773936,0.259431041430977,0.849657563122192,-0.136385226448688,-0.0641190223222812,0.00597304287457512,-0.987624618546743,0.201733661428174,0.00419719387539924,0.0585255936962811,0.663491347996745,0.256080623403383,-0.74028587491764,-0.307800538742712,0.266139007209769,-0.206838229521699,0.0236457651781981,-1.57410889814745,-0.988998922991263,0.111463791853127,-0.0464851657710516,-0.215001250453185,-0.130527591033618,-0.0417017720782158
78,-0.484219003087133,0.223712321433295,0.85838704320854,-0.146775031729928,-0.0574254329705295,-0.00547462645829222,-0.995932759280478,0.148540439349883,-0.00894297364313004,-0.0568695364013172,0.621764083274224,0.25253654708619,-0.782026065834208,-0.283492765900785,0.308124259470642,-0.000612888398320931,0.0144520342553982,-1.62441186720069,-1.00722602066525,0.0781024690144925,-0.0365246308863463,-0.212425106276477,-0.109389482925928,-0.0183954861729057
78.005,-0.476370299085952,0.216288937591692,0.847252307442777,-0.169844122598028,-0.0512603698136727,-0.00350823222345275,-1.00602663325639,0.0844642473446651,0.00705025517113169,-0.116046625491001,0.606357514858246,0.245426424851206,-0.85385002245744,-0.235082407589192,0.331325703935572,-0.189131910871242,0.00970565088578063,-1.65125442128589,-1.02812553584966,0.0486630711406636,-0.0349389594403911,-0.2276002861591,-0.092523019609914,-0.00462970632912017
78.01,-0.475813069515378,0.23467059391725,0.843991462087951,-0.196335089821399,-0.0457201501020185,0.00798042166748248,-1.01077525944112,0.0604084754651957,-0.00413631570096789,-0.172541562621724,0.601792027734746,0.24303738479215,-0.916355529050076,-0.20447033979451,0.310226418195096,-0.117410608182039,0.00187122853210569,-1.64362609386444,-1.04673377304107,0.0108601115544891,-0.0471669966340453,-0.238491698586058,-0.0704581759000546,-0.000651187704329521
78.015,-0.470688703633587,0.255377794164201,0.839974608228209,-0.252178286043854,-0.0357416983544053,0.0167633490159357,-1.01993041421647,0.0501261835834366,0.00230521303682936,-0.175735440063259,0.597033921701281,0.246016464282103,-0.969113707330853,-0.190248324173023,0.254874362957138,-0.0709726246416145,-0.0135886393614355,-1.64104466415788,-1.05701591665317,-0.0106796487773494,-0.057743652911252,-0.247056968406098,-0.0517007185722924,-0.00616569945301201
78.02,-0.441534932889399,0.225602067059288,0.838577321558278,-0.413911163282265,-0.0489986348726168,-0.0012464970702547,-1.02606136688715,0.0419471317958506,0.0403367750806584,-0.127278188038716,0.578687294435865,0.254274626183355,-0.980479904817007,-0.181333134400006,0.181119456217797,-0.0733385256053726,-0.0235059809321706,-1.66639659641287,-1.06955141149178,-0.027676585602494,-0.0665917417702232,-0.274648034890379,-0.0250653236784418,-0.0238712434700335
78.025,-0.425846613641864,0.262703409614374,0.844511755283028,-0.49922777837855,-0.0590453407922049,-0.0301575213670731,-1.01417468613799,0.0681301457997258,0.0512170698223361,-0.0893655528071749,0.585843266131137,0.271650754433704,-0.969824313128477,-0.175246632213932,0.291234685100241,-0.0417887228861121,-0.00385397443134171,-1.70856501396956,-1.09037457375189,-0.040157724115519,-0.0775216657076288,-0.291634113294001,0.0153813019651758,-0.0413323979270797
78.03,-0.415151861954439,0.269623549753847,0.850081446972604,-0.548523654965966,-0.0611355728185219,-0.0301575213670731,-0.988902287047695,0.104091867588994,0.0289043420528012,-0.0827785497474243,0.600054226438451,0.288771993335675,-0.955185834784964,-0.163174893549529,0.0305481989292251,-0.20498215073926,-0.00693022650340115,-1.74224273250989,-1.09095396585572,-0.0438254386364502,-0.0780568275612211,-0.322429723370059,0.0512584092847601,-0.0698154400959796
78.035,-0.421320948077145,0.274642319225925,0.841298614671991,-0.550855955837567,-0.064508568006568,-0.0237419549170539,-0.966925130476491,0.126210432210024,0.0229508651979468,-0.0508663225201145,0.599021182716479,0.282623224446464,-0.928376557779684,-0.140696918544143,-0.0146912170634575,-0.316472634903248,0.0116089762919,-1.74522835208261,-1.08223476897317,-0.0435370568755924,-0.0772609904540548,-0.346511577828262,0.0691170297296329,-0.102598664481553
78.04,-0.433891222950878,0.262844150364733,0.850507616619294,-0.527300666881769,-0.0599940027005007,-0.0214690731269924,-0.970789010598508,0.13111466048947,0.0169715473534301,-0.0372776098870292,0.609873483931455,0.280360542048993,-0.890459698557639,-0.108695201279498,-0.0544334885511713,-0.466688153670091,0.0229334436523093,-1.75843104901522,-1.0652816294553,-0.0281284640630453,-0.0630330815185592,-0.360775498589778,0.0770411512260949,-0.144738822483343
78.045,-0.443272969402392,0.249703652888314,0.849585419363931,-0.466366488747357,-0.0585560824807366,-0.0206379702460436,-0.9859623760546,0.148283750192281,0.00586783371980166,0.0374653521362604,0.590911808519899,0.253917949263921,-0.86194784213434,-0.0871349604083553,-0.0747084043639982,-0.603894859463007,0.0221593809372322,-1.77772560339861,-1.0523062155862,-0.0119190455621585,-0.0422556732790432,-0.361995707366422,0.0750549236116696,-0.166553475609281
78.05,-0.438734114975943,0.252162832799742,0.848585015670146,-0.427006220162179,-0.0620888249485133,-0.0149962696376485,-0.997914945237875,0.145960563794979,0.0171731994358384,0.127935098285672,0.59954554487578,0.23899992781878,-0.851677314478005,-0.0740797307453714,-0.0713127478630164,-0.741376659831529,0.00215561813509744,-1.78817410187015,-1.02170695018295,0.00188309652786908,-0.00810336007802615,-0.357455942451289,0.0575939936449742,-0.190938908481313
78.055,-0.435742570760276,0.250697620349864,0.855601490466978,-0.405190616021004,-0.0744582222434929,-0.0246347349064898,-0.989830525960039,0.1588511067561,0.0362428367024274,0.190022888529596,0.606710008719588,0.222403053472924,-0.859010383252253,-0.0672655201267029,-0.0438208598683843,-0.880847145095483,-0.0347375555282974,-1.81053281349643,-0.99774801166205,0.00978051676610912,0.0189498438260527,-0.358400002440218,0.0375843328665053,-0.204589887103327
78.06,-0.433038056542396,0.267003121013568,0.845420183053752,-0.379446864729185,-0.0928952190189353,-0.0450683678979569,-0.980598866781477,0.179684818763628,0.050722482699667,0.23732638262032,0.628540824860032,0.211487645402702,-0.876826374428303,-0.0588109318981618,0.00525574325368585,-0.957386604527687,-0.082598977645265,-1.83718085400621,-0.974568196646186,0.0218526512588724,0.0451720059817457,-0.36125000797202,0.00227721318117418,-0.211486304625768
78.065,-0.426311941891093,0.270084092190043,0.848707875946986,-0.358877520770878,-0.117478914555653,-0.057883164964499,-0.956442928070772,0.174343233266363,0.0518055074145825,0.224993732941931,0.646541900420655,0.207410915381107,-0.909352697944221,-0.0666372933834732,0.086621019737755,-1.02102690419433,-0.124425741974426,-1.88169619289505,-0.959902169235414,0.0318426142598585,0.0542226937507263,-0.373671338928424,-0.0235118539622042,-0.211252438823055
78.07,-0.408600945440015,0.240023680746229,0.848938714050344,-0.38355371142464,-0.11043934772506,-0.0585479402898989,-0.942705603905131,0.175928042827643,0.0607920820434067,0.203072976453593,0.67334417857488,0.195423042598972,-0.941381287604669,-0.0797684268768789,0.177630036964852,-1.04580932720054,-0.155439144097916,-1.90963575007558,-0.941998326623994,0.037480522961969,0.0624817937423017,-0.400299875045984,-0.0384290311112623,-0.207595527126003
78.075,-0.418888712473196,0.219286771807583,0.858931456211017,-0.398125750182834,-0.119239570770312,-0.0747371187019779,-0.942752794997277,0.168093932643336,0.0640134653084923,0.151056098048737,0.706607857979064,0.174897511395968,-0.964245229607006,-0.0900378608930903,0.248862700102949,-1.03038102126092,-0.161867335607511,-1.89036956695653,-0.929574087001665,0.0403490938458632,0.0668321057958512,-0.427357380656766,-0.0296618351684507,-0.197689679241049
78.08,-0.431358916500678,0.215265085667282,0.857470994995019,-0.39883740012983,-0.131362042627126,-0.0885302593928857,-0.954803394859332,0.166984281125308,0.0618461596016102,0.0910940082086166,0.759578394546646,0.155019582499934,-0.978352812918678,-0.101154376977,0.3202768867701,-0.921607834218084,-0.12887794189593,-1.79704210807519,-0.912610356518209,0.0360099501023633,0.067643182541358,-0.452046715936063,0.00350732397430229,-0.175746619810045
78.085,-0.429276926413451,0.225912924353479,0.853881342236437,-0.411743890620975,-0.133712399697102,-0.11122065897789,-0.956095818322942,0.178653304090428,0.064335762412959,0.0193272730163292,0.801209955885523,0.138243722364992,-0.971830801571563,-0.108935449147473,0.345046255149971,-0.78835043769746,-0.0689216830806006,-1.68464808483733,-0.892847303208125,0.0387602984936812,0.0829692574530843,-0.482443269896818,0.05537953217724,-0.142877360315657
78.09,-0.432150596482564,0.236385657279914,0.861707480700896,-0.434849876562966,-0.142697642293584,-0.129683637046535,-0.956353265714498,0.174910649690594,0.0709723993367307,-0.103425478331358,0.846653393647424,0.138288653155665,-0.958715567353883,-0.129513375147365,0.362488671625678,-0.58178756146445,0.0182411051052899,-1.53754384730707,-0.871196293739494,0.0341105462830051,0.0919293557378239,-0.53002618793413,0.122057255181208,-0.0949187411850229
78.095,-0.414146433899892,0.234599896781414,0.876829307175319,-0.451017162340589,-0.153846878153808,-0.155282776314604,-0.949618090048723,0.184161470999598,0.0792966874945105,-0.19666599189526,0.894840159316662,0.141901053713182,-0.936759247514989,-0.169873118273045,0.37093052078869,-0.356584203855747,0.107494255305509,-1.40031051335266,-0.85693963621244,0.0274207924092903,0.0948674578511192,-0.546286635038389,0.163700640342205,-0.0605025417859766
78.1,-0.39132033120482,0.230029871466357,0.877411786536682,-0.457523709543686,-0.16550243222321,-0.188273553593139,-0.941100574995715,0.198871780086878,0.0778987970197156,-0.273720214381321,0.941128099584145,0.13674977968317,-0.909461454576758,-0.235468273504473,0.385795140487184,-0.0538983738692075,0.217892599180268,-1.26305647843059,-0.835115885118642,0.0190960384999133,0.0996731819390222,-0.553135454654694,0.191598408514957,-0.0153170900466463
78.105,-0.388532522148904,0.224363498547702,0.872522474727216,-0.449546186272018,-0.181606790994389,-0.224334419435678,-0.944732849831215,0.225032284026528,0.0642695448638464,-0.396138739672885,0.967172029574301,0.127534347874056,-0.893746903108473,-0.292069115443672,0.394227691574995,0.258417170300042,0.336235731903217,-1.13898444645388,-0.814227141873334,0.00291309841038249,0.0967503159903402,-0.54689501250238,0.203975301347341,0.0160355966810107
78.11,-0.405302093295864,0.211277186552535,0.852888092116371,-0.420691356657863,-0.173201829195023,-0.254352389631871,-0.947787531227421,0.198732656787748,0.0613982898002877,-0.496043413497348,0.983819976721496,0.125975231937303,-0.891920876775472,-0.318375910823296,0.391009612049835,0.473821244053464,0.430004490829693,-1.05241829242256,-0.810463797915472,-0.00105032386102456,0.0963903094162411,-0.528744380214307,0.203121290090053,0.0351737773203332
78.115,-0.432450992212042,0.217558971607614,0.844914456285721,-0.38907290835452,-0.167492417283875,-0.263497676641517,-0.958096624738583,0.191729921146218,0.0455726537204132,-0.602308118023565,1.0055157606913,0.119038432131559,-0.905914271347743,-0.318702780056207,0.377324573924454,0.654919932265719,0.518660134730645,-0.968233013798126,-0.807357185364909,-0.00405617777256344,0.0958691201934956,-0.490875560877008,0.217749955342368,0.0526394240390492
78.12,-0.427347127124735,0.212226120876111,0.874992077711234,-0.354432702404325,-0.164649963378906,-0.237353581050902,-0.95832517640552,0.188736276190621,0.029717922346735,-0.649269832574832,1.01552875574963,0.106100439245983,-0.926275360028015,-0.301176770351849,0.360925164136903,0.766087927426474,0.585483099283979,-0.902115498645056,-0.806410734044059,-0.00713888068720194,0.0900510117959151,-0.450372463762955,0.224163726374064,0.0634129394243772
78.125,-0.424465510807636,0.177446771236658,0.866417639870885,-0.337355199636528,-0.176421347856116,-0.244169588121608,-0.97984088396027,0.169690415526435,0.0372605150571833,-0.720975270890974,1.00412607879493,0.0888037532567978,-0.941461736228671,-0.242362338107909,0.3106848101829,0.802917924424198,0.604891374464824,-0.832957729476789,-0.80510543927016,-0.000369970013745625,0.0946744534948395,-0.429808602298437,0.249867243911264,0.076119266215355
78.13,-0.453862979177144,0.17070987134838,0.85896555118088,-0.289873115789699,-0.176926647282861,-0.257184199603093,-0.983609225500663,0.142071052628267,0.0228746394345007,-0.749137698689827,0.974694049174786,0.0873467811959289,-0.959213337052033,-0.184832357962561,0.276322248421805,0.816058542492025,0.611003363371926,-0.750399286995576,-0.819267360077276,0.00816909187874132,0.0942797809423756,-0.410377397288189,0.275991693418815,0.090008196953532
78.135,-0.482836265203518,0.174397348668383,0.849792672027129,-0.244036105262428,-0.167861658128989,-0.242743206821692,-0.985103859339735,0.104302635064083,-0.0189154615343694,-0.738977175687872,0.946761649478146,0.097507313401085,-0.961439119792979,-0.18474733947932,0.23967354922397,0.779173896888746,0.599077384643313,-0.724537221118198,-0.836988314701846,0.01485165380567,0.0979598534699626,-0.395927485635164,0.293236586639998,0.105268728350806
78.14,-0.489145013550695,0.158653353763799,0.854716732877011,-0.208090881772036,-0.141046589233492,-0.214046749838729,-0.99863626073757,0.0498113837182483,-0.0321277252909773,-0.658230011025012,0.939163706692266,0.102386756334276,-0.953523507710857,-0.197388678673152,0.147242201334595,0.656708649578841,0.541359302326138,-0.784736942759617,-0.858679109440215,0.0179180051756296,0.0957290840157634,-0.387113931077877,0.317513075609081,0.114433329853179
78.145,-0.466206727383572,0.139981667103337,0.868602093024577,-0.170058357763152,-0.130440963942816,-0.190020079223841,-1.01207911194175,0.00876226715426213,-0.0124794056326358,-0.530772850293266,0.922009821810861,0.109861429769125,-0.981893067666585,-0.212478618242672,0.129205974054915,0.557668688668602,0.511610774033692,-0.847260091087235,-0.899762491132809,0.0197270262831531,0.0912321334072376,-0.367884591982023,0.31337541095318,0.115827848458477
78.15,-0.417221160082746,0.152639567195695,0.86928552470447,-0.127444687581778,-0.121163596033632,-0.165525745847647,-1.02017721776382,0.0105621261837297,0.0258941626156235,-0.356014289782182,0.906006475083604,0.128494547220889,-0.96679565472012,-0.21728595637373,0.0777683303261251,0.584887619697872,0.543506499433362,-1.01273347887081,-0.897001195301552,0.0245054155384888,0.0921545650247226,-0.335068509749218,0.3496015234453,0.0844062782011653
78.155,-0.392320198797037,0.178867688656305,0.863118409118995,-0.0856695968251239,-0.118225574493408,-0.162519602761593,-1.00464450461928,0.0483668123186075,0.0471364140792956,-0.218450237414129,0.886049446312266,0.143375582631276,-0.925009409534024,-0.258022362514333,0.0269266686282785,0.532374464270069,0.491483799049254,-1.15613883030612,-0.854044830328285,0.0608357850972995,0.0954453190326979,-0.315998059162849,0.364249822944317,0.106160981246603
78.16,-0.371644988572128,0.198835017044603,0.859260650782924,-0.0516900863011846,-0.112978472949786,-0.158952267445293,-0.976142481903724,0.082335593232296,0.0568989953262414,-0.109564342736414,0.867530226205473,0.158980185124279,-0.919721807533468,-0.327444870908083,0.00703256843371389,0.248274250023369,0.300919044516258,-1.12913066184903,-0.796478532652169,0.0659414939516074,0.109228927086316,-0.31946648968961,0.3759706207192,0.132138997656757
78.165,-0.348360137680237,0.191398243292214,0.860158074104434,-0.010217425089555,-0.0967057235633879,-0.147221002558415,-0.952200326353561,0.106041021479078,0.0635764031077957,0.00491669768024221,0.84136628925982,0.174853703021628,-0.927668050580588,-0.347441607956233,0.0251093468627796,0.0730361359102494,0.195910043992464,-1.05961029582709,-0.790276249009123,0.0743594774018581,0.148973781447045,-0.255552255555996,0.293681622390656,0.153629676446629
78.17,-0.341405854846174,0.157218561916812,0.875802956828569,0.0245113278522559,-0.0855611730932781,-0.149932079873739,-0.952875549804916,0.12770431085968,0.0506278485679897,0.0388068760731975,0.82532452952754,0.174578609529771,-0.949165414182364,-0.341711575190701,0.029958226221939,0.0620898273312915,0.150562676866524,-1.02407477917582,-0.805875626452154,0.106284370211715,0.114261054015389,-0.131848864093387,0.186456787184588,0.109230739734443
78.175,-0.390644047258936,0.165258076582036,0.885518578735295,0.0687274562575458,-0.0976935113463568,-0.172019604475855,-0.954095758864655,0.153233228312683,0.0402542623752872,0.0669757149135068,0.821007343865781,0.185142940770073,-0.956837607728709,-0.337109531587066,0.0166936365601477,0.0968789855059679,0.123258238945879,-0.990710876122243,-0.911915826202552,0.0891488982874383,0.0958424434751467,-0.0229717930466913,0.170802732507482,0.107296600937843
78.18,-0.456022257499451,0.248646434540376,0.881531667477145,0.0905777368732765,-0.124113180117319,-0.198620649420758,-0.949745152643403,0.187316739505617,0.0310367788115648,0.0532065198627646,0.833864863606248,0.192410407465181,-0.952695676405832,-0.315575747132265,0.00571311135128163,0.163873525523826,0.115297459923953,-1.00714761498641,-0.821758365633398,0.0448140409606847,0.0847799282928724,0.00395727530121803,0.0469882157894563,0.0457292130688814
78.185,-0.484303661969261,0.281932170333035,0.854756669877972,0.0365127983681278,-0.151654642392882,-0.227419072624159,-0.967459259689258,0.216834666776931,0.0218892204315273,-0.0108645822097218,0.856206265223205,0.20382626913956,-0.956951650438696,-0.290659562346796,0.00313120646285304,0.273397629413078,0.1360022787279,-0.996517395055323,-0.768385284087576,-0.0116668020574162,0.126408368823053,0.104427419813248,-0.120122232885789,-0.147547391142205
78.19,-0.473327177540121,0.233769661677028,0.850968745182894,0.00709339162741127,-0.168660650089587,-0.257898931053556,-0.968863157894392,0.224245079510494,-0.0352436763719138,-0.0455622494620049,0.862521962382765,0.197665022691315,-0.942822208188797,-0.244537476167712,-0.0137120410889071,0.26304817203585,0.0430734961503292,-0.979582279176599,-0.894610841705319,0.0452901523641676,0.0939987972362668,0.0466637913194086,-0.216702712364332,-0.204184194782285
78.195,-0.468817275023551,0.18954475504452,0.860338316060498,0.00342417650323273,-0.179608439233378,-0.28769704959365,-0.975093603488864,0.209008426842594,-0.0519247308115038,-0.0746100394489144,0.873991645898459,0.196312859654427,-0.938507198870291,-0.185446389586664,0.0101530794048018,0.048191387052079,-0.0957757080994069,-1.04135422438834,-0.986393179953073,0.132735188765006,0.0560645200609291,-0.116880082385997,-0.209120835183046,-0.138003631055167
78.2,-0.471103097344619,0.182681055936565,0.857399168370571,0.021928029999438,-0.201787899397682,-0.32819940652,-0.984582275237622,0.192135744364949,-0.0407354034477613,-0.0769913047040173,0.88117610767687,0.198714479906426,-0.949208292238714,-0.146770277669784,0.0553616247139442,0.0885244052790563,-0.0508349541489321,-1.00327965371865,-0.912197750036759,0.128324022964335,0.0598292879697787,-0.206601519400042,-0.186110727808244,-0.0302745709056752
78.205,-0.455748523345061,0.212197000790614,0.844471080179355,0.035914875874379,-0.211074352264404,-0.339836695452855,-0.970880079995765,0.175648654327159,-0.0234938653734412,-0.0698808436254637,0.905426383428755,0.196556054528225,-0.905856137246556,-0.108599180830908,0.0622084610139597,0.165647766748826,-0.0380193588021499,-0.97103664439103,-0.841207207158998,0.086558041574148,0.0968189360369846,-0.141056281190561,-0.157103784088078,-0.00215486585239982
78.21,-0.43762941869962,0.193023959987377,0.84920373786968,0.0258991338470786,-0.212085527743529,-0.350831610825213,-0.95399471488279,0.166853696561102,-0.0280039847644805,-0.109195437393641,0.928639895047918,0.204213584689755,-0.90026772251166,-0.094201157395219,0.0671224437202182,0.00820374859982841,-0.148190930424267,-1.04903383079067,-0.832383739905038,0.0580324098088124,0.12551017561396,-0.0639627729568109,-0.139399204978157,-0.0235532222678719
78.215,-0.419926492396096,0.199772331655405,0.855492940283754,0.0252369190868702,-0.21098441946815,-0.353439381665201,-0.952987561371615,0.144614209022495,-0.0218556126469879,-0.0949094312700005,0.958393544907781,0.204311316746257,-0.939958197380088,-0.103380841471747,0.101376511502307,-0.156107384102374,-0.222296854662745,-1.09099111495293,-0.832570076836651,0.021394423080816,0.133827645248733,0.0155725462684148,-0.120918199431348,-0.111457742346303
78.22,-0.405423480460453,0.219160526264785,0.862933070074961,0.0153056707205572,-0.203755279616326,-0.359798494054238,-0.958773151156404,0.145222223403275,0.00815360802443093,-0.0631163875534786,0.984415651307232,0.20916827667142,-0.96003958370355,-0.103888605888836,0.121817946541424,-0.248109474685711,-0.261046658075761,-1.09579668282083,-0.839872213890458,0.0217688734704404,0.138391233428312,0.085215192314212,-0.121139211689141,-0.202268122034435
78.225,-0.405147060582755,0.22165299614793,0.862888675279508,-0.00601946984242663,-0.2030566297712,-0.373146863759012,-0.945226506873363,0.161681044189674,0.0355339840723408,-0.0298240425773375,1.01197043709207,0.213492402465409,-0.966904563307004,-0.103008862700981,0.140503590187521,-0.349558711045524,-0.303607044492314,-1.13853166179555,-0.86013592269061,0.0227061805277906,0.128835014246943,0.0834752186377181,-0.136876324797357,-0.258636818444006
78.23,-0.392021063468106,0.233492148854537,0.854580746252683,-0.0130309182365238,-0.201904563951103,-0.386396277705885,-0.923551497900473,0.185237555657504,0.0452552845337618,-0.0274552784917117,1.05426349474228,0.227741397474725,-0.981710599176472,-0.107300911340036,0.158073895929796,-0.420153580530666,-0.31142686395837,-1.1446853321475,-0.892975774550409,0.0265851465142877,0.123052824746403,0.0803585072485781,-0.148343404754342,-0.315779522900483
78.235,-0.359486907812969,0.240314853727041,0.85757740665962,-0.0209708671884496,-0.187733279720427,-0.393397280299161,-0.934144168499443,0.213243939656054,0.0405820564846976,-0.047995331363155,1.07574739344914,0.22967705232584,-0.980412448378709,-0.0937649938989461,0.156771763158492,-0.467507411012277,-0.299159214043849,-1.12878454774618,-0.934575589530182,0.0300761169204893,0.12730724306077,0.0909160123972755,-0.171811257890402,-0.374897674285313
78.24,-0.332827992666804,0.232772964057688,0.875042990860542,-0.00543276765835618,-0.181913082373349,-0.39831232956157,-0.957055426749553,0.199774654392957,0.0427921138765446,-0.088964864318255,1.09629603766915,0.223941509151495,-0.971613174004922,-0.0705995313559731,0.137047293273836,-0.503888466471869,-0.296394535914869,-1.13765906638527,-0.950931955260806,0.049500777549691,0.133389474854001,0.100775825361748,-0.189132136858073,-0.394017479821157
78.245,-0.331277660889646,0.217732262775892,0.887278042009972,-0.0135438233814651,-0.18027358879984,-0.396677602372671,-0.980326569599402,0.16997659700467,0.0450774822066998,-0.137250566574868,1.12477310683757,0.21445677090649,-0.986592658065658,-0.0567151010429943,0.116584104356613,-0.543131752726289,-0.30413617240086,-1.10656340650275,-0.949800391222649,0.0682889538823134,0.130740794306762,0.0872651654800061,-0.143668394928393,-0.35067084777302
78.25,-0.376440387200769,0.19681885152518,0.875849797948541,-0.0141541818339567,-0.170838980345582,-0.39745603897719,-0.98406858669055,0.161983591192721,0.00755763720401284,-0.148367655798885,1.14074075392854,0.217225475443023,-1.00686343020726,-0.0550638896113749,0.109714066506755,-0.568224557953502,-0.310115566456262,-1.03444996796599,-0.952725435984259,0.0621515924379279,0.139015608257381,0.0984489077077604,-0.094518622351871,-0.321206978213071
78.255,-0.468354198037421,0.167050432256607,0.863207064385441,-0.0240541498859474,-0.157137838526517,-0.381457305436012,-0.979994816697728,0.138206804180288,-0.07197346066773,-0.122975598861816,1.17527264145658,0.21911932824867,-1.01659205152271,-0.0682528549800063,0.0982384015929501,-0.601978812437443,-0.31859029586985,-0.968549627828514,-0.964319001489226,0.0567933340175515,0.140848069220564,0.10855291665627,-0.0469207478618842,-0.287628431270074
78.26,-0.497122401557227,0.145096824732863,0.852718535551219,-0.010408554020164,-0.135365761610506,-0.356554153786269,-0.975491374857642,0.103797063854605,-0.11581711977966,-0.0345764409537188,1.22090662699376,0.224280172107822,-1.02591937149537,-0.0999585898670717,0.0768040007907088,-0.658834081189039,-0.328159333514027,-0.931687147737929,-0.963610244460652,0.0457338200685657,0.142687119500199,0.113904536253419,-0.019165877371576,-0.253160978043001
78.265,-0.452408181428321,0.153217499886944,0.867815813493864,0.0113313449523098,-0.114564196148802,-0.325435945658618,-0.978701752573768,0.0916041594008915,-0.0892337250472335,0.0693967255687496,1.26098422637868,0.225774956251507,-1.02154691014946,-0.131251660578879,0.0538915555759194,-0.679618619872499,-0.32878666394416,-0.927463081967798,-0.953983136502898,0.0335684214611337,0.141455074746963,0.124837303498899,-0.018824958304744,-0.243597457335399
78.27,-0.399661049169556,0.170397102520976,0.869034035767667,0.0400160353280427,-0.0924885219391388,-0.307047785375266,-0.984010535226941,0.117388892883639,-0.0301502712839293,0.18105262045464,1.29588228808713,0.235257922202419,-0.996913084811461,-0.174361585104579,0.035798924665461,-0.691661944649035,-0.338592796389494,-0.922822099612012,-0.938562185410367,0.0128813599230667,0.141809368060907,0.156084432747354,-0.0399910193947622,-0.25050651657674
78.275,-0.400945047161314,0.181437156352589,0.876488616405046,0.0548589295183563,-0.0687648100347335,-0.308519143848702,-0.96019515054065,0.169461615423696,0.000434670280182096,0.234948902164515,1.32086992818044,0.242550998239114,-0.97179804484607,-0.204728404217243,0.0307044073891335,-0.704120248129716,-0.35767196014288,-0.901489667909064,-0.924700450062297,0.00927481059187509,0.152117436120029,0.192997323591847,-0.0666113282836174,-0.255586994610202
78.28,-0.432726482220172,0.190402172827144,0.873666904961095,0.0670498827310396,-0.0378352995971647,-0.32504113727319,-0.935913568704268,0.220453840864866,-0.0243289192069014,0.218747120743973,1.36210879507596,0.255589918426784,-0.9546987339499,-0.219557640774732,0.0383088040026964,-0.732182920226,-0.380346886694041,-0.837535074515081,-0.905346044461464,-0.00765560519765409,0.16236338181215,0.213940282338225,-0.102994639515027,-0.25673538858379
78.285,-0.450558755798168,0.189382321518184,0.87954890787939,0.0610984163347773,0.000429762004989947,-0.333747217200469,-0.934325824219482,0.215705678041638,-0.0577793800774897,0.192429863047337,1.41019918986359,0.251093278227693,-0.956274492375656,-0.229307394368367,0.0432319226110502,-0.786409843912463,-0.407924331312975,-0.719720280599947,-0.892069114104714,-0.0125304643695927,0.174425075527906,0.23244293344047,-0.129616644995932,-0.258251673636857
78.29,-0.452053835332391,0.16610474132997,0.895683386278981,0.0456093752529709,0.0190371360233821,-0.357780712292024,-0.951001440551852,0.212064663740573,-0.0734762039281053,0.176103553062113,1.45427503398477,0.239285827474643,-0.954843604905484,-0.242294191465443,0.0394915523145547,-0.828009553487018,-0.408375078085173,-0.644404336840798,-0.892365086626187,-0.0141009634754187,0.19472472915883,0.230851163574566,-0.149016904575741,-0.266932667952919
78.295,-0.434299280379568,0.197326589498554,0.895777060153187,0.0553667516684989,0.0377907812014939,-0.378549956691822,-0.987491901814612,0.219600789733258,-0.105510749218878,0.162073489855762,1.51041436576708,0.235488729444587,-0.937342144215795,-0.256762332500055,0.0356256271403256,-0.879828592931065,-0.407696664333344,-0.601248812606626,-0.89313637177178,-0.0057213658180026,0.214115534241457,0.203592724502578,-0.146980841040194,-0.274632352315037
78.3,-0.409517341720184,0.197857551876898,0.894536422274954,0.0536577272918632,0.0602597338359585,-0.401168857613592,-1.04114974319099,0.221263207064663,-0.13658146061129,0.124131109274842,1.51945466691917,0.220507717470831,-0.915248845904677,-0.259797316414198,0.0395328274614045,-0.231107169353301,-0.408861009844,-0.590697472994044,-0.911193589927147,-0.00264962603743244,0.216786860150583,0.167491006023738,-0.129603223580713,-0.279859605452501
78.305,-0.401764003028322,0.200864979303825,0.916507870302511,0.0470956951262647,0.116145416838872,-0.433316707611084,-1.08251017706521,0.182918171833604,-0.153723094975537,0.121850416109052,1.53031321120149,0.223094417567873,-0.862770006360876,-0.250504121587512,0.0346479462155888,-1.01938032514504,-0.429893314744239,-0.688596787128668,-0.989737743340634,0.059240570136185,0.219453981470548,0.126922172683651,-0.134105530380889,-0.298585385765122
78.31,-0.429366629785715,0.197274378459813,0.917543991442771,0.00386533231217602,0.191644319075889,-0.435219730927249,-1.11819717148405,0.161675112686845,-0.220817667746834,0.192176813335865,1.53627185886797,0.228076919913292,-0.911106821830211,-0.283883850717948,0.0850283773046004,-0.398984230640365,-0.013882670819571,-0.508256418841494,-0.970192281023939,0.0197343437964939,0.203705745053552,0.100774774062006,-0.127087529451752,-0.300796407536395
78.315,-0.443020715380726,0.188822111015939,0.927243057451353,-0.0274443912474772,0.273766635032308,-0.441358118402269,-1.15643874005093,0.167296014495095,-0.273481739098382,0.255140751539219,1.53731204855224,0.228899155382706,-0.884853474875339,-0.339651493805234,0.0347832564283674,-0.572649841529767,-0.117640320886677,-0.603975980171332,-0.945110834634009,0.0520497069772933,0.194848329002281,0.0730869068410897,-0.0806930023550115,-0.268478361565388
78.32,-0.453499219192373,0.162482055415375,0.927752109059921,-0.0326095780479692,0.36414130035807,-0.452974154069278,-1.21235621094287,0.156171574865623,-0.305157472780897,0.350356052915596,1.53396829275879,0.223620893588324,-0.920088716085755,-0.42520421927659,0.0145360014370033,-1.21950807571581,-0.441043665000418,-0.761986899188424,-0.87362058778225,0.0758883274046528,0.202295287026923,0.0673541511348009,0.00621637340534184,-0.189712845150049
78.325,-0.465963167324959,0.156777569922536,0.93024520807804,-0.00436055377668525,0.453517895806969,-0.471240520148303,-1.23866583849143,0.144828174496959,-0.30870769381425,0.423198151166521,1.51790298339082,0.235635286931957,-0.979828521158378,-0.492224103171436,0.0243501301430903,-1.27376577597405,-0.440012298004865,-0.701429824187624,-0.933759022358508,0.0371645224454558,0.199573307455595,0.140141125288289,0.0659647013801472,-0.196134121253469
78.33,-0.446236617179428,0.165832392580834,0.936397736583101,0.038286505283613,0.576947142822795,-0.495846562188008,-1.25554401435192,0.121403014121544,-0.302835000211189,0.517218829907498,1.5074648845539,0.243170374666164,-1.00100089783901,-0.534902723756853,0.0157724281530781,-1.17483206794563,-0.351281428322636,-0.651997383559793,-1.00319032603187,0.0244812234601334,0.190838343835954,0.258501176354845,0.0709829510894657,-0.253902394205277
78.335,-0.430351846252375,0.126519925496145,0.948118197184256,0.0541282618950623,0.701286638683995,-0.517140266521813,-1.26328586780207,0.0915097647507121,-0.280586564173716,0.61476862473266,1.49934532403493,0.25744487405125,-0.998121218276452,-0.583397312250799,0.00859936959384114,-1.20376799961419,-0.321230784301606,-0.652756684135706,-1.08919443712971,0.0348440741217468,0.182281273890851,0.364441897680461,0.0578119694952663,-0.312606153216065
78.34,-0.347998826842421,0.115055434273837,0.989907209157228,0.076503183739779,0.824592086418816,-0.526312575669844,-1.2943242886614,0.046515287791924,-0.283911251792351,0.687706974887875,1.50118378021812,0.262014060761965,-1.0248330399406,-0.629130093438955,0.0392450577276102,-1.29537339881213,-0.270641804695126,-0.689969399932962,-1.12946047312296,0.0579798314062529,0.181380769295871,0.399693448092202,0.021112196262096,-0.331812322422487
78.345,-0.520009837783117,0.229717392333755,0.931420309142928,0.263831219830138,0.928340377031991,-0.589710744751838,-1.18209747866779,0.397053280105108,-0.274597420407027,0.810348521867391,1.52052055526874,0.298125978880987,-1.0737827949153,-0.61394080715033,0.0715099515097828,-1.39715119598481,-0.259127313551316,-0.731015214900699,-1.14284409291783,0.0692901409832918,0.18601133196567,0.386166397467967,0.0192780062493271,-0.318195958080038
78.35,-0.398707935372037,0.513948724084445,0.879709586075359,0.270917674498868,1.03708788451391,-0.609108209900727,-1.19300563312363,0.384743973378168,-0.0348870496203957,0.896241582367918,1.47906105655008,0.360358139227535,-1.10985139725077,-0.585054694989013,0.0942723320119495,-1.51516562095069,-0.283988662526763,-0.727959003057641,-1.1563516474381,0.0743922181875063,0.185086465231642,0.342522138401504,0.0738333318768886,-0.287922805754722
78.355,-0.419211524239751,-0.1260543733894,0.986330521466068,-0.0779163968703534,1.23982395943974,-0.75506886500714,-1.27374479454867,-0.0861107115347966,-0.356918667819544,0.699234465807095,1.45218413388291,0.33918425925334,-1.13273261283309,-0.520872532958293,0.115352285673459,-1.51616365191861,-0.275442553869139,-0.664253143997864,-1.1744448737942,0.0764413218293047,0.197196260792327,0.301194064726343,0.138108443310737,-0.265563583647225
78.36,-0.517878603115998,-0.158628711475722,0.980744645130269,0.0544544014111819,1.38715048451676,-0.598649655376003,-1.20715585372103,-0.284124703386512,-0.526829379791615,0.853677115215841,1.5397770764154,0.218064099600994,-1.15545971307861,-0.440863928484569,0.129537504247845,-1.43874779491976,-0.245673489556773,-0.550515927942239,-1.19836764009162,0.0879247587610877,0.215991828449915,0.293498873710632,0.190521266650048,-0.252254645190277
78.365,-0.462756381918433,0.16502275956367,0.929538626343865,0.158794823722523,1.5364862927522,-0.446577654535057,-1.26479724589263,0.0404993702197573,-0.190457423955817,0.945243982705698,1.68284536336429,0.125279625446961,-1.16774328732345,-0.348890107336626,0.146787241184052,-1.36481997583005,-0.256482332541528,-0.482415971677918,-1.21499793777853,0.0993024015593345,0.237373807484388,0.313109621331555,0.189719598618676,-0.258954471619512
78.37,-0.377340675728317,0.161835910098288,0.936943584090693,0.0668636245543046,1.67813113454126,-0.504056719142184,-1.22315857427284,0.032687248693411,-0.0905255557042381,0.880390145557604,1.62319506155592,0.182743876711524,-1.12169169869725,-0.307247552892954,0.199139187215431,-1.30720315711119,-0.280664551217043,-0.475192677577696,-1.21279869855524,0.099913886472669,0.253835120364773,0.345595907069568,0.155466148740506,-0.262833253950689
78.375,-0.392467314020692,0.0863812943653745,0.951684272278992,0.0404806358242363,1.80397000480008,-0.519826641638589,-1.13530072265025,-0.0437949262496376,-0.196557289084215,0.817182537382125,1.65324895078301,0.212349865532334,-1.05314195403358,-0.249415385074331,0.231118936489539,-1.1998838889032,-0.284233061053364,-0.459114947639048,-1.19772425452059,0.0953353781620531,0.271568883436692,0.372683942583659,0.121969191094564,-0.269511748033328
78.38,-0.465015757964283,0.10953768920592,0.915270864429684,0.0480057707010532,1.95130163771316,-0.476133966341859,-1.1475944300374,0.0574247160549347,-0.24121714973232,0.753093524698334,1.71406237404065,0.175928587578622,-1.04681790389477,-0.206351461993378,0.210561836691944,-1.14610837645345,-0.257278676956207,-0.464968692603688,-1.19486718325882,0.102755923274053,0.278772576527176,0.356243105556595,0.11048506371663,-0.272448819662389
78.385,-0.473306382922913,0.069646692973805,0.916868032342893,-0.0302327200434807,2.14817980869329,-0.447944627317357,-1.20444331441464,0.0789087962573904,-0.228868894013199,0.575793918913081,1.75500395206785,0.156306071418397,-1.0742416098979,-0.198019581246481,0.176862899648441,-1.16648489027535,-0.221252418445631,-0.497170194404996,-1.21791163251616,0.10661485038784,0.278947938129697,0.300045402488537,0.117257304969153,-0.258810693982515
78.39,-0.476381310641428,0.027046658639861,0.918648558797953,-0.0630748029827487,2.29887253231307,-0.395822085990281,-1.20281316909913,-0.0400181033211269,-0.267438666387929,0.377945827161073,1.80949297337383,0.107104232384189,-1.09099587709531,-0.198731488556835,0.134046454017348,-1.08049827837876,-0.116710631607115,-0.488868654269061,-1.27194776412656,0.106025894905556,0.281401871517622,0.213551651458218,0.110736717672901,-0.239982830577595
78.395,-0.531796128405908,0.0476124997696508,0.903983980975145,-0.0584410206869505,2.44371646897223,-0.34538979028486,-1.19280309087356,-0.0338137303005979,-0.277902651450622,0.365249913967703,1.89068998203848,0.0513928456259004,-1.08464798056186,-0.183107603367072,0.151386602071355,-1.07546485315904,-0.0549091969734658,-0.458669010275924,-1.30504143611279,0.101359399725501,0.285379224031961,0.152994484072504,0.0691722747830649,-0.219764060910648
78.4,-0.530827260198443,0.117187800841895,0.897377714285353,-0.0783159828424423,2.58555134119177,-0.320170154148733,-1.19257973274088,0.0251394570390888,-0.250845386693366,0.331489409378396,1.93533125733666,0.0363015429677144,-1.07671849692925,-0.163143577303857,0.193109059772125,-1.07018559294802,0.317252077548997,-0.39076660333058,-1.31026203804513,0.0919253949970134,0.289312803460016,0.143833987775119,0.0113410326141736,-0.204347274823407
78.405,-0.527227086063541,0.0865744509612458,0.89735852418527,-0.720481438008401,2.13226440390498,-1.50447130982273,-1.218254660789,0.0375410641577093,-0.252133009386817,-0.345742324467958,1.95793856012926,-0.318397295437097,-1.0971972719392,-0.166828172181914,0.223125975459642,-0.555445049786139,-0.458962236365285,-0.634412217155906,-1.30108660875396,0.0793670996457016,0.302788618736281,0.225096688447783,0.403149810434364,0.166156959871472
78.41,-0.530784830615725,0.100705203276425,0.90499327074397,-0.147346261408773,2.88068337107865,-0.308919333938642,-1.22829895237729,0.0486430736351049,-0.242856183966604,0.265828131479226,2.03566758295465,0.00472116354256843,-1.11354929528504,-0.16315052483434,0.269923000562631,-0.898783359416377,0.082939622501425,-0.266045915949986,-1.27979622751923,0.0653319649623541,0.308958159209497,0.197151216847865,-0.0930293543839294,-0.210226695184745
78.415,-0.558758718759068,0.10680262298512,0.895239266192319,-0.154532060027122,3.05095125426459,-0.310493319801295,-1.24139599867081,0.0990634764462434,-0.221101661207238,0.233324723268732,2.10592867580064,-0.0231640038907515,-1.13529719985729,-0.152617739694417,0.306534192752217,-0.853364135212002,0.106395875842365,-0.286082682938369,-1.25933257011631,0.0414917637626558,0.309418759853107,0.217644699391385,-0.108777091922489,-0.215787039321962
78.42,-0.577823196493211,0.116362529417861,0.867135778773038,-0.133109059965179,3.26396095754472,-0.340932959271053,-1.24736214985121,0.150322955174217,-0.205414592826283,0.198261369450841,2.17792208474465,-0.0489525362001859,-1.16336434751108,-0.13000663046219,0.358181960985346,-0.82041639213755,0.143516612102049,-0.25787172691051,-1.20928716123447,-0.00182945556517946,0.288864966867163,0.25594527215159,-0.142631586191446,-0.268674818731639
78.425,-0.607210095721071,0.140924818962205,0.860405654379469,-0.0719316623189021,3.42483005315688,-0.387746113115257,-1.25627520622123,0.189574897806769,-0.191372382285833,0.204127165637775,2.23666895547245,-0.0577066195519343,-1.18461082354903,-0.097384590581995,0.404598305423147,-0.734020123767083,0.191024325968642,-0.180669033094457,-1.16184139216005,0.00330032766675039,0.286186647016845,0.274375820759191,-0.147309556306283,-0.327822445912963
78.43,-0.57580463227601,0.242047962729847,0.927643435371525,0.0237736787664706,3.59685500507982,-0.422997793160752,-1.29605267043375,0.234046509988431,-0.140749091081332,0.229791081653079,2.3066652116671,-0.0668750051425962,-1.21019054424327,-0.0490018653020806,0.447954529294873,-0.67577489859833,0.210944554853495,-0.128457245247094,-1.13490207238424,-0.00521985441120035,0.308768107655474,0.283779510613875,-0.139416038952995,-0.382256229947002
78.435,-0.447291062396047,0.351750696128313,1.00455791000265,0.0331451366852051,3.75976020050396,-0.445967765781485,-1.35669663627794,0.24447676521366,-0.0142236517465972,0.265398277325199,2.35037887631226,-0.0730583127613603,-1.23548676842423,-0.0113745711506626,0.501863869106824,-0.59748226832602,0.2423527848592,-0.0630713914945117,-1.15507149109166,-0.0217515544145677,0.327972447000175,0.275190755029363,-0.13876655968222,-0.415657413977611
78.44,-0.325760620008603,0.272013671907231,0.965784333264351,-0.0438672297224595,3.99105536192315,-0.555645823494502,-1.45622589061401,0.318161457524317,0.0912606089010375,0.327998423018084,2.3860570966785,-0.131630260521299,-1.29040129170403,0.0180214627433801,0.560553967342078,-0.519715647625772,0.27160305116234,0.00739950791085542,-1.27614611397548,-0.0609225702164596,0.30453572640873,0.150619817875061,-0.114470391290024,-0.410304506720672
78.445,-0.442582995241728,0.342098428765396,0.949179295142142,-0.0754457504207578,4.21230272384059,-0.66341036171403,-1.49128863890396,0.378611057762983,0.0759643383248237,0.287111167533191,2.43053639570124,-0.151942297215381,-1.39090388384406,0.049639987760546,0.595676811590092,-0.43393365033661,0.278669868851203,0.0870651015678644,-1.42250170927625,-0.105708964893574,0.25233103182768,-0.0270265883196543,-0.0093903555627445,-0.384758981936314
78.45,-0.52144610122367,0.449200740189407,0.910891408516752,-0.153146257903425,4.45667186388673,-0.812771375667436,-1.51891027051323,0.413092373661803,0.0833253298321226,0.238146852795988,2.4806891307937,-0.16604871031394,-1.5336254569885,0.0801514844380435,0.608844342352635,-0.341917975355593,0.302926612909206,0.138380189535274,-1.53646617085775,-0.118826565153311,0.188913376146181,-0.189438166327447,0.166676400473842,-0.383501553551323
78.455,-0.523564635140293,0.402708354509299,0.873937183821908,-0.176522567868233,4.68630937721012,-0.995078492558743,-1.50429684836953,0.349681815974215,0.121398062009911,0.206927172495839,2.5232770571414,-0.135261176413383,-1.56100732986139,0.098441432961491,0.603229939326001,-0.280753145582461,0.277116683145203,0.138440330912984,-1.54283501954599,-0.0914047345291196,0.135548565559379,-0.186808118500244,0.274235194876438,-0.412996552640522
78.46,-0.578004111478043,0.398621867545356,0.868302048933687,-0.228289099982402,4.92046004202487,-1.18276655109248,-1.43106345798434,0.29209094431134,0.183996701308576,0.277653954767563,2.58166370798682,-0.0502045401251488,-1.5121652171831,0.0850781234333133,0.59663460288442,-0.16713380629993,0.292029503541476,0.207688082998697,-1.50776951482385,-0.0473265698022741,0.0743442974827325,-0.0865070988079831,0.203277650129002,-0.421695545657352
78.465,-0.584113150364999,0.373555904746254,0.845887264030119,-0.271518729608411,5.17914159986563,-1.36290249823276,-1.41198178051878,0.270374141405287,0.215136253832667,0.407808098551317,2.63286577257792,-0.00658921793959655,-1.45101223264029,0.0997180970076109,0.57963988200125,-0.20627784982858,0.24917318338971,0.302118096468226,-1.47986324393204,-0.0407332817253908,0.0594808645733036,-0.0444800235777,0.0800170726267891,-0.384391459147502
78.47,-0.591428520086117,0.36136754844038,0.842126976307781,-0.369969761824153,5.49904396425477,-1.56699130037468,-1.46412929051517,0.233217747763795,0.237794278353742,0.523711633462101,2.71720372133504,0.0466621372186568,-1.42613237409243,0.120114006563534,0.538513153505153,-0.21631312156252,0.2413260457439,0.536815712708475,-1.40279296294846,-0.0400724240979543,0.0293184252421195,-0.0396892839693175,-0.062343108023506,-0.323552103992338
78.475,-0.627869100507204,0.304344614803011,0.867241388610657,-0.457749263312366,5.85937863502105,-1.7211451067904,-1.53489753658077,0.201356561420549,0.280348522451404,0.611707184068142,2.76964726619923,0.0732559373198182,-1.37841072318197,0.144139206905609,0.458637689669092,-0.361250694664675,0.143451341474443,0.716370420244499,-1.4079701560465,-0.018784767575767,0.0222750144624825,-0.0887781575610478,-0.0945326951061062,-0.248976769715773
78.48,-0.724872094577268,0.281981931125826,0.895123126348197,-0.62800740380638,6.23634315935602,-1.80199039390205,-1.60531324694155,0.158536510644167,0.334167335043573,0.644848186411599,2.8485630870417,0.132147332328357,-1.31589933671746,0.211383605051069,0.363461144254396,-0.722208687324419,-0.0653955192218281,0.713038221924023,-1.53824047096147,0.0172539911520876,0.0111254198904415,-0.235890591383017,-0.16713651078741,-0.122127770410328
78.485,-0.645619053279908,0.288761435191059,0.900364601219928,-0.640028935850541,6.56944495546918,-1.85851540147569,-1.63523520772865,0.125127467382707,0.375360517068399,0.728931971841975,2.84658326260615,0.161397505056943,-1.52974263849348,0.23673291413041,0.385967769700604,-0.691324658920402,0.0300127472934339,0.775671757858361,-1.43158818663717,-0.0132495504640266,-0.0261105633736783,-0.316801168926911,-0.357019046316214,-0.0440124222345924
78.49,-0.578991617547506,0.327274301752655,0.900567227135755,-0.591712673020452,6.95204561067978,-2.02520960544341,-1.65542453616905,0.0811866307445063,0.417057468515035,0.82716830461642,2.86358101328823,0.227274390716264,-1.61984594079986,0.218879425167634,0.305224621837679,-0.236387152147964,0.350374879925529,1.32379956703527,-1.07698286690227,-0.0931454380401157,-0.0583176672454429,-0.221920763596833,-0.489026541947736,-0.11461915633077
78.495,-0.55766132322141,0.369011922123804,0.887453721562175,-0.63537491366657,7.31801735257526,-2.22914983255142,-1.68801662602328,0.0425293654804964,0.499633094728317,1.00210393288487,2.87218332726855,0.30698371436154,-1.48218101548869,0.249132543720189,0.19531993502049,-0.382556662200633,0.288285925664683,1.66706785898691,-0.960099450543955,-0.111477572123352,-0.07418564561209,-0.194363632118525,-0.301040445173215,-0.192240118639367
78.5,-0.544135522252199,0.411208127247507,0.931479449099579,-0.632023293729667,7.86746784225925,-2.37197793643553,-1.71573632083784,0.000147270254144428,0.578040571878908,1.23774628812817,2.84221054552195,0.398668621796054,-1.34730810562696,0.229251159609414,0.167771735325121,-0.784472806697486,0.223775787604206,1.30123606715986,-1.15287346700472,-0.108126206128551,-0.134580352641668,-0.333439488555008,-0.0122462975335327,-0.124744923739835
78.505,-0.643315346510339,0.280174887042782,0.934895244057901,-0.653516757885091,8.30668797082828,-2.49554781887259,-1.72386653458755,-0.061397968130036,0.637084861177858,1.43949911415263,2.81430073838746,0.456632946416378,-1.30487340727229,0.102539959449918,0.0305056641186342,-0.965387086754941,0.235959945953522,1.43616775152293,-1.25609699608106,-0.0943150104908573,-0.170954141040837,-0.402992022219644,0.199013536117961,-0.00638918561624046
78.51,-0.681368779496398,0.372021665950347,0.858270636680513,-0.575525284107586,8.76056763833468,-2.5257782965383,-1.71226158585208,-0.132485643905488,0.612891028519042,1.74731047198847,2.74677744165249,0.53571537081487,-1.26868153935098,0.208452842186476,-0.225362061002974,-1.3099989480485,0.197081560460032,1.81854465770773,-1.24139786530537,-0.0752857362627154,-0.137684815763449,-0.188183173827691,0.157367434824109,0.0523203462362289
78.515,-0.669728668065934,0.391836953602016,0.75337226737279,-0.491879002412244,9.2299975180477,-2.53076877041293,-1.6622548338693,-0.166309423154428,0.58047828671464,2.03662813145718,2.67612614528663,0.55993427452722,-1.21905614205545,0.568039909407606,-0.518341879020367,-1.21039034012611,0.30519101263035,2.23250433354562,-1.1942561023801,-0.0555269167201817,-0.112103547903846,0.0527576205627316,-0.079196285931497,0.0564688146519744
78.52,-0.737857764156333,0.379233695336372,0.755555198401259,-0.358539893924807,9.84012941157794,-2.49321743340109,-1.53251937057464,-0.217087847718237,0.468435505155999,2.39730871926281,2.6159011075868,0.551814655667393,-1.17118922261141,0.818624043843675,-0.848186474745682,-0.714694873085324,0.602056881002511,2.58621052912683,-1.09572229478186,-0.0383129011200267,-0.114150491170819,0.233155311373318,-0.310334021489946,0.0891256909657233
78.525,-1.1600783492621,0.130532517383843,-0.125152372215049,-0.447313953370395,10.330940342523,-2.37905912059843,-1.43149664131558,-0.218696179530953,0.286205769965189,2.51623752258695,2.61437394760526,0.493418113650292,-1.12458934335972,0.558959663558601,-1.13387607710853,-0.55991744882511,1.00459682328886,2.81258839655113,-0.917327709757289,-0.044910044353795,-0.134514345263659,0.273214366801871,-0.360187070697005,0.141098172334162
78.53,-1.87641215567159,0.290347535457262,0.688534448694367,0.27403137647473,10.780071167201,-2.08328564961488,-1.28617214291337,-0.156860190096832,-0.157334211968868,2.44007839300828,2.69446785422167,0.418191299081904,-1.15132671514887,0.409402680610691,-1.14092546021474,-0.346879076660751,1.24967891782191,3.00101672221784,-0.824226375749477,-0.0716596081089655,-0.154709208615155,0.191993820277741,-0.244031623251453,0.187852764934122
78.535,-2.45101549981445,0.416807301764022,1.5701274299924,1.1840812861087,10.1784706317337,-1.49744483009653,-1.17741288798992,-0.120591914136449,-0.554308705627564,2.55265621741556,2.83430469803369,0.31279754839295,-1.1683112646422,0.365401397314308,-0.976732100913783,-0.0274733866975112,1.33389440875008,3.40187000687903,-0.777290863486267,-0.102805038231561,-0.176374266269086,0.0589133579976165,-0.0727385972521685,0.243316593409292
78.54,-2.34453998627907,0.508267611561128,1.35800127653051,1.45048085495823,9.39778069196832,-1.01596440858224,-1.16857911911414,0.0330949288635559,-0.697784229586948,2.82652877004364,2.98435659046215,0.162745676087918,-1.12596941562236,0.20580361764261,-0.748646577660988,-0.37072964218769,1.27159586565905,3.69620313628682,-0.737059444049649,-0.137720026194097,-0.184957238715326,-0.0228369731546593,0.0340013473515051,0.270677482418795
78.545,-2.26517905130412,0.284035474335914,1.38999875185486,1.47780190535362,8.79126203161691,-0.82473074753341,-1.18755298453397,0.267397651721651,-0.680014645991528,2.9497661165652,3.0702684439291,0.0676235557471261,-1.15426726081331,-0.043061343908521,-0.48821037847507,-1.16660128514928,1.06002006590912,3.85091529394565,-0.721168611172968,-0.15332308225563,-0.195995441186238,0.00422563639609684,0.092762864755795,0.269990560977989
78.55,-2.23691303740947,-0.0629477639433868,1.19978132096545,1.41135260591788,8.4051222526489,-1.19362204978949,-1.43259721877418,0.381853957228774,-0.510019872370804,3.2508569555808,2.95618431503111,-0.0139775938636701,-1.1520683765343,-0.366618752467029,-0.0478517459936698,-1.84531760645326,0.674235504153548,3.80823033450723,-0.72526252071171,-0.1656285100469,-0.199060234812578,0.103724691982873,0.109822517069332,0.26362629163891
78.555,-2.03798744575073,-0.229486598795448,1.27938060642938,1.1082779936769,8.10858808247862,-1.98025610382526,-1.57356000346471,0.446130533707914,-0.323545950372546,3.30184998987728,2.8244863971279,-0.0119723840114558,-1.1856921876881,-0.556903174980485,0.222375936339621,-1.67759800143209,-0.0978089968247551,3.30526740901379,-0.702094351614155,-0.188772924407874,-0.194348980530488,0.231862475752626,0.156941854113285,0.23490158820688
78.56,-1.60296997459103,-0.188454145248467,1.08588119162865,0.945597307646312,7.71185207481728,-2.70913337967514,-1.65143807335818,0.348427551813141,-0.219731541125235,3.21676122659384,2.67780393587293,0.047807231052473,-1.26453624572581,-0.649797648620623,0.268857853711907,-2.22306425435633,-0.329603294570457,3.38412276526701,-0.975936984926525,-0.181022701013295,-0.19171049425617,0.310652446579803,0.209104767202971,0.221192506325145
78.565,-1.60828348612971,-0.00379410768320762,1.15014082100466,0.999541614312071,7.49433264870947,-3.00419274095143,-1.60706497485485,0.245208445595485,-0.127889552529656,2.79874174868911,2.62594249620838,0.00290201089343717,-1.20195373654774,-0.831277124090096,0.368611958888857,-2.19085766857223,-0.465261544243309,3.23245878147134,-1.01276133484196,-0.175783335530705,-0.186592335377484,0.330262542641681,0.0798412087337883,0.228285458089464
78.57,-1.76078235037391,0.691336965487381,1.37648046636553,0.512518104915816,7.22337878539463,-3.02253424086387,-1.51384648360536,0.155047148349493,-0.0905394307616657,2.26884455100047,2.49321600654092,-0.034032018266702,-1.17658935409883,-0.887160135530887,0.321931088535419,-2.08374951361121,-0.557493009553721,2.79314181323149,-1.0285171595373,-0.186124562676719,-0.1653908624234,0.352421709713652,0.00746319962329185,0.207673144520363
78.575,-1.71589107650752,0.808161056588102,1.41878985773324,0.990296893208082,6.47943945482808,-3.00771291214843,-1.43307698343331,0.158875833843605,0.0433699621069245,1.63170884374553,2.25626584030895,-0.129877230197455,-1.19907262240802,-0.938156609422597,0.283178038185068,-2.07020661517353,-0.588487428201667,2.428189148296,-1.02399543725004,-0.188010665943374,-0.146336044563406,0.369429588516822,-0.145508600174251,0.160494263485553
78.58,-1.66296863139013,0.497603185501803,1.66675369977488,0.594917763461958,5.87197796911056,-3.50877266404477,-1.23525545329556,0.443338157690088,0.236663046827469,1.68493101709959,2.12374822144233,0.0233881170315251,-1.2412341549846,-0.909078331771726,0.258602372477395,-1.81477810099229,-0.582843664724863,2.0859986096322,-1.05749011969617,-0.192643726753112,-0.149327654810473,0.332688173695161,-0.363827492573467,0.105103170285263
78.585,-1.55470114147485,0.753998167447489,1.40590407416921,0.683449979904795,5.32140609637982,-3.69787226167279,-1.10443741532868,0.435156610168074,0.120416511096768,1.42013035654412,1.9805097288426,0.333580487028307,-1.27248983757462,-0.788102834326536,0.172395639147349,-1.17121730072652,-0.76478522518402,1.89634704289283,-1.09634936170756,-0.201511051981507,-0.131150994037568,0.352956687384296,-0.519696580713615,0.0453179045166056
78.59,-1.79712588011314,1.21683859711848,1.88058653053522,0.384482323561536,5.12994596411531,-3.07755357562143,-0.905594190497932,0.462394757165879,-0.58638529235664,0.562200197587461,2.13172083944418,0.352318874792099,-1.2792655806586,-0.704112324883382,0.0847001269350233,-0.827009502091503,-0.907003390398487,1.92980658514581,-1.09120272347536,-0.212647076384973,-0.110356576708759,0.419565901472101,-0.660391477787634,-0.0693672347271814
78.595,-2.23893900247205,1.59903701290701,2.51808405575957,0.109689745297457,4.09555130062887,-1.91075861678287,-0.803141051998768,0.481594752773965,-0.978931261200595,0.190867095221444,2.46667422910613,0.403774460791477,-1.23364547651364,-0.581716458336767,0.0146429942412391,-0.524970324332736,-0.888883207280653,2.03681901594411,-1.00411633553551,-0.214769028888747,-0.0921982748254887,0.521990369075088,-0.725637687054942,-0.182155755220362
78.6,-2.14706417821486,0.988335317959646,2.84927174916184,0.0312753386036361,2.73971049374357,-1.09466940326092,-0.844953813002577,0.222051795531467,-0.908380541434922,-0.178006724831428,2.35082681203622,0.284942224640995,-1.18285786011392,-0.452672009704413,-0.0335608731057138,-0.235148043964763,-0.773119030078284,2.16551369282755,-0.93867604691544,-0.205656681288752,-0.0782643551957204,0.560809198280377,-0.677137573846312,-0.247580268837553
78.605,-1.86256952787569,1.03107162608627,2.92737598527105,0.432859750368899,1.32511722011169,-0.742775322702723,-0.834060258611274,0.332777933016133,-0.581355564487978,-0.0644290729869797,1.55659124085628,0.0638499506683726,-1.16998804248434,-0.349996183763389,-0.0627322810543482,0.00770716822097751,-0.623820589261277,2.19018989931509,-0.829111645231193,-0.197969246627439,-0.0729264365463902,0.542407841317141,-0.550822035774147,-0.262641533260788
78.61,-1.93754150619131,1.50040277350317,2.85839476348205,1.06226480433444,-0.287860196857808,-0.238212293766869,-0.801366474218757,0.534648001336307,-0.636254329009102,0.549080837320024,1.29976057900355,0.087132464288185,-1.17742178598663,-0.262678346762997,-0.0859248590220436,0.169980664047236,-0.452914260139585,2.20348876670994,-0.742529451532223,-0.209443655054978,-0.0711562431369022,0.527336202482705,-0.377730942817808,-0.258353582115324
78.615,-1.93138728464785,1.55488372470828,2.70969711311428,1.0972098699521,-1.72676012330494,0.346808683422175,-0.83947267316003,0.334213957700955,-0.636192838307227,0.637632769992476,1.22575381539019,0.229721554096884,-1.1674237503555,-0.2270350953042,-0.0956718674259806,0.252656210463524,-0.313063237365172,2.21392918585675,-0.694641652212284,-0.177913063277061,-0.072452678253156,0.509899286472265,-0.246683991726494,-0.210825507545383
78.62,-1.48048022424581,1.12373043944007,2.16433889290923,0.916974346334288,-3.28728592616266,0.794662984621078,-0.877282125149791,0.130724906853814,-0.404534300679388,0.385563759306632,1.01057257721435,0.330274204600013,-1.19654587514367,-0.232783415052806,-0.119192493965965,0.3550494482881,-0.198210916526426,2.23753080437351,-0.680933620570235,-0.148545402277186,-0.0702876409356456,0.475535440694934,-0.0897568409708086,-0.12464215554299
78.625,-1.06834347625313,0.882646834835401,1.75465834655189,0.835593330804224,-4.15597876294693,1.10454685057305,-0.834184556063012,0.220674762212589,-0.0974617623489519,0.431389068821432,0.618070762750982,0.347837535111943,-1.22646772787475,-0.242059229523357,-0.0986143659136621,0.228535771757717,-0.252525142241871,2.25684986717314,-0.695887415595896,-0.116667536009525,-0.0753066010096619,0.480159273988718,-0.0123245673036602,-0.0598738434119366
78.63,-0.537237964068504,0.716549445759248,1.34805001767443,0.863197833567658,-4.6341398362069,1.21343630853231,-0.810924693189004,0.271063847810973,0.0375901394746175,0.437373387030696,0.368159379202099,0.412923246839448,-1.25900981260817,-0.258371573795906,-0.0717946312757856,0.0972934514692178,-0.352266711323,2.30659316911225,-0.742234961435387,-0.0903233905629692,-0.0814046838737112,0.494436014862464,0.0364387632101829,0.00456741160873159
78.635,-0.120491619408455,0.574319319776942,1.03115159157491,0.895734679393146,-4.95423326247671,1.2106549198564,-0.769692433995971,0.27495989668139,0.147030989759632,0.325072874978111,0.165638863263498,0.489398318226107,-1.28387068049756,-0.292682688668901,-0.0584577872521433,-0.0514981557200385,-0.456482382747769,2.36209181335938,-0.826704708293103,-0.0699941235121166,-0.0780747642499503,0.503849702922232,0.0519197282583599,0.0797934899840663
78.64,0.206864243160019,0.424606420159608,0.71080663467417,0.900069946495071,-5.10754867797586,1.13206388612774,-0.720563269210108,0.261275815314472,0.262267777468566,0.286521343152953,-0.0730686270469,0.458891959607735,-1.31314322746623,-0.343858473309634,-0.0502552501712745,-0.253003537962994,-0.550794229935586,2.45640550123992,-0.899858544578918,-0.0519515062607295,-0.0678369474903977,0.51693444781952,0.0240363654231626,0.1324813160847
78.645,0.288905123750631,0.316051992574846,0.465780130386071,0.904393832828773,-4.95145208662815,1.05047988793012,-0.71127402906663,0.258818034147573,0.309734290799067,0.285967573785767,-0.244474413862231,0.504849192738454,-1.28413910435924,-0.368886661678988,-0.013801606943743,-0.340993116657739,-0.583112442899035,2.51287196116249,-0.995250992170523,-0.0335739124361332,-0.0517732341499682,0.52624970396835,-0.0687676486155239,0.169538968825622
78.65,0.202015857909961,0.196242348592137,0.298061008833491,0.961175694214235,-4.60550289711568,1.04332867223937,-0.672466558290534,0.176746684160059,0.299658471010752,0.174770033999198,-0.510054171919112,0.517402715297017,-1.28376869900847,-0.389811087509564,-0.0191436937154604,-0.388130560273078,-0.652000144870745,2.58502279000562,-1.05691441540791,-0.0233724145870178,-0.0318816344338816,0.538415308480723,-0.175525768433045,0.187444229349479
78.655,0.0862884384286931,0.12675564504632,0.284819299278551,1.17895346499021,-4.18237814127668,1.11313680638583,-0.606344418945285,0.172382100331884,0.257055873257441,0.347557882339011,-0.800777368641586,0.533417404477702,-1.24527414237774,-0.394543708942358,-0.0136384041886748,-0.541417726990134,-0.73230598019793,2.51387782628956,-1.11262355867565,-0.016333196089155,-0.0213465825281757,0.545996559211385,-0.277668638752606,0.209695761061997
78.66,0.00789886017625626,0.138194824777008,0.363277352151386,1.43647411005754,-3.90408490288052,1.20388720927269,-0.526889151630017,0.153971483645947,0.137934329264607,0.387883853999317,-1.067960237422,0.549745948238522,-1.23065297644717,-0.411751944384749,-0.00589369578036584,-0.514497311306784,-0.71962887425653,2.4750635161593,-1.14481457655362,-0.0119520087010704,-0.00623673753099791,0.530766914124076,-0.355805897682561,0.220385254013282
78.665,-0.0928644414774306,0.259434732376289,0.478080185746619,1.6099760207049,-3.76861700521302,1.29911003167988,-0.458854628860108,0.0750384809300989,-0.0330009576273268,0.139175585951055,-1.15568735456505,0.589077799661023,-1.19686241426607,-0.427447885981534,-0.00554106262760346,-0.505241833647466,-0.705198685678463,2.45236887171016,-1.1427758288133,-0.0231750878863555,0.00647565908848674,0.492511438930406,-0.42441081885635,0.230187388174191
78.67,-0.291125611120642,0.434298123504035,0.595370431851229,1.70286766698621,-3.77667824262389,1.45512131000436,-0.412192578299627,0.0418351166541623,-0.158286475939269,-0.100601572045973,-1.20579966801893,0.563868205742896,-1.1651020301429,-0.435606069561663,0.00840834533808137,-0.487772636519165,-0.679399851222546,2.43707575256292,-1.11610246006019,-0.0318257264262476,0.0200359042437269,0.444750822317694,-0.449175214598467,0.235171355188656
78.675,-0.417475269363896,0.53404466657799,0.704094870688851,1.69704018508237,-3.87968442223774,1.62816437146685,-0.42205327189723,0.0506398576135064,-0.176314915267333,-0.103922611143008,-1.37903932742864,0.459942188528165,-1.11912433517368,-0.429584638779497,0.0257840590522838,-0.494218438718039,-0.663426379589742,2.38952299354502,-1.07502115905871,-0.0558322062022475,0.0448508264633945,0.381128677773206,-0.465264613288958,0.246406529433845
78.68,-0.472541086517041,0.594182543597761,0.73863747402294,1.58585596400608,-4.0820935928748,1.86051613328772,-0.444768155486773,0.0539713294876197,-0.167180919867104,-0.101023641718578,-1.55910118143471,0.371236461946842,-1.07719215409211,-0.418232262533108,0.0451855802931289,-0.492289211937181,-0.647474963265377,2.34705061957551,-1.02034554498511,-0.0657253940006276,0.0657347483346944,0.338942660880756,-0.472339051337539,0.253863769439363
78.685,-0.441503184836665,0.593498238328074,0.731203786091379,1.43786701898165,-4.21004775580823,2.02521736165915,-0.461906972880032,0.0706844850457078,-0.160599530501117,-0.0790273460969152,-1.7105392110372,0.334799713630709,-1.04377868217174,-0.403134772634304,0.067627363614862,-0.462340204106165,-0.619528130899044,2.33665604312509,-0.97164786498881,-0.0755970803171412,0.0865618084041782,0.289778715292522,-0.489958498705543,0.260008424520493
78.69,-0.377868685355396,0.570806275385207,0.73946175437041,1.27969637171569,-4.29990973482491,2.20146001012094,-0.481036267196889,0.0987991572337508,-0.0997722779482946,-0.0243230429854956,-1.89057074457841,0.34791495831713,-1.01486111677871,-0.382984635105707,0.0846651998345755,-0.351743583111581,-0.563561027546924,2.34038402221016,-0.924380149128165,-0.0795983533276482,0.100447362696573,0.274013859115962,-0.515357370620879,0.263580386406337
78.695,-0.359167550691379,0.536854580498782,0.779541014195252,1.24340160754894,-4.36498814541154,2.36417513041732,-0.516209359463782,0.130844577787821,-0.082493093111393,0.114141282838426,-2.17123573208931,0.371893117996261,-1.00435966053868,-0.362293391346765,0.097822737346292,-0.281287515744828,-0.539733625474545,2.34332675064073,-0.889771479917206,-0.0789009041669109,0.107209766815992,0.286227468376093,-0.544869778474234,0.264741105423359
78.7,-0.346101926529413,0.473641434062788,0.807418711271135,1.39722450737403,-4.54312640797364,2.58501987897207,-0.549430312716561,0.103797140656065,-0.216717509863092,-0.00377750191475133,-2.35970968473507,0.40120908165542,-0.994565757571263,-0.332431047130475,0.118274471863872,-0.156819847212043,-0.527339337163273,2.27868148592993,-0.842271112364059,-0.0788708379492103,0.121151498275308,0.309764127471492,-0.569357447646295,0.264788754061817
78.705,-0.427381490028675,0.377239859869764,0.768479722488697,1.45097920172997,-4.7106112185842,2.73164558363385,-0.598464770780037,0.0844851045610087,-0.208242750284416,-0.300362735846057,-2.42948070782237,0.446997747695581,-0.993083046063031,-0.320088557127144,0.119327912277189,-0.0438820228306876,-0.513667904098541,2.17202914098033,-0.816548692648637,-0.0731306823900781,0.122873409092691,0.339583761924295,-0.602664726894818,0.25747275593025
78.71,-0.408354447805166,0.272192942630575,0.64085085626643,1.43264612286981,-4.84220908436824,2.88404466892111,-0.632309330573417,0.0847160817200121,-0.10475397131507,-0.428189160832104,-2.58471632033645,0.452347370991088,-1.00155672456791,-0.314319447030045,0.123763095549499,0.0683641206647256,-0.510304763744336,2.08232136397899,-0.796090190064123,-0.0776199338700058,0.123871908112583,0.3813475114802,-0.636467395311307,0.254526837632836
78.715,-0.332746731470076,0.159278813542667,0.549659352446397,1.36144995433495,-4.85520210595661,2.92916397883627,-0.652742441940799,0.0758848934077606,-0.0314330145057347,-0.45226388951077,-2.71915477212895,0.420319093854883,-1.00911941920895,-0.321842692292841,0.136091400958371,0.214111453679214,-0.511575726295566,2.02709377825783,-0.791478833579852,-0.0837257146976648,0.117354470227877,0.411975614403272,-0.655430775790911,0.255121648311615
78.72,-0.287628016393611,0.0806533905073852,0.519810899288343,1.21804562714779,-4.80339091701935,2.87787492207035,-0.685674654510884,0.0942539260313974,0.00671772488778899,-0.41017677653139,-2.89482188183553,0.399110210105774,-0.999990102925898,-0.335313553681876,0.147249022238095,0.362257154496845,-0.524441714630166,1.99109113265223,-0.796702610500119,-0.0914504775787804,0.113167111584568,0.43940041628586,-0.671090328833425,0.252748426063589
78.725,-0.320328261595965,-0.022370393118605,0.54192412342538,1.12543583887477,-4.74330037152597,2.75537773609796,-0.717624894939033,0.0944092295096333,-0.0825951455479485,-0.400269765300264,-3.0285057939423,0.409431111416071,-0.976094131962991,-0.348657157840482,0.165308301446533,0.616483974730964,-0.53586194665517,1.9520461695511,-0.805657360074273,-0.109618627527475,0.105665494556598,0.454332877808867,-0.674945620174899,0.24168299138546
78.73,-0.405442277522754,-0.127922299840611,0.620750438997144,1.1734113877557,-4.7190646991521,2.60950835363753,-0.737542752154005,0.0732805964230262,-0.171889043519268,-0.464817550319459,-3.14924786418115,0.416786218167539,-0.953127981755443,-0.360826478726348,0.184577020621985,0.843234902091295,-0.554364921755676,1.89770910462906,-0.818538477761838,-0.117930834455683,0.103656655309827,0.441671906648895,-0.662474243202999,0.236634447627331
78.735,-0.489812850478478,-0.160578101798342,0.691059087466444,1.31795136899498,-4.74791403281053,2.45917379589227,-0.740028858525413,0.0311334074879821,-0.228670261803737,-0.533197738521165,-3.29399052408532,0.41161602935113,-0.923567813458478,-0.369201456775827,0.204272350546286,1.12947118926151,-0.566405711593321,1.82336367460735,-0.829543564241247,-0.125340096462529,0.0974950629237826,0.428488834343099,-0.642794294796132,0.220899605302413
78.74,-0.56131323691004,-0.0534515544799621,0.741180489417463,1.41308013772519,-4.83248698221283,2.35118282331391,-0.729533270646369,0.000422842469489145,-0.227906073203122,-0.624610478021578,-3.40841827049515,0.407699191803161,-0.889268345067811,-0.381012806112491,0.218162548155361,1.32595740671407,-0.56896036863327,1.76036108473164,-0.841197108130835,-0.132400479539409,0.0929660974273869,0.414382914342835,-0.605422248709479,0.198874663198907
78.745,-0.626309833411617,0.0663416906305204,0.787539588320246,1.39499490622044,-4.89537784360246,2.2700830761529,-0.715653170039963,0.00272409433062853,-0.247584956141127,-0.634188728774906,-3.54652603093484,0.389857589966306,-0.852607077196073,-0.392138121955651,0.220634179253446,1.61114490249916,-0.560972663383758,1.66913450002662,-0.850541909695361,-0.13552753022733,0.0944551625339548,0.395210739713787,-0.567987043927927,0.181218593413688
78.75,-0.69538661695944,0.143896437527516,0.849204920393916,1.34195502599958,-4.98480187453028,2.22769000254163,-0.708440388254978,-0.0224398108678654,-0.302692916901303,-0.554309025773184,-3.68798242676275,0.361889956111479,-0.82976157219464,-0.403418327236926,0.212411643774481,1.8264676973656,-0.54486508318638,1.60008735435081,-0.851447085125177,-0.13931385323636,0.0877487909504055,0.373024060022202,-0.524530539463324,0.156464937047836
78.755,-0.767408548001803,0.191475702313177,0.880870925298473,1.25803338259602,-5.10184576445636,2.23242648918253,-0.746169107232653,-0.0777055302501423,-0.32832150202277,-0.484237870680027,-3.79355703662456,0.336899018148236,-0.808745773969616,-0.412008001699756,0.191408321583016,1.99275904726875,-0.524030655782858,1.54388316383774,-0.849902719564226,-0.139587807429297,0.0872551560587792,0.346500290597565,-0.4891083047786,0.132124894207454
78.76,-0.793334153411602,0.215411573282198,0.875695244386508,1.15737752222999,-5.18615094112834,2.2605553006932,-0.796128228338512,-0.0994686374830391,-0.324467239396234,-0.43683698395704,-3.89454781458056,0.311580805937383,-0.786314957307333,-0.417191794001353,0.169914000033221,2.13214483315989,-0.498946100735479,1.48303658642829,-0.849508769060025,-0.136648762316504,0.0823953482178218,0.321335038731252,-0.475666588922849,0.102510431140448
78.765,-0.794904593957916,0.224152675485569,0.813495540007867,1.02919409535827,-5.25317087425194,2.3072710564415,-0.843486017074187,-0.0787158218413281,-0.338686166727831,-0.410876732325451,-4.01324582871142,0.284613854518105,-0.767803719924422,-0.417105705295849,0.14056834036357,2.22022402165235,-0.472474636092336,1.41436880755279,-0.839456920932073,-0.127872830171604,0.0867316620945807,0.296043129797189,-0.464031912015552,0.0637327666485389
78.77,-0.778178211093566,0.188853628207969,0.767201277216622,0.898147722384733,-5.26356461803349,2.34802662162115,-0.877756865447763,-0.0528674391072881,-0.331736830421972,-0.342734723299318,-4.13924885872563,0.254533063998143,-0.747196954217816,-0.419098895909835,0.116323948338406,2.28521336149631,-0.435600692635918,1.344984475402,-0.82656457217969,-0.116434004524217,0.0944977985130085,0.272146279824364,-0.440281009290642,0.029615486228785
78.775,-0.769367585675303,0.135776275963725,0.738783689858863,0.871024552944103,-5.24003606140935,2.37382601625249,-0.897009992032057,-0.035366446505414,-0.351965484106506,-0.312757462263107,-4.2488137024056,0.228217736934664,-0.938052396838577,-0.433218544814738,0.209701177099478,2.32029971441086,-0.433133617624518,1.28874734829044,-0.822167063301189,-0.105933934700879,0.0989321919893913,0.252675556166633,-0.408450911790033,0.00318325077900074
78.78,-0.768683292440987,0.116428682715635,0.737893553066903,0.911417277141907,-5.19511719190709,2.39069086540786,-0.905008703040017,-0.0111265131189099,-0.357227978224974,-0.321405668810043,-4.36662135737502,0.201428945059936,-0.558115787929778,-0.406765726531591,0.0776235549707392,1.96888756821381,-0.204472476813284,1.50986091051797,-0.821680244844742,-0.0906313746419057,0.104550450526664,0.225818266520216,-0.354313326637991,-0.0228860147462662
78.785,-0.804993747174174,0.146204763813392,0.749604646136708,0.948169018822888,-5.15024864554422,2.38605540651422,-0.91100673920299,0.0249785473584534,-0.370230907721809,-0.337606103940696,-4.44636409196376,0.183747830342832,-0.599252401440034,-0.351899829971375,0.100400367178567,2.16144231442353,-0.274075343492433,1.43993863927207,-0.825250599542152,-0.0797300744920229,0.104797729592711,0.20832287460594,-0.324738442936772,-0.0262878884274075
78.79,-0.841917104284772,0.19396420099622,0.757823490147689,0.903405296717462,-5.12062160176224,2.3633109014508,-0.926022958843273,0.0408670679752166,-0.390370986835278,-0.382274796131211,-4.53550708841409,0.161797727934933,-0.716206984747024,-0.403439228821331,0.0475579300971329,2.09693255623722,-0.208996587672662,1.3080263959936,-0.830087870766424,-0.0728523784897455,0.10320070972701,0.178038337195457,-0.267168560608893,-0.0234247110784054
78.795,-0.875826745651125,0.231873671736333,0.764408330154247,0.798009257006032,-5.09602566950585,2.32845293041266,-0.931118656179484,0.0484249712826965,-0.408531747505106,-0.489292786814793,-4.62356096139062,0.13050413549614,-0.662258459057516,-0.398437650319278,0.0354062092708986,1.82094045055307,-0.0783240391489266,1.02497812488066,-0.843189157172822,-0.0732044519115387,0.0954211999221328,0.145584664803954,-0.230693239938291,-0.0192217660298948
78.8,-0.90429759875322,0.266423623307445,0.772266812347496,0.687907291108817,-5.07180735863928,2.2974233916377,-0.953213316685405,0.0592978408809933,-0.411584324080835,-0.565666382267325,-4.68921395539373,0.114980330723534,-0.716173563393972,-0.33139797709358,0.0456939074239525,1.74679104039827,-0.0812358793056063,0.758007024959983,-0.853539831377923,-0.0658928584604072,0.0881542368150051,0.110515278740571,-0.194099438353227,-0.00919962549074954
78.805,-0.920978328126165,0.318230412678559,0.77724350034881,0.581761579846956,-5.02568568768028,2.29484588251727,-0.945155944368997,0.037141737177835,-0.428428354312883,-0.645023213962902,-4.74514272221499,0.118471462659889,-0.79632156598468,-0.297262771165629,0.0231551657909922,1.79022370401149,-0.23204023516538,0.685523233249938,-0.860364182915578,-0.0647672566509384,0.090870064897906,0.0803904487253226,-0.159321396114055,0.00355676459279937
78.81,-0.920212131176376,0.371391095055345,0.785418508967177,0.527885834048256,-4.96654928075453,2.33261656623069,-0.999741603455058,0.00532155809135676,-0.441464509188984,-0.721104987869818,-4.82684897590103,0.106536440454675,-0.794401793074459,-0.309705956763151,-0.0121761741278151,1.79451534325212,-0.317944577405002,0.750164951650106,-0.871536661725259,-0.0551930388659768,0.0870547657765182,0.0578206849347878,-0.122595565822435,0.008375626642568
78.815,-0.93241023972982,0.416722310377402,0.792232549956437,0.486777337080134,-4.89140170272321,2.40300570695883,-1.04352929145465,-0.00439362738704886,-0.442206326721757,-0.813018820255644,-4.90706085755604,0.0673433956038041,-0.7330803912242,-0.333542657073154,-0.0473162213517384,1.7335416861331,-0.322939509467803,0.808417630934014,-0.874563239535551,-0.0505730810894542,0.0869652406965883,0.0356930319271657,-0.0877224045990826,0.0121232079555213
78.82,-0.934852323828483,0.469053544021332,0.793719125140214,0.450857102722969,-4.77488746747903,2.52904941303229,-1.08862929767845,-0.00388237391109833,-0.456709635296137,-0.909671033855106,-4.97412105176098,0.0257439983288772,-0.686992613010093,-0.331228091235537,-0.0612709911819472,1.65758590077341,-0.310060595447252,0.812139006609245,-0.864825913943845,-0.0483117586091975,0.0982898824647949,-0.00333081855671661,-0.0362841210565527,0.0156678286619542
78.825,-0.930510945137055,0.510947663355457,0.786971076340175,0.412180942905771,-4.6647513981546,2.64154134723125,-1.13878543153941,0.00189853608683759,-0.467864984494309,-0.931390337144976,-5.05692144388755,0.00804764561186415,-0.654771591944939,-0.297509325527474,-0.0597423614177801,1.54500766480582,-0.344878995711463,0.761091752092264,-0.847233300160855,-0.0497236259736853,0.110286720788185,-0.0412485963219101,-0.0148492902320078,0.00986606533938408
78.83,-0.931244794939737,0.533169429570112,0.750758018869911,0.338970674562954,-4.52547865142568,2.753587225838,-1.16578461560996,-0.00210059851044131,-0.463890186592917,-0.923139302408805,-5.10635469998198,0.00595592928086749,-0.633645628855518,-0.281566124873589,-0.0663012322481255,1.47486151481009,-0.407592717922203,0.687583388443906,-0.830062746031411,-0.046287306571446,0.128235969193481,-0.0757781448182263,-0.00454770256891436,0.0088279513547062
78.835,-0.9556618050643,0.546085988404734,0.725278634293938,0.233401202896825,-4.33194050370354,2.85590711441518,-1.2028442528864,0.017972465884535,-0.439151802236216,-0.969798327312748,-5.16478059164016,0.00172335439538431,-0.606168580485347,-0.285687893194796,-0.0807777491615604,1.37400974000432,-0.473341757233255,0.651524732788829,-0.820270440496679,-0.051238549257479,0.148688805635301,-0.106191526893992,-0.0059242370966256,0.0125692134702889
78.84,-0.991762413880765,0.557155098805703,0.757127271487831,0.142706477544414,-4.13765477032672,2.93135623701941,-1.22417671230097,0.0517595974545992,-0.447446493039989,-1.01545120397142,-5.22471248547235,-0.0264776610369628,-0.559059169465149,-0.297043325421291,-0.0868521596513543,1.26923047222318,-0.458138400962405,0.603598467842835,-0.818724066566407,-0.0548820945078521,0.165329009517658,-0.119420113015245,-0.0105678075790754,0.0181037317748161
78.845,-1.0184683984516,0.565654835582196,0.826592765693095,0.0495967000538632,-3.97786666996955,2.99301768814259,-1.25141753366843,0.121770341720114,-0.464279504028882,-1.08114413365171,-5.26554840762413,-0.044589508492673,-0.520701903712462,-0.30806043064708,-0.0886020312847624,1.18775603641404,-0.440318754314538,0.552151120256226,-0.844587685125173,-0.0771978101823785,0.194878214042736,-0.144144686117229,-0.0258377846068592,0.0276095323469055
78.85,-1.08086992506979,0.602145082212519,0.927418413129594,0.000833942973545176,-3.8662461743226,3.03717163586414,-1.26996771509451,0.169594927056475,-0.493249340890648,-1.15913240014991,-5.31795983811048,-0.0612320962677198,-0.512457757212023,-0.307371766285359,-0.0825913148821989,1.13959539265352,-0.433543259882806,0.470557947004053,-0.863402968331078,-0.0919305775466673,0.217876501541077,-0.151001202631978,-0.0475163284412495,0.0288144875585331
78.855,-1.18899069102664,0.648150933727587,1.01805006987651,-0.00828021399352445,-3.79985990177375,3.08109760428321,-1.28020777885131,0.199393061988014,-0.529785893732175,-1.2795734508277,-5.34941463024241,-0.0757246314190473,-0.500200274787983,-0.304931754985909,-0.0869398189327131,1.05768284282065,-0.427995085152159,0.371692906319713,-0.894068004645056,-0.108906798612165,0.23831190685094,-0.163618344171173,-0.095820828440568,0.0307031658478971
78.86,-1.30550190454891,0.672134401075853,1.0755154389513,-0.0115202267255583,-3.76334964372069,3.14111189857362,-1.29496323458104,0.220743014893653,-0.574835127492216,-1.45506793865353,-5.38558401312796,-0.0906286652299964,-0.48353683203437,-0.308604947388041,-0.0892734476646445,0.961453224227048,-0.410083110306493,0.285214935445788,-0.929231953071389,-0.118081908143014,0.250384084478498,-0.186820141763637,-0.15156099391121,0.0339247219730867
78.865,-1.37813424944271,0.684400388352949,1.11123897539176,-0.0128836773619413,-3.7566488446235,3.23829701902263,-1.31562198245435,0.230012028860378,-0.606155377506793,-1.62454616856321,-5.43123070656582,-0.101983348207845,-0.472297034743819,-0.310993818509577,-0.0893913917532933,0.893180904850501,-0.38763833079081,0.21968230169391,-0.940244812979534,-0.117577753282372,0.258143937686146,-0.203741159996835,-0.191840280856903,0.0291081517934799
78.87,-1.40446371541815,0.666399706142532,1.08931551012602,-0.0430651728817045,-3.74570516499951,3.29326757690817,-1.34905046755214,0.227192230604101,-0.629303144782159,-1.81118531486067,-5.4602115597241,-0.0945349059149505,-0.461584138475147,-0.315163806766618,-0.0875243386656681,0.815382143939331,-0.347552613349168,0.180879779222648,-0.950121515786071,-0.112157921326728,0.247943047130462,-0.223996898386328,-0.222646816440227,0.0296771065946919
78.875,-1.42885269737395,0.611491323392332,1.04947510902973,-0.0836677997338071,-3.72495385597374,3.3163916389876,-1.38764793992766,0.210951704055377,-0.631577259077439,-1.95459366282996,-5.46870272124515,-0.0802033130517777,-0.455878213113052,-0.312830303688687,-0.080970260323107,0.766021066435236,-0.317408988723686,0.123740705611302,-0.954647551138431,-0.105662210943592,0.237772499267789,-0.241183908365843,-0.217724042004488,0.0303298458456993
78.88,-1.45588577040235,0.514912793985368,0.988031737928465,-0.117506250440271,-3.63854919407447,3.32079106846028,-1.43664762231759,0.170591400859214,-0.636489247194821,-2.07967860455886,-5.48682285982313,-0.0739112788442769,-0.454400938017497,-0.299965244665032,-0.0758517948404971,0.721372702502579,-0.279804539567095,0.0442907404820387,-0.954976113089295,-0.0950438383044738,0.225343928246082,-0.257434671778932,-0.19002255883538,0.0303588104762009
78.885,-1.46329503418941,0.431271853992348,0.976043330127073,-0.0986668210907278,-3.51201916720347,3.30439228013942,-1.46276496532137,0.132741867276436,-0.634917291498456,-2.15261452871745,-5.48304611878287,-0.073674169480293,-0.460522422877079,-0.306491244695494,-0.0842049205827974,0.715177220098832,-0.258587940024488,-0.0300010625184455,-0.959249602559804,-0.0890986765036282,0.217720615149991,-0.237858154017146,-0.131582634763075,0.0417857178756004
78.89,-1.47878871519412,0.351977747448337,1.00123552034674,-0.0261775761913534,-3.36420535044745,3.26516123033484,-1.4921719896792,0.0907328653811962,-0.667880318957867,-2.15066502327697,-5.49091886099538,-0.0785683989524841,-0.468727143346523,-0.31345875145233,-0.087371885922091,0.711814338098632,-0.236649450400141,-0.0866821631594124,-0.956330727340981,-0.0832233841738875,0.222735696933371,-0.224967963925958,-0.0705703354915213,0.0496427752415535
78.895,-1.49273380149464,0.312182656450778,1.02750451016183,0.0464682861446281,-3.25698108714228,3.20988142015523,-1.51611881569771,0.0512617506493173,-0.690411277453099,-2.08359591773659,-5.4855299015433,-0.0808389086731759,-0.481903388667089,-0.312402323574138,-0.0935088926512717,0.735247948921006,-0.205383096017114,-0.175894445536648,-0.951142834752682,-0.0778775801483928,0.228242198275986,-0.219612821936607,-0.00611994315966595,0.0531157345775153
78.9,-1.51974939906708,0.307942359545577,1.03137758683123,0.132340386704478,-3.16258633780745,3.13227089143109,-1.54548292888729,0.0217871343569284,-0.704055668488126,-1.94453544084517,-5.47010489089149,-0.0990952032188635,-0.509210458701167,-0.306130399782411,-0.107328815151425,0.779959473308657,-0.166257319385098,-0.265724257694488,-0.935456632140635,-0.0764741933681594,0.237203298435679,-0.20557606863894,0.0453899496827505,0.0558814991713929
78.905,-1.57650921078428,0.328495609621857,0.983340755701371,0.199720259335545,-3.05807140862424,3.05248353063193,-1.5993539446743,0.00503811149282967,-0.729565588963,-1.77147142645049,-5.41632943864563,-0.126558884423181,-0.534300278351046,-0.29979112281955,-0.120797537537775,0.812312433967491,-0.150062481637051,-0.329496287214851,-0.930705280724036,-0.0801095436486583,0.229639526025896,-0.188972345085662,0.0659230181153228,0.0567053620301611
78.91,-1.68832621862616,0.334898810551374,0.859717626947836,0.212500775251427,-2.87949795928216,2.99662118154574,-1.66628277452012,-0.0240025751551808,-0.758389492576589,-1.65395995483246,-5.34905098186179,-0.153366362504921,-0.562213226865815,-0.271661173484969,-0.121799307993167,0.8539724681509,-0.127223690021236,-0.400781211575161,-0.929767628528321,-0.0749223503619703,0.226472442769342,-0.171295356878936,0.0766223697500243,0.0532063529537615
78.915,-1.77154443994897,0.307403512500162,0.720750514711784,0.163324000323099,-2.58551573156636,2.98461615388259,-1.73892916700125,-0.0775682251152744,-0.804352697526429,-1.53147427417693,-5.2270289326515,-0.198561647644354,-0.586705039137437,-0.240917237083494,-0.120931903429391,0.878449003142024,-0.103096774761898,-0.428498873352107,-0.933335051843325,-0.0633012843856471,0.225396972623807,-0.159732278730599,0.106448540184192,0.0510986521840096
78.92,-1.82870836119057,0.250622821548597,0.596474447774637,0.0765749853542079,-2.28460531511425,2.98946405912112,-1.78012852833406,-0.12713980492366,-0.834346040019874,-1.45086908254378,-5.14478120795178,-0.245647042414964,-0.617446204061454,-0.207468774297315,-0.115349803018562,0.862567660928212,-0.0813144465637676,-0.431705176830292,-0.93570332663972,-0.0572386430720294,0.219684292070506,-0.147964268099638,0.116319761317765,0.0534341858895193
78.925,-1.92394287823812,0.231233105043883,0.507098217969052,0.00621755682879854,-1.97989129438283,2.98687916768074,-1.78126670708112,-0.153587958670281,-0.875251695310308,-1.29873646133667,-4.92655100148791,-0.338641726418384,-0.649536013390136,-0.166298153587352,-0.102163664427698,0.866166697510502,-0.0513710832022704,-0.439064541241171,-0.94187961113839,-0.0356402740374733,0.224933684488834,-0.151300988956798,0.131524601850293,0.053262380849448
78.93,-2.08264171466492,0.254182516964108,0.494767778171832,-0.14746910177135,-1.66711416619828,2.9563042500762,-1.73034199906191,-0.10400066008112,-0.926106412494541,-1.08495129797696,-4.70688835440908,-0.415554613654345,-0.70704919060631,-0.118855841475855,-0.0933416341958138,0.856710746409079,-0.00625878055190902,-0.490815003351182,-0.958271318422504,-0.0266856304066867,0.239528652946725,-0.172941319950236,0.149220191248072,0.0604042318917389
78.935,-2.23178482581778,0.248405203328687,0.514588906435407,-0.518318964196494,-1.39071729774401,2.83638021971339,-1.67276490218529,0.004698014281479,-0.9724008304876,-0.869800151044059,-4.50027406407442,-0.450778474022536,-0.771769890147208,-0.090265084288424,-0.0908477687572738,0.856816686061701,0.0318963992929749,-0.532760850347963,-0.968442232548461,-0.0116259737023642,0.257341002256197,-0.197134125910089,0.161169969437602,0.0741568076477968
78.94,-2.36891270876806,0.134219448080491,0.581873511303117,-0.825375799497062,-1.16754188867216,2.67794452210272,-1.61354849066318,0.122099148806277,-1.00899220271283,-0.703801114716348,-4.39232844406046,-0.474894810524493,-0.893396395474759,-0.0104108778990093,-0.0524465811046248,0.886893988567269,0.0661098694584055,-0.561029063225693,-0.983173935729243,2.0598067062747e-05,0.287901716336079,-0.226985463490993,0.156602073539861,0.0890051644553791
78.945,-2.54244479999709,-0.112300882325533,0.781687716191676,-1.03052070581316,-1.04722711523468,2.49453781050269,-1.57701491870703,0.201229135130356,-1.24108810518398,-0.660033389204752,-4.23298605208468,-0.430248436741272,-1.01944444341182,0.0567989780031997,-0.0438591457936456,1.03263222767541,0.11886533203648,-0.613737642765045,-0.993468134704469,0.000673194348172093,0.305869831139911,-0.233315463142523,0.122098555517732,0.0964979346220057
78.95,-2.64373031787744,-0.406076526440439,0.87750706362048,-1.05025027705597,-1.12757150473101,2.38448158162323,-1.51387720861266,0.149735831898599,-1.36587982458102,-0.832221795771988,-4.06397079682279,-0.355428554430427,-1.11940282794674,0.102354321138264,-0.0397446203948909,1.13862959591551,0.114167279286856,-0.632884011925118,-1.00097315799148,-0.00167158124218211,0.33480831920008,-0.235433716426798,0.0795873093279432,0.10955655939993
78.955,-2.6152263459909,-0.60263540637741,0.83013755195055,-0.825549760421408,-1.41231166059078,2.18570111914175,-1.43814762500327,0.150726811751872,-1.33041520956394,-0.861466588828814,-3.83899376513253,-0.346800750168819,-1.25800196797568,0.18269906511367,-0.0346739232184537,1.24965144595549,0.0880391104175964,-0.719982947822915,-1.00200914884825,-0.00437314951172553,0.356990388986387,-0.235872269239806,0.0269792855141644,0.122692144482197
78.96,-2.51253929593013,-0.620077035249196,0.675791973237575,-0.571699895377856,-1.74658333239683,1.84049704850175,-1.40679707991535,0.185769352010982,-1.28347207875852,-0.66207229895851,-3.61293694731665,-0.411393670441689,-1.41673519381268,0.286213462724902,-0.011399137674125,1.30333204094449,0.0577857018783049,-0.78536061234154,-1.00685358553235,-0.00841210714898474,0.368222240019861,-0.230798383194581,-0.0390236608661057,0.136236657837132
78.965,-2.51819608297473,-0.646673440544436,0.462987276442994,-0.311235024954549,-2.04111436095009,1.41553950402733,-1.25628103865411,0.382565700271307,-1.32023230210128,-0.348584823814344,-3.3704246408337,-0.389115850196788,-1.67126827273072,0.478497043954165,0.0468513983542783,1.39952495801336,-0.0124280390711277,-0.720442206423868,-1.01140717159799,-0.0108771506129998,0.368825545212157,-0.227611269485432,-0.0694591595030984,0.148139075667551
78.97,-2.56183479086135,-0.619117900489796,0.222027602379107,0.037722892639927,-2.28403130739105,1.06982209518635,-1.20306600849058,0.303972174798186,-1.45731250065701,-0.242897261868423,-3.09407043834598,-0.332213425810535,-1.86492389240079,0.707804145617318,0.0862799579786039,1.50761555845869,-0.116459804523692,-0.454424661992376,-1.02865532148534,-0.0186050270254277,0.367849378424854,-0.237356223248438,-0.0895968104951888,0.157580080104207
78.975,-2.60183521373748,-0.413069541974246,-0.119190725209773,0.304335553584576,-2.58177082954092,0.653627234630078,-1.02503555918879,0.400716636734449,-1.46595485353853,-0.425122291831928,-2.76694296961211,-0.27083869204465,-1.98445504611837,1.03350604873357,0.127674078619496,1.72095219931862,-0.246243866427467,0.133248938997933,-1.05980626225786,-0.0292102266082565,0.356328881181573,-0.267019363826203,-0.0887973544227607,0.170687819628904
78.98,-2.63014978136646,-0.261175190788924,-0.514129894094615,0.384590045213403,-2.73965381834617,0.314701028373568,-0.8923809583312,0.364629488014834,-1.49257137226451,-0.649439728359288,-2.37326193975075,-0.142146489532241,-1.99557059073403,1.24206635164223,0.181095884577221,1.92118454879189,-0.393641637909093,0.84868003984654,-1.08371170619457,-0.0367853756661086,0.340417514124975,-0.301837810941716,-0.083992288620115,0.17571148276329
78.985,-2.60614176872691,-0.305561175779375,-0.900853642704984,0.42915810292866,-2.61714240962966,0.101764666670208,-0.819357317169209,0.22369839038407,-1.46193401625651,-0.843825134843651,-2.08222205824998,-0.06678250354239,-1.94956234404049,1.32282910315179,0.232918548081306,2.05143056113649,-0.580604165202343,1.47919095551615,-1.11896754888578,-0.0453714359702246,0.340077975405283,-0.329024169184414,-0.0808453509311721,0.177520805296608
78.99,-2.52078909775469,-0.444602602759341,-1.1992257193283,0.546503443222724,-2.18872426086096,0.0197998304625418,-0.78265344818716,0.134641906807044,-1.46317051341854,-0.894565547161307,-1.70293397920745,0.0655878782327609,-1.68000779767052,1.29761768103732,0.284634988810692,2.05732216040651,-0.73360808484494,1.68623158997234,-1.13932201624907,-0.0468275083849102,0.339451894321593,-0.333846188559941,-0.0929550984327144,0.183588287634598
78.995,-2.424231430458,-0.501689208673832,-1.32634402083992,0.667917073678337,-1.68815306211715,0.0437190480971033,-0.753819766992019,0.0807393159380286,-1.45189103199174,-0.781829670483307,-1.36995841030729,0.187617931045761,-1.33912989425032,1.21191272927571,0.272744448828115,1.8589218353476,-0.801867017245844,1.29159863601718,-1.14717926678289,-0.043843614514762,0.339295135632608,-0.327675137817297,-0.114533982639766,0.199926403942616
79,-2.30827172856256,-0.473007212891053,-1.40091189377727,0.675254739955906,-1.17168264495861,0.0768857414845743,-0.748517755678022,0.0450610687361965,-1.38993303021541,-0.461326678485048,-0.889818239939338,0.277456543075402,-0.980358774794084,1.07222039456649,0.218441149924631,1.43483892030894,-0.771028326131861,0.268043032768547,-1.15192708642127,-0.0409856045101699,0.346613895524591,-0.282376931594929,-0.135042996600055,0.200331215658844
79.005,-2.25093389759104,-0.425329845263593,-1.39680544945118,0.413180025517458,-0.577840685687821,0.0300319241021473,-0.78016099818036,0.0218989995019944,-1.34820031863615,-0.291945307408364,-0.556214009683549,0.273820823960747,-0.850691025399541,0.970743078745156,0.172693578380126,1.12159133727122,-0.659611426851313,-0.512069197944717,-1.15261672141282,-0.0474330178028523,0.340689984100691,-0.23233075799651,-0.127084266390605,0.213159327087482
79.01,-2.25320193494494,-0.384720561171724,-1.33009017850547,-0.01195093174829,-0.0685968937615765,-0.0716029794575127,-0.802914888597822,0.0128962126213728,-1.31480689034188,-0.157482683827054,-0.0705750131355229,0.217760828979041,-0.781882917750954,0.828168522454757,0.0429339564687477,0.65684414740341,-0.620415971337242,-1.10485189074736,-1.14544770688282,-0.0525132805122084,0.349404463347092,-0.204890378854598,-0.117804278526042,0.229652394229396
79.015,-2.26287385992034,-0.399993710442455,-1.17588335033969,-0.548201797248955,0.452978477117446,-0.164833911139741,-0.814511668501673,0.0403422640997885,-1.33890170681372,-0.0974819946843618,0.394137349473999,0.137806395663564,-0.839076506089977,0.742783999365682,0.106964473796396,0.353184644631527,-0.460549459119985,-1.29986671643417,-1.1481406066471,-0.0667249474396946,0.361801134180568,-0.205266373099264,-0.0877876233774791,0.255178049712626
79.02,-2.2415701650917,-0.474486829338617,-1.0430294759295,-0.95418203129856,0.885531730463107,-0.225677492295793,-0.824859562389177,0.0561525413383619,-1.36196005029531,-0.107389178997204,0.797730271815427,0.0721607497050189,-0.902049272266146,0.690897729322813,0.027913580639662,0.491993846820058,-0.13150535294975,-1.54140349543194,-1.14128424409832,-0.0866739745217365,0.368256624277499,-0.194802255223476,-0.0638639268361332,0.266161203514607
79.025,-2.18419872344777,-0.534346519648034,-0.950487750955166,-1.15761555935723,1.2209649845172,-0.297001549234674,-0.851517760327599,0.0714217597832971,-1.34321343971071,-0.195729024863568,1.14770739413829,0.0442359249519883,-0.971022777061487,0.611306004703904,-0.0761332153916486,0.272323962647461,0.0167276305169937,-1.55103003418838,-1.16940183069616,-0.117364644357554,0.38559756959344,-0.171249499361841,-0.0429630702041995,0.26223904424758
79.03,-2.04445051172022,-0.524334425625965,-0.885030012251428,-1.26111126977567,1.62801865206718,-0.459083518963161,-0.889263606815927,0.152233095475696,-1.25864573432103,-0.371351138494057,1.56537619418986,0.037036380423524,-1.11402446756708,0.516798323516351,-0.147066709901773,0.0941010734268268,0.0624329639195313,-1.26536809105551,-1.17351417595237,-0.131198897001945,0.392721611903553,-0.145848297552362,-0.0676149052827355,0.230342489144714
79.035,-2.00037224304999,-0.542231386114842,-0.829766985523515,-1.32329310784646,1.99125504757206,-0.636533659773823,-0.9173342097106,0.210283756782171,-1.15188097020452,-0.484600205613211,1.84407141831243,0.0452939038307123,-1.18563828953187,0.463536174481207,-0.138322352162188,0.0718226969368122,0.125068359019947,-0.961382615030027,-1.12430984116028,-0.119245680463571,0.406644639068945,-0.118685593582765,-0.0616892419874891,0.232894417952709
79.04,-1.87294300445877,-0.616038856940969,-0.766829004240736,-1.12822955500184,2.44890164688773,-0.801096673876985,-1.00409952991382,0.281549392139213,-0.942361867104163,-0.572807659351807,2.1113818548386,0.0676310071543429,-1.19433935780243,0.380417503297651,-0.0804530714081662,0.280571851917282,0.225233908634779,-0.75020530803088,-1.08667237494365,-0.140614168425376,0.426662646779665,-0.0816785435202528,-0.0616875009620184,0.232058204785938
79.045,-0.868310522112583,-0.488283561616062,-0.371430976580519,-0.389007846569279,3.33480828243847,-1.02692246435056,-1.12353545821994,0.398602860049318,-0.332005512177813,-0.472145572267199,2.1702407274873,0.106325915809335,-1.15688603184609,0.297561450378361,-0.0188055877763987,0.499134108138696,0.250615120531699,-0.781257126836449,-1.09373973320379,-0.124149857886414,0.45889861403198,-0.0127260618058884,-0.11131025653693,0.216463920189517
79.05,1.46802878135163,-0.510989482009573,0.32467720867286,1.1891615897929,4.96318845602896,-1.48689026426445,-1.62844116559862,0.425973500685832,2.29895332519017,0.853169121914971,1.48948330265087,0.0352730004363905,-1.09310723032353,0.156972064668876,0.0551178482637955,0.666035909389521,0.192026044517014,-0.968558499452292,-1.12613648830051,-0.100905871185381,0.506392826137582,0.0417445297394399,-0.170307220147865,0.248571168121838
79.055,4.16569479379286,0.144118222198828,2.06876871568045,3.49133508332524,7.21981512911056,-2.29354826418067,-2.54833544740441,-0.12168086883427,4.02421012826003,1.32778928770141,0.645273500979817,-0.31721179300941,-1.07614253469251,0.0062407633883381,0.124569277577061,0.74329430066457,0.0632563809045315,-1.21573387619995,-1.19381789091983,-0.0777149012981739,0.573870336558492,0.122665115078707,-0.314870321084557,0.301912457886928
79.06,2.06364930234683,3.09490832188565,3.58462162690593,3.88816752630522,6.78479685013882,-2.62909494904135,-3.36468354431601,-0.589303081214876,0.554029795224807,-2.89896879538335,1.19041259899739,-0.175683180938459,-1.264982258662,0.00997928898962169,0.182643391298383,0.811165232224124,-0.0861859941025843,-1.42576929553493,-1.29513109883786,-0.0566735202530752,0.545187142641365,0.208380719033451,-0.430644462213282,0.344043101158648
79.065,-2.49880860708109,3.51459853069604,4.09303284380691,2.77893335606371,4.30340422128499,-1.81203596407593,-2.33989025992091,-0.615658129364721,-0.20068972859203,-2.46339521710178,1.50432647482554,0.222973493258016,-1.74824823008958,-0.126845135970927,0.0486202549543839,0.713756510291515,-0.31843656528164,-1.79882516993563,-1.39539940904703,-0.0159278044324088,0.435355235675249,0.303778606996749,-0.344388727339209,0.376069981287469
79.07,-3.47412944012503,3.1472963645494,2.39749645072349,1.1106824696357,2.3977672279412,0.244742244812012,-0.522559723365926,-0.624912415473521,0.292566250657237,-0.393105605874482,1.43676450003698,0.461172732452447,-1.93335182313107,-0.24398045233233,-0.219323441880627,0.348226318813395,-0.5206626720922,-2.11175708539652,-1.47766961115026,0.0347695431995765,0.340027638768544,0.310437493386251,-0.0350761260353853,0.434957983663528
79.075,-1.57655440779903,1.81029215301211,-0.127492079362682,-0.864832058023296,2.63878101876093,1.61431517636516,-0.492984470475189,-0.658385686829616,0.0919088382820114,0.846556967438143,1.28187338654231,0.290473396165113,-1.85463390703375,-0.231286498124761,-0.393037433893286,0.021284743358804,-0.624251554722834,-2.16077523225596,-1.51946882866995,0.0392770914059393,0.30827140349478,0.211479323941515,0.212737239431354,0.486395214090777
79.08,-0.22274835906532,-0.577138466791747,-1.22041353070434,-1.96492681407901,3.48423890113801,1.71584915637977,-1.33556205086479,0.0744597956121336,-0.326108424906394,0.15577944367009,1.25757883366811,0.122195603791782,-1.54772319194053,-0.20145571171811,-0.413146028885325,0.349966519208204,-0.456611316463516,-1.95088893427445,-1.59748272418916,-0.0320177279478033,0.308992455367691,0.0993351766470971,0.180917597600388,0.466856104226894
79.085,-0.63924227019188,-2.16170902764998,-1.35644970862389,-0.800051320456253,4.24096139309123,1.09734428000341,-1.00987504126301,0.179582414695898,-0.908004250140454,-0.258074529741264,1.59052378782745,0.329335061353429,-1.18098451661185,-0.187497604056387,-0.425179477337728,0.890738324396211,0.00787133951265857,-1.54124517504152,-1.50351021393038,-0.0885764532027542,0.287046216391063,0.043224467317329,-0.141437084904599,0.35413010948993
79.09,-2.11921910619563,-0.901101870643454,-0.573992840801321,0.675778458175655,4.90547194162634,0.795074722103695,-0.64014586004715,0.246308393641632,-1.16562884389177,-0.15369890437427,1.94150747739915,0.386727932189024,-0.932449831290319,-0.0903828765079362,-0.439050613033367,1.19193729074347,0.559287658746053,-0.941129563611355,-1.32557495007298,-0.113035860915032,0.239020013452475,0.0225230999088679,-0.467543360951624,0.256753580342116
79.095,-3.25071470286729,0.98788008586496,1.64860079623465,-1.57486416010919,5.11686792289337,0.254673758115084,-0.684909928086638,0.213626224075771,-0.780935311884545,0.499408268149595,2.0942662613599,0.323289483900171,-0.908624756493679,0.0324982233238772,-0.45893645904621,1.09130562013272,0.721337373262242,-0.389877261714659,-1.21557062362686,-0.106780246907985,0.226351799742252,-0.0297664895473452,-0.527552878259621,0.20522034001002
79.1,-2.44831503779977,1.8613055601374,3.82700517717179,-4.72980206640544,3.66100431326719,-0.411805178920462,-1.10061273147009,0.0555984543065545,0.0913708374825723,0.679901653264938,2.04918904231062,0.187091664985123,-0.89417606458228,0.143635196377702,-0.452087633159151,0.581874170465585,0.706724630498961,0.199025970285421,-1.15030501213109,-0.0505905087538567,0.225445112079762,-0.109540115289112,-0.388381528054061,0.210563956663725
79.105,-0.730833253776084,0.910464954669862,3.1918840365062,-4.48851182741147,1.72233275482871,-0.268310234815081,-1.39796684068992,0.278513951593652,0.496454732236501,0.238354393231789,2.01218774910498,0.223157674485279,-0.866734695436673,0.229539154573027,-0.362712956551566,0.0868082534795521,0.681990879061569,0.428531101811227,-1.15688939673926,-0.00739340966575616,0.207451654256433,-0.122781559901846,-0.23135788750301,0.28028885611713
79.11,-0.237645121167046,-0.124359185699947,1.69311138724518,-3.8752324941388,0.665294662855986,-0.601308623939282,-1.64351657173198,0.603162176926054,0.413727447981711,-0.290526615818083,2.03767361410797,0.405318398827316,-0.908721742167385,0.306514810063852,-0.130973293065536,-0.0321504260377394,0.49760952917633,0.310446496355594,-1.20110050355324,0.0123945886657648,0.149108437850497,-0.0481679011281867,-0.158037450589467,0.342314665825913
79.115,-0.703838380952572,-0.447716121216817,0.535617731699231,-3.58013350176965,0.171463503874462,-1.28496734398977,-1.72776834913845,0.771513523236847,-0.136582339271566,-1.23344227062608,2.16460452030859,0.681765728866775,-1.05012574792994,0.280329158430157,0.0748448765664403,0.00983133195698871,0.160120115976892,0.0426166470930622,-1.25668300759644,0.0212167571665817,0.0919605566395847,0.0590284044542249,-0.0792942617185592,0.380674454531498
79.12,-1.35281210463974,0.209169298297652,0.166780398298536,-3.66831276620782,0.321370390903486,-1.52923534566655,-1.32741318215048,0.628044504536476,-0.738057268361489,-1.5924888052473,2.19018868401305,0.888152891096616,-1.2392491349785,0.0928059858094499,0.149601877451738,-0.0536636154092336,-0.458802964172271,-0.583049594147076,-1.33365264072839,0.0386986990931762,0.0383472860622746,0.205385384201312,0.061974538529565,0.419192568835478
79.125,-1.50575796780662,0.934291432896164,0.46320963758468,-3.57353276541821,0.465310583656396,-1.10464479307655,-1.14532482158907,0.158291192666128,-0.667640941011724,-1.67250281741465,2.13324697421781,0.907598968444111,-1.19550486364239,-0.0655143583665443,0.015651853976474,-0.0822943090348208,-0.812711314030748,-0.949106852301713,-1.35050116564136,0.0496527111105835,0.0137570918867599,0.281001619082676,0.165712731632707,0.438642308563338
79.13,-1.25030339929254,1.2073238600488,0.983595875540306,-3.51301704716581,0.260747793208341,-0.631237442462045,-1.07392294501515,0.243367443206477,-0.456372441432047,-1.48593754041018,2.12089734742639,0.779731159816385,-1.0323305687946,-0.234193302883152,-0.0299566569030535,-0.142236862490584,-0.883796443211924,-0.956412559329552,-1.33655168513815,0.0509811169822397,0.000988482755843206,0.332643570036763,0.173404945117247,0.435364690670204
79.135,-0.671906680976053,0.758985923535674,1.02965410256238,-3.55123520700372,0.0937966971586439,-0.333099562768611,-1.05186448836189,0.195415259817779,-0.120567859121347,-1.845905420149,1.95801916108097,0.444339893080176,-0.831689710910212,-0.425948489150719,-0.0256747662442805,-0.442674606878873,-0.920904850849175,-0.868360109193066,-1.26832550310542,0.0384055276986751,-0.0109793682005856,0.314654904365783,0.0627007713715632,0.439277986838234
79.14,-0.324054606433387,0.0754623083332962,1.20514983375623,-3.40712514625702,-0.000403097568876453,-0.274443522124976,-1.1184606206829,0.124828669766136,-0.0507910623749394,-2.09912891474045,1.84191407886791,0.415443743047376,-0.659791016344421,-0.589109930202149,-0.007888517221606,-0.935417375036927,-0.948058196723342,-0.80963538763434,-1.175537668244,-0.00175773495244206,-0.023205041572485,0.253456726161461,-0.0687704422479124,0.443194601821514
79.145,-0.304903360652422,-0.378750259555755,1.22835616316829,-2.6500616132691,-0.182685034039409,-0.358553657541501,-1.08311593846736,0.0229636548092857,-0.106197664259947,-2.21630790435479,1.77228661268211,0.488949561679389,-0.438528264362215,-0.767024925981578,0.0315658586007607,-1.61866287362531,-0.908390821537425,-0.964804800824899,-1.04761444147254,-0.0305354212983671,-0.031672610319007,0.147801561550005,-0.135155300922222,0.420609575450903
79.15,-0.409030664272312,-0.390954144933519,1.06945003195543,-1.6316195972094,-0.422221413575668,-0.442787463317092,-0.990306873128002,0.00816559393606786,-0.0962378725937284,-2.20299269266893,1.700508461117,0.522002857674745,-0.308373066722371,-0.85067253709688,0.0727568933695912,-1.95029540544414,-0.78549740349633,-1.24372838727106,-0.916608064169063,-0.0228161199601648,-0.0313204842885189,0.00268062323099912,-0.075930779280157,0.359582637777479
79.155,-0.539372677840501,0.17984385893363,0.787142178856116,-0.796874437756617,-0.490175884236228,-0.445022600680557,-0.903553855268787,-0.0393502793946915,-0.109677711593572,-1.8437891097515,1.62619400916943,0.586956398501313,-0.254627075408195,-0.831308832699566,0.143828905277576,-2.04121380964023,-0.640488295323659,-1.63128493622783,-0.819837454006094,0.0392061324486147,-0.0290091837535196,-0.108983633616065,0.0995309853085452,0.323207219771219
79.16,-0.695788166492916,0.794512749224133,0.704257777252428,-0.636480101238588,-0.390630950006245,-0.27978188776513,-0.872407983057757,-0.179141855574512,-0.109565110937341,-1.3199157704511,1.56998516570205,0.618139526235152,-0.2972491170479,-0.724727948158271,0.212619528017874,-1.94432582318348,-0.586722720561776,-1.8660629434765,-0.767594089153413,0.0647159523483109,-0.0316712209577238,-0.156294258377889,0.232240434196171,0.324292848448336
79.165,-0.787648053833747,0.716307873696286,0.789000054462569,-0.71553886203766,-0.122098677794248,0.00212216364436815,-0.891275248137619,-0.239925444852525,-0.0878614650925852,-0.440184791616934,1.52010602288527,0.618781413519787,-0.446807099877871,-0.508449314740253,0.349739696269683,-1.50154476394313,-0.559115544434523,-2.03696902836724,-0.709950256432658,0.0904317711916484,-0.0363057040078497,-0.165514242824866,0.384728047219298,0.305781524340659
79.17,-0.692538949445134,0.277268269268858,0.90959691504836,-0.71242956655226,0.015924270965948,0.113197633753202,-0.977491452315517,-0.190572359127877,-0.0430503038327523,0.343919316670434,1.47916728858656,0.59650362459159,-0.667077139130554,-0.351611536908781,0.531193712573493,-0.926838421244823,-0.38944093134563,-2.07127499320387,-0.686766998411262,0.104036394280683,-0.0496399768632126,-0.139961832401872,0.435450123680376,0.265461628849245
79.175,-0.545557095058305,-0.114566697147373,1.00701490650846,-0.56145731408612,0.0531560348015992,0.0632674661727696,-1.06767856744616,-0.104174439070352,-0.0224299681415966,0.985863213987717,1.46016701307512,0.585878454115163,-0.853358078869064,-0.263606975161497,0.599449893790689,-0.291895364458303,-0.312489574856812,-2.05655884742737,-0.687624747500022,0.117713589408687,-0.074717310583487,-0.125801057670556,0.476938906070402,0.195172388512802
79.18,-0.515454954535008,-0.178545449769447,0.998028824122018,-0.195913576902804,-0.0287449820550582,-0.0147592167762065,-1.13449298780928,-0.0430701044916161,0.0057727275012511,1.41327436286018,1.44038714297881,0.562818931104687,-0.993988218787535,-0.28925365282413,0.597963675473393,-0.24571642051729,-0.35674381717757,-1.99460853262508,-0.73306279121345,0.112257637867992,-0.0969887190186921,-0.13241770847148,0.459977271200642,0.130339400492794
79.185,-0.652048312583949,0.134344324000444,0.892124749012132,0.229932644674241,-0.0972640498866429,-0.00339454937208596,-1.14007914256975,-0.00637111723278928,0.00171028297353001,1.98867332712415,1.27070232043294,0.525885700632323,-1.13103445918223,-0.323063511449381,0.511364101907566,-0.265033266475937,-0.359170887250894,-1.76599039823029,-0.72591055460296,0.158340261425032,-0.117902500415658,-0.19178074739801,0.487163504212594,0.06994430631779
79.19,-0.692744490475924,0.325197251647797,0.793015632198917,0.326726218050213,-0.0799836072245426,0.0696677617623946,-1.0854454899421,-0.00366568728652095,-0.111155624711976,2.27586923084815,1.20105226128816,0.48897787868978,-1.16179677646612,-0.309266216533302,0.418739435918578,-0.295705739700642,-0.343847541166524,-1.59052295339131,-0.741996946943483,0.160618786543276,-0.115984454356623,-0.28052483275274,0.521697561078732,0.0632121041150342
79.195,-0.651402140636258,0.338400461509642,0.771094863797618,0.26903538724772,0.000278867285516352,0.144825235418912,-1.03645482705319,0.126577494835486,-0.156278205380211,2.34983989908801,1.18219222819513,0.448009929487992,-1.11695931015589,-0.261326641160987,0.315868423798104,-0.380356800851192,-0.334041482158879,-1.42469355276171,-0.794954538427069,0.149856288066406,-0.106640088576716,-0.390128096222934,0.493629542915059,0.0383196137979986
79.2,-0.577763147974727,0.249945680769608,0.827090158613937,0.225970798803422,0.0607796562570628,0.197715493823915,-1.03122894167443,0.338453998215469,-0.126613198070542,2.1262791849504,1.15774819247133,0.401827708311714,-1.07292877846202,-0.228855002123387,0.257867528221621,-0.466816350148383,-0.34119751851164,-1.3363497244448,-0.836034082858167,0.155252318126627,-0.103285864640995,-0.489878407697917,0.40906253524067,0.0386790818298622
79.205,-0.494889122531236,0.203068325580606,0.84831738615964,0.246186458809707,0.0860642255971073,0.223039343563994,-1.04927274377266,0.520980879359949,-0.0494731801720866,1.55587960853553,1.12203174391013,0.355738987866962,-1.01867046206539,-0.224922150436043,0.229829685424794,-0.504209693114892,-0.332634021151748,-1.20870004683032,-0.846070480693394,0.136523505370866,-0.0815621197068656,-0.606532637153723,0.267842621557188,0.0450077425325139
79.21,-0.444018886954009,0.248450446746946,0.84023600092444,0.290498430310005,0.0809106230735779,0.230299979983642,-1.01385751544703,0.499732364100371,0.042461974114237,0.735244435180252,1.08653323822034,0.304299846116066,-0.963085814785476,-0.213492785501787,0.20347513943754,-0.54698202507948,-0.304705302698941,-1.153828756155,-0.904830789177188,0.115035976088204,-0.0524095838131452,-0.666483232305267,0.154016732838509,0.0282312151196771
79.215,-0.425061150135681,0.3211339326918,0.83087235184291,0.298709399261369,0.0785763369500078,0.223395033161708,-0.963522375369112,0.387604934142035,0.0946452851762256,0.109161725734848,1.06729488713192,0.266387811220094,-0.9181329115886,-0.209345158037049,0.179984147582265,-0.515174999938874,-0.228844708989621,-1.20904907087028,-0.912617188416959,0.0905952132719259,-0.00619703321663757,-0.689591793016226,0.0561172723058358,-0.00648623731522537
79.22,-0.418710394832602,0.314006918197171,0.827957602438527,0.225973945417808,0.0975010328128041,0.21320043262489,-0.94849685187908,0.316288813006815,0.0693361758851034,-0.283851170803375,1.04436852473799,0.198628278118132,-0.862156226530666,-0.230000953267339,0.143800567911166,-0.398820803584967,-0.0925594128197702,-1.2938091111801,-0.917787355623224,0.0680428893157322,0.0321222018527003,-0.669752841868457,-0.0283216308953227,-0.0696306731020379
79.225,-0.427581386960521,0.28071739326446,0.822629130781997,0.0719626805782147,0.120425362234925,0.187244142506775,-0.946995745552885,0.289390831218901,0.088716315945131,-0.886792570770723,1.0236216511975,0.197772397399833,-0.830825869213651,-0.256413961655432,0.141841574569174,-0.313552936469746,0.0129225511124515,-1.31284036357073,-0.928938478055237,0.0623753308762012,0.0559360030809595,-0.622318771253877,-0.0782007339265649,-0.104158506232733
79.23,-0.444339464831011,0.283020449047351,0.831988139387706,-0.0496991351179032,0.13344264448881,0.159208516426723,-0.962383344816058,0.223916370382147,0.0837318590289158,-1.28742355399585,1.03376887730362,0.230291052235713,-0.817461767984526,-0.272253712102612,0.174971637012237,-0.28935749495208,0.125686250580238,-1.28663008708903,-0.938584431976158,0.0573922446791305,0.0762848866837915,-0.57272185720084,-0.12792530888741,-0.133160066834141
79.235,-0.4601998004685,0.286889040284566,0.823706549994131,-0.132557500131623,0.139523331448134,0.139715280997541,-0.965733632535457,0.154993981604973,0.0399345340480757,-1.55230489395091,1.05952096687071,0.284382888620924,-0.826298828849003,-0.265912565377139,0.238483071676349,-0.296871061653849,0.233466315533961,-1.21188771985413,-0.952981617059246,0.0499168104427884,0.0864798257500179,-0.498940697735809,-0.213593357605627,-0.152146404270327
79.24,-0.481853701691314,0.295898605326209,0.810660369106856,-0.216999584212256,0.144141373796021,0.125988907263801,-0.958950927290414,0.103311529088688,-0.00270277330118364,-1.60575237619764,1.08430403037664,0.321969246264152,-0.847940259288013,-0.240486055440203,0.305354757544742,-0.277994742300806,0.277805505644611,-1.14842814561621,-0.970284911333738,0.0406191867022776,0.080205120793217,-0.443040330001342,-0.29237276157441,-0.152957030161799
79.245,-0.505714573797647,0.289506883720048,0.81895043139921,-0.265112330700151,0.145043945108536,0.114585078164114,-0.964436510685708,0.0424131970264441,-0.0349485296731021,-1.38621057215732,1.09511137271147,0.316103169020705,-0.884716258333239,-0.202315221890368,0.376147151909952,-0.203185541261312,0.28549541800246,-1.067990740906,-0.978982489825153,0.0323490857574832,0.051081170897366,-0.407674390270479,-0.365547584337032,-0.143770350190981
79.25,-0.471464732529398,0.293386907692267,0.812557289776538,-0.27785457312441,0.137371366756915,0.0895803423676467,-0.984303363354919,0.0035837935808783,-0.029967400309396,-0.952613316189261,1.10167776275451,0.294898765143041,-0.92144782301656,-0.154651173044237,0.427517498775928,-0.0724834393607778,0.289222019319914,-1.01934715822322,-0.977637117454966,0.0159109869215833,0.00800995212416787,-0.386578168079617,-0.40909064283959,-0.112202933852538
79.255,-0.442009339939421,0.302093605594017,0.813702077223965,-0.266159466204724,0.124657045621807,0.0650295481083071,-0.997112590356473,0.0114802374199889,-0.00595765276015324,-0.524482297454163,1.09340513942261,0.267169028113843,-0.931585732931763,-0.121889098370621,0.441995922076493,0.0625056087430366,0.303935615064279,-0.982242010694383,-0.965600551252195,-0.00634500919948274,-0.0282776502860249,-0.380752220821643,-0.405540803349447,-0.0863314781372906
79.26,-0.425998402838988,0.305309319800205,0.820533619082325,-0.221293595426962,0.0992473404785843,0.0347333691325636,-0.991368416748715,0.0490200891085271,0.00811585629688562,0.061763538952986,1.07491062516195,0.251664837625593,-0.922389082462698,-0.0906215060492693,0.42382109204727,0.159838233247275,0.316535801704818,-0.964625439136615,-0.943760336886028,-0.0218490820245018,-0.0700731568537212,-0.361558594670275,-0.350847559522404,-0.0603353279494189
79.265,-0.402890027805087,0.290909203927407,0.835276473659232,-0.140569364888049,0.0717675700049255,-0.00774287260364937,-0.965033533609235,0.104615433577279,0.0275865862046424,0.426323526559882,1.06539503268649,0.258168257879833,-0.903888184579137,-0.0830681483937167,0.409388361558632,0.167206326366039,0.321437267821967,-1.00143747680489,-0.942723588670447,-0.0344543518412757,-0.0869179605390633,-0.346322239865116,-0.284707197601117,-0.0541995924024737
79.27,-0.391431269290677,0.294463059366585,0.831364275836614,-0.0674839048136414,0.046714274362504,-0.047415166472294,-0.94376418977642,0.167563316446099,0.0395645582048213,0.699470842459803,1.04961522507223,0.264440812945976,-0.882260056624611,-0.101854374555241,0.373964752623838,0.103596939723477,0.318175339581977,-1.07389322260316,-0.938965108291287,-0.0420967876273588,-0.0880529446857154,-0.328662856164743,-0.219667406623858,-0.0575044631059153
79.275,-0.381581723466382,0.311664635005593,0.823823591862151,0.0104778357168173,0.0259359945295367,-0.0860034106346136,-0.933220202088685,0.237783595586651,0.0309965507245165,0.882511358769737,1.03191020461644,0.264726471020763,-0.866203055935535,-0.134371617028814,0.326568174714398,-0.0155743623508828,0.310557883999744,-1.17889046157615,-0.940084724969163,-0.0499190591735406,-0.0781251456290298,-0.312837661997014,-0.162338677437853,-0.0780162197256565
79.28,-0.394079461707161,0.335904738949297,0.809527615061731,0.0952794316189716,0.00935354737307624,-0.142730926299803,-0.948815290689748,0.301366634592875,0.00469957029550142,0.961914439089605,1.00749947226534,0.245556684492595,-0.856375132233324,-0.161339007775208,0.2716043474441,-0.168472788776695,0.290070067856492,-1.30181787575372,-0.943158508034948,-0.0408206415991182,-0.0684464915982872,-0.317352129503123,-0.120487616607562,-0.116318729053699
79.285,-0.407008558837827,0.316523951192265,0.815546065109116,0.149431878971632,-0.0050800012312166,-0.197606359877938,-0.966440454423206,0.340945015638884,-0.0202335522106716,0.921806278728162,0.998055789866798,0.217161189954178,-0.852823292581025,-0.176309312379603,0.211372239248409,-0.304247876523131,0.266077250965247,-1.43943817592084,-0.946878214599654,-0.0360517933687812,-0.0461700487732897,-0.317018397370126,-0.0978970921668787,-0.154922761086299
79.29,-0.415515969984047,0.300655454532375,0.817471556635671,0.194060917405841,-0.0333711731529706,-0.268675136168964,-0.977434805822332,0.361758113749177,-0.0184966227759794,0.794274952892977,0.981938179134384,0.192950440109805,-0.853276325576241,-0.194674902304342,0.155810894051338,-0.356966606174385,0.237320757953793,-1.52242347350806,-0.943129555493477,-0.0317412209616405,-0.0135613407019077,-0.30365182323183,-0.107911153638581,-0.195659214013827
79.295,-0.422726417530439,0.300448416418534,0.823679436947559,0.224963121876602,-0.0556367823926805,-0.325186369405338,-1.00040836454271,0.382847323247094,0.00419942036649774,0.61326195090151,0.944257961157278,0.179603654468978,-0.867442622055714,-0.208654824362572,0.105283035086425,-0.370970566940553,0.183942994929042,-1.61914629258955,-0.941835911214598,-0.0234460784691507,0.0137271804650123,-0.290809959502294,-0.105866856873035,-0.213799924334396
79.3,-0.44411340623146,0.295838393772315,0.818555282725057,0.236313013695266,-0.0676502395591679,-0.363985755153142,-1.02324645252032,0.383647057586263,-0.00219218859570431,0.287897252868546,0.831343463302009,0.170034100215479,-0.881706952496345,-0.225333869370133,0.066735828070135,-0.340725442182731,0.123334721412179,-1.70323410158817,-0.93309623956553,-0.0246303797635641,0.0413722372630952,-0.279703645421471,-0.11060176174029,-0.22126329056133
79.305,-0.46720946760441,0.307932231819799,0.830224360955094,0.234942919785442,-0.0638062260776297,-0.373417710460916,-1.01783914630979,0.327229932232159,-0.0341768825305836,-0.0396458973172181,0.768235613042023,0.164221436972211,-0.896531100458691,-0.229328525453636,0.0310987254961596,-0.302275315261759,0.0447462708089686,-1.78129291800778,-0.934182168189046,-0.0102751513993179,0.0699731688625495,-0.267471916895442,-0.102308284452226,-0.214500875306261
79.31,-0.464512368666356,0.273015536747741,0.831002055058765,0.222279045577229,-0.0536830559299082,-0.370895662297564,-1.01573840169342,0.204619270480595,-0.0760798853366512,-0.305457922275405,0.727622075701174,0.14159699097761,-0.927144553673371,-0.225736672162542,-0.00380156016672668,-0.262486675747566,-0.0527662276472127,-1.84866141303408,-0.931744409706774,0.00307724403400773,0.090902462665688,-0.253565416511524,-0.0892809471375897,-0.203851201736718
79.315,-0.476374888050858,0.252672952670729,0.83981223692433,0.197491781581798,-0.0530601659209688,-0.37750925000333,-1.01750558900814,0.127681019560382,-0.0924924495189999,-0.476647395784402,0.713222759919536,0.12319867634695,-0.968285912673537,-0.216943105537088,-0.0387542360148454,-0.26457832024054,-0.142274509338741,-1.87025477910178,-0.917403754268357,0.0126830057241847,0.105009611078269,-0.252599654423388,-0.0484417933795725,-0.186256826592921
79.32,-0.467386310251076,0.270473093105747,0.818459827973541,0.163912061426418,-0.0410497504340497,-0.371562643023717,-1.01258800506798,0.0789975612190104,-0.0985480938240442,-0.493869785731906,0.699628454713436,0.118124417960644,-0.996142472253775,-0.204571987380206,-0.0723617499477586,-0.3073598926348,-0.23740012616631,-1.86268679814793,-0.912868664939412,0.0286086368230379,0.105755988991578,-0.265769826597356,0.0186011268695366,-0.172679403019541
79.325,-0.463792443976393,0.285768985240416,0.829321876044723,0.0699221543610749,-0.0177807356488372,-0.392526463395343,-1.02088201118531,0.0590934174670229,-0.0786042467877706,-0.419313248225508,0.708119103331148,0.12803680787305,-1.0315853617327,-0.180546998254389,-0.105427148474034,-0.406947055346434,-0.34713866301434,-1.83748656065073,-0.895876658137159,0.0456258587228913,0.0982751129083948,-0.29157532912561,0.0825176383397814,-0.157928569494995
79.33,-0.464715410654089,0.297434149128034,0.824052845454262,-0.0177052270952716,-0.0151331875463702,-0.413018699952494,-1.02348475271488,0.0542748500003782,-0.0609642655763071,-0.263015196020245,0.708799236705272,0.145161017740857,-1.04242537180248,-0.166930237786702,-0.124515893078072,-0.499716962502472,-0.406287057533632,-1.80687900278863,-0.886599406223597,0.0620126188384137,0.103474952634815,-0.313813223711317,0.137971646508376,-0.14680286504113
79.335,-0.471709286762315,0.310029971788124,0.815027273318855,-0.0784005831113052,-0.00974167140045428,-0.426106791187407,-1.01526087198004,0.0640629385733421,-0.0708846427620167,-0.0785114415215371,0.705694452271093,0.168676222341084,-1.03646426640904,-0.155075324318429,-0.124936567093414,-0.635882298876254,-0.446221452759824,-1.74236122316178,-0.882109754358055,0.0759355206383509,0.121152840839461,-0.352161402206363,0.176317881576365,-0.131105249525185
79.34,-0.477857675694892,0.278605852212264,0.827870921378884,-0.112405184019384,-0.00827306509017944,-0.437981079150678,-1.00016522625681,0.0827936370195401,-0.0946950175910798,0.149730077118987,0.701770642599857,0.184228835485427,-1.00758046541982,-0.149208493706265,-0.105226396685252,-0.734081415101383,-0.452987938028589,-1.68686495124434,-0.867603592974143,0.0881339946116441,0.128490145273646,-0.386606571741969,0.189565021244876,-0.132940836538257
79.345,-0.485274212278084,0.266298980424835,0.824531254817239,-0.135486692669083,-0.0350800892874228,-0.451067656996104,-0.985951352573955,0.10439541595142,-0.0829782182747702,0.365408060858634,0.704457254212249,0.202311461712582,-0.960750817752115,-0.155666138538951,-0.0665269712260088,-0.854108062168261,-0.412639071955273,-1.65706587869932,-0.864556709246889,0.0959282910406226,0.150678369157426,-0.404720559760298,0.189446262949161,-0.123266708082435
79.35,-0.468085126959801,0.283642868617031,0.807281030275103,-0.114233336509005,-0.0571834750392523,-0.460475877277242,-0.982998538800704,0.140495046908189,-0.0655230110293937,0.508578147587658,0.714107400773452,0.214127746642563,-0.862372935533406,-0.167335011450545,-0.00239861588748477,-0.928387882577066,-0.324460015231406,-1.61421080885428,-0.857544226314695,0.100758786844429,0.163300913742815,-0.402033739235996,0.174951797503754,-0.108144294720242
79.355,-0.477696304768758,0.322536047699652,0.795686552313444,-0.079515391962298,-0.0649281870880586,-0.46132271845511,-0.98093748510588,0.197203379280317,-0.0582542974109966,0.603309466321002,0.709266168387735,0.207333604090823,-0.785027374820436,-0.182322715851159,0.0476984612382294,-0.930331251462932,-0.221709607505697,-1.55471098394552,-0.848603211932157,0.0938919998841244,0.171953893506955,-0.381198058294121,0.154960417217616,-0.0838114423137805
79.36,-0.495415710542439,0.309246309996042,0.796125145486015,-0.0692860990232708,-0.0751883724893392,-0.468740608867995,-0.969129607170136,0.211118304913841,-0.0454827891987984,0.644040130689685,0.717889837715455,0.19949644376432,-0.717164480648599,-0.19779734975031,0.116868705099268,-0.90812589647624,-0.106840737914103,-1.48455019266343,-0.845371763312614,0.0772203041741537,0.177584036279444,-0.357953750279338,0.159751427616914,-0.0410184579804125
79.365,-0.514927708125361,0.266843015126737,0.808400736750996,-0.043089891380561,-0.0434489423812659,-0.43380856745942,-0.945458254607678,0.204899025493699,-0.0416147164566451,0.516581671012779,0.752092445043987,0.191582004068131,-0.702212142949983,-0.218917327515408,0.180687197073895,-0.812744464882592,0.0135674516479626,-1.3908982327044,-0.863191038713366,0.0704196590372142,0.181685591411795,-0.329805139811123,0.176751393323053,0.0115486477086291
79.37,-0.523443797841541,0.231882443626287,0.812516400941967,0.00180795592336347,-0.0393114851836802,-0.391287811132302,-0.917815274761648,0.217744638180155,-0.0424924219542088,0.326429517648765,0.799905851119115,0.161224275924906,-0.739957574487264,-0.261113250345845,0.282582299593964,-0.671270170508648,0.132292854246595,-1.28013072667653,-0.876497340992838,0.0579496920591053,0.178799507537194,-0.310396373590905,0.203970856565884,0.0504841386656502
79.375,-0.496153361787256,0.267980658881382,0.822038651642964,0.049705076095007,-0.0384341578046317,-0.341876203432145,-0.916060047995945,0.206686877742704,-0.0484092094679157,0.190330136127882,0.833018699975171,0.130473755639869,-0.801958524543119,-0.300372271749848,0.354175606880743,-0.479408681964384,0.244904856735592,-1.16902703528332,-0.893676316517143,0.0426777446015242,0.169283778651899,-0.293261872836481,0.243718801997975,0.090547596887321
79.38,-0.459743683676665,0.286950074048565,0.8204378042218,0.057370311354334,-0.0355897238530594,-0.317132484238153,-0.955408461958452,0.184192708618622,-0.0195585869976793,0.0954245233268593,0.854195525046726,0.101781379024704,-0.899378996106527,-0.346073733908855,0.440231045594629,-0.308553502460962,0.333331855639193,-1.06719000409492,-0.916567292816413,0.0307222632233989,0.15450934569888,-0.291638203083484,0.269705388630419,0.10463485035847
79.385,-0.450224154822693,0.289887162840057,0.822522373314327,-0.000829968018614209,-0.0279049445603655,-0.322967294476582,-0.987546363042647,0.189114325021945,-0.0085085846195805,-0.0200618804824721,0.858562005462583,0.100275997593419,-0.973626191776291,-0.362773901986814,0.500570426853632,-0.0717110217146691,0.416777584878374,-0.941051512598082,-0.923183083706616,0.021635974457476,0.152619695169699,-0.275932800255479,0.262397443004339,0.100317618337472
79.39,-0.461424032119073,0.275294214279343,0.823045728140446,-0.0615850094927843,-0.0223848424731731,-0.340693068813641,-0.99864613009689,0.213100439638716,-0.0216897132145226,-0.0953410921597078,0.851262364066506,0.107901759403657,-1.00896765087686,-0.384637512527054,0.529552975570319,0.0837318447079255,0.437008476476667,-0.859274575630063,-0.94526612866048,0.0145093075478351,0.153935167346287,-0.273347741006214,0.230172769612211,0.0896139389303018
79.395,-0.476261279898065,0.278408109008839,0.814887307026834,-0.107434910198455,-0.0156813773878488,-0.356632037922246,-0.987626914038047,0.213127350654855,-0.0489385209959565,-0.184858517505475,0.858930662676712,0.119718762174293,-1.01392245637898,-0.386266180365195,0.519356785124502,0.189135447708382,0.405973546758938,-0.870583082742444,-0.987387984007193,0.0110736772997333,0.155204444100058,-0.278254151344299,0.185259966102036,0.0578700674494998
79.4,-0.483136855547157,0.277155161224811,0.812854034835687,-0.167322240054962,-0.0186532935436049,-0.37527368690582,-0.976362831430853,0.203681762271006,-0.0798478395049286,-0.250376596360542,0.854895748231223,0.116126211541307,-1.04368428386451,-0.367972333002546,0.531664855483917,0.33347054607144,0.470141380506096,-0.895564997122947,-0.959549368139356,0.0190212332364443,0.144682455637275,-0.270023091476193,0.119903054947467,0.0334148455666647
79.405,-0.491843202167367,0.260087630050965,0.817755619797185,-0.202464121934703,-0.0221536246644069,-0.392818851333358,-0.963590663741187,0.193027768220029,-0.0923946604979718,-0.329323657005838,0.882004359000544,0.136677889509311,-0.968085606894312,-0.336608434684302,0.43083242866927,0.755364874555183,0.538528990909299,-0.95065840351403,-0.967743614221759,0.025717021568503,0.144172008573944,-0.275981122171325,0.103355033893592,0.00993034675335441
79.41,-0.490338172099744,0.257964233835581,0.817976368176708,-0.23181899158254,-0.0377010604725803,-0.401075075728141,-0.968056769951124,0.181044798423622,-0.0903201463362328,-0.327436113812212,0.88218084705124,0.140917167970309,-0.93470858287991,-0.309949079180677,0.361037839691852,0.733288896053375,0.401542511017535,-0.917983957143258,-0.887099945150651,0.0276590373155886,0.159720374279606,-0.259155568864445,0.0470249000292386,-0.00512145783317714
79.415,-0.492580855487846,0.264995939285746,0.811605115325412,-0.25436290313485,-0.0654327564617055,-0.413072291074056,-0.971717892178579,0.170769155233326,-0.084258806071068,-0.309376068404267,0.888881633740989,0.148183895846249,-0.929062486907801,-0.277503381323719,0.305889195667095,0.617023568980274,0.238713915812064,-0.776266905103564,-0.815816716741569,0.0711115137965055,0.169773824823637,-0.228007480496142,-0.0301192934798663,-0.0461602762860115
79.42,-0.498992856817099,0.265355469557405,0.818387187450347,-0.257222991715319,-0.086152872869133,-0.407935488031325,-0.96477344372569,0.157374066229759,-0.0628016241261011,-0.296991513057596,0.902997105690088,0.147491520824599,-0.918310060381885,-0.236725691210469,0.263550504755214,0.552358913390338,0.145692309580341,-0.585341113987991,-0.812030049349511,0.0285596309438885,0.0945426382651263,-0.231962100953687,0.0780510670152429,0.0480896333287675
79.425,-0.488591116328797,0.237609538247354,0.84271080142183,-0.224944353913619,-0.0722510783087585,-0.370176436293747,-0.965923265284057,0.150473634230406,-0.0582789976942516,-0.290218962892759,0.913165659699823,0.142632437439133,-0.904982304393329,-0.211850833726247,0.215196508020117,0.530953718121869,0.124007494248585,-0.482061700023846,-0.867137377141685,0.0294403705655512,0.125717194987954,-0.164162806421536,0.175961322185942,0.00128070161587649
79.43,-0.477124035771596,0.188303385835683,0.85947411681879,-0.157782820265866,-0.0787931736371017,-0.347398610772364,-0.975269507885213,0.156825352889662,-0.0744455873229194,-0.283058253670368,0.930939121603461,0.127578990337873,-0.898075058793678,-0.20212577185577,0.159251364456679,0.407914854096326,0.0624138509243091,-0.486759359116885,-0.867280973513094,0.0273014967743189,0.143628047344323,-0.145693486819576,0.103224166450672,-0.0633138917788587
79.435,-0.489143399996619,0.221073420608029,0.855072298062904,-0.0831340015651969,-0.0856217954151099,-0.328096326597269,-0.98678280961166,0.146223282302396,-0.0894054912989191,-0.21980417914724,0.932944358309956,0.117708021949677,-0.912720347589047,-0.201709384438917,0.140589882642087,0.288046665558642,0.0598242646023209,-0.619644871814936,-0.821176290952063,0.0325479927877606,0.127592504186865,-0.13470801438102,0.0807425389686209,-0.132394989608192
79.44,-0.486365783363836,0.253213417400818,0.850890226539021,-0.00290920794938006,-0.0899851347521555,-0.309128276850101,-1.00374433875006,0.112009386441441,-0.100494574947395,-0.12674007613486,0.930106580257416,0.121609544289841,-0.929128001102462,-0.234868684767022,0.0934402968486688,0.21193295064324,0.0615081308037628,-0.838398990255413,-0.815098980720689,0.0582353651784322,0.143667902256679,-0.115880408310267,0.10549869812175,-0.205490267701885
79.445,-0.461395648991658,0.230378018193631,0.858207584611019,0.0223871737161532,-0.0888060233314092,-0.327683207728381,-1.02462180841091,0.0918507311916276,-0.072143711352708,-0.0178895520010192,0.933111212030598,0.125355409389265,-0.958264597629814,-0.258807578602274,0.0779445326039459,0.0645543186618995,0.000820398551835194,-0.900600341228911,-0.852205104677963,0.095209723314577,0.156107417434707,-0.156438696658675,0.105789559750868,-0.202984131016439
79.45,-0.460967620969284,0.247319948825547,0.844137300246353,0.0491894276254332,-0.103665736843965,-0.342149726695604,-1.00520992014335,0.107500042921213,-0.0684843663362336,0.047781384683754,0.940258510104401,0.146581690684101,-0.970207012062224,-0.25901790215083,0.0795361431671249,0.0333687872860417,-0.0107762030278157,-0.899781668397684,-0.855443355781311,0.111383860879006,0.181409911865379,-0.203265545755011,0.0624474446139619,-0.119624092283953
79.455,-0.473670366465328,0.233837823049588,0.84016546611661,0.0548413110701723,-0.107399458900162,-0.360986033641546,-0.988419729689994,0.147189281222947,-0.108897983153363,0.116232932992361,0.937645928967263,0.174008537965618,-0.932758065603359,-0.238994889814723,0.0635073462480918,0.0690846060976065,-0.0201926487300875,-0.894953427228988,-0.855367565783721,0.107341667266819,0.201899530043702,-0.201684961878539,0.00649082902765088,-0.0618935779668832
79.46,-0.489072322205261,0.236734537332402,0.829527362377569,0.0812318733460195,-0.12193272304374,-0.365223528350993,-0.98117334066621,0.168759744999557,-0.160831404815887,0.165584772987821,0.949654454147039,0.198287411183179,-0.917620275352418,-0.228367979350799,0.044448493253698,0.0100916647660724,-0.0978975429835381,-0.931704449891976,-0.859736454956302,0.0867879217957726,0.217455410575383,-0.157848417952391,-0.0382385238951547,-0.0574718216639201
79.465,-0.48822457975028,0.238878590047849,0.828434175673201,0.0880361428097648,-0.11388780869685,-0.370703605935294,-0.969551532862127,0.159965569025313,-0.15680835611514,0.142173913821447,0.948557276205595,0.212964585690418,-0.901973739414967,-0.215282005624967,0.0263492668619777,-0.132797354615816,-0.204974935015392,-0.952089326289743,-0.846479633298562,0.0560873365340662,0.224790554294975,-0.0838231628995027,-0.0728187514480862,-0.0830602621590252
79.47,-0.48435531090721,0.236571165501089,0.823410915091535,0.0831399137023831,-0.11299854787464,-0.380792494679553,-0.984438506564035,0.15227501646486,-0.14797440729054,0.118046242085567,0.961215678960178,0.221171808742181,-0.904708306344759,-0.190979694257941,0.00014054860237955,-0.115754634460964,-0.199483910351459,-0.954502334451196,-0.838053829704857,0.0272384713325038,0.219717604914034,-0.038015884378007,-0.063537243538956,-0.116917073063526
79.475,-0.489722586085335,0.234438140731816,0.823851358755186,0.0664298287516488,-0.103457981260639,-0.390185932387916,-0.996816692454643,0.143886633596376,-0.150730911756652,0.116417428744736,0.97386880245943,0.225492176800428,-0.901511072263585,-0.180572680022883,-0.0366770037267068,-0.0743527599825982,-0.186126465782931,-0.926044600660111,-0.859308598285132,0.0166046565605823,0.224754196698916,-0.00979909752111671,-0.0728811100125313,-0.168681033247791
79.48,-0.499896252583558,0.240888646402455,0.812666388181564,0.0514015165281543,-0.0853098090716569,-0.387150655734025,-1.00284546960478,0.156309313577391,-0.159545158692337,0.0885902942879231,0.990187207197369,0.223267378713457,-0.895322758147459,-0.181081495491263,-0.0767067103480615,-0.150396808588246,-0.209972809834104,-0.913378443295873,-0.897424128410788,0.0180260651278085,0.235399936160897,0.00708939328195383,-0.0740647279932099,-0.241350152318966
79.485,-0.502394727846818,0.244104065323319,0.814417656373014,0.0235712794135424,-0.0573337835851674,-0.387551411526563,-0.993840209438219,0.161603798260434,-0.152802135507214,0.0510263364764352,1.01493594196876,0.227278213564319,-0.898137629536272,-0.182199057213584,-0.0796045970487305,-0.241432815042038,-0.214668929576874,-0.9600011218911,-0.886668908711774,0.0277451369000392,0.237380655448477,0.0534186489582943,-0.0960856363912049,-0.281499066664867
79.49,-0.491965443708688,0.234242219705176,0.834341801919578,-0.00498267507622124,-0.0154671492242006,-0.37694774445592,-0.997759232254173,0.158472081004449,-0.137332793752264,0.0129786503324969,1.02468513796429,0.215453815182586,-0.905541966692886,-0.177979572916065,-0.0848063900609265,-0.316360721292006,-0.210000365639596,-1.01372780671787,-0.898454864861307,0.0405499975131059,0.240973059551201,0.0759330642316889,-0.0938166069913466,-0.290954986625873
79.495,-0.468285746932188,0.203451840312658,0.856534934232728,-0.00123859439275358,0.0168376095382072,-0.364759124112595,-1.00564946471049,0.161745147284742,-0.126971267451896,-0.0595727460627122,1.05077594649969,0.206547257239346,-0.926615940596834,-0.18104932519932,-0.0814453698236912,-0.386842779322775,-0.198839322080415,-1.0787367370401,-0.913127389645689,0.0611252946390154,0.24890930817053,0.0848127957185151,-0.0714300243417867,-0.291308486043801
79.5,-0.46933558830385,0.223623971761573,0.861904921051219,0.0364141192093029,0.0522389023773244,-0.353187329925734,-1.03152917413743,0.150535018237883,-0.149000904754753,-0.0819774047196897,1.07116198015144,0.207308113574982,-0.967242416123422,-0.18787791313388,-0.0826330391101919,-0.430121827230207,-0.192789659295194,-1.12344192367382,-0.924577307457157,0.0727495072733177,0.255642333609628,0.087009982750188,-0.034394764804094,-0.270589760899694
79.505,-0.464280796604608,0.23061380321948,0.869095363728681,0.0754346442044932,0.0813543562307134,-0.356096409593259,-1.07128562663611,0.121840371140651,-0.15881915772183,-0.00594439601381134,1.0867067315337,0.223097213546321,-1.01833503440232,-0.201058214931524,-0.0848984729899794,-0.489105845832523,-0.189756830505049,-1.10841930329715,-0.9358573462201,0.0750155501400928,0.259553739264913,0.0862376008900597,-0.000550416918373205,-0.23878087270262
79.51,-0.357633204457186,0.179644594601304,0.911841355725247,0.1356118538682,0.119924688731712,-0.385056120476201,-1.16280349180405,0.116164816139598,-0.203360738162161,0.0628218793667764,1.1032241797575,0.26733898348063,-1.04641263015241,-0.216006407325036,-0.0841906404370756,-0.54148164117458,-0.196118224177458,-1.06429753800565,-0.947096641332818,0.0659252626603029,0.268087373949122,0.0886792553793047,0.0224110707640648,-0.197318188666551
79.515,-0.400039941991525,0.459925326602384,0.787087921498321,0.339242836483763,0.0906131127377076,-0.423998744762469,-1.03743858157746,0.367582321041513,0.0267986069062599,0.469853933763456,1.10065131070062,0.343901193662649,-1.04927865384563,-0.251864009321385,-0.0795917832236358,-0.623313931665131,-0.211744588041167,-1.0063632474122,-0.951015038471624,0.0557254926333876,0.272626903086947,0.0969262349712072,0.0198474996410241,-0.170161495824902
79.52,-0.601651260871105,0.307096760643244,0.834257218791263,0.177033773883243,0.258783904147522,-0.569696508120792,-1.04316109085185,0.208796682307064,0.0360357859320118,0.48106853747342,1.04307368990209,0.420430815688706,-1.03173136788694,-0.268130064438133,-0.0745150996312886,-0.732304718284136,-0.225777853844761,-0.941736959675773,-0.947019822240953,0.0358645269694358,0.278660771110192,0.0929751901254094,0.00916189666386176,-0.145523114428839
79.525,-0.534209971357709,0.00219051798174039,0.880736634651893,0.16854426267748,0.278735941825426,-0.620362838391173,-1.05448390551474,-0.0202933105435512,-0.308815744488999,0.397343161167463,0.987685054674528,0.442801409793406,-1.03077746885951,-0.276059758719193,-0.0561563676095789,-0.828143817186483,-0.243759463099569,-0.851914814304215,-0.934626266044246,0.0304383235606301,0.276742246881983,0.0802807307301485,0.0215156574527374,-0.136389743005018
79.53,-0.542943232564594,0.261433294007923,0.807601223257579,0.315972331012691,0.326611368120118,-0.436689643953434,-1.02091575931359,0.0314450867132934,-0.261852309840631,0.811649703423414,1.09973083625752,0.489608906125477,-1.03913788133351,-0.279825469489447,-0.03982022567047,-0.921754791112397,-0.267394150666397,-0.764836709782599,-0.934218157721975,0.0338691921776771,0.278390749198689,0.0575717994526245,0.0338233039952507,-0.115273364625956
79.535,-0.522199865475583,0.224356049896362,0.850282262870626,0.254813379659312,0.393014696728092,-0.455463371539634,-1.10530511168702,0.145478458882002,-0.164383041282784,0.890552182024738,1.25011184051578,0.298446136274817,-1.04183184507377,-0.260257378396387,-0.0151021332458843,-0.993644553484196,-0.299209012253138,-0.692661453101842,-0.952537352669035,0.03246807539323,0.290790183824125,0.0313065368334388,0.0373866252077328,-0.107445605470973
79.54,-0.474440387165879,0.183582246241821,0.881150352105803,0.2741243908824,0.404659688472748,-0.478481076269922,-1.1007457864301,0.0943200648166116,-0.118724478937977,0.843017735400667,1.25043841065634,0.318234395368215,-1.00649674187084,-0.246812537678103,0.0567853598074561,-1.04161998330696,-0.342229871473078,-0.63116438336183,-0.9748939802187,0.0310857405897101,0.303110108817429,0.0038686565409817,0.0266110518344452,-0.103167185683523
79.545,-0.452506429696634,0.180574461313271,0.866712724344736,0.313489247237133,0.473684943475032,-0.430349871161983,-1.00398756686744,0.00119288249751054,-0.137780560192909,0.977680370401543,1.197092861317,0.336145035243719,-0.985284266422498,-0.222339056260075,0.103485266786704,-1.14100428005962,-0.37680300270077,-0.681576811693312,-1.02844644930425,0.0491878689764584,0.298825030267172,-0.00360407852947681,-0.0135167139360915,-0.119822995513138
79.55,-0.477124036509258,0.15123347281341,0.883614126892476,0.301861866100708,0.556432431055299,-0.40009861005338,-1.01504493972161,0.0523623083980658,-0.167242891546823,0.957586766772547,1.26059665994427,0.313153785212748,-1.00956029499836,-0.199743449678505,0.201459760579901,-1.00644263236078,-0.238661146478904,-0.713558798149104,-1.03174204122751,0.0438240644040652,0.27516231499076,-0.0137138659024633,-0.0211762330112868,-0.108242801708701
79.555,-0.492481787965824,0.143640633573733,0.883071866632682,0.302761107144896,0.641380469211948,-0.347919173263166,-1.06392891173622,0.0616955070087524,-0.185152820187204,0.830744284851133,1.32527431480478,0.28254523686646,-0.959527945509884,-0.184405329048842,0.186300825052633,-0.970823254791694,-0.237184659094569,-0.685035325416905,-0.967782902688368,0.020618707156777,0.266572869640665,0.00553143105417773,-0.0395348244027994,-0.12807784436595
79.56,-0.494007684637075,0.159297329064076,0.882595951995633,0.292293513310265,0.722379474039327,-0.297986488788811,-1.09715830611857,0.039435114135082,-0.20718833067775,0.69348823005062,1.35651004701072,0.240150333698359,-1.00305576480193,-0.194797862728444,0.171489608717612,-1.22728741118805,-0.343797622986321,-0.663358853423348,-0.924857497624898,0.00624317900888491,0.250906589390066,0.0611522275818107,-0.0116956343246997,-0.204690113625523
79.565,-0.486395693330314,0.164952800418972,0.871479409583976,0.295845695220323,0.808264191303894,-0.242439946350602,-1.12119272235893,0.0486199144508705,-0.214300126918254,0.560579809817217,1.41908909701921,0.210668508249167,-1.05344755548321,-0.201855565730262,0.179395247836337,-1.25871324124028,-0.285192696021578,-0.448281326207055,-0.97382331372006,0.0273435276881259,0.243646643305476,0.101839016883934,0.0762580778972874,-0.269374626995535
79.57,-0.496708516676216,0.186556696407676,0.859707080823108,0.313772395072563,0.894848622771694,-0.219597866044317,-1.14164850193675,0.0974418737327287,-0.21340074768576,0.460210390478796,1.46585368490389,0.174531862521302,-1.03492753822508,-0.174270149658723,0.174061971418937,-1.28310060392788,-0.237871192618415,-0.379022726289058,-1.06962992662762,0.0565501938348506,0.241675159101225,0.10794574393839,0.187038983455659,-0.291159363849865
79.575,-0.496242425625854,0.219534481745911,0.863213239288168,0.316735724552454,0.978725736656212,-0.210507107061549,-1.138067612648,0.099353934470207,-0.20793726517794,0.391738508407851,1.4926529320937,0.178668587693807,-1.00095934038576,-0.176493559194661,0.140220436712951,-1.34665006469469,-0.167026510651948,-0.422342161168036,-1.12049252266476,0.0791109224058779,0.252169130950474,0.0999540142822789,0.210510807808973,-0.24968948408787
79.58,-0.505189933326205,0.218699547109094,0.864738817733279,0.310211783245805,1.10077850919639,-0.210668352379102,-1.1206361777621,0.102546383601105,-0.228430886142043,0.348418047852734,1.51899008046916,0.185118453251516,-0.986324144431936,-0.208843288714613,0.12783598276703,-1.39483417362094,-0.129738578773152,-0.49075774228848,-1.12979275279455,0.0695939073797773,0.280720180396333,0.120536695049794,0.17610743663545,-0.193214079155835
79.585,-0.487921000646951,0.221424023165936,0.849856360432506,0.304594356112665,1.1990517463301,-0.210976866655681,-1.14037349677054,0.131415685153278,-0.238524465811906,0.299920931826529,1.54046626157259,0.185219536285769,-1.00950758428246,-0.249371531907771,0.135336073960184,-1.49490420789445,-0.115476580849049,-0.564731133291181,-1.10735636023889,0.0465810007357359,0.300722752704911,0.217694460386826,0.126509778678179,-0.190624523889713
79.59,-0.502224060581677,0.217221103452949,0.867455194776913,0.283206851623075,1.28799194082061,-0.222772336988847,-1.15165370735469,0.140992478907203,-0.242925399145837,0.267382224510519,1.5744209583452,0.175996838588319,-1.03400903680301,-0.284282403524081,0.151270963711508,-1.50859279666958,-0.104830505216886,-0.577825624361888,-1.08893267502878,0.0396338458624454,0.3010257476066,0.291826646311844,0.120485954709116,-0.195634283284129
79.595,-0.515246340919338,0.216584699712253,0.861943144526166,0.290225244176949,1.38359995675387,-0.22969592062623,-1.155468190843,0.137927587376022,-0.241260509928613,0.249413612433479,1.60647741543861,0.162682694595927,-1.04961672921548,-0.316873641437233,0.180066542357821,-1.39561676357666,-0.0589768248451666,-0.541120821333222,-1.09816109155132,0.0413670743112078,0.302379708413571,0.339488093987176,0.148694495050922,-0.196021269009763
79.6,-0.518280450573252,0.22254624043109,0.858456537065054,0.295051515102386,1.47744074308515,-0.23376842663827,-1.15744791864064,0.128424164458423,-0.247549289503503,0.259115767369167,1.63111219690052,0.153920730238637,-1.05303603586659,-0.332976672891481,0.212540016632584,-1.2808091666488,-0.0205693569925311,-0.499244195809358,-1.11469259528892,0.0448344867999858,0.31308606637344,0.337845791761569,0.163853206199041,-0.179220255636037
79.605,-0.513086933104221,0.221461130610556,0.864974561023009,0.311556107857288,1.5863212919932,-0.23601695135516,-1.15008020178687,0.118486532028298,-0.234439596314246,0.284292467374907,1.66211772240413,0.146294919467544,-1.0517031455276,-0.326200168813536,0.251052125366356,-1.16456138668627,0.00445693963547192,-0.49700609737785,-1.12479664333601,0.0502469945384384,0.316819023207716,0.32068480272445,0.177824464745764,-0.167376923142514
79.61,-0.516558619862075,0.216564191984462,0.86627456893727,0.324253087938349,1.68025840209462,-0.240080421195341,-1.146134388325,0.126576024715855,-0.231925546898728,0.304903652579009,1.6884881525119,0.131097586508597,-1.05064340826349,-0.316005541487899,0.300404675468868,-1.05155721623522,0.0270479007770327,-0.473386357668263,-1.12886845479879,0.0545167716933093,0.314646923344789,0.306495165399073,0.180452036478287,-0.153479020211139
79.615,-0.525338125832999,0.203145716567879,0.869535869658999,0.330052608638509,1.78086586600469,-0.239129764182303,-1.14826925916605,0.126142285160741,-0.237888775564126,0.296952527754195,1.71426558144421,0.119013925053505,-1.049367544798,-0.304258928001561,0.333535786179831,-0.949302545040404,0.0445048426069333,-0.471192101613758,-1.1283243744586,0.0576654512137954,0.310570487141642,0.3053531365827,0.17472205236966,-0.158441032228968
79.62,-0.535620022626337,0.205774119373544,0.856485002908388,0.349507219733476,1.88693632533178,-0.238964801081074,-1.16728888397177,0.116175263686694,-0.247764472788631,0.264987786789557,1.75110848823745,0.0953660655683144,-1.075592549545,-0.292645000408044,0.358745971092408,-0.825366345998903,0.0722744100524868,-0.458117891214569,-1.13726751605592,0.0514850063915478,0.309512748222195,0.285871537624458,0.172625116091848,-0.153250623914899
79.625,-0.557237966997229,0.247563909095895,0.834323484050652,0.329259123073726,2.02096135285157,-0.242089393252952,-1.18272194796201,0.116195739060875,-0.254479845594209,0.269156891210196,1.78310162666633,0.0708435167783715,-1.08818728054471,-0.282171618654382,0.366230252976376,-0.758421532475341,0.079332202145068,-0.409894888383673,-1.14109957548304,0.0496937019389509,0.306597428056528,0.249290140849072,0.194153014460493,-0.147729823375678
79.63,-0.549210650467688,0.242236032726526,0.839471581687158,0.284721430878417,2.15594686045881,-0.240484101351813,-1.18814963617025,0.125373988672021,-0.237531332747296,0.24040064324228,1.82268912530841,0.0628996291613387,-1.08854948195761,-0.272537856347735,0.35345100844479,-0.732280369587108,0.0794763114315665,-0.362911271878063,-1.14270100639322,0.0315713629416286,0.305096857971445,0.206775373211957,0.219469128378089,-0.141290949982922
79.635,-0.547279560958159,0.246035137506825,0.833999510461625,0.294163711823921,2.28907094368423,-0.24562008714076,-1.18118495083701,0.144438335712088,-0.239764092138676,0.199668442613523,1.85485773913917,0.0502096701877902,-1.09338642448928,-0.259948615739457,0.334777978520898,-0.728150202842006,0.0774770657020607,-0.336315174179643,-1.13868345357174,0.00936845857506327,0.303516494944775,0.186770854045823,0.234091314688581,-0.14370488204894
79.64,-0.55843387327134,0.260331968582961,0.830584605734811,0.289551808493103,2.40373408120562,-0.262648907576125,-1.17151482015835,0.146403879126711,-0.235760964703578,0.168331909177651,1.87758374016618,0.047215425906126,-1.09458576554883,-0.226527204100688,0.302595654738215,-0.738695224214329,0.0916929876719465,-0.305190033666791,-1.13320887018129,-0.00761421065668039,0.313471901510644,0.152110604415565,0.249524653638815,-0.149210617277903
79.645,-0.566594448190959,0.241181500030903,0.818314087916245,0.272518196898068,2.52095543247476,-0.279429018516456,-1.16236377200834,0.138948232254307,-0.23592917774608,0.137616143855468,1.90938431019974,0.0492371399084793,-1.07352019620934,-0.195494983146025,0.260962889702919,-0.755705500052652,0.112487805037411,-0.266598530415125,-1.13264485076116,-0.01005035834872,0.335481204500357,0.123081992390811,0.24720287322998,-0.168775769462502
79.65,-0.573721861766573,0.240214323741523,0.81723889423733,0.281305062567305,2.65502786159588,-0.290958512332321,-1.16161732601592,0.140874329283472,-0.22794510408205,0.12658843902522,1.955278926133,0.0454964761037567,-1.0732465514855,-0.184429181550567,0.230078151463947,-0.752402020739877,0.137845090167912,-0.244733416414546,-1.12363301230913,-0.00269714094151969,0.357734741238799,0.0923359490189737,0.248454432692418,-0.201048395751204
79.655,-0.578849383039224,0.262444364724479,0.813905645606332,0.292116300120491,2.7923842186,-0.29511608978165,-1.16387913761213,0.13749881239709,-0.223910694141084,0.115868877733517,2.00452932192779,0.0454001671175819,-1.08703471785037,-0.173166959722358,0.193976200243512,-0.733601580891532,0.178313387942048,-0.217797969618481,-1.11630665781218,-0.00329619422481771,0.3788463633262,0.0686827794959358,0.246839242440701,-0.237895200687089
79.66,-0.584474845739782,0.270249177951263,0.815036502859554,0.297399912531228,2.95088430430322,-0.308387184582871,-1.17997082574959,0.139432874158223,-0.206667878496069,0.11485402317048,2.02475955672732,0.037494881117345,-1.08465046946273,-0.144869034940835,0.178304085332017,-0.711348675496645,0.204826609119918,-0.184429639467013,-1.08922623796064,-0.000538435835997325,0.404494202366262,0.0463901002354992,0.240918582657075,-0.278165016842157
79.665,-0.588952723137914,0.267820194088918,0.799306476526004,0.310255617064397,3.08663650162813,-0.322505027163135,-1.18406173002357,0.135055983922798,-0.191711253150483,0.147679021635853,2.0558833444247,0.0429190368868744,-1.11178415110255,-0.115349117006628,0.166627294530603,-0.643344473520344,0.244917877863202,-0.133754840110146,-1.08873324348452,-0.00168065421653945,0.415892208666339,0.0278787072290224,0.228601388572222,-0.3182607854902
79.67,-0.598221087083412,0.271522394301351,0.807440279231296,0.32105780420314,3.22479585091096,-0.342963980324491,-1.19928359881959,0.126347548148082,-0.182261465002425,0.168641324444416,2.09539099022104,0.0507995323061744,-1.09283262599436,-0.0897691171150324,0.143434453980512,-0.621605710706761,0.24631782684492,-0.0981493184344409,-1.1106190738231,0.00133573421367433,0.482102961847755,-0.00944671987404559,0.188596166451029,-0.355714067892767
79.675,-0.609170934642584,0.268850702601159,0.826406262112719,0.335400353412004,3.3915403074292,-0.363025718257481,-1.24813256117431,0.0897833358588278,-0.171700820742089,0.19403715228111,2.13358787007275,0.0550748137334216,-1.09569512527635,-0.0567146541444245,0.147295524602078,-0.592705724720344,0.238770291195378,-0.0313829799206355,-1.16561442309641,-0.0276149625147096,0.591480598701509,-0.0682741623921682,0.101189696722918,-0.378002501613814
79.68,-0.612652405208173,0.272563999980982,0.864699985202719,0.328804649997873,3.66821676624847,-0.352171527488692,-1.34188826451827,0.107763658566385,-0.201589127279929,0.257565361430646,2.17066301241972,0.0510504085762694,-1.14121915613259,-0.027760492416175,0.157402856229909,-0.623639321666122,0.225242715664154,0.0102094772172005,-1.34468985111036,-0.117957298971537,0.571532671898079,-0.253949524704356,-0.0203380316729627,-0.385031563718886
79.685,-0.607723763234008,0.263740577942995,0.847078894127467,0.272641920260234,3.93701105365419,-0.324460546609441,-1.44400057411698,0.202388797861112,-0.10256392097109,0.366949815447867,2.21851237509631,-0.0285154392410207,-1.19329040413281,-0.0299387717161195,0.182127966292131,-0.632612086619119,0.204598782816112,0.0399321782442637,-1.44192986424841,-0.165228849780805,0.485136919945361,-0.430203918342495,0.0191587145101039,-0.370974524549265
79.69,-0.658585675210547,0.298965030471825,0.81993624682497,0.271214004780231,4.27530327714728,-0.31903011343163,-1.5314783110969,0.20653016868834,-0.104834706827658,0.232451576038082,2.30391720570777,-0.0850605381150552,-1.34713879009787,-0.00508153094194896,0.196365096238434,-0.658153297260533,0.153000449519638,0.00892088222061285,-1.50339270524653,-0.188568130208,0.370878685832948,-0.571228838741303,0.18503692157666,-0.387484938985694
79.695,-0.697766903287283,0.363607553076997,0.779577178587486,0.327076594410609,4.52091155134841,-0.344453879934163,-1.50447483461358,0.124685296649624,-0.129402373437565,0.212006456715353,2.31723206195086,-0.0641882995512477,-1.51886645178638,0.0201543797545388,0.260766228671527,-0.466653758376616,0.26048518547334,0.0784835186627273,-1.48955970993956,-0.146379194510036,0.336941306756641,-0.40000129209849,0.257002202443001,-0.402233826583191
79.7,-0.683213010794966,0.336364502848166,0.703751840067833,0.408249991556937,4.7978479813111,-0.408762521272455,-1.43592587095984,0.0422496095343064,-0.0953487227508635,0.243714400146349,2.31226836837555,0.00662683842711075,-1.53976120571778,0.0781285394095475,0.346320807796894,-0.109474528080733,0.461037361117343,0.404934019727177,-1.28292799619788,-0.112726978906216,0.255909570220509,0.00429476568671861,0.249948803276547,-0.4430825317073
79.705,-0.674576105352878,0.326943987586361,0.765631125147056,0.640567207901378,5.22269526948605,-0.463827104325306,-1.41944099216206,0.0291280361106533,0.0198245978793087,0.385141535088667,2.37316997464163,0.10912775556584,-1.47544341033732,0.112994641435639,0.353523323758175,-0.146682764744868,0.514171317006264,0.607011159341355,-1.08061712111029,-0.0954331540089873,0.137471626123505,0.248651784592296,0.302661596637003,-0.464800092364047
79.71,-0.655828385539671,0.339607329732006,0.808321985296147,0.810633537522678,5.53737764108295,-0.491659351194542,-1.44098766260313,0.00368587560813203,0.105703083880088,0.66563743941649,2.41188178495845,0.20735186484326,-1.42432162723536,0.131514057013018,0.326407358607037,-0.26524297748907,0.591112752300247,0.66388187241859,-1.09191217696618,-0.0964271369785077,0.0320154801323291,0.307834858123997,0.444450362435498,-0.455174004630579
79.715,-0.620617316247294,0.382968058160743,0.872040560883932,0.89643728456827,5.86265837462909,-0.533424276808033,-1.5093503494325,-0.0373795519660453,0.17176326351012,0.93879612693535,2.45048204192251,0.278406901938845,-1.38831452261199,0.137360399319632,0.228744739794754,-0.305523638245593,0.707332821347652,0.826404149995664,-1.16835757435336,-0.035957546562969,0.0208903249742096,0.276836107957586,0.610669717311439,-0.41271198629463
79.72,-0.606584020218629,0.384083074410524,0.794861301409073,0.967124530686384,6.27014525854242,-0.613654591716238,-1.56684310419728,-0.0448980651157112,0.206507050284191,1.15902641079094,2.48810188151341,0.309274841384921,-1.39039825380617,0.143034683614852,0.14542520139145,-0.392978882747798,0.747489828408418,1.04183175480552,-1.25151356182085,0.0261809749340994,0.0655371748198165,0.193174157302754,0.691753912997225,-0.300713896191792
79.725,-0.639062827221477,0.421162425396468,0.79479204863494,1.014244567168,6.65291273589787,-0.676519800803857,-1.61100739406551,-0.0709542334772503,0.24520055990865,1.40706924554695,2.49045436332519,0.341509968342146,-1.37461443381905,0.235392899630371,0.0435661868003974,-0.518439210109238,0.683166542476729,1.21100173147357,-1.26674673736882,0.019873286329834,0.111355577130871,0.0998809563609097,0.588080211181993,-0.229797035385643
79.73,-0.619378830181144,0.437935912550571,0.838566893806833,1.06117672637336,7.11079343601393,-0.795071229196858,-1.67432138568107,-0.0844871772695606,0.333405219889521,1.68178359154147,2.50855058299683,0.364847794889064,-1.39911666179469,0.381057646218804,-0.0598613068580594,-0.588404139612497,0.681174299857661,1.32607528730884,-1.2749491465431,-0.0273412841077271,0.0554897302310716,-0.0403877893591511,0.429065695556555,-0.22563932438991
79.735,-0.553853349181065,0.489687212495481,0.813128817395546,1.08915305137634,7.60556964612903,-0.94302558832143,-1.72444959355996,-0.0580646838732478,0.41485738249904,1.86400824883191,2.5334903892134,0.383080977403937,-1.41959303914358,0.61213476165544,-0.263345398025601,-0.532442516316203,0.800012721013852,1.68220722936462,-1.27361868078652,-0.0567798174914366,-0.0646691711966091,-0.240454168961822,0.425142301549595,-0.230792926036588
79.74,-0.571448043067779,0.500218851902707,0.807575949650458,1.1555523379938,8.12349531837853,-1.05181186860533,-1.73199743826064,-0.0408593085503389,0.478525834799295,2.12119597395795,2.50152783702106,0.393795279585871,-1.38719078285919,0.754319723146905,-0.449343826001647,-0.432605015650864,0.945983066945834,2.08699025390315,-1.25309424869599,-0.0677543528006397,-0.126317007940438,-0.319188514829513,0.484241371511184,-0.22175130832284
79.745,-0.593074904908722,0.551403889071717,0.771774970990431,1.24578076177995,8.46292725742567,-1.10999217357601,-1.6891355266509,-0.0423674025021344,0.493825788793194,2.34693821054418,2.44396702752995,0.405570488386848,-1.35344497197422,0.707418008635506,-0.59676268360485,-0.496957055586557,1.13280570124572,2.46404528107889,-1.18865968605668,-0.0563877775824883,-0.141665717703489,-0.183311591332319,0.549530470454395,-0.239338350337595
79.75,-0.566873713617546,0.582379828836564,0.706333156164033,1.21541145777777,8.86037841351996,-1.25600754112878,-1.61327217855436,-0.028128826301903,0.513074397474962,2.48933582761412,2.39286701301566,0.411331087350845,-1.31692336845104,0.55765519245946,-0.659072031222188,-0.707009856736385,1.37458821729212,2.7626448546202,-1.11390423492383,-0.0332517002377671,-0.120060394129561,0.0290138852660188,0.541506325142887,-0.233262250297283
79.755,-0.622706596456147,0.566394262958473,0.718867436555554,1.15039427713884,9.24969707836049,-1.49040000158427,-1.53428314502472,0.00476806535322518,0.530336318597039,2.62143444958083,2.34389732398457,0.414661266777494,-1.29409827615614,0.490419907464086,-0.586566895429098,-0.835016256097508,1.5639379500396,2.99095886446643,-1.04995758097475,-0.0130032873445733,-0.112716716552187,0.219248959472791,0.47648511538815,-0.186353492655707
79.76,-0.913245867556633,0.537033529259844,0.602591470788818,1.04469708205026,9.44555264860037,-1.68331264458485,-1.47955190917676,0.0490256167248546,0.517169142121053,2.71543485169566,2.26951360981726,0.378601468068985,-1.25481669269545,0.42633019697665,-0.431930074523239,-1.07921361643912,1.68738278681275,3.31938741508607,-0.985599545575238,0.00105557274887409,-0.119488298489953,0.283575421899061,0.366972841074325,-0.110316007016325
79.765,-1.23588378854352,0.374248203108395,0.371619748723568,0.909410142067644,9.60759923359449,-1.80865524689128,-1.39027056540484,0.0824084117896057,0.379635284989927,2.73588940796872,2.20770601284313,0.305202450025594,-1.20774122922552,0.338151896697378,-0.338776456922565,-1.34665607228192,1.62926237557712,3.48247898632997,-0.911114683014881,-0.00237639672728651,-0.142362854179042,0.274067394916631,0.29017331938002,-0.0403474458713583
79.77,-1.63336478698383,-0.106872949629037,-0.143317872037077,1.00010693784201,10.0577704891328,-1.78739999253499,-1.31085012911187,0.131031015614185,0.0724953819982522,2.61263783300331,2.18182067143814,0.216834611754027,-1.1961400841083,0.118139362904769,-0.156408778233394,-1.84829935350997,1.44558553511729,3.55296664581737,-0.871044333146166,-0.0117947655655697,-0.143993140149046,0.244384080346383,0.243303505733571,0.029589435016187
79.775,-1.8738686841396,-0.185139606440773,0.354499606248969,1.28418996217287,10.614710191664,-1.71914469158843,-1.23648329456821,0.0483886828117237,-0.258009954049887,2.47536137855759,2.23682840285947,0.134046731595479,-1.1825736681018,-0.0528424402388384,-0.0184218979233796,-2.20670842095541,1.22622809670328,3.53411725336029,-0.863707780956675,-0.021400690104024,-0.131544194647301,0.1734180273815,0.20839863131543,0.09148398355688
79.78,-2.34167067049675,-0.159345397017274,1.06994440021381,2.10705670200512,10.8255789111573,-1.48747873420368,-1.17347098049194,-0.0434031015676092,-0.683787230709745,2.3098882928522,2.41595884417416,-0.0365229798519088,-1.12543519977379,-0.266968145325779,0.15134735723466,-2.49217897092539,0.92817543232298,3.4050258256999,-0.887675741871787,-0.0519673551074098,-0.114939811630823,0.078055132353261,0.160848211684269,0.119326934929862
79.785,-2.59918556817608,0.395052250655323,1.49371840722543,3.1454192283079,10.1853091033089,-1.32200410680489,-1.22928329649378,0.14376581378896,-0.683214886732518,2.68710130231883,2.61877367880912,-0.180729564939038,-1.1396047296053,-0.366962243320291,0.247806321525714,-2.67117906373936,0.630966617057011,3.29928594064686,-0.920082829212468,-0.0884744339540425,-0.136978155698853,-0.0714709223069679,0.0866577139574713,0.134423297321176
79.79,-2.6780171583216,1.25469973879519,1.58062597567815,3.08188079216147,8.39108943750263,-1.95086182588794,-1.33282437945416,0.356680122845386,-0.630763116558584,3.15842480705427,2.74269936939278,-0.242167119239639,-1.07198494265825,-0.410883653902021,0.333093470870117,-2.57996578685833,0.3469024061403,3.1988428110135,-0.919134288018415,-0.123974548012359,-0.150453856855348,-0.195376891248278,0.0199520565546328,0.138708992526807
79.795,-2.53621896647504,1.30578466028888,1.20578824496858,2.32731782810665,7.26810436932803,-2.67429327314674,-1.49336500566273,0.456050398435356,-0.595381125026833,3.37160809901607,2.7322275860369,-0.251039733508394,-1.07903911945363,-0.426340987558998,0.326235193232023,-2.24763458204629,0.0159622818248661,2.90733882511321,-0.893560195316492,-0.177381811716182,-0.150375751974965,-0.270947423193922,0.0423095014658654,0.125298036435776
79.8,-2.17225226788232,1.01616860821787,0.805788663820832,1.8315539516836,6.79607159519062,-2.94196812867218,-1.5647335643301,0.550661744264717,-0.465732549125825,3.61342935488538,2.69155055494621,-0.222207024246533,-1.25223459517988,-0.389796823466122,0.342777093040302,-2.22498389862386,-0.0971465620890992,2.88755271988678,-1.01641297991023,-0.197336181791633,-0.149738527578651,-0.318983674707031,0.0385164981188744,0.116119421412911
79.805,-1.76962573463787,0.71623607439789,0.786923139350126,2.25534094190245,6.65492131261571,-2.89945329935929,-1.62907738638467,0.498256690260763,-0.237658118109428,3.63975690497613,2.51041946411641,-0.235998538715068,-1.19424681199549,-0.518516026875689,0.304954265800979,-2.13246367606514,-0.462344102378764,2.75461309598658,-0.99412217864437,-0.20444377072445,-0.146903933912595,-0.321143014420158,-0.0645016750436132,0.104146103727509
79.81,-1.40469067481812,0.402615275381919,1.13185214651435,2.69186663098678,6.60530079810324,-3.14671492069383,-1.60052896361365,0.382995413859074,0.0204725305005945,3.09983163738134,2.06994973218456,-0.26206943404884,-1.17850939166478,-0.493097412396637,0.228686944629416,-1.84645548528007,-0.6691722477645,2.41516334119888,-0.97052306329266,-0.22010821352009,-0.13934772396638,-0.21581483869698,-0.203726302200883,0.084059629710121
79.815,-1.172111440234,0.327288846147622,1.3911339495581,2.08149026018671,6.4540122412789,-3.53381484855388,-1.45333075656601,0.416443996416318,0.281877574598685,2.33018873179008,1.82986888253599,-0.248525772827884,-1.18362948738117,-0.450448517770247,0.154304218612858,-1.35384916116297,-0.717379473655969,2.10368260156471,-0.997212473196762,-0.216493504616485,-0.144635223126526,-0.0520152490959013,-0.369209022294423,0.045339461073355
79.82,-1.46489416350724,0.320060369464902,1.74995281137931,2.67093435280924,5.76730652723546,-3.75850548696724,-1.22958095327018,0.552948302556724,0.272008888406466,1.85223244575313,1.80075019931283,-0.0214654798984343,-1.22022420182387,-0.451420395742337,0.0786663735626789,-0.900474613185776,-0.766121498448948,1.79793386726667,-0.981404221383934,-0.204537119037714,-0.153020652545723,0.101387888757261,-0.516210538361798,0.00867159125990527
79.825,-1.62164947778759,1.00053800871823,1.83867036731297,3.52358410895439,5.20436276421322,-3.42578178032513,-1.00930974005957,0.552004280003558,-0.306541016678981,1.52603752597871,2.01722302429977,0.207975643486098,-1.26703046965327,-0.46568656896346,0.00430195135145837,-0.589388157737801,-0.861297331683603,1.53052705233819,-0.990227525347763,-0.190276465714553,-0.150260944240649,0.310995807201088,-0.663871319100079,-0.0481705857703249
79.83,-2.30756802594164,0.835956527313549,2.84351942180289,4.11124382973798,4.327269789493,-2.92651388983056,-0.899040548330867,0.361563629221312,-0.888436565347146,0.949444958639033,2.21743614658803,0.286413941100954,-1.30336742204633,-0.454212956260289,-0.0500899865021375,-0.416418191599513,-0.916582168102881,1.33617891227644,-1.01192435303955,-0.175725650305142,-0.137416684610362,0.510736833991769,-0.810412384816906,-0.116616745112693
79.835,-2.19200501846761,0.461673904096441,2.88749713522623,5.192577696904,2.43709233950096,-2.51874527055074,-0.846844304900763,0.114831304809951,-0.927787463379117,0.374121489190003,2.03804723934794,0.213144887893812,-1.34232128460165,-0.408896976002927,-0.0989611781389935,-0.299119279067744,-0.933763062986553,1.27822575486005,-0.993644712704156,-0.168278463905755,-0.116068238229157,0.681300770878566,-0.923217740267335,-0.207482413918522
79.84,-2.02536038450244,0.794521843286195,2.671573010243,5.66267432567219,0.530779144147046,-2.35121471035203,-0.763701120654343,0.214382793261365,-0.728447662044827,0.215962934563357,1.5674653879689,-0.00452015741876945,-1.37945871761763,-0.36852476667263,-0.138183781576055,-0.241892946245123,-0.898212022102333,1.31669935892116,-0.940282940502757,-0.146399398725691,-0.109908150920088,0.782010315793319,-0.972171548124075,-0.265303030418663
79.845,-2.05025130220861,1.69643922130885,2.68753085799678,5.18887108421732,-0.66244620638445,-1.97227281612796,-0.72390481678351,0.44206223058465,-0.818809109272035,0.599870446090001,1.50054261985824,-0.122917495791301,-1.39025640770439,-0.351505906780214,-0.15345114505907,-0.254238063259594,-0.835651222354573,1.38837530109691,-0.902275183364542,-0.131720479681381,-0.0995619985185981,0.789295375406396,-0.933036222915518,-0.268268756454781
79.85,-2.05229204668268,2.13743900384439,2.67514062615155,3.90233464693243,-2.6117140959805,-1.40467891550715,-0.780787585243255,0.431759744481334,-0.712017444147359,0.896269931086863,1.41509179751121,-0.0538409580095062,-1.35477758171262,-0.340298218828244,-0.159606959832814,-0.205707356324909,-0.767787698117456,1.50164870744265,-0.847176932634828,-0.125547900230287,-0.100884491051168,0.738037739071331,-0.787640952426109,-0.239559344943229
79.855,-1.71713430797535,1.90348991583395,2.31243556357225,2.42247025638152,-4.22215775722343,-1.23882518676412,-0.839910349138014,0.426997253156182,-0.520719707814254,1.40536597209482,1.0126472746128,0.0301594590521796,-1.30698328790059,-0.346207305707783,-0.164499465479217,-0.102021645775947,-0.726313272684833,1.59979664036188,-0.784723227985554,-0.127563839964435,-0.094450305612732,0.694745520090406,-0.612670047929902,-0.214420078675237
79.86,-1.37902873684877,1.70797216909074,1.96158956803916,1.02233847539085,-5.23296164543204,-1.18646397207903,-0.864755807955163,0.49375224792274,-0.313466576650373,1.69601302898651,0.763114782752339,0.0874231505217852,-1.28591306233618,-0.359718686983839,-0.177043196248318,-0.0260058483196648,-0.657682178913394,1.67054585221944,-0.744059911173493,-0.124039586632633,-0.0836239561021158,0.617002934751994,-0.373718459915568,-0.145200160002548
79.865,-1.10892593569248,1.3342171362246,1.59073144916874,-0.0504435103572875,-5.81333428582014,-1.15534249691667,-0.916047197132222,0.5343062850697,0.0395689195452771,2.00304708619409,0.433104567061032,0.211162855182125,-1.27825764674382,-0.374255779498825,-0.178647019133192,0.0340756116281607,-0.634998228424689,1.78229040205095,-0.746128956616986,-0.123559704743921,-0.0743749356650207,0.591120828614547,-0.215140991429497,-0.0853455178748659
79.87,-0.747164547004729,0.892621849404072,1.23767595407769,-0.428160223511391,-6.16009926858384,-1.10487684881683,-0.928403173329661,0.420108771783247,0.27748350000289,1.88696908088559,0.163795990558952,0.316541270369389,-1.28152848069613,-0.377916600059534,-0.178680414372887,0.0255127690506584,-0.656205584974232,1.89955835830567,-0.765911535857664,-0.116831827906486,-0.0636109739281877,0.581030018460421,-0.091406849499574,-0.0259141531127586
79.875,-0.0870706861333239,0.610316684670146,0.953827798924171,-0.190492753571474,-6.48168930333096,-1.16291852582738,-0.86182859212357,0.271573054000073,0.363958769779845,1.46238682133251,-0.10642168748077,0.416405051357724,-1.27879923496445,-0.373642569023522,-0.166550000039014,-0.0328187046143545,-0.68524866373157,2.11128259738343,-0.808674798768294,-0.10288147660905,-0.0505206594369149,0.556463002033353,0.0227176355458431,0.03354519613399
79.88,0.277699753104084,0.44724989259619,0.759825700906249,0.152730463207517,-6.70749919263011,-1.34603536143689,-0.800259917969359,0.145291485847087,0.281842331707289,0.821611632660829,-0.253840551230008,0.551829030512012,-1.30027892794572,-0.365612150173767,-0.162451640704351,-0.0755283166709676,-0.720124442342415,2.29482701821907,-0.881337017059648,-0.10419570784424,-0.0365644411362091,0.507274456235269,0.0773740165486808,0.0621034087460743
79.885,0.300743283582826,0.213824641293743,0.561163843571642,0.51385079286342,-6.82686511648597,-1.42378568334283,-0.766235450736638,0.02506292945919,0.218242496906836,0.20805935151504,-0.419315041305136,0.628946872880099,-1.26081625640391,-0.322522703690498,-0.088890085139505,-0.28897536366621,-0.745446142731366,2.43753308418408,-0.931520423890273,-0.0902762475930552,-0.00998894888034499,0.486123149888488,0.0645615963331516,0.0671847895366877
79.89,0.164092489345875,-0.0269414025669906,0.289402181546288,1.10724749074421,-6.72753106310999,-1.45280842933098,-0.699457306597665,-0.0643424723846352,0.21044834468774,-0.104628409275633,-0.666206208553873,0.583448752937199,-1.24947428167553,-0.300861474356662,-0.0373350842266334,-0.170740126694527,-0.688519168871446,2.54497189580596,-0.991518328502297,-0.0664586602853405,0.00895721941546826,0.432776759513658,0.0306954556016057,0.0615511016603478
79.895,0.00205887997996212,-0.0361194815868832,0.109138217852278,1.65054740741235,-6.30895295953719,-1.2073499847073,-0.595519343031595,-0.12027554920775,0.202368215713333,-0.186380519397166,-0.960647202148057,0.527769426532733,-1.22568300475366,-0.29452378966653,0.00383209592898262,-0.295456616232653,-0.694875715139259,2.59657298811455,-1.01485498861809,-0.0462544190848152,0.0221578377476094,0.398403125882251,-0.00180702173970771,0.0583390182411393
79.9,-0.0785018968089489,0.0742141380097294,0.0427426257701488,2.11302537770637,-5.78095255966502,-0.805960428794058,-0.536610283005291,-0.101634505576313,0.128513458989024,-0.020601474548069,-1.12487166516397,0.501325854533294,-1.19464312156318,-0.297971792531718,0.0509066767828072,-0.518640258212519,-0.705505006045153,2.6138976473272,-1.02643714464538,-0.027430659561664,0.0327450114381744,0.366079588722363,-0.0464863494624675,0.0572071224451065
79.905,-0.0874296501097981,0.264434162788392,0.0746877112638938,2.34296487148281,-5.30916363712058,-0.510496049010115,-0.49691512594221,-0.0502325357074053,0.0808098949975673,0.253904482029607,-1.38287788272758,0.460125869553054,-1.17812339640502,-0.30387326017984,0.0980997314165413,-0.533632550878928,-0.725532075319589,2.58619879011363,-1.03516535685307,-0.0209789359717465,0.036682411084372,0.355201650965364,-0.063696815031805,0.0644797408754418
79.91,-0.0851257102295488,0.472027663109016,0.119246878907519,2.40864194376415,-4.92138248845827,-0.247772412644367,-0.444337444678384,-0.0116727655540414,0.107051705781605,0.413591442776524,-1.61325521978066,0.41011972206071,-1.15049188984826,-0.314165309562353,0.138183604007388,-0.529249008184233,-0.758563223019642,2.5325899694758,-1.02820154332367,-0.0191065980733264,0.0356648440272316,0.350564940823958,-0.0692160204052925,0.0931824697410307
79.915,-0.136070463087087,0.67609529596784,0.183822973847892,2.32745127051388,-4.61487708254567,-0.0674098860534967,-0.392818597954103,-0.0167649232740972,0.0950910670579964,0.745748854946533,-1.78160457618209,0.338520688800233,-1.12054297546784,-0.333225566922433,0.160704429049844,-0.489658244837929,-0.78544222410231,2.4720438134477,-1.01861281898954,-0.0254852027314653,0.0397136580711973,0.341062365951568,-0.0674471431295114,0.13892648027409
79.92,-0.230803697459626,0.886300552436354,0.297255558487755,2.03428287370315,-4.40295233324013,0.07595351067859,-0.384854265989526,0.0142735871739578,-0.00275205581593348,1.21122897416759,-1.91307806294089,0.24471158164406,-1.07659156440618,-0.363555946427499,0.171265456758308,-0.407096252767259,-0.776235082061697,2.41726803276422,-1.00462463925564,-0.0328510226341451,0.0379577451555352,0.336358700869627,-0.0808299687796218,0.192227924553568
79.925,-0.393273270608752,1.0211108107767,0.478616924085608,1.51564767816394,-4.32625016269423,0.285036682397232,-0.413721987500127,0.0885820312495401,-0.0789914133101217,1.64536031862769,-2.02077500435515,0.205949145968891,-1.04012406360119,-0.38056916804964,0.159719758464575,-0.335290960169363,-0.737242477711151,2.36166661726479,-0.981053579718967,-0.0340736678307932,0.0344739205977702,0.329526417154295,-0.0682810732667403,0.260955397574109
79.93,-0.509351925127171,0.997073346838248,0.584256928225459,1.23213983262454,-4.36845310544917,0.52735582406259,-0.462890202097484,0.109319140505324,-0.190972366316666,1.69728978578541,-2.16259126815469,0.244030737768686,-1.00950958056962,-0.378695913176256,0.143101226250255,-0.255038364459632,-0.672857847255236,2.30938798416009,-0.961144456455764,-0.0356192329167432,0.0354319120430267,0.325435435837547,-0.0530609710792158,0.323155572063371
79.935,-0.566018882874931,0.89499847310393,0.652558032631088,1.08271289678768,-4.46046311024776,0.86302699466386,-0.477536400395138,0.0883791091777049,-0.240023427920836,1.2125071537027,-2.32035442554672,0.302831439822245,-0.986925040071427,-0.370825045460833,0.121795920784693,-0.192132642184317,-0.610417508583985,2.27111879466535,-0.930943944466429,-0.0407129836502977,0.0336863119176623,0.323687890428047,-0.0160969400100132,0.365115262640612
79.94,-0.561275453493527,0.787943939725178,0.713234985347138,1.04550993997019,-4.57814665536381,1.28749772758072,-0.490331518450475,0.138625364471346,-0.187983521423495,0.77354907631552,-2.4869934906137,0.33786294284532,-0.961020588596449,-0.358425098235803,0.119143198070835,-0.137277072809656,-0.552393122905263,2.24615552894053,-0.903350504291094,-0.0506789178073351,0.0405246264466917,0.322950701305312,0.0389925187903908,0.413004371480996
79.945,-0.523387254304398,0.685200382141268,0.708339744269943,1.13922687086932,-4.73761927014524,1.77540796498623,-0.512914961254945,0.157403866235219,-0.204460724869447,0.394537382532031,-2.62452497373684,0.362694950275417,-0.937408988161408,-0.343261260308585,0.107553831123074,-0.0550665034974698,-0.463600210984945,2.23190658759576,-0.884531861071159,-0.0600978386653885,0.063566951946556,0.330666426002105,0.0825544537665254,0.429377319014641
79.95,-0.466064657779228,0.622880253188652,0.662084087229623,1.14479416109119,-4.86333489000904,2.12344671453296,-0.558895200414834,0.0932327872817638,-0.194564437738154,0.0433408406095498,-2.72720255538915,0.423739981208376,-0.916739325090887,-0.331333544065801,0.117177583040486,0.0294767260144558,-0.410679662615955,2.20558421014559,-0.870677987305427,-0.0669383434257009,0.0882047059966871,0.334968267851441,0.107165315583705,0.43107975346124
79.955,-0.40952154913517,0.529625100327847,0.589503384767289,0.985683260393716,-4.94238550733843,2.34362334458399,-0.680506762814053,0.0687433338744765,-0.142181597571675,-0.0954088479858494,-2.81831340445394,0.536452409367793,-0.899929031476209,-0.329592168371821,0.14600252364977,0.186395853952495,-0.371652963857948,2.14919633396831,-0.855708997056458,-0.076817422057753,0.110478170090646,0.348221281870989,0.101179953904298,0.414606967813454
79.96,-0.356521982793737,0.431839055793118,0.503700048064203,0.680280314970777,-4.9474428193211,2.40496730265722,-0.668243393875606,0.078018133063002,-0.0772532395241008,-0.218073904311525,-3.02269623945498,0.533869641969316,-0.885722278983563,-0.334190323360383,0.178100893367382,0.399724446938948,-0.350140232592276,2.07493601514915,-0.850341125994067,-0.0871886707723132,0.130428255968245,0.360151110166882,0.076335004789477,0.393033359299949
79.965,-0.309063459498381,0.301597971432878,0.478943973153695,0.52790834011122,-4.91401526116155,2.37574301063183,-0.70471731303482,0.0992607503031261,-0.0323634712617184,-0.231952045833071,-3.16713378061011,0.552066276959741,-0.871730315373923,-0.353943067576401,0.2155153064289,0.697003176436847,-0.345889489960138,1.98890948725636,-0.840441298981221,-0.100732071347578,0.154101705445039,0.435042076774708,0.00647488968144326,0.368699757842499
79.97,-0.328932006146073,0.15763765529751,0.515531013996104,0.489432722648361,-4.84055274749417,2.30043148183293,-0.744220155371168,0.11252863892667,-0.0570492421220609,-0.339993270520911,-3.29822443741465,0.587183720869176,-0.856705637910153,-0.379305099908328,0.241837208400382,1.0177361391185,-0.338334092658727,1.89492044907167,-0.836355149860391,-0.106209261833854,0.167931028135811,0.374862122435309,0.0145502225505241,0.34010957786907
79.975,-0.399944686449425,0.0755689298021261,0.567975117536648,0.589380240931874,-4.79718431169747,2.2532637877251,-0.763776939305349,0.0740596124357115,-0.154402569287624,-0.563336154330543,-3.41883920075592,0.636032254930135,-0.840940401407114,-0.403301545048192,0.252847593583236,1.32814202168578,-0.339978380912396,1.81065582457377,-0.837030219146126,-0.109946647719447,0.183104179691843,0.3628473718902,-0.0165555105788664,0.305780027213071
79.98,-0.475698250615777,0.0593368269038562,0.62254221911001,0.738723238889392,-4.77788344850135,2.23813031487241,-0.771502720471989,0.0134837507923543,-0.22783031823874,-0.739564086350437,-3.57202099548745,0.650930597324209,-0.839509078125286,-0.426260982312909,0.250049982095197,1.72516686261956,-0.356820850226217,1.700539366554,-0.8481980964585,-0.11891061566405,0.190580033408758,0.334662250319273,-0.0286770882821302,0.266099472425827
79.985,-0.564953245267644,0.122978477748414,0.683730937458268,0.912786327698975,-4.7664179430184,2.23659702907634,-0.77400051746392,-0.0247658244034909,-0.229934264621909,-0.770508135434548,-3.71315010395703,0.648147440256736,-0.815933587260442,-0.446056454119134,0.244072560936087,1.94745805593906,-0.35281025370242,1.64360383612305,-0.856164242246143,-0.125880912104959,0.19083868805577,0.28586964506066,-0.0148513597717101,0.220921659196219
79.99,-0.647728284178689,0.194392721524238,0.754128700143231,0.970275539043393,-4.78114072014902,2.24801744382206,-0.762468937113903,-0.0587863205537688,-0.261640107621663,-0.696768279028188,-3.86079782340903,0.615948210468805,-0.804405468562154,-0.455040315310439,0.232935725691484,2.1895549624384,-0.34243826667206,1.54856209997676,-0.861855107566314,-0.125837624228545,0.189072745063935,0.239346582295317,0.00245197494792318,0.183405912275514
79.995,-0.693528210819088,0.233995665523276,0.814431498440866,0.934436044455545,-4.81300292298688,2.2537273470315,-0.761522784610034,-0.086879415166108,-0.274657729059393,-0.607774565383868,-4.0016472014774,0.593016753843481,-0.795875225645608,-0.456770488771179,0.208266492354858,2.33975214143593,-0.329225600453041,1.46697761393354,-0.874042760426038,-0.122391534742278,0.183081829714622,0.175842063429139,0.0425442033989861,0.151742948837946
80,-0.70198497890567,0.221392043324929,0.843472733018965,0.869486091178252,-4.84786351604165,2.24728034840581,-0.781551716436433,-0.0806542796759308,-0.285774312439076,-0.513355925190222,-4.13299636478457,0.583706080913544,-0.784048346438321,-0.45096287286874,0.184728147349466,2.43255815814553,-0.318513995337267,1.36297451698259,-0.878801609187293,-0.114306705293236,0.169872860607113,0.119686304333949,0.0825568650007014,0.103385630307828
80.005,-0.716020901722033,0.169031405670602,0.861268663098311,0.839045193950141,-4.87990576097003,2.23418492643077,-0.826773932307036,-0.0570918045342727,-0.292064428096115,-0.458966412399225,-4.26856598112623,0.575872005733483,-0.770128461246402,-0.446119172737669,0.162770022424205,2.45970968024948,-0.294163461580867,1.27276362140385,-0.885178460674916,-0.113856514207217,0.162193150051718,0.0816192064443284,0.115149512785971,0.0734659091216015
80.01,-0.746910036565166,0.124161787633751,0.888936815684238,0.886755464423201,-4.92265624473545,2.21902263475484,-0.872071803882318,-0.0333272842625214,-0.281784664128492,-0.438306679013544,-4.40252851631508,0.566696934033846,-0.847245587377648,-0.430053382019816,0.116719575210635,2.59479030679379,-0.32656817923856,1.17661954862369,-0.88107094928452,-0.111943278161254,0.152291715186866,0.0680197393234315,0.13162523637883,0.0419880599053801
80.015,-0.804301754768391,0.119355979802124,0.941332124022074,1.04113411955334,-4.96937942706418,2.21659192088641,-0.893140277990156,-0.0212147959954036,-0.305128519080214,-0.420417651247674,-4.51535202914039,0.543291097345679,-0.699175170357416,-0.415594109268491,0.0467118749363063,2.35625134031013,-0.15278679752258,1.29041832909588,-0.876423328803877,-0.117247031527246,0.143871092557022,0.0699287801980972,0.141080402791384,0.0182734233217745
80.02,-0.856336278276959,0.15365521091876,0.946813914279781,1.21380134310201,-5.04773563959492,2.23658884745229,-0.899644997445867,-0.0166967136403469,-0.36786971717108,-0.531702434554776,-4.61310205704631,0.526548534020773,-0.616147598225509,-0.363642122808824,0.0649809092396661,2.31085137780773,-0.0631514089568196,1.32769926088856,-0.865716189411994,-0.110324677482264,0.135032145040044,0.0944019203779245,0.153178181373052,-0.017371857889269
80.025,-0.895880728288289,0.263946092662227,0.912516826909742,1.28197337494891,-5.13226712711459,2.2750919860673,-0.923941399272078,-0.0335742351341244,-0.377274907773017,-0.622535020353721,-4.69698497894719,0.503957484990462,-0.67282622109391,-0.403627275956344,-0.0238455897767253,2.30492547900373,0.0279018404210538,1.1917513201266,-0.858970193884846,-0.117556512193957,0.134269802432552,0.113172414379711,0.17078936507691,-0.0438942190904974
80.03,-0.93580141458863,0.35266099744287,0.872227893339702,1.20991078965203,-5.14892926980052,2.32504445935888,-0.955578081867525,-0.0278768274754011,-0.375767347389071,-0.742623152908513,-4.79993401550113,0.485343799918245,-0.632362661037241,-0.385276526078614,-0.0591746688730392,2.02707315051559,0.139149630558065,0.908355465983722,-0.849713541670249,-0.102378732739923,0.142254325175952,0.124641686857812,0.186213166317638,-0.0659060188563116
80.035,-0.973478204982982,0.401709586599533,0.85708756236634,1.05315968633397,-5.12183973580097,2.39017521248977,-0.987995146241181,-0.00698671605561474,-0.368254177941857,-0.828360241144679,-4.87341672317426,0.463042432661564,-0.656694974578755,-0.330957546176969,-0.0610012281905166,1.87643974067126,0.124393546427314,0.605983891297887,-0.845352348616632,-0.0817304237177966,0.149173931578191,0.112619292504589,0.21529078196552,-0.0763859993392893
80.04,-0.997461346848376,0.409841606957855,0.87648347319934,0.914176142502263,-5.07791579255182,2.46141777232572,-1.01209966738135,-0.009984513358386,-0.383710903755683,-0.885862997180479,-4.94105678660633,0.471640005786558,-0.723751687065123,-0.296790220222612,-0.0809274352998212,1.92115302283586,-0.0108585667186874,0.490013429889357,-0.836956612947491,-0.0665613759210121,0.146571922519031,0.104277406119845,0.238121591354456,-0.0796226561069489
80.045,-1.0359411195955,0.416366143189953,0.925812796883334,0.813132802482842,-5.02528264102631,2.56266741639885,-1.04976654619921,-0.0584493144811199,-0.418425262392898,-1.04622015803636,-5.06225737545696,0.453549585700333,-0.744144473118357,-0.311060289908928,-0.126251017763809,1.94958962897962,-0.162624616221148,0.504112699375839,-0.842640666039379,-0.0601992699975403,0.145139102552315,0.0664121646609365,0.24475947022438,-0.0765535814924253
80.05,-1.06506651180077,0.435501986068944,0.98103885877419,0.764457921019176,-4.99447325057267,2.68466395997655,-1.06216025445987,-0.0827377343982857,-0.417033953158076,-1.17120257468918,-5.12515855780556,0.417640017514188,-0.713827079422653,-0.334672732738794,-0.157954233573479,1.86878206270614,-0.188603846261878,0.53582363851776,-0.847113064440638,-0.0562089821918964,0.137677140342848,0.0393782448893771,0.236734440777115,-0.0773309660140404
80.055,-1.08601211797603,0.449581051288759,1.00737071549468,0.726432753059429,-4.9732955332192,2.79251030634076,-1.1465061163958,-0.0438918456337747,-0.452153717774647,-1.2468018546209,-5.21015962663682,0.367431014967761,-0.670352525213274,-0.354126632205944,-0.187481446639213,1.73144215339025,-0.176244009252311,0.526570962034511,-0.854426576672494,-0.0538743991969943,0.134968676019896,0.0121364431138475,0.219209734134912,-0.0705393430091738
80.06,-1.10599184214894,0.472653824819091,1.01332095847438,0.667842281783666,-4.95505018891989,2.8871732942938,-1.20060231182071,-0.0630647319761236,-0.460770506619112,-1.28048654942589,-5.27903850162058,0.347579700864531,-0.650955954779334,-0.345224339345483,-0.198731530031712,1.58727474588065,-0.181310608017511,0.487948321825832,-0.860111979166471,-0.0587587152523285,0.141003489583991,0.00407445054680286,0.16781001535026,-0.0581594485827919
80.065,-1.11630970934908,0.489559837861193,1.01028981023165,0.602036707020003,-4.91336687177239,2.99773868754269,-1.23999901923247,-0.0851810297271659,-0.458252526381468,-1.2288713761438,-5.35722909992827,0.363198143394106,-0.64178390212671,-0.323762641788722,-0.201597652613983,1.39468510301505,-0.23862642934194,0.4079392413281,-0.866911930862961,-0.0601676537729455,0.151269900853073,0.00737267601176555,0.130036304571899,-0.0460841222001474
80.07,-1.1210529188495,0.502546276984903,1.00557636016429,0.536570203613915,-4.84580635556581,3.08047606498554,-1.27980729919462,-0.0870947685264702,-0.469309097976553,-1.13409803428331,-5.41801659646914,0.372924905648053,-0.623410519059371,-0.312212106759595,-0.200895964276114,1.26937227499251,-0.287790019397011,0.371469877704373,-0.8876556104348,-0.0646980226141742,0.156713981397688,0.0115352434384392,0.0867401855029063,-0.0315674224692387
80.075,-1.12771383497258,0.548657767323724,0.970857861460699,0.431422817414028,-4.75589212098607,3.14846284150729,-1.33570575325702,-0.0652511594092943,-0.482111390410907,-1.06334377010182,-5.48149186013697,0.363972033739799,-0.581624276547039,-0.316065820549474,-0.204164593840392,1.08768743785959,-0.299168241603788,0.342322371860871,-0.906493655212422,-0.0636708047245045,0.166589351881971,0.0173959173262119,0.0424175219889151,-0.0222827664849959
80.08,-1.14391896751623,0.608380763211677,0.922921290033617,0.28344073326459,-4.64078983201394,3.20410491239917,-1.38616844099766,-0.0186905302882095,-0.470962820553445,-1.03620683219623,-5.53886115878731,0.355541112713214,-0.543548891784886,-0.332294258376411,-0.202900375033224,0.911423388521978,-0.281811702261181,0.314018629135946,-0.919275292675515,-0.0606295153378315,0.165430517861816,0.0208951603404045,0.0135772700987849,-0.0127611428933621
80.085,-1.16845150641527,0.634465542388152,0.918411192522121,0.132657006206661,-4.4688234782477,3.27404077629366,-1.44262345176786,0.033360517991268,-0.458666459185628,-1.05788741741691,-5.61680566735262,0.338699776874753,-0.520705824362445,-0.340343769282953,-0.195001794889227,0.711254711948634,-0.286979351555331,0.279390476700322,-0.935954911904468,-0.059604373882642,0.156441551149456,0.0219145155120482,-0.0302724391388883,0.00181250694619427
80.09,-1.23539286753992,0.650294701493525,0.951769972082635,0.0662128943593403,-4.25777264030562,3.38144967733422,-1.48085815718275,0.0699771665257691,-0.480749155035465,-1.13704456895975,-5.66514832991517,0.323744434670627,-0.501546705875453,-0.345774275775397,-0.1729043904868,0.522671514710903,-0.304646805369078,0.207301915885491,-0.954481740580261,-0.0589538022433866,0.148715130058453,0.0273622420653213,-0.048254441745628,0.0263558442470781
80.095,-1.31809098170389,0.674137460548799,0.99784245402174,0.0793169783046429,-4.07647434739617,3.50824854448103,-1.5150199212732,0.113284880527145,-0.523848232915264,-1.30439890180016,-5.70971155750932,0.296541756059622,-0.48233569826855,-0.350926511480247,-0.15406400076351,0.388676555347251,-0.33456797379988,0.126787598623302,-0.961801537094354,-0.0594359757164933,0.141082949623756,0.0342817691327097,-0.0378877027019167,0.054678210371818
80.1,-1.40569022019541,0.707735251836349,1.05693847526526,0.142393165013494,-3.91479678987028,3.65228225066118,-1.53821555473715,0.148362090003694,-0.544988010284909,-1.48675335241898,-5.74820841789782,0.267451603405232,-0.463660707254608,-0.357302928361225,-0.141142601232289,0.282957664671124,-0.376649568245545,0.0283241611489037,-0.967038153032961,-0.0659095318622672,0.138389720694486,0.03799838198608,-0.0145151472646611,0.082670501721113
80.105,-1.52890564279191,0.778292832641696,1.13690432032022,0.251966677857335,-3.73928370923725,3.85247654018944,-1.55552978891762,0.197236111240872,-0.577815409113699,-1.6575152468942,-5.7922431518096,0.238381637124857,-0.442999519964876,-0.361468788939151,-0.137521329703146,0.223843925096882,-0.394409549346907,-0.0533501532574953,-0.984433153128267,-0.072890195861693,0.157255096256848,0.0374488040606718,0.0132287710237538,0.11690275181107
80.11,-1.72665062788438,0.883568544702426,1.23163725717999,0.272111278834522,-3.6694036783272,4.03078690679916,-1.57532321905875,0.249435692548582,-0.666974365324004,-1.89539266013795,-5.80582589357125,0.21219297317744,-0.419696642224193,-0.364950561635215,-0.138231540151,0.166154612325971,-0.400681303855747,-0.135362871377119,-0.985587025441802,-0.0838706051090012,0.167709138037443,0.0393864177167416,0.0295752008590152,0.132965393113397
80.115,-1.89306368958407,0.950937832095477,1.27391439002313,0.193866847350851,-3.65538552971241,4.17913664918268,-1.59548695536198,0.279896777658039,-0.708180305536406,-2.1132520310019,-5.7922722008285,0.20353453898684,-0.408717601071106,-0.362298712030603,-0.136825557892575,0.141015308966761,-0.385522585716634,-0.244317480784475,-0.983170505138139,-0.0906634657797936,0.191849103806331,0.0339634658782158,0.0457917800850232,0.152667809680057
80.12,-2.03078587976612,0.950156711896887,1.23763264847863,-0.0370111560109814,-3.68739353666746,4.31124275993348,-1.63202147922695,0.300602690815445,-0.745021526384666,-2.40718074701833,-5.76281074617079,0.189156690120849,-0.401715350104576,-0.359423695793784,-0.140064969925358,0.137306719257065,-0.359638113823353,-0.360767324454837,-0.980770186919486,-0.101352478562053,0.199253781982441,0.022838565340231,0.0619626652326438,0.15616437792778
80.125,-2.08441941797096,0.839210038501798,1.13479563587858,-0.298299066094042,-3.69663714736473,4.40248349674603,-1.67088186961198,0.31335885761817,-0.763832883566926,-2.61776827345434,-5.71804036442508,0.194419845876254,-0.407974158162435,-0.352848917244049,-0.132607551169467,0.148289780443935,-0.33722781505662,-0.437034786633626,-0.985643605371769,-0.0987008468157565,0.203846476407382,0.0166928801588418,0.0833286566260841,0.152147777986965
80.13,-2.09260527189524,0.651641044065507,0.986194147631731,-0.506832199536359,-3.63004449751838,4.42401675376309,-1.71099742496507,0.301092942452865,-0.787909926335927,-2.91571708527544,-5.62050715772876,0.190358136765398,-0.420997049495407,-0.346679276126604,-0.120025441095131,0.173251258824166,-0.28908695562335,-0.526149801903755,-0.98311782127361,-0.0868209937021074,0.201031378034534,0.00404173270025469,0.117658080109437,0.142979115550477
80.135,-2.10021088811277,0.435169196254909,0.798013081823859,-0.653518481797327,-3.49301778107634,4.38334418228683,-1.75583158736519,0.262072500173089,-0.811643927423694,-3.12119736796358,-5.53193023168411,0.174010755629611,-0.458126630628174,-0.338423298456987,-0.0954361148016293,0.196528155346615,-0.228065171621401,-0.600443776604746,-0.989776883336545,-0.0771670553952521,0.202069397540087,0.00186811817994648,0.159804403622108,0.129518562146855
80.14,-2.16562491979899,0.206590032855216,0.610222916185913,-0.731419335014423,-3.28896071009363,4.29890287506054,-1.79271289604224,0.209923333789262,-0.85537206363559,-3.3498305236248,-5.3824668737109,0.120796764262556,-0.508178208576384,-0.325909940853583,-0.0640796068890365,0.218770909483523,-0.173474876239656,-0.673172437378257,-0.996647736855482,-0.055574278403669,0.202742403987063,0.00610809725726123,0.201173893616874,0.111839388990269
80.145,-2.33403235024571,-0.0340334959988996,0.347900119693703,-0.796026194834468,-2.88588451780428,4.1082890240463,-1.80591699264252,0.129911875015631,-0.93726645643448,-3.50990642861465,-5.16780634931357,0.036006028693337,-0.582545400847913,-0.303525086477185,-0.0293409117440148,0.256722017550281,-0.126303767546143,-0.734950131429368,-1.01392199426507,-0.0246505161865105,0.192755785251362,0.0167984768024064,0.254613461819481,0.0986643016549573
80.15,-2.50745763595115,-0.1865160394544,0.163711753699657,-0.921803132830127,-2.45624999922989,3.9277230497449,-1.78463426711656,0.0890550015748514,-1.09521551455584,-3.58322170567353,-4.93026363721835,-0.0771402249580646,-0.677304432236418,-0.26270804093712,0.0129282538074187,0.324216160267287,-0.0908780321983659,-0.798778168495747,-1.02491038279182,-0.0116488412713698,0.188753670940561,0.0214461382082667,0.285893684638666,0.0928408369454561
80.155,-2.55229701480145,-0.222025419730196,0.144513929009101,-1.11371442891696,-2.04278344587351,3.80461931624431,-1.81288302630849,0.0133213545685282,-1.32542685475817,-3.68070277755588,-4.60421859758786,-0.179902955445978,-0.790915706677884,-0.207820682103776,0.0512856821271421,0.427283219534391,-0.0567543538472508,-0.837882509928501,-1.03057831321601,0.00573808578391689,0.190193902073037,0.0103220895227352,0.305008037013176,0.0996449897761154
80.16,-2.22237548751496,0.00512370993743544,0.167295263851025,-1.36335235907696,-1.74806308028097,3.71046597978613,-1.87199095743624,-0.145053232354579,-1.36220932441591,-3.67606519229831,-4.34658681921596,-0.224208165146788,-0.907018922081248,-0.144512573608522,0.0648537571681594,0.61137527167005,-0.0135389882559612,-0.862722488148866,-1.03517737101126,0.00803444506241043,0.192354909630763,-0.0144004816652696,0.287479400626418,0.108528129767112
80.165,-2.31080356375992,-0.191446420137692,0.168551541681017,-1.75161898849822,-1.42109716747095,3.50596066349688,-1.75244728967359,-0.00982382656319295,-1.30440191540804,-3.73406212405268,-4.12531041309962,-0.363930915161217,-1.06778845333759,-0.0503835738676156,0.105821380211474,0.77212820468954,0.0236840716676582,-0.870598216509287,-1.03832904850264,0.0102099126439155,0.219898004313044,-0.0473861691166663,0.245815634511417,0.119881042143269
80.17,-2.49213911051252,-0.391989166857416,0.197437950547931,-1.91451400494064,-1.1525197120199,3.37977304787827,-1.65050701195441,-0.0234136947036925,-1.28789608408818,-3.26481897649609,-3.9369951811417,-0.449842266091061,-1.26814226167008,0.0599089101619893,0.12499848393065,1.10907870571125,0.140028307425008,-0.874728630302699,-1.02984450343596,-0.000728687789848212,0.25256008392318,-0.0829581300234487,0.185733084544036,0.138851499889172
80.175,-2.52566037454237,-0.496399014523835,0.266362136005294,-1.82046955343249,-0.862155955007745,3.23626420682707,-1.4944534759942,-0.0818019001267459,-1.30449977433398,-2.97388715554006,-3.73267901216322,-0.542949792979904,-1.41271304118604,0.186610023748879,0.144097537274334,1.37539690605851,0.198008289038009,-0.863091131513577,-1.02092880869211,-0.012210404279778,0.284557965659972,-0.121164814867206,0.124422269914089,0.152448454044639
80.18,-2.62747962205389,-0.664768592374899,0.390298260984571,-1.4616608875038,-0.704178934414803,3.09437729989281,-1.34735269936071,-0.0735382910552708,-1.50869512810621,-2.73158967737265,-3.53661700749519,-0.55751684422751,-1.66626858871014,0.418301146773305,0.217992916227305,1.74749859013979,0.265040853347492,-0.805917407460278,-1.01350106333997,-0.0257792061697461,0.311429512052774,-0.156163791285122,0.0466604162824552,0.157403654944503
80.185,-2.83499879728767,-0.81303957301619,0.412148115192339,-0.944848454729394,-0.880819342841127,2.86959909541004,-1.14103765838804,0.0307631442122339,-1.56235285634128,-2.37628139675434,-3.29468963165861,-0.481590496267339,-1.88500765196004,0.593847534130176,0.272192193828932,1.98438279244295,0.286449695386952,-0.784944294204519,-1.01470355762274,-0.0400825605152126,0.335312543024435,-0.182047894664237,-0.0146462149023499,0.162521146773716
80.19,-2.92952943496951,-0.757423824962904,0.26680262479416,-0.678978896899832,-1.18461942407776,2.49449214306937,-1.0358471929293,0.11995993744973,-1.55051033668695,-1.73453757930726,-2.9435074858193,-0.384593546375399,-1.99908643298999,0.818000221589226,0.290500206341884,2.52851295921167,0.323465277867289,-0.520726886478605,-1.02569349676157,-0.0502174486176779,0.341189094379224,-0.209587260851127,-0.0779157895427426,0.163494542241096
80.195,-2.88562781502522,-0.778896136706973,0.00998315399217042,-0.48171417092046,-1.46307983134779,2.08311822864878,-0.962653650021698,0.188085079942878,-1.56535024233157,-1.26451442048087,-2.61284942597911,-0.294822148683678,-1.99799069582998,1.08916866407462,0.295485041570706,3.17001715712129,0.308853276111905,-0.025865912344897,-1.05362037122192,-0.0588780780825231,0.346067721896253,-0.246606475470013,-0.121925582265787,0.159174442103819
80.2,-2.71866773144628,-0.954578591058164,-0.299705778967886,-0.213770919279454,-1.60327304688372,1.58886094396735,-0.903708935412427,0.226958987476443,-1.53780311694203,-0.770043693532161,-2.21172897115161,-0.154829015811208,-1.99644097232616,1.31615236254073,0.258530618376075,3.81852123271467,0.256228050345975,0.660226275049317,-1.07885521574669,-0.0677624133942518,0.349997066626976,-0.279476075586822,-0.156933956703069,0.153904211786788
80.205,-2.51110123038615,-0.995131262332224,-0.534077053759581,0.0522643462958931,-1.6082016955527,1.173760688057,-0.858121343967493,0.290950987922601,-1.49548330161122,-0.523226404838375,-1.91736191055979,-0.0330743908020244,-1.97464418613114,1.45326025521492,0.183112120432808,4.26264716192025,0.0294213716315836,1.71444076961116,-1.10942533973416,-0.0664173466795721,0.342130093044227,-0.319721704445679,-0.175067869702523,0.13818443283693
80.21,-2.45259987771632,-0.999411506391501,-0.792627071942491,0.440879751463892,-1.50246725867019,0.768764146229408,-0.854683428038035,0.269767291444915,-1.52274678074812,-0.351386112493548,-1.57356351044277,0.0694102318840069,-1.74803391660878,1.42577867414875,0.159482710373093,4.13313577949565,-0.248764222683411,2.34063085934905,-1.13609914498064,-0.0650645161160678,0.329078484322376,-0.363529949784254,-0.206065655611438,0.120170209463705
80.215,-2.46815067557824,-0.975418804846661,-0.996938204388789,0.760686574816483,-1.2194356363602,0.422815767241411,-0.827086674007005,0.217459652748171,-1.52132759376309,-0.203034241192909,-1.14433277251389,0.162739452317473,-1.26900202423524,1.31425199285531,0.116151235285386,3.61698534122164,-0.490012365782656,2.34993417798484,-1.14308030939195,-0.0561306999819324,0.318115026790815,-0.374895969620074,-0.219011199021008,0.10826237084324
80.22,-2.3954851380101,-0.822580613011444,-1.14230575930324,0.862251407343013,-0.862537337496784,0.165171909756646,-0.799840122098968,0.154605137178521,-1.47628550752914,-0.111476294572695,-0.734261935326258,0.231666033048915,-0.698856529753843,1.14601345947147,-0.0347197334344175,2.85284744508632,-0.585130425662671,1.71529040732309,-1.14178266088114,-0.0486956984978669,0.310213715263703,-0.373558633910509,-0.219496750222536,0.107290449968013
80.225,-2.32665757996476,-0.671547577630924,-1.18104824732848,0.682225232415005,-0.43119042088705,-0.0423890666400877,-0.773800629105659,0.125972196897653,-1.43491907780609,-0.062131362671161,-0.370107012323542,0.238736059735231,-0.684560225326581,1.13177167222968,0.0761124381298762,1.85001630553061,-0.52399815120489,0.44602584528013,-1.14156108575389,-0.0464647935664228,0.291685245024611,-0.361747866567931,-0.210085521947753,0.108099785855151
80.23,-2.26258440472453,-0.591833331147648,-1.16444897676234,0.421461335825604,-0.0718312188947558,-0.194138629498991,-0.769277540871421,0.114565908238919,-1.37739424774469,-0.056049618313854,0.0877580969340957,0.210815475485813,-0.598993176895999,0.931027372258892,-0.00863478712222062,1.17933194456404,-0.23758588840287,-1.08019380039511,-1.1564180026952,-0.0633831632825079,0.270640436031709,-0.34027000052788,-0.170035532726713,0.11584846675396
80.235,-2.20142418359777,-0.53280582624676,-1.10645025740212,-0.0123350943133437,0.407242783735435,-0.379979279379952,-0.780853674828259,0.0969810209621621,-1.32412395542278,-0.0862715300117443,0.474457497226147,0.175848172505766,-0.581937027544195,0.710585505860135,-0.070025617115351,0.911125894735711,-0.0921484878566195,-1.47800824202033,-1.19988709066314,-0.0930473285282293,0.250524887108158,-0.301147808947845,-0.156048128133907,0.0932227576542994
80.24,-2.27536468539243,-0.684247632834689,-1.06235421386236,-0.404326909490057,0.864563434516026,-0.485889565056065,-0.829226866479788,0.0738164595223647,-1.2666490169424,-0.157407572205912,0.911026819515306,0.120141773972755,-0.662068674508747,0.572151802488292,-0.134483526930188,0.913738276870125,0.0235316485617362,-1.17331843658989,-1.15694681073024,-0.0644391389404936,0.225435556471864,-0.285593865853188,-0.131562177335256,0.0865262053708754
80.245,-2.09566619004661,-0.770103833508777,-1.11270718079206,-0.696182842404421,1.46951512814343,-0.603083829106396,-0.858776461687495,0.132494435131552,-1.14991010411603,-0.120540215152347,1.22683621998928,0.102386381145367,-0.786580479080013,0.502771015579861,-0.192930112620352,0.859426790616445,0.0113089619033652,-1.01049775615187,-1.07553224280079,-0.0640385830816029,0.239658398639845,-0.258014331429545,-0.0636365142160093,0.16384091148974
80.25,-1.51210162956882,-0.912014985905867,-1.5087800275588,-0.885135226783197,2.08852032834747,-1.13582918232688,-0.979983715341426,0.282898585773618,-0.8315216285595,0.0196112196283453,1.51632265763805,0.0665606076149365,-0.89329243871052,0.45534807161119,-0.243821123917763,0.779992803262637,-0.0144950087463151,-0.985132813453674,-1.02981282640713,-0.0960329907210511,0.261328942238542,-0.157048536514287,0.030893913190149,0.201160558327051
80.255,-0.463436372854249,-1.31763025056287,-1.91293300174103,-0.733783407262868,2.87958692370247,-1.77943539938737,-1.24545823952721,0.413654221174337,-0.149084980117376,0.185876349092816,1.62956883302985,0.0472995541629138,-1.0328600825574,0.391625257614533,-0.289533056508228,0.692234506812105,-0.0457155247528822,-0.980833831850019,-1.03230084913324,-0.0682047244441846,0.298321658534157,-0.0804904972333461,0.0899216888570923,0.243975548236574
80.26,1.34781939159867,-1.81458405601987,-1.55354309231964,0.817051867073714,5.22728618145674,-2.75084592228175,-1.78392878520392,0.252538827724609,1.20077331893209,1.17590296938031,1.26568899301444,-0.0486614538796014,-1.16559627275501,0.3159887304042,-0.273606106816185,0.610019464795363,-0.0569354771236477,-1.03662693771255,-1.07805937364161,-0.0507654023415901,0.330459642116888,0.0092862991306133,0.102804389926905,0.329342578510111
80.265,1.25087637360745,-0.58269360696833,0.208551881067929,1.60171195895355,7.40951069642066,-3.69395385560574,-2.31160529843183,-0.198771376467135,0.811169124365851,0.0364041712417333,1.39868850509835,-0.262829003688269,-1.36164224909921,0.257714573499049,-0.247914413969765,0.726376674205034,-0.0200347634610705,-1.05980749385772,-1.12277346439805,-0.0213880262283896,0.335022143478318,0.0953410153774168,0.0978871684944138,0.377711608217819
80.27,-0.983734669902025,1.49328922241212,2.28417512258812,0.928948799513618,7.32788353919194,-3.80827477288287,-2.22103666798235,-0.250371277250058,0.253860043177198,-0.714272570967744,1.71264529892226,-0.0778230245493754,-1.71786466262817,0.170724730725725,-0.199340104446711,0.863818476514135,0.0478227091975659,-1.20226742700013,-1.2082869762068,0.0147756260529804,0.31696648860258,0.21818731411949,0.134215811939935,0.437886662788526
80.275,-2.55940343243096,2.53925266783263,3.52036387677089,0.0644469768131054,5.68615787051523,-3.22863962339642,-1.49279529211822,-0.304223412225344,0.065728020081096,-0.343376953142794,1.81864126052978,0.144025483837095,-1.98138935579905,-0.0485731075754516,-0.0989314316819616,0.713925466063297,0.0113913450553516,-1.56740755231673,-1.33645460577766,0.0437528855575451,0.288698175911768,0.289966866248426,0.245338534104299,0.508638281310506
80.28,-2.29013275977395,2.21871149502166,2.84027116907681,-0.512729571192808,4.11118524019332,-2.3245383140266,-0.896945223473221,-0.343101090759917,0.186708339782509,0.176550603894198,1.80993498988313,0.225484952286242,-1.9981680954668,-0.212412753340652,-0.058958337267481,0.164760205032218,-0.161031662857809,-2.06523623892772,-1.38539764520627,0.027453277498126,0.267440580965773,0.266858472629944,0.343293271060522,0.583786650726276
80.285,-1.28870748855328,1.39614727755615,1.80744066138285,-0.919545797335988,3.51257864992599,-1.39320698869164,-0.913794868014572,-0.195836303733002,0.329169177212243,0.479915280820003,1.68802105850384,0.238855932062278,-1.97711626833823,-0.219089232089333,-0.128780600836391,-0.238738060247605,-0.370800899400682,-2.32168522677548,-1.4868533880174,-0.0200515231036834,0.259492281570236,0.130687460038663,0.327346551226644,0.63255434472052
80.29,-0.462939817707703,0.741850185885888,1.03426343361599,-0.761724710355939,3.23209844738607,-0.935144833988803,-0.954896556829347,-0.087803542072818,0.253086906224137,0.373683652587243,1.62910299992591,0.330131850915175,-1.73610902052135,-0.193945812582835,-0.236323719802793,-0.135530068045053,-0.395968414821861,-1.8491349310714,-1.47061009632851,-0.0871067328398611,0.280070326591889,0.00444574008845521,0.170498143629068,0.578757465005192
80.295,-0.951025762589022,1.1481517437643,1.03676663895791,-1.01712602399862,3.00750619010588,-0.587992035457822,-0.916337205231723,0.0996856557621429,0.0338838282441968,0.310337489090126,1.68689163888416,0.446419263318921,-1.38404427965214,-0.171404175458051,-0.347523709112601,0.0421770959684245,-0.379723654396978,-1.10905125609445,-1.40129759606624,-0.148351155887827,0.310189589631957,-0.00489508062091147,-0.0637431057195176,0.503438393612042
80.3,-2.57809532214146,2.14269259695325,3.01398393798756,-4.00744530132228,2.48725630124276,-0.879241488211511,-0.86317031344793,0.341896134066279,-0.274830384410676,0.591486282545148,1.75125038008474,0.519224043226114,-1.12431907376183,-0.111234971112318,-0.412576500585457,0.117744713585385,-0.347734214944262,-0.55276988858172,-1.30324281609835,-0.182505000247621,0.325445110231217,0.0288071986327917,-0.323745261560543,0.440195143553698
80.305,-3.26488970616363,1.92934019112445,4.11586325163639,-6.30156457176933,0.528889325589634,-0.742328577433748,-0.961421234512283,0.501609961052302,-0.40836847603093,0.696515178430433,1.87663524922795,0.515265207698761,-0.94001305182991,0.0332112282040829,-0.492046164478311,-0.0920011513469415,-0.240574796492653,-0.138200141744498,-1.21077027705515,-0.186116761457844,0.307966312229492,0.0736210167607936,-0.448978780720707,0.385395950283569
80.31,-2.1001720178464,-0.400571021430476,2.11352093905403,-3.74929128059104,-1.60770422523366,0.031660954910521,-1.23640307295668,0.375979851057088,-0.399029197271767,0.36120161638902,2.07205017611474,0.482369917404917,-0.926659949779156,0.198659860888541,-0.567345294730776,-0.249660393386739,-0.0441138203033564,0.130768234760433,-1.15615840386383,-0.15165836816918,0.261814033461006,0.150295609988579,-0.379013921236511,0.36722748892485
80.315,-1.04610062773362,-1.89098193300833,0.425147852178628,-2.81829618438093,-1.62834318674379,-0.139145461702986,-1.49422923443757,0.318481057418629,-0.422975984250216,-0.257400838386881,2.11486993520631,0.493800811812921,-0.969980884795408,0.455201653591959,-0.631016223520792,-0.0672791252272085,0.0554849349452201,0.583939465302203,-1.13505212634731,-0.0924860727289743,0.192453672826327,0.270834092973786,-0.224279528005915,0.358965665102005
80.32,-0.9801772148971,-1.20801986398116,0.355890655688128,-2.05757512515677,-0.919332803238982,-0.817101257191663,-1.69047245288608,0.229278550392161,-0.602555073899937,-1.06124934549106,2.18620794914324,0.554900239330673,-0.997177651254329,0.545171579759359,-0.629728365883476,0.164210592127427,0.043055779942164,1.02164911423598,-1.19542805642297,-0.0196771275353748,0.114330476369122,0.429294848186726,-0.0301425813872712,0.367451138841879
80.325,-1.16795587800703,0.589276916348001,0.717438569212936,-1.21179933201085,-1.24985160346633,-0.729256735883173,-1.69705657769247,-0.0712068251610275,-0.687170561688403,-0.840161636833501,2.31226980761981,0.673493937334672,-0.963100823369685,0.387842826453343,-0.521421050963303,0.168126531054108,-0.221998459916997,1.06916156826118,-1.2828341346083,0.0322214089315524,0.0546854396142933,0.454476362770846,0.0766347655769671,0.393710168329887
80.33,-0.976011444508418,1.2619222192591,0.64248994194047,-0.985648074157582,-1.10195287358762,-0.197740208510233,-1.41196549019336,-0.379221597750547,-0.436051434422617,-0.967598742559215,2.19235623464195,0.288865544001531,-0.871972542305037,0.148336905128941,-0.440109141888204,-0.0446836211053768,-0.592447558761131,0.604570316260289,-1.38196252432343,0.0639363834035593,0.00713741790379418,0.361885360217013,0.119770737922419,0.417080767402257
80.335,-0.552493890858362,0.962242080536794,0.851261954029593,-1.20809779967334,-0.68883339839401,0.328579203789601,-1.26472407974336,-0.485993099062068,-0.093966073953691,-0.753733265147234,2.14506344290779,0.337280174206534,-0.741941839562841,-0.120280325370041,-0.380382189448767,-0.16822891569712,-0.87084867556317,-0.391459759098746,-1.4453801466963,0.0698710584164998,-0.0202321966578889,0.217264503652574,0.117107971879576,0.427988288695201
80.34,-0.158273387720565,0.147323183655516,1.00840851349311,-1.81384414023452,-0.376295591321787,0.503867717940716,-1.02415130592015,-0.375813493873763,0.161712755049016,-0.480282860561307,2.05959594352303,0.57024123859853,-0.663210824139052,-0.285852100036285,-0.272451724614382,-0.0122129851744033,-0.843139368382176,-1.34233129526263,-1.4461764855032,0.0602115396664476,-0.0405187076309971,-0.00437736877023784,0.00348811079984214,0.42709331418872
80.345,-0.165983385885983,-0.547442377584862,0.985677690393537,-1.87654513766596,-0.314911447764544,0.28525794019078,-0.882153342224124,-0.228136177164834,0.0891941660340549,-0.272318375572556,1.99329226517662,0.656834319298772,-0.646070628599955,-0.403525383844498,-0.16273551798923,0.115117796295499,-0.745405881622454,-1.52718212885972,-1.38698246520194,0.0477554792476189,-0.0534515368177689,-0.129619192425869,-0.108759073154693,0.406531752649273
80.35,-0.417607878314182,-0.540747193947718,0.992383583904488,-0.934303620945194,-0.313015266120157,0.121162845642071,-0.826713825964637,-0.138106169626851,-0.118763207274166,-0.14899545275782,1.96246985874806,0.659664691218065,-0.671168761090783,-0.533632830926559,-0.0901164774592653,0.0555331423595763,-0.664571034571305,-1.49527286109713,-1.3113924589054,0.0309778601959987,-0.0679212581588595,-0.183728400065187,-0.211222196363389,0.366570265764803
80.355,-0.635851028033697,-0.0188567594167881,0.792860538608091,-0.0345025149449071,-0.35571332239178,0.16710301240596,-0.742231224868559,-0.00545666463190698,-0.259102812160099,-0.0232533155676722,1.89760599248762,0.592059251384695,-0.655252982383402,-0.662526659900051,-0.0225377336793619,-0.432315731366823,-0.716777362661754,-1.2556431855081,-1.21997044957292,0.0407016624900024,-0.0844548189544194,-0.177452420671588,-0.24027720670701,0.319488201680112
80.36,-0.733008334833117,0.475369757759916,0.632765095343808,0.396605814637871,-0.273481794600896,0.244255686986352,-0.854837617502237,0.117053806359389,-0.311224479052433,0.0754546581063432,1.83313002016585,0.506909997255332,-0.560334523031597,-0.818092613236518,0.074593700214621,-1.29187923101737,-0.806590648041172,-0.915148900909779,-1.14413988257628,0.0686552550678288,-0.0883645303323407,-0.132357215779919,-0.200599559504509,0.277708176645003
80.365,-0.715544876666792,0.709204151268807,0.662603484232396,0.447592525852376,-0.152110240946051,0.341969213840707,-0.949083337433728,0.208297594797849,-0.268290817152876,0.308065964441745,1.69729029703546,0.506425574976949,-0.433187888685079,-0.874282415568882,0.108235520701327,-1.9054440352996,-0.800934054091658,-0.755509245992055,-1.0693176716359,0.106763393275874,-0.09565024009708,-0.0666674307011707,-0.101126171851264,0.250692391289328
80.37,-0.558525419008743,0.642504645449049,0.783873643213225,0.212321527195731,0.0351997572034133,0.404653382640038,-1.06042968489283,0.189204408030364,-0.182366993409788,0.396641092841898,1.60797755324045,0.508036818701919,-0.367204137973326,-0.776934611022,0.224693629066662,-2.42333378179698,-0.600416920349796,-0.832090166691432,-0.990766385470459,0.128491603367189,-0.0898683010677331,0.0154483722993406,0.0151855195737553,0.246952409268531
80.375,-0.435178739999403,0.315855393761055,0.869415018370026,0.0278449715317301,0.127443290605291,0.363621308677805,-1.15175661017764,0.196149129202301,-0.0469440835154561,0.358612963141188,1.5157663087907,0.543635593724824,-0.283545320513034,-0.596857071358912,0.252073361998802,-2.53420187669766,-0.230684942635138,-1.08278037337789,-0.922498057201477,0.142480571587293,-0.0983786205418559,0.0454878122390271,0.0886119330867675,0.255114565122223
80.38,-0.36805674067245,0.176722341977618,0.89369764098437,0.0948939898798868,0.196774356011451,0.290988465012019,-1.15719360119162,0.23934867181894,-8.02696875464165e-05,0.290783718258945,1.44710155575775,0.598323348860246,-0.327801913785674,-0.446893951563829,0.268945820941782,-2.66115763247915,-0.219423585520009,-1.30400686586671,-0.93725889816636,0.130056944744395,-0.0941917446243622,0.0222038469851186,0.154348509444394,0.264514251340693
80.385,-0.409651661654382,0.201835185523056,0.867973717613623,0.233308099585274,0.204751189738061,0.28262467227577,-1.10727729586904,0.235997116051105,-0.0798601554121984,0.0800884230815611,1.43121901263128,0.652299665619656,-0.548294015646829,-0.327746160108635,0.329413846727118,-2.34456960514779,-0.247466842403291,-1.26534041895326,-0.884725962852229,0.122799201861229,-0.0908176581913659,-0.038048298472208,0.165348460361394,0.217155430767406
80.39,-0.454174226862992,0.245928865149615,0.80652410903094,0.269052497333513,0.210599261330515,0.305153807675436,-0.991916414480077,0.189455068083926,-0.0932679928450032,-0.163731821013512,1.38856176295727,0.687434077262878,-0.87496345039404,-0.269302278807955,0.443125955800248,-1.85461748526916,-0.274131065131471,-1.2428494746237,-0.783590371707402,0.124997876446706,-0.0823996745185142,-0.125863036734027,0.214494442720992,0.196341630925843
80.395,-0.473819470525391,0.337671794513102,0.78855304578932,0.178606873000758,0.228222953570225,0.318230508346804,-0.771653262907444,0.223063204771711,-0.0703920476894297,-0.248690629962273,1.31283793271922,0.641063135861746,-1.06104233552795,-0.263129007599453,0.56744858931183,-1.43709250087653,-0.299142938313387,-1.38217022157929,-0.678608027111245,0.124718207823272,-0.0653609293324388,-0.250130769481373,0.306720314044895,0.166257088547532
80.4,-0.454318940095917,0.428259730508802,0.811323463580637,-0.00357711484058215,0.245329763356203,0.278299795920199,-0.93180466211565,0.175795296997054,0.0214163535807695,-0.126932095467207,1.25512738131837,0.604769107543257,-1.15116108693404,-0.258954983577343,0.716342559003853,-0.969028163196854,-0.371418958301681,-1.62019959099929,-0.605113875160024,0.134380071904329,-0.0553104696599199,-0.367342146426963,0.410818577543312,0.178133137336546
80.405,-0.441208520350038,0.48093867288958,0.859599084812686,-0.234508003621099,0.23339098622469,0.212085229667324,-0.930899877437916,0.287317144352489,0.0531160063375576,-0.418695702464822,1.22108116961222,0.543742606259866,-1.13733300584361,-0.225684158979603,0.78355217975004,-0.62432036366829,-0.408122454646444,-1.70183509894178,-0.616453413653216,0.145033180123386,-0.0378192674851007,-0.481421630114639,0.492983171793174,0.199817585879208
80.41,-0.405272645638123,0.412858906537852,0.878798408613241,-0.337693444036081,0.165110910051963,0.153177852330743,-0.924045079906927,0.43274026025383,0.0900015166494021,-0.473875907243862,1.24334246840118,0.550763402744684,-1.06052322827942,-0.22078007376631,0.770325957521038,-0.371611651301848,-0.398593377879677,-1.69173697379675,-0.661429962730402,0.145153759284806,-0.0250173823072946,-0.587830828571887,0.552951952831019,0.218145125512295
80.415,-0.409739106836085,0.279993212405231,0.870465024866873,-0.367880058048034,0.107470664899262,0.0828875581624891,-0.941240761354981,0.445088393897187,0.00425358076285299,-0.723910108970618,1.28936434347439,0.556284457786316,-0.973882304919607,-0.242211142736386,0.680071189264918,-0.218116995169476,-0.370445873974787,-1.61508162258445,-0.697029210073995,0.132899460915201,-0.00846580845452272,-0.62652006083716,0.568110501393625,0.188050003537093
80.42,-0.414779094295446,0.224678664634579,0.870150993225144,-0.362220138311386,0.0376758816404349,0.00176454360679424,-0.969566850272372,0.380083590456004,-0.0904704402398336,-0.970916607383959,1.31010086037638,0.535280035629574,-0.889855038230791,-0.28746733707827,0.577989913431053,-0.063232409227444,-0.287709176231031,-1.58589837735304,-0.731672612543703,0.123698974137137,0.00555499284762307,-0.622068247551517,0.521452581878235,0.124064753019498
80.425,-0.429093693016051,0.293372295856149,0.824345230909622,-0.285230058222181,-0.0304647342417764,-0.0687881013161257,-0.99453902578336,0.304769357189254,-0.137308825037125,-1.05563520101675,1.32199624055249,0.478673984071324,-0.818333987276478,-0.34758244837422,0.439847209947604,0.0958233842839571,-0.198427983165803,-1.60902856134105,-0.790034970766365,0.109181713666809,-0.00522483206699551,-0.598500513788679,0.372028674338046,-0.0104136826244931
80.43,-0.426400040412074,0.332712246499055,0.836233478709586,-0.285776813164019,-0.038815438747406,-0.0921969364950203,-1.00929107143921,0.207675196751116,-0.10484414126416,-0.918173299854065,1.30698247532529,0.390754262832529,-0.803530199496396,-0.367591364064433,0.37343055840401,0.105891279492977,-0.173159594928645,-1.63832275266684,-0.816586307101401,0.111104740749471,-0.0220118335585891,-0.612399756342685,0.210708963621982,-0.114362487574721
80.435,-0.407212407183096,0.294107226460892,0.870014425843579,-0.288700700668175,-0.038815438747406,-0.112859691511066,-1.01329981116844,0.163160605730005,-0.0466350142545586,-0.798267551963371,1.29582002578563,0.322366696194645,-0.83619684096143,-0.375421576237294,0.356845465094987,0.089783023892272,-0.138675092265043,-1.59018356859531,-0.834367392103906,0.104937717441612,-0.0419358376265387,-0.638739302064485,0.0192155112008616,-0.202125585961569
80.44,-0.401719844558333,0.237548469663808,0.878153097611042,-0.235887568695889,-0.038815438747406,-0.147375721291584,-1.00475098062718,0.201385613047183,-0.0255158451984599,-0.671387858910912,1.2931337994248,0.283855477923917,-0.882729831593611,-0.365687029808544,0.368515404721479,0.0592854852768272,-0.0816350347597865,-1.47536173162196,-0.844908650432183,0.101255402740442,-0.0620250942584063,-0.663823447300752,-0.12060452528598,-0.260682803149736
80.445,-0.415046168228756,0.224274100921094,0.87038683603765,-0.171728398415472,-0.0433104184631293,-0.173833073494939,-1.0042975948424,0.235142292387919,-0.044844451154886,-0.600071689607314,1.23621953180896,0.2734963762481,-0.918434860192405,-0.337556674686844,0.380786876415761,0.0818680309787247,-0.022058866631076,-1.35983339980254,-0.8591366524768,0.100301964357452,-0.0747926229178525,-0.683896784723512,-0.209868866429428,-0.276985297730018
80.45,-0.444635062127025,0.250080984848604,0.859325700058547,-0.150789482769473,-0.0439554965209675,-0.190563046651257,-1.00489749607683,0.204548944942087,-0.0684067839589476,-0.487142818215659,1.17704371578353,0.273402846320617,-0.929430443245157,-0.301815867555111,0.38748523411567,0.146185600520144,0.0257823544930815,-1.25355871917658,-0.883710121451047,0.0949087027392081,-0.0656518202520517,-0.68353494849873,-0.190934578396683,-0.266220135487643
80.455,-0.45433805046752,0.270914487497659,0.854866303867768,-0.15040304986113,-0.0425066834222749,-0.203611976298988,-1.00779627838539,0.157743110844735,-0.0740465961510066,-0.342991720725898,1.10113957385214,0.263713611086438,-0.919016126396263,-0.277318098044713,0.380997586267885,0.20834998767248,0.0576996903452347,-1.22788006660743,-0.898666824903964,0.0911059180570341,-0.04786618186856,-0.655819036534455,-0.131810748784894,-0.242852838839269
80.46,-0.439062529802277,0.267262857194083,0.876213534080217,-0.160069798892396,-0.0432741599513084,-0.208239558073708,-1.01163102536951,0.145371591154385,-0.0693667107604297,-0.226178896809214,1.03726626308058,0.248679224263049,-0.897391295915177,-0.267702406858492,0.357636349005089,0.252074783615764,0.0776374094742969,-1.24876725776504,-0.909405806216101,0.0867412829982231,-0.0260333677874966,-0.607878056265744,-0.0856441494259988,-0.231428457846195
80.465,-0.370438674864956,0.263037962696198,0.88750881628788,-0.142220161228206,-0.0690783713987299,-0.200818576310706,-1.03287847107546,0.167801815788547,-0.0491534541849253,-0.126739684678132,0.952375047417199,0.223041282215534,-0.866177026838977,-0.263936987432907,0.323045656491536,0.267520942796417,0.100224588952757,-1.33397335118412,-0.937031174275102,0.0777211401389493,-0.00507247192487452,-0.549744728635755,-0.0719024974598084,-0.225970414500489
80.47,-0.369705662816664,0.260414186718536,0.875357378755161,-0.133536226190711,-0.0910635794793792,-0.199717183438661,-1.03545539073871,0.194741131417697,-0.0340051277207988,-0.0628157940688297,0.866587679432314,0.213312984450379,-0.850952362367911,-0.257353505762425,0.290539236424027,0.270665243142601,0.124647871493003,-1.4105478588023,-0.959386690343239,0.0788417531116511,-0.011816376503719,-0.508158259807155,-0.0805598501143687,-0.239714197371697
80.475,-0.390870797623746,0.302166386656431,0.856625200137968,-0.131319865584373,-0.0913199976079065,-0.188907048323885,-1.03086888170792,0.20383867719488,-0.0276587445257929,-0.0645375374509239,0.802353875158501,0.214949544382373,-0.853916984619932,-0.241153964174666,0.253756745141291,0.241823971951389,0.156109557821013,-1.46822207643852,-0.986938305163911,0.0760520364787358,-0.0311603919354174,-0.468304190652105,-0.0943943381407588,-0.25018262896725
80.48,-0.409926814749627,0.286551680281704,0.855527683023769,-0.157353166008954,-0.0661257710995882,-0.163344366323668,-1.02504769792851,0.196896402428915,-0.0436243793237028,-0.091722030598446,0.743150670305068,0.218886875079781,-0.866459822135447,-0.217606868649295,0.228914157296057,0.214319759934618,0.184381728212728,-1.49450598541805,-1.00549725764591,0.0742003590795517,-0.0507989493121495,-0.4512035816645,-0.0800637088247239,-0.255316516765774
80.485,-0.413291911362571,0.244179473975041,0.864537184091049,-0.173582936298938,-0.0649578074544894,-0.170886326785703,-1.00143723941318,0.194055038630187,-0.0808270272708908,-0.0901025927626192,0.67761745039558,0.227312837090463,-0.874192585391323,-0.196612072689754,0.220467607603137,0.19612956986572,0.197291501017512,-1.52729816836664,-1.02685597198925,0.0812339057288455,-0.0576215501471619,-0.441033221573307,-0.0550836452993386,-0.25896490526384
80.49,-0.424645360470919,0.224627889400026,0.858387162475704,-0.180872830927088,-0.0685239423052187,-0.184866702715414,-0.990068145166548,0.189882727714894,-0.0892262198090676,-0.0919387932964896,0.635761706369654,0.224957419696065,-0.872631274025405,-0.18603279838295,0.219343842500812,0.192942679147819,0.211616680099202,-1.58091167447213,-1.0430637227609,0.0757454240931765,-0.0718460137489082,-0.443126246518065,-0.0263840730997004,-0.252577408525296
80.495,-0.415097325980319,0.222343525552126,0.855747387413134,-0.178638672151526,-0.0667070682260624,-0.189752297694879,-0.999039878630498,0.160445921879419,-0.0878088530697437,-0.150776519158196,0.586189987901174,0.228768273776386,-0.871054722956259,-0.187427376700821,0.215932894549034,0.205749621661376,0.210501096764958,-1.64775318981414,-1.06282664814445,0.0716990818828594,-0.0827990696983251,-0.444404602050781,-0.0150663815253076,-0.251486513967449
80.5,-0.394602938746277,0.229350812122885,0.853569915393269,-0.177744254469872,-0.0542628733179832,-0.181125592264692,-1.017562215176,0.122142099988238,-0.0859924827825136,-0.217267307623548,0.537441404724589,0.227088281465539,-0.877769840998676,-0.193775942443138,0.209509218971704,0.196295922355926,0.188247338469439,-1.75216139377591,-1.06542668635189,0.0673057428078974,-0.0968095381857978,-0.455038101282572,0.0117130675030397,-0.250700077094643
80.505,-0.436650066254532,0.217259665123798,0.854320977988024,-0.170921958594063,-0.0302042995030503,-0.155690146318534,-1.02950999122028,0.110981616404585,-0.100089925398634,-0.235144993993664,0.505206366159546,0.224734696974255,-0.888487944306282,-0.198489961664215,0.195572618329948,0.190245129195989,0.161736175508037,-1.81915224163067,-1.06333342604951,0.0590358698689763,-0.0879012416606566,-0.453206363000733,0.0537056898279827,-0.252855904718011
80.51,-0.449113711300912,0.194823367556328,0.888534674898153,-0.167047219750494,-0.0113787364666735,-0.149464026965579,-1.02933148716812,0.121487753244372,-0.0969795127781454,-0.258784431827113,0.475494654602429,0.215118334740793,-0.903409437839221,-0.193888729128166,0.164022878386602,0.193088958772141,0.122615939002655,-1.90450656123583,-1.06325004039343,0.042927764066601,-0.0699792438420034,-0.474636753060486,0.102104615868199,-0.24402674598632
80.515,-0.456186513391219,0.161765648609677,0.888090131831823,-0.14409491285107,-0.0242908233487547,-0.161844103221337,-1.02414003330654,0.11749795281054,-0.0840696589640538,-0.275723948752086,0.449995053594496,0.206395442978836,-0.919422483503665,-0.181392043943218,0.122917038371961,0.161210420175686,0.0747801458067446,-1.99479616580922,-1.05590536414181,0.0351100495659052,-0.0447654336014131,-0.498269349149183,0.114918667152872,-0.242647355944615
80.52,-0.410387852923616,0.20267438840265,0.871150234272099,-0.115052258572854,-0.024463767342204,-0.143389542240485,-1.01667926703519,0.0945111111809108,-0.08166882447316,-0.263617323306705,0.429112086212449,0.200323163447122,-0.921829801321901,-0.167359568789805,0.0712479484207349,0.140301390967477,0.0395668644885293,-2.08227246626224,-1.04900575144302,0.0243791229585324,-0.0227763807738066,-0.511306918625853,0.0916570871475316,-0.23860918272139
80.525,-0.435879160775673,0.212025924284929,0.867125712901121,-0.0792141545296963,0.0185145799347435,-0.136872096705561,-1.02851549163266,0.0828331910770987,-0.0853099939339296,-0.195754099584738,0.409425133005895,0.184974228200143,-0.92094401253158,-0.147586891644731,0.000589183919129013,0.0764225455688719,-0.0240187982626773,-2.19328794099609,-1.04070731002884,0.0180903581886543,-0.00488557098874639,-0.514306717021219,0.0854081302628281,-0.24550758164857
80.53,-0.426021069342997,0.199491721190422,0.867770143052624,-0.0653340671648392,0.0400205252011706,-0.134325313198798,-1.0224860814648,0.0847848006248009,-0.083369495270317,-0.114121974983376,0.382722427172866,0.171150666400411,-0.921847205818739,-0.132945301148313,-0.0388716521575101,0.0189169415017426,-0.0671175033526465,-2.27936335509819,-1.02316876466667,0.0204601848176533,0.0216558312536621,-0.523788749082941,0.0931584379187343,-0.245119807258696
80.535,-0.418052196068902,0.194800138639897,0.872990188504099,-0.0288176032840902,0.0516822572887774,-0.139743823769974,-1.01958168981434,0.0970262456234939,-0.100115785722505,-0.0157512163288155,0.356563107706664,0.160436105364948,-0.930302651609019,-0.119051164865672,-0.0844080830991306,-0.0630344114256074,-0.12041449751649,-2.3335196574978,-1.00583253707937,0.0342028009466397,0.0447462017350986,-0.548478780270073,0.114775530251692,-0.246649033075885
80.54,-0.423512675751675,0.177128100341777,0.868802084642061,-0.0154564754027568,0.0619924432396539,-0.131225631627243,-1.02816979921377,0.125883092159708,-0.106786720107711,0.0448101464408621,0.350031333353235,0.15622659151381,-0.945997299250388,-0.114691912932073,-0.106951952323661,-0.00239450049769,-0.167637066073131,-2.35197254455231,-0.978808862648429,0.0437242715293032,0.0722818694676623,-0.571498430658861,0.134882136023696,-0.248216509819031
80.545,-0.448680800431547,0.171943163505599,0.885135045803718,0.0185699232856696,0.0644123918687822,-0.14683471575526,-1.02221384472996,0.110691962643258,-0.107315697994344,0.0973734686133216,0.329369064483626,0.145789990141702,-0.984147083380831,-0.108837052557903,-0.117753535321707,-0.298415589527446,-0.209493073106863,-2.33639231718424,-0.961132961281528,0.0688571075009249,0.0925208286249635,-0.588203991635559,0.156935411875349,-0.249249042346041
80.55,-0.43796267885456,0.187549654698871,0.879876462665993,0.038866597408074,0.0573275081390266,-0.153919590210367,-1.00291812754867,0.0839008432690191,-0.114814200318003,0.193583575425391,0.300021270578619,0.143779993057251,-1.01678483161463,-0.0927726996906648,-0.117531219217286,-0.454619894383241,-0.237867640467349,-2.28966572729068,-0.938729786069077,0.0850924589347883,0.0929640664019692,-0.62653565345613,0.16769061237672,-0.248624920841098
80.555,-0.432428942742113,0.178467230103076,0.880077382875163,0.0531751556722988,0.0515899583697319,-0.169942352605704,-1.00872619758208,0.0702785976773954,-0.120406493792872,0.281398288013194,0.282645558215175,0.144647342399592,-1.05106358231891,-0.0681511240410769,-0.110956753048396,-0.598778870434554,-0.241310276890377,-2.22668590393927,-0.914800545802159,0.093097252214621,0.0840723454476185,-0.667417201569885,0.167199254949217,-0.236976688251898
80.56,-0.432421553972416,0.161472514262434,0.891484570663157,0.0670600373561658,0.0515899583697319,-0.182281104092141,-1.01165123187775,0.0567940043475744,-0.122086637537458,0.410761619375567,0.254904420239786,0.147298119270364,-1.04425158341148,-0.0456410226238897,-0.0916114579533667,-0.739571708760572,-0.223907585715107,-2.14712098724226,-0.888099381799689,0.10024203322913,0.0725490024352429,-0.695559525275506,0.154675446584649,-0.225261408197742
80.565,-0.44910879542701,0.165500163499872,0.868384575431235,0.0665946453809738,0.0432438449999838,-0.185287178699649,-1.01949494659236,0.0355056927994529,-0.117085682926902,0.500319635629308,0.235744664758825,0.158756721010045,-1.00266949786355,-0.0290375919435405,-0.0549988706737863,-0.847230079587138,-0.171848378197782,-2.04222562080848,-0.860245793233467,0.10357280913811,0.0810193624291744,-0.743039465121909,0.159667985905591,-0.217304147464203
80.57,-0.471174315379212,0.154473972045398,0.869689178998276,0.0699439218919392,0.0437813264002728,-0.164961824558413,-1.02625029136938,7.23954834555944e-05,-0.128153745423152,0.593579513521652,0.22671349200503,0.161754943659737,-0.919916202248861,-0.0328423846902769,-0.00972904561917981,-0.920898176270997,-0.0888839978739643,-1.8948168644401,-0.847234346888214,0.101936425479459,0.0987417341979645,-0.769225339897089,0.172979528930451,-0.198105458743977
80.575,-0.462665500486171,0.168186930553429,0.858769697806392,0.0859288364682979,0.0430381000041962,-0.139056423338032,-1.03465195552586,-0.00626403056844829,-0.126570350814931,0.709993787192082,0.233446802299203,0.154315969319997,-0.839600238245694,-0.0580335641058947,0.0274105106029065,-0.910486491546103,-0.00237861308144815,-1.75262449572287,-0.827709332963593,0.101959527617442,0.120059728993239,-0.78648476929879,0.17376670987574,-0.175657324660269
80.58,-0.451691339408194,0.170994250852287,0.856934419659732,0.0933972447941339,0.0513285621408351,-0.120936341896084,-1.0279243799845,0.0143420524139585,-0.0846969082788844,0.795929454189616,0.260418262458007,0.158390401893894,-0.744838742121922,-0.138260002323089,0.0583784578476109,-0.825051471604718,0.129367670264378,-1.58671738524574,-0.808842081243172,0.0896159421521076,0.133363365901555,-0.801096400968585,0.21814026779954,-0.141800048948146
80.585,-0.436914947672669,0.157862981056481,0.859752559666194,0.0962501538650693,0.0506276870259063,-0.108195130740884,-1.00781273641372,0.0246985771665166,-0.0631194609597443,0.783442759788253,0.279239681932436,0.172637953148835,-0.710401814277928,-0.226217369587663,0.0740842376075148,-0.73413216091386,0.233477347635621,-1.48928087345126,-0.802620587612132,0.0793897463894076,0.138033811963654,-0.796492269124206,0.239153841501831,-0.130411737589783
80.59,-0.424417046978081,0.158051590479829,0.871315702296239,0.112368878215997,0.0573340334698012,-0.0803256297452557,-0.959888842568892,0.0599604225523341,-0.0228945367788584,0.71770645288368,0.296592578298995,0.183105834081066,-0.723789879949651,-0.35316739570737,0.109590008383028,-0.597297385967049,0.369603998543301,-1.38428172778694,-0.796497709199782,0.067161834057237,0.14995994512818,-0.785926568633021,0.276928872425248,-0.105861348925016
80.595,-0.412809016811894,0.163367569529259,0.873566066343408,0.131859893691226,0.0606120084590449,-0.0581168131679092,-0.92335940795126,0.0777481634719797,0.00113679436505098,0.648545022845677,0.328739705224541,0.192659994261579,-0.787509660326381,-0.453456476814061,0.159676894154165,-0.383294947954403,0.523176203777391,-1.23841116439946,-0.802626339105457,0.06488192716568,0.159503055521985,-0.782625167248588,0.282787447590787,-0.0833764062457864
80.6,-0.4088287280464,0.181512766949409,0.85890354385152,0.146221888537532,0.0589201301336288,-0.033003872316194,-0.895788457062193,0.118053518513709,0.0100239495583927,0.502707084127191,0.374402903533255,0.188498411817584,-0.837508287462678,-0.56540232516087,0.210589304289381,-0.153769456627095,0.651406182794465,-1.11178606788228,-0.812708379039988,0.0578853648232365,0.166136894522091,-0.787332282265867,0.251562397771206,-0.057663333208975
80.605,-0.420672281371716,0.198027327700172,0.857385774510718,0.153682607769763,0.067864325731942,-0.0172452660906894,-0.908414045167894,0.145857375518851,0.0214928319567901,0.367837758931456,0.413617480620307,0.177760297582368,-0.902356750518733,-0.662992042282016,0.297494037448466,0.0914913277572108,0.768866639197739,-1.02602761729283,-0.829313626277753,0.0552228232011528,0.166447529767379,-0.785212441996815,0.191753042681007,-0.0331533242099546
80.61,-0.415111275071934,0.219863456694366,0.849665877546612,0.161886811256409,0.0712945944806488,8.26264628902249e-05,-0.936592190158039,0.166000946130375,0.0268416375264248,0.225304136413791,0.450707653416492,0.163330870338508,-0.9346425441495,-0.695586379143812,0.33611405327865,0.274361591882238,0.82777162836003,-1.02768671884596,-0.843999045297504,0.0413847999046039,0.166240595082917,-0.777159393147216,0.139344564835075,-0.0223076823606382
80.615,-0.41410892430621,0.218537113073408,0.859486965404088,0.154569239927569,0.0719543306964031,0.00648492292441544,-0.969041755048549,0.185468844586622,0.019568444508018,0.0648395056534477,0.490723987047263,0.148180387628668,-0.979310533467462,-0.685999358989483,0.379223458687648,0.474240933454791,0.871318543184581,-1.06666213911101,-0.856957548731021,0.0411636767043546,0.160359672753131,-0.777395491854573,0.109726824970571,-0.0183511403079845
80.62,-0.418834027534884,0.229085593885435,0.858800949282508,0.145261314934287,0.0643807701332971,0.0078106531909324,-0.981195712126354,0.188649928637162,0.0252153411630373,-0.0829333585514307,0.537123524481008,0.145067525818466,-1.00783053466848,-0.638048120506467,0.399505312468139,0.568529653110801,0.857658567829323,-1.08382499288868,-0.871858730306078,0.0355144353899836,0.152531784373324,-0.77670556306839,0.0780452842176579,-0.0267973744498078
80.625,-0.419166029260499,0.22972923008489,0.855348800341628,0.125773716606921,0.062585212290287,0.0023722536594809,-0.967563111761684,0.192915528413818,0.0167843463101733,-0.188033204711974,0.576467930486328,0.139657434704379,-1.02391874880944,-0.502605647934462,0.398010714489069,0.583888240267046,0.768897763156263,-1.04316369132847,-0.901883882963977,0.0279675019551276,0.143283187442611,-0.73976539348718,0.0256400024899509,-0.0609001346992048
80.63,-0.420486008909721,0.232065699183583,0.860529557117568,0.0977077928768764,0.0573856804241868,-0.0180715391528453,-0.957962662407803,0.185211002674257,0.0111730370818406,-0.221372296426584,0.614476177956148,0.141028916337303,-1.08467952402441,-0.355455858523638,0.417922820526975,0.589123833031464,0.691503182015326,-1.00371840504057,-0.893491510578901,0.0354024002149558,0.123008906413486,-0.679731765132945,-0.0497174842548594,-0.102774611169472
80.635,-0.423589447862917,0.236331512279846,0.852429751448257,0.078974986719561,0.0463640323448061,-0.0385051362872577,-0.96115335589648,0.155482407596975,-0.00924691431607346,-0.202511017212848,0.654150593137457,0.153578050807814,-1.09225315213851,-0.235091952398156,0.374595140918182,0.66118483529988,0.637121839448467,-0.996037491500346,-0.864121294745119,0.0359042458034844,0.0840524750460862,-0.627001123092956,-0.0104496758048848,-0.119907289713068
80.64,-0.439185356784814,0.247731122632673,0.839733196472028,0.0657473742595914,0.0302413261868432,-0.0611727317127681,-0.961820309593654,0.138481362694347,-0.0257566967876988,-0.135061330549465,0.663693042151421,0.152415989800484,-1.1183622782467,-0.136493539989895,0.281726918001503,0.547819727260832,0.413390606808355,-0.846563630096913,-0.887809773711423,0.0445546953164764,0.0751690471147349,-0.574956332793002,0.132493281664189,-0.132278565815307
80.645,-0.433767707265606,0.220892881189226,0.860304054488773,0.0432262528711091,0.0263293348552573,-0.0782353877421641,-0.97977094254528,0.107868492409049,-0.0443858019186624,0.0106206834437269,0.697565032960057,0.158679106885059,-1.12980150760069,-0.076126663990256,0.245076753218401,0.449634861853838,0.263567905521608,-0.704454394023352,-0.790014732267885,0.0150899954183424,0.1249422241978,-0.503705739748762,0.175452774247633,-0.181231581906279
80.65,-0.434299611318355,0.205694917179375,0.857356072551879,0.0329599340634509,0.0198259055614471,-0.0889513130478208,-0.978944366766973,0.118595475348791,-0.0321433131588719,0.134028022158772,0.735291242802086,0.171167076699334,-1.0973133269488,-0.0050695909578573,0.172924217925403,0.33604950758297,0.045256109363407,-0.555167374562328,-0.840471543935904,0.0185231481764684,0.139619159235647,-0.447038562251668,0.134904154049029,-0.215666600044327
80.655,-0.427898017613853,0.216236190980483,0.866134984510324,0.0415237172697712,0.0145493536695679,-0.091632022012786,-0.970027056253683,0.141725026977334,-0.0229121024520429,0.246260514315337,0.771863845833687,0.174322366714478,-1.07109290756197,0.0628074831008681,0.120126192976412,0.291027495963196,-0.0561726052484377,-0.629792877010479,-0.811466336455648,-0.0236367689314377,0.134548447929332,-0.356996521277912,0.0899791600675698,-0.300685992029835
80.66,-0.419109164019063,0.225558161487743,0.871445363382572,0.0517828575892963,0.016085088272817,-0.0984714478518261,-0.961007223262834,0.152470592533391,-0.0137098016055149,0.314615582416296,0.796713737278351,0.165876965703462,-1.02955558195983,0.116913899692605,0.0405777856877228,0.220786217811023,-0.195764813350156,-0.852879709425036,-0.914498538117799,-0.00701417293568768,0.13967056877895,-0.324829313476299,0.0531520205983787,-0.358119111292587
80.665,-0.416641596090369,0.224717566205367,0.871925577455983,0.0590535120645032,0.00883065164089203,-0.105970667493323,-0.952275245175851,0.172459706382288,-0.00965416538226732,0.33210987680204,0.839388873942263,0.164901073911034,-1.04082238743307,0.105277546761604,0.013725716303579,0.130760098909281,-0.304576575862653,-1.00173878680397,-0.945403454820509,0.0601136502528081,0.11607480569897,-0.421778649278636,-0.00148472861491925,-0.330167402017071
80.67,-0.414129773896144,0.223058857741305,0.875535867309629,0.0761147061041121,0.00939065501194622,-0.115014451594168,-0.947329855761619,0.166752121553107,-0.00507581069336988,0.342135851404841,0.864388121144862,0.157478826929904,-1.03368822674212,0.0754303280249028,0.00168201612658576,0.141065909614724,-0.308880806574382,-1.03341331346202,-0.91783836454467,0.0937347302011008,0.100279733690754,-0.525950054004418,-0.00985640823335175,-0.22133483424862
80.675,-0.410689563068879,0.220706999551765,0.874595692354163,0.0890209408132887,0.00922360114610908,-0.116504886822336,-0.951421745394314,0.163898104723072,-0.0129678032098549,0.332313252725555,0.892804869836114,0.148063924053133,-0.988589046775178,0.0565106852272244,-0.0356771105066549,0.179339476808303,-0.294196754386451,-1.03755282777054,-0.893771158610068,0.0771948069159925,0.0943939886329247,-0.52399465093309,-0.00861554102001425,-0.144974349248842
80.68,-0.404363650526362,0.2249942858127,0.880944793404381,0.0874628090821742,0.00883065164089203,-0.112209774844456,-0.967195488823157,0.157284954619588,-0.00967540037575904,0.3178104416026,0.924853424258193,0.137806501134041,-0.944531467904593,0.0273445333226596,-0.0759081131618168,-0.0474658786139419,-0.397392294563481,-1.08385494144502,-0.856430499687397,0.0478225347130383,0.0948409833353568,-0.471967775500763,0.00290563159486762,-0.127328279566061
80.685,-0.410439858899483,0.227699207891835,0.879443607105875,0.0830066401140131,0.0104790928399209,-0.113865936231298,-0.982365342164375,0.148279612616743,-0.0076231946495208,0.297158767168242,0.981883272549964,0.133455693242654,-0.944446662801432,-0.0355786184600052,-0.0964133525036744,-0.344423093022165,-0.469877829928309,-1.14493422067705,-0.821523015102077,0.0272780346900351,0.101253596814976,-0.341412161841162,0.0132810170871532,-0.150055152647611
80.69,-0.419325769889654,0.232170399149519,0.870755771955091,0.0839108156189687,0.00811358158661091,-0.121572166480088,-0.979886763107761,0.15702280580098,-0.0264524435398106,0.270826153637173,1.00944861434484,0.134134316452846,-0.937903289900207,-0.0778862639828317,-0.0928208595498767,-0.422415838942577,-0.419434000221998,-1.11892141763951,-0.825437840435609,0.0121692115375235,0.11684073367996,-0.253037771732985,0.0115856736032513,-0.198097909101563
80.695,-0.425813393723646,0.230608779206819,0.859422326348382,0.0754249409252124,0.00569654950453084,-0.126923934259101,-0.979388352761505,0.155180637280926,-0.0522237645646697,0.274461124335306,1.03589423446979,0.137671530246735,-0.931290413293211,-0.122263222032165,-0.0838560407696342,-0.452239780150202,-0.328686874055177,-1.06216224211256,-0.875643556533598,-5.96515444746073e-05,0.123425158925056,-0.188525985268808,-0.0370965917935338,-0.260556851123063
80.7,-0.434568360845252,0.214892146488022,0.859067931175232,0.0518271556000581,0.0111849184724661,-0.137390254610263,-0.970809127185826,0.139579003908825,-0.0602369724349712,0.270694833059886,1.07247562595643,0.147082767085202,-0.934256740165164,-0.152844861459765,-0.0658582905167971,-0.465696301995731,-0.234922274021985,-1.00389961458421,-0.920818613798595,-0.000555438374589111,0.120521507808564,-0.153564187060234,-0.0929560875286688,-0.317159279985782
80.705,-0.437471812246865,0.215067797886204,0.862243533135854,0.0414058998259294,0.0111846312832254,-0.138699616153369,-0.971797488994517,0.135340743683135,-0.0615318821788044,0.280590674083792,1.11559119265601,0.149062170638004,-0.933040810493968,-0.165916337107803,-0.0403348047288575,-0.503304208818883,-0.143982971027808,-0.958241793154683,-0.955441564666653,-0.00196322516592725,0.124121644733235,-0.113222131190431,-0.201101019806182,-0.415559668860352
80.71,-0.423461018858557,0.22122408431942,0.873739662179304,0.0312022966834993,0.0215859844168935,-0.140936012284747,-0.968355489449713,0.153848107665295,-0.0576749017253674,0.268413339424865,1.16306667729125,0.151592519291032,-0.933060514450172,-0.172421546098595,-0.0216661303350206,-0.610622988999835,-0.0918456316590461,-0.984220718318395,-0.941756506831658,0.00420847104044136,0.127092188240639,-0.0910658478756481,-0.273404406035225,-0.458886075537739
80.715,-0.415315306403998,0.219553998021399,0.877348244302859,0.025244424104209,0.0291482584033401,-0.146218508481979,-0.971378210250063,0.170998277441379,-0.0627914755600162,0.228989772705798,1.19207748716706,0.149145551160887,-0.949903058361777,-0.187407800543198,-0.0025419448890785,-0.739458135112749,-0.0975641881254308,-1.01380216712255,-0.929852796816932,-0.00026442441255061,0.141064057747667,-0.0768582822723782,-0.296363259483054,-0.491533187226075
80.72,-0.426101538507064,0.219854677049251,0.877389173682827,0.0275004226714373,0.0381588706137328,-0.157987685357556,-0.973734670280407,0.1742976695831,-0.0745886779031631,0.21190925155437,1.22159614188715,0.14744508266449,-0.976821845153498,-0.207561786760878,0.017394039054967,-0.878439492432902,-0.130245470918143,-0.989027194429203,-0.938607576784942,0.00722282853379536,0.152755428945991,-0.0560141075674819,-0.321749035981993,-0.52826661022195
80.725,-0.426987496439401,0.228704084168632,0.877624124174747,0.0284810613190792,0.0558412627435474,-0.176864971195467,-0.982984148070817,0.163529142013834,-0.0879462204669995,0.220073088270276,1.25948203326263,0.151437064541112,-1.00214677249572,-0.207794612197754,0.0426139969818997,-0.941710082858251,-0.158941249014531,-0.945411546522509,-0.973404291164544,0.0270939251185013,0.154418831024655,-0.0592912597878139,-0.332319114308105,-0.533370300674433
80.73,-0.424900811327522,0.231152949909259,0.870528108220908,0.0277772899823202,0.0748563657105642,-0.195971096660013,-0.995051066566903,0.160914180422362,-0.0908282928377168,0.250116086944646,1.28319431529159,0.152504678584254,-1.0121930395599,-0.198088669584864,0.0633201742427396,-0.982447982461792,-0.193439456600612,-0.903175655329055,-0.987660796505381,0.0481134640297766,0.144350553602697,-0.108753919465005,-0.313447933689982,-0.487809337149927
80.735,-0.434882978822815,0.235490887372591,0.865058637069781,0.0274706532612049,0.0957793518672463,-0.214325399793883,-1.01649656382938,0.157462797768195,-0.101986977371871,0.308700478335029,1.31463379773326,0.152789887959945,-1.02373311832251,-0.190453268785577,0.0815515510518232,-0.982225253464416,-0.249801632296454,-0.861950559130416,-0.996161266636151,0.0623153923072107,0.136402353037693,-0.17235830657073,-0.243895699307276,-0.420268327627873
80.74,-0.435584716830857,0.230956627770052,0.870348850169309,0.0262787286192179,0.119378430180412,-0.229195336034655,-1.03319486596528,0.157525608417529,-0.11156113705423,0.359129702255942,1.3437942725951,0.154686382578356,-1.02890698147275,-0.18811844430398,0.104433634969665,-0.988873113823491,-0.304957528041135,-0.810697872879371,-0.99652540835487,0.0622649733845783,0.136375329960064,-0.222526096502336,-0.15361545881913,-0.363987019315065
80.745,-0.424549164401721,0.226977679890073,0.886849930376972,0.0277970949762658,0.150442198449052,-0.242845699616063,-1.03367678786319,0.165657860591064,-0.105837015572941,0.380319741294148,1.37857683139338,0.157579096815456,-1.0228410544178,-0.196549128788482,0.122300947857232,-0.980919654687449,-0.360356655946802,-0.761813353710772,-0.981906402981516,0.0545259870806499,0.152087415772014,-0.212154048839012,-0.0690230588030381,-0.303353460214706
80.75,-0.426499809187345,0.228825621902162,0.871344829907517,0.0304204587060639,0.190978834850855,-0.257272394767111,-1.03249897226636,0.175421690072081,-0.112120290727413,0.362820517953394,1.4183319080755,0.151350686542112,-1.01293542156813,-0.202926967559866,0.141098432021187,-0.930434286455716,-0.403168687735478,-0.695856072351192,-0.960858979426395,0.0478933054481124,0.1510293188293,-0.195868542279516,-0.031353806477526,-0.280796747785177
80.755,-0.437069081341053,0.223515297587843,0.876668538333418,0.0381361710833844,0.233438291175789,-0.268595468995054,-1.03553631851638,0.164176546056469,-0.127366911198873,0.366610581510593,1.43618768968317,0.138787329099971,-1.00565524884271,-0.208931486097357,0.154792798512959,-0.866528283054189,-0.417121520372452,-0.636815578556855,-0.961599764254338,0.0535624165393183,0.150780590296152,-0.16251996659572,-0.00549853106194422,-0.276203627221273
80.76,-0.435008740930065,0.209871217544382,0.887339629249442,0.0480314643450879,0.284538525619699,-0.274353778147869,-1.05479397949795,0.153656808359411,-0.132750666679034,0.331571476199007,1.48782293352895,0.135198969971977,-1.01154089045564,-0.212752250407474,0.159550525669773,-0.787878247450687,-0.395502047567329,-0.574689286148647,-0.90996553524507,0.0610020078876685,0.147181466960685,-0.0799955122086719,0.0620972085554363,-0.257466976116583
80.765,-0.430038432884268,0.211280818340082,0.891472112745927,0.0684336084796182,0.338996783473519,-0.273416180936737,-1.07759399024037,0.165777408835565,-0.134316319029605,0.311357223416346,1.52405418662913,0.121325203817584,-0.975089865285285,-0.221700720370424,0.126834945232688,-0.789888605758671,-0.386609017882447,-0.559396145058292,-0.9973472886339,0.0607762168672126,0.172054781002494,-0.044438280208188,0.103915590765108,-0.209382374736764
80.77,-0.435437178055755,0.192724289773645,0.911857858588378,0.0936179213793495,0.417489859542168,-0.275026968247072,-1.09446528473184,0.149277585566643,-0.145449982926106,0.292237196911871,1.56640356765201,0.114765235119195,-1.0466027927535,-0.189490246836913,0.170467240398428,-0.735297563310819,-0.230727803779727,-0.645041668940056,-1.03799504598613,0.0457320015568561,0.212233984563594,-0.0186123055758342,0.00551188987140578,-0.203529345790745
80.775,-0.415964666747409,0.195514590632535,0.924448114096479,0.129912832246812,0.488870810631599,-0.279607504530595,-1.10281442973471,0.127130762287083,-0.163313252482631,0.296082750915989,1.61433365359501,0.109999691782203,-1.02413306024101,-0.191019829843478,0.148331228102745,-0.505984115510777,-0.0329420398873296,-0.622719855631945,-0.996384291548762,0.0446639812067786,0.220446328074269,-0.0179575639021329,-0.0431784249616609,-0.198206390155158
80.78,-0.421994147051765,0.200868953293173,0.920251999599297,0.15360357917942,0.554035759400146,-0.282952993415125,-1.10795066985683,0.091791468322214,-0.164228757092798,0.301881687372371,1.63708735237325,0.109572559595108,-1.01884466245556,-0.19026636929741,0.13417448987235,-0.833643981588762,-0.141275420133058,-0.65285870226155,-0.896465301954936,0.0393907343490326,0.231349391040168,0.00577988618908653,0.000433382267954293,-0.192051226288467
80.785,-0.431566621784171,0.1921712637956,0.917295206125216,0.182267995520464,0.649631141992846,-0.302819909019439,-1.14939375079054,0.0838703397775858,-0.194478244769862,0.329768868005951,1.68382872456362,0.114059326093621,-1.07626633544595,-0.196939091542159,0.154335834237182,-1.10603689004254,-0.188640743676947,-0.531959371296095,-0.905136832458077,0.0294833011945006,0.269170232547683,0.0679169001951934,0.00853181639379668,-0.232879489566647
80.79,-0.473643959433939,0.304166436942347,0.918312287590024,0.272548878481766,0.723494615176216,-0.328891402062598,-1.14974872901699,0.200329086508063,-0.184463519408989,0.406418439097027,1.69934489775794,0.133063940560021,-1.09221691373596,-0.178817172292397,0.151624473222497,-1.11926205428906,-0.142769457919401,-0.31668347846373,-1.00873812437222,0.0351594197423159,0.281384253105572,0.0870954970061815,-0.0510937439878447,-0.226029946837394
80.795,-0.333906914749091,0.300123497763611,0.918298763062439,0.199968775354595,0.809644877092558,-0.411620478192738,-1.13416912644307,0.299325919346753,-0.0128264628008395,0.497487565224442,1.72730273668585,0.183083470198492,-1.06988989881518,-0.164734101024687,0.116328036091116,-1.2008538020791,-0.11987363343702,-0.243564248085022,-1.0633275326371,0.0293802075134458,0.282265898717735,0.083032949476811,-0.121924872600695,-0.196264587799118
80.8,-0.485552485702554,0.0383627213700826,0.957698399072786,0.0160127055074719,0.910982885430346,-0.532840253261038,-1.21871057375135,0.0319208176796768,-0.201353949043356,0.320422670375021,1.70596386689168,0.184265872105209,-1.02006282308554,-0.186829038015448,0.0975945073788127,-1.37035214241553,-0.133672123536121,-0.337456948859161,-1.08067500357912,0.0157614503714937,0.301786940125865,0.150686509088299,-0.21811470431495,-0.210011334422596
80.805,-0.485613534427271,0.179404537656473,0.908891736844575,0.137380554634376,1.0517959014993,-0.363699677924758,-1.16572656367315,-0.0231349137010817,-0.462838400827573,0.596711933092006,1.7135294368768,0.0952766079015202,-1.02316399022261,-0.220836194616859,0.0764000915557495,-1.50934944950211,-0.181020148050519,-0.401636346748654,-1.09363162270411,0.00785327093248184,0.305590864740187,0.227390680037323,-0.264620433114905,-0.251811622572038
80.81,-0.463958658630383,0.279128695610212,0.898254385637979,0.124530342869847,1.14556476066809,-0.342225245933609,-1.20158918992893,0.146965992313445,-0.272705322611907,0.496300901464363,1.8646241899881,0.0470953548035119,-1.04219131678132,-0.276720297196394,0.0602949589510545,-1.54923770734259,-0.203673675656319,-0.406348559027392,-1.10068771515968,0.00944195643209437,0.303422291114468,0.282331237517199,-0.270783703857626,-0.298329791626034
80.815,-0.412076767993012,0.212726455509206,0.944938557815582,0.0630026425378399,1.24468232591185,-0.400352528782052,-1.23460080404962,0.111333939768436,-0.121287791225011,0.411272727034575,1.86972853330739,0.0803650629146573,-1.02959138237483,-0.328753942221646,0.089273366943234,-1.47356424966122,-0.204576650302531,-0.422356255729417,-1.11457507298338,0.0138443029773674,0.293287772741214,0.289828422632439,-0.228292058449529,-0.320915385369048
80.82,-0.403038942672061,0.152753958856177,0.944109081179354,0.0754882677483718,1.36963569792717,-0.416169008480417,-1.13818260018515,-0.0103710679832138,-0.240427062837733,0.447646842350181,1.78688491492429,0.111541684310677,-0.994682088158233,-0.364329168906291,0.104192200270784,-0.0117892756936984,-0.178499546095321,-0.00345114258604803,-1.14740581834974,0.0135721068125881,0.282230856584497,0.291025378022935,-0.206029071621788,-0.328834944386747
80.825,-0.466353196376533,0.200627394494822,0.908622560194114,0.0722487295126214,1.48380974492639,-0.393505620058132,-1.14450181628202,0.0825574783252839,-0.280837211631328,0.384528683438648,1.90210609138066,0.0667706766358828,-0.997844169058735,-0.397444852883344,0.129180990439279,-1.20022675248886,-0.141169041723776,-0.512051970410309,-1.17246450883676,0.020451578372384,0.276975505840142,0.283868112612796,-0.19549482468652,-0.323961555957794
80.83,-0.472836421294898,0.164717591626053,0.915412599858219,0.0384128723381055,1.61362972266073,-0.391126858551565,-1.18819677131005,0.110920295902178,-0.250981968746815,0.288667504499372,1.96024782351812,0.0374925807118416,-1.02130132441086,-0.391863732067027,0.12873348477212,-1.107270072288,-0.0936639926933808,-0.450083997790847,-1.17420076184835,0.025317673382502,0.270647050300357,0.304570614609265,-0.171824753576473,-0.323961555957794
80.835,-0.460854928010687,0.129459875794808,0.922431102437815,0.024256823489251,1.74080247786225,-0.374846415420569,-1.19496482586619,0.0256845134692537,-0.272745552769456,0.209829475621171,1.97137499168868,0.0188071998741495,-1.0391993246717,-0.367851393711938,0.131899357781697,-0.991844266197806,-0.0591832932929074,-0.351778060762224,-1.15356446425085,0.0282027434982705,0.263608177679476,0.330369941379943,-0.121107052813964,-0.320460251531088
80.84,-0.467868831030533,0.152365885996256,0.926989191239148,0.0455751963275581,1.87636592724401,-0.331743841133182,-1.18285913221537,-0.00851585469014,-0.294761495782216,0.150823416668383,2.04282259211005,-0.0191405243650612,-1.04213533689807,-0.345941151972197,0.14494033631339,-0.910232555976718,-0.0271712227644794,-0.31313363632261,-1.13235428983651,0.0343269902058802,0.276531866181648,0.375243284214764,-0.0519757132598374,-0.322514645633246
80.845,-0.467913016190963,0.169778964294577,0.909705190850256,0.0517707429920439,2.0069397301193,-0.301941126622679,-1.17340616834925,0.0211945374056384,-0.268655850113705,0.122143046764869,2.08585240318727,-0.0447116300616412,-1.02569904233358,-0.306626235244276,0.201379207455639,-0.852060416629169,0.0281992067227632,-0.271544594642027,-1.12991196552606,0.0308539070995342,0.287349719666683,0.421786591161377,0.0317679171670456,-0.298732470599095
80.85,-0.480569741790944,0.161804035124767,0.910071614448306,0.050246092401635,2.14879981957304,-0.294442941690311,-1.1627450220168,0.0196448278479364,-0.278484139512778,0.087978568844564,2.12342352046423,-0.0482643030106577,-1.02733032271033,-0.270230351903691,0.252820777507308,-0.822494369029783,0.0762281136510431,-0.229391851837264,-1.14369121415325,0.0340928732628053,0.313243978306768,0.435542772305403,0.0610645660792138,-0.267121910173096
80.855,-0.491105478517561,0.177884357687577,0.902195326324279,0.0376063246539907,2.29179896510974,-0.291533688665382,-1.16354176294183,0.0307428504050654,-0.285917250044272,0.0683526820194231,2.16047011309999,-0.0504694208502769,-1.03007696983535,-0.232281791531166,0.296883487908861,-0.839331354083186,0.0909003326140824,-0.186565363146228,-1.15092161853978,0.0255664004268653,0.325638439378659,0.427713773886053,0.0504720832759672,-0.22389789191203
80.86,-0.497154114086973,0.172245108831229,0.902750361375929,0.03702032011575,2.39949229837979,-0.298676657066179,-1.16365056768881,0.0638557465153234,-0.282154411813092,0.0323622556216053,2.19891774996755,-0.063643242324931,-1.03713849996921,-0.197261801447404,0.330072801867321,-0.870904446502558,0.0944244744318404,-0.167813709655134,-1.15587769189658,0.0146800639786315,0.326244532273966,0.399364779278535,0.00216841141908414,-0.182097461094715
80.865,-0.516394757422064,0.190176550282451,0.894601559080323,0.0462091903156824,2.54078394837517,-0.298475333107866,-1.17300836399627,0.0838076583665394,-0.298468073951817,0.00920329655461808,2.21243239506032,-0.0693740768681157,-1.04380951882269,-0.174768979678232,0.340430397232066,-0.889075531313882,0.102201484469067,-0.159944609578774,-1.15763753967619,0.00891764059629655,0.317446392456736,0.368839723082137,-0.0396228575871521,-0.171763462033441
80.87,-0.528908419089311,0.192540782172117,0.879771509037138,0.0443641529840376,2.66646366064014,-0.310405555096836,-1.17980537030718,0.0831396907998674,-0.296897291007546,-0.0267996454311485,2.25046088809692,-0.0826659687625415,-1.04484428112115,-0.173954110366289,0.337787281175223,-0.90052466999314,0.112607048759425,-0.162406543104739,-1.15997063202964,0.00570617504845135,0.310000550266017,0.320331460096678,-0.0495489736703196,-0.167224861773002
80.875,-0.548485271978645,0.200634970191484,0.869022463845242,0.0210003995136719,2.82718588779786,-0.343613981656288,-1.18829708484586,0.0988872882479335,-0.301803064550721,-0.0682825277499581,2.29750831889744,-0.0905191373206843,-1.04978874418292,-0.17617702280097,0.328119304528675,-0.849747960987286,0.144141336000108,-0.160010636515273,-1.15557675458606,0.00443488760651475,0.305129924337125,0.256860100289011,-0.0343159232636184,-0.17561150880369
80.88,-0.583060918781046,0.224121492111499,0.850747247901843,0.00742128484759725,3.0009970514435,-0.39290225567859,-1.21251825331451,0.117890005193691,-0.30887099113274,-0.0880051594475589,2.35083268349113,-0.0945817855821309,-1.06712760747294,-0.181459068723351,0.31981668382944,-0.725862518115555,0.199460646904687,-0.143800803844962,-1.14686315448046,0.00596764484338737,0.312628029566047,0.210546313297249,-0.00507740793256599,-0.19543902758154
80.885,-0.588780653322734,0.277129494979782,0.842224483488066,0.0312496283231466,3.17849191766889,-0.452099817577295,-1.24208376311157,0.163716277289,-0.270307182642865,-0.0821498570828199,2.3925674089356,-0.0911704838471013,-1.09295669561956,-0.176335848345394,0.313542571243856,-0.624482749906789,0.23121991078976,-0.135453169203568,-1.1034993093253,-0.00932139236328594,0.342157484857041,0.193701666117932,0.0276185337806788,-0.257684173688381
80.89,-0.532327281805602,0.321284088047645,0.854308902636602,0.0789604320929391,3.36932314655661,-0.517463195724188,-1.2919551721685,0.186291185465634,-0.232568210982273,-0.0558678181696385,2.43161259113723,-0.0710179223530502,-1.12962298856178,-0.15956851718981,0.312144183070205,-0.529064550124782,0.266421592195896,-0.105880065856737,-1.12991501942537,0.00121736790477763,0.409298622625262,0.173524210007659,-0.00295063580224413,-0.320383491781543
80.895,-0.500357447863007,0.301403498430875,0.934274811606426,0.0783117477639709,3.58957104451993,-0.580346363999324,-1.371470793318,0.184048640141195,-0.18352293266641,-0.0341570210390248,2.46303947784833,-0.0516911149024963,-1.15661270289015,-0.141863405553203,0.317502123554354,-0.417952989523356,0.294296957088761,-0.051287738072393,-1.14632388875676,-0.0163107175245766,0.493205932971406,0.0834712045023333,-0.103215007953417,-0.327958233643103
80.9,-0.510539828867206,0.391491228741846,1.06755548409982,0.0322741955584963,3.76721508252372,-0.657112811742969,-1.47919688589086,0.217820265778855,-0.243864755060229,-0.0014848738078313,2.47791739905387,-0.0661682660271105,-1.21237013826289,-0.132912810182678,0.343365485118093,-0.294767121238846,0.327905569477583,0.0270076576453327,-1.20706048881002,-0.0998834001642215,0.462858521803331,-0.151104163532251,-0.252362625269806,-0.290201307761227
80.905,-0.519872385880664,0.357725244437353,0.893198380836226,-0.142796564236351,4.07904690053093,-0.741399557975418,-1.55895778874567,0.34663165149003,-0.129600031120966,0.083582007300675,2.53973215229275,-0.141335406182691,-1.30845153295922,-0.12318764955379,0.374941449381869,-0.177349797068258,0.349709651219809,0.114237276455698,-1.40056848183274,-0.176240007195307,0.400905609170693,-0.399092579189203,-0.221982485786831,-0.246044981892957
80.91,-0.54500829245911,0.377258307098068,0.844634282588317,-0.252970753952552,4.36308454475424,-0.85337906804473,-1.58993922466199,0.326802152518533,-0.155425947908371,-0.0951061689282094,2.60551947314377,-0.18429199236207,-1.43382084895687,-0.107476549546105,0.413071597966539,-0.085226341416762,0.364149864498054,0.158301051344436,-1.47662201285547,-0.196210543287365,0.3271596712897,-0.578364061541539,-0.103336611454562,-0.260856704558916
80.915,-0.567496050262882,0.416049866287748,0.846823495021121,-0.277361105766829,4.63214502829643,-0.99622539457037,-1.50543147158749,0.208203175401267,-0.10342325620225,-0.164544212392865,2.63235448801978,-0.147753725285768,-1.48938107595798,-0.0473864499166403,0.476468271018339,-0.0402719662168314,0.377567694240525,0.218683175389184,-1.50919966357996,-0.150883680197738,0.224796820219689,-0.522373201964287,-0.0387811291903392,-0.305296449391648
80.92,-0.568758825194826,0.379379860205761,0.870143506438889,-0.26025519610113,4.92362484413607,-1.15186632261574,-1.45051450300499,0.132429302001871,-0.0251217583354155,-0.118611321657148,2.66787530452722,-0.0762282925781367,-1.44887697079498,0.00377811199374017,0.518588499081729,-0.00952677386984259,0.390799901169521,0.291468431465604,-1.48787287418163,-0.118036991707584,0.132755006931216,-0.34809560276229,-0.0907351084609742,-0.322567103673524
80.925,-0.545574796475052,0.335537687734057,0.862326690941024,-0.193606286157799,5.19951108764993,-1.260644479125,-1.48812289268397,0.0881382228487076,0.0662907639962929,0.04832878373798,2.71235880065999,0.0193706506824389,-1.40137974933798,-0.0163889252099711,0.514628851501653,-0.112496085367702,0.426999007549942,0.362577900225654,-1.41000935013719,-0.0899259650256137,0.0477880585679385,-0.19381604099415,-0.14580499936703,-0.293118395424454
80.93,-0.611228284434423,0.354000407444514,0.898504026832347,-0.241956886050768,5.52364742529326,-1.34010738612419,-1.5499876088398,0.0612758178536763,0.0730404667883483,0.278186383926461,2.76071254158289,0.0850888178109705,-1.39858965358673,-0.0110691161084851,0.467618667452414,-0.302635870927245,0.437978355227329,0.531242289360753,-1.31695809295841,-0.0586329681766621,0.038752001740656,-0.0919443392488525,-0.140218712317168,-0.253247715460479
80.935,-0.691034016479212,0.351043456474271,0.881156705681243,-0.313589031269451,5.900040650541,-1.38474176236113,-1.62669878387502,0.0546173195064636,0.0875282058439096,0.470574021526756,2.81647509594956,0.116122813633281,-1.39912865820128,0.0789361222092142,0.359820298623419,-0.407410035379678,0.456193533863032,0.761646434249572,-1.22576417789036,-0.00916581454314119,0.0607190390357075,-0.0136513503039635,-0.0791067748472055,-0.217004437567894
80.94,-0.641437570800441,0.340955487517018,0.90190837135609,-0.295523833919325,6.28588868223847,-1.42172407471673,-1.71986150749218,0.0510627084515592,0.144484321383422,0.646932856090257,2.87483105385507,0.138033725736397,-1.36750554085392,0.231626775132378,0.191101332695145,-0.389636519267424,0.452563409418742,0.988847470980458,-1.27028346863234,0.00855123339286356,0.0972791903544768,-0.0260155844033827,0.017227310883127,-0.150398259745153
80.945,-0.528875459948359,0.405859240500438,0.889129661923872,-0.224762358057229,6.78619100096412,-1.53701634101005,-1.77197891217176,0.0361586725339921,0.234086828429165,0.822252030043892,2.88748396718092,0.157995170020889,-1.41663746810072,0.512299172327362,-0.0336503937518936,-0.130968152869042,0.46369899859058,1.24940415678142,-1.30753682133081,0.0112801845752775,0.0892983694055687,-0.186861625552765,0.107317981272831,-0.0506078428775598
80.95,-0.546586631015944,0.338905116536396,0.880082606088554,-0.134506925081375,7.1473524418667,-1.67733698369415,-1.76989158618704,0.0505940224144742,0.290583377599212,0.977847375763232,2.89061854333467,0.160268070417807,-1.38891613233765,0.655834122591813,-0.239606240660334,0.0686565058899926,0.539276050452058,1.43107160240194,-1.33014276663605,0.00841344964631537,0.0450106156603054,-0.285681486007082,0.170128573574504,-0.0203503968171279
80.955,-0.651225692596772,0.350148383210809,0.932521259066684,-0.0542828547258556,7.65169057376652,-1.91734904415862,-1.75016671437797,0.0550393150728369,0.340317708901287,1.09403403372944,2.88588933955088,0.184887086369233,-1.42309849129275,0.737880288365281,-0.446461368177609,0.231445602099207,0.690025651967952,1.60309198908038,-1.33085335712958,0.0202065936149913,-0.0136795653255464,-0.310899932292647,0.219582079486559,-0.00650157094785869
80.96,-0.571588441798201,0.305686260895214,0.840726825698078,0.0490755286261196,8.091009322458,-2.10229138861961,-1.73855559693569,0.0287622883559377,0.401614799572688,1.26697571081964,2.84436855554644,0.227268708821854,-1.4368318924626,0.795332136463931,-0.549262254822369,0.353665505898881,0.843685398903303,1.83248528028656,-1.31377606131018,0.0377794959823372,-0.0680776188988872,-0.221884073984753,0.221765067172691,0.00799710194907364
80.965,-0.645305613530963,0.323338494278508,0.89594489576557,0.262575878253725,8.49847207116756,-2.18579697131131,-1.72247014074374,-0.00190887169660973,0.46708509365887,1.32434599203152,2.78868116739511,0.286382990798068,-1.41328357094315,0.731086066544816,-0.546468348427487,0.369973802129508,0.976419387950995,2.12465498633822,-1.28223742992028,0.0433634388577921,-0.0917975114127859,-0.0950257777082356,0.15261113852862,0.0405787448227957
80.97,-0.718963321407937,0.395236153736656,0.913168608183493,0.353537911040048,8.82949351566771,-2.26237674613157,-1.69251348117729,-0.0493546658550057,0.514154642938148,1.52042748164692,2.73611513660957,0.332089074131307,-1.2507069178733,0.538764923345916,-0.508591177511156,-0.224270706495817,0.876849412325067,2.28343114144902,-1.27871276308876,0.0367181240823495,-0.0837226008600003,0.0182678105781825,0.00870019034049122,0.0757232321679203
80.975,-0.824068612038024,0.36875986498198,1.03909595010551,0.441671173907322,9.22520949408947,-2.38059301307412,-1.65739877565232,-0.0851521974049584,0.523371675467907,1.71748536993529,2.6867884079447,0.36182817407335,-1.41208037968289,0.297907659742756,-0.306604384688227,-0.688742212190891,1.00071425045718,2.41736301905188,-1.20542664479425,0.016753781601254,-0.0735387072181202,0.0677814544283135,-0.194313997706571,0.120708491960829
80.98,-1.06148206263799,0.244801114556775,1.02962210577873,0.674661129885788,9.41390128430336,-2.40764630742057,-1.60412776750846,-0.0896816454905604,0.447608104828342,1.97019764269071,2.65484169395351,0.361672872244384,-1.55640773880437,0.0705043125094427,-0.147361487551469,-0.0812039627204683,2.06713767503919,3.27126588110232,-0.759343103347518,-0.0581055951741397,-0.0437240404356674,0.149234877742709,-0.243576850827364,0.0956019213182067
80.985,-1.29425285861304,0.464785096996655,0.923263491805983,0.888828773686026,9.62119306923531,-2.4315133964136,-1.54463519463107,-0.0395225658868944,0.271883325514204,2.15948846651535,2.66280650571452,0.349387015410148,-1.49227158848154,-0.0353237579667062,-0.177872667303488,-0.586734197400311,1.86261371846226,3.68110743039399,-0.660607672708144,-0.0459003905362781,0.0104931833066121,0.124007580176805,-0.00482177878081323,0.0877454410004748
80.99,-1.89959841606082,0.309112398029644,1.00825001013313,0.72536510639194,9.62863168992451,-2.46014032963184,-1.45303907021898,0.0400442739732187,-0.109315274221444,2.37646408327743,2.70217377638859,0.313403218657022,-1.14684658158537,-0.00425830065625933,-0.129952225621328,-1.28832447673939,1.67082792779677,3.36023931009269,-0.821111964863902,-0.034371428618167,-0.00672632522937096,-0.132517222981934,0.277857369565482,0.226127155544209
80.995,-2.41164277504046,0.191628909532088,1.37500942900008,0.887826133106916,9.39695411700773,-2.37231979908398,-1.37218782055224,0.104896445339885,-0.55440822143936,2.50454249942791,2.80262172469301,0.245953185975555,-1.12153051782657,-0.0488830662072788,-0.161331875131187,-1.69158889458828,1.36789848272036,3.40152184816807,-0.86495699223223,-0.0754155342030829,-0.0319586804151696,-0.323661337692053,0.442878495055944,0.320754077456825
81,-2.47469066164007,0.0721573177872799,1.48388013215742,1.47608755164008,8.79521638319716,-2.27114929501983,-1.33948577913992,0.157630332666726,-0.79576114827822,2.7033961388257,2.94687246024363,0.131032951870084,-1.10768014352328,-0.0303447734436764,-0.371893767759347,-2.1975072374032,1.01885310389909,3.64873693803912,-0.90283541365071,-0.113268009047312,0.00913951835684841,-0.335572335434576,0.413591003903066,0.296557816926155
81.005,-2.22265995574123,0.325317609165913,1.19142192730142,2.13106230572097,8.09463297551332,-2.23040414738033,-1.4500877010456,0.280253188280668,-0.84381987369478,2.89744627394851,3.0171814212239,-0.0192656925648649,-0.982636000782544,-0.174490586577989,-0.0319661204103213,-2.35377447856952,0.618391522164691,3.51360042575282,-0.90573054323199,-0.112813104934072,-0.00333036854278533,-0.3350645585841,0.272855225406873,0.291669746011787
81.01,-1.91737964865294,0.304325113299999,1.12085680386839,2.3910101615965,7.86280903042508,-2.55689837981136,-1.71314892556721,0.471091299777811,-0.542940277916179,3.23893169992068,3.02144149933803,-0.116101685536087,-1.2290862316852,-0.0415269736045296,-0.0272811815562036,-1.95430708969412,0.374601987765164,3.26263912817136,-0.831938378368693,-0.139749990891908,-0.0350614760548929,-0.389310660407783,0.167123020910144,0.328622243916462
81.015,-1.5983348975536,0.505268036380672,1.23438844079377,1.97411221226458,7.65012695023443,-3.09882163800626,-1.6864105418927,0.399924283161398,-0.157847253879224,3.21671110484108,2.95831855315015,-0.220850390905378,-1.31469870443076,-0.101116666938043,0.0804687711962678,-1.83839394704744,0.241267059720215,3.56126764876506,-0.981580896475069,-0.171581220836304,-0.0677386692989772,-0.408350363826905,0.0641194038893663,0.3400530651502
81.02,-1.45762232842311,0.942629139015139,1.54106840457254,1.26839183881214,7.33168601905287,-3.46064020152244,-1.72361477115282,0.397479314168438,0.0630951472909318,2.84115165260554,2.85433619856347,-0.277383158671362,-1.24674795464623,-0.284180476421827,0.158029820383567,-1.58307803305391,-0.111850336587058,3.55573257107492,-0.928612167149069,-0.189726638844696,-0.0934566101020336,-0.419806951019495,-0.0501677758003954,0.332579691012712
81.025,-1.68899293231208,1.71254672995947,1.53131425222125,1.41579690455786,6.63722225147473,-3.08927309692939,-1.64420930246276,0.351164831275545,0.319225852349054,2.20208631556969,2.52678117047281,-0.388795578746468,-1.21392806454788,-0.345381145473708,0.231161805516635,-1.55066782979006,-0.218131716259621,3.3847876317897,-0.973258644856415,-0.206417080077607,-0.0939460055763211,-0.400917205576848,-0.0855052942010613,0.294345398790763
81.03,-1.07181149702931,0.986315302170562,1.34595399228433,2.15009947635843,6.24226501181292,-3.07654494591814,-1.54183763188301,0.484250635298367,0.544364596793174,2.12448015295975,2.01844098131159,-0.425919605665368,-1.24606417185209,-0.472409310439182,0.297197927046731,-1.54571264149239,-0.307957841928728,3.09002913313801,-0.980133119461702,-0.207280139062349,-0.108628593487487,-0.337310032849104,-0.181113594763307,0.206734554736884
81.035,-0.697293403655203,0.27924620849481,1.66326056856318,0.362256666658054,6.00835492159123,-4.0630565130867,-1.30144113619254,0.642375178355436,0.800719443755542,3.16956237709838,1.38314261425163,-0.0321515908548883,-1.27235598178502,-0.56490122361451,0.286332604106345,-1.47961583479268,-0.418930996972815,2.68810735192293,-1.00894917735694,-0.209006848038432,-0.127569348959536,-0.278518281975367,-0.276372808733414,0.139594935143375
81.04,-0.798794954890742,0.320911774662212,1.20729541213355,-0.380815959755508,5.84604325727374,-4.97137618495198,-1.13642128068076,0.41164864055679,0.527332738524864,2.91778552453443,1.31073474698475,0.194397820962974,-1.26008431890186,-0.592779910271767,0.218559003666473,-1.44050732008698,-0.565939905051322,2.37408508818747,-1.04945048643015,-0.210259150941191,-0.131829464838629,-0.17405121348608,-0.40826514329151,0.0359029991302467
81.045,-1.56948469435853,0.665775909894868,1.91902910298699,-0.218655153711857,5.48210387114114,-4.74708197828286,-0.923199868216217,0.298953865059187,-0.580300378066372,1.52343174143729,2.01803685724503,0.162595099821218,-1.24250597329372,-0.580573497093618,0.132230991146869,-1.43402089270578,-0.798408621388345,2.04793577742359,-1.10381888257805,-0.203415010933512,-0.139966606390306,-0.0255650137155779,-0.604808900312829,-0.0790586171558376
81.05,-2.7900702562035,0.912012919124438,3.07156446837996,-0.536442210376053,4.6046191773959,-3.92848613951061,-0.860054131883508,0.546318673305816,-1.2189619615936,0.935870113215841,2.43963192516989,0.2397602668393,-0.735977447015216,-0.560156013154239,0.0936299519445082,-1.43437080327593,-0.331882508086851,1.18065118651901,-1.04730205812291,-0.17966962128864,-0.147611102631279,0.150900243240027,-0.815615324654081,-0.205483585177452
81.055,-2.88544676853799,0.70720319976679,3.93097191713305,1.0810763201533,2.64977498585438,-2.31553276465168,-0.720959872709066,0.311852941014685,-1.07716958530674,0.632085874378885,1.90517866119995,0.0311954366957712,-1.01985815559966,-0.559572822985252,0.0660988192262679,-1.10695887802549,-0.64200071921957,1.32076688913065,-1.00915464839686,-0.161382903268559,-0.170000328324016,0.246323337581582,-0.851959178806742,-0.246422363552793
81.06,-2.49681585889512,1.12220887560923,3.75966516061756,2.57681821854196,0.141818834084647,-1.36158076004278,-0.646252551995917,0.351986461181491,-0.925323335996323,0.278678182908472,1.55926639853724,-0.22022149432277,-1.33877979379872,-0.508361609921361,0.0288158012707608,-0.793730050009845,-1.02869773232007,1.58257526753556,-0.93857306202796,-0.178674932453567,-0.187986046294459,0.30086433032998,-0.804674706325548,-0.26012838802477
81.065,-2.15076888667127,1.92298154236044,3.24562106376851,2.94133635180526,-1.90452871722285,-1.06683388438688,-0.705919748903271,0.475131585260434,-0.779265290566573,0.289340287890471,1.54801985436992,-0.243822618835983,-1.31461594003335,-0.445187888572596,-0.000711411026317895,-0.488241304647996,-1.08281436029542,1.57826304065385,-0.878535063729853,-0.18014268113387,-0.193250145681215,0.3607718690011,-0.633445484370901,-0.263938978168933
81.07,-1.49665057692566,1.97883856212815,2.46727016778843,2.25790772080928,-3.62736315387344,-0.900836717752875,-0.852241992141286,0.444490373805806,-0.397992832266452,0.18331923735122,1.20802639913552,-0.210187332749457,-1.30444372452312,-0.421033215497645,-0.0234213920211565,-0.130755500836544,-1.0734624177551,1.6461690738894,-0.818693727703699,-0.189843986773541,-0.185261268787313,0.373524534055182,-0.481245504241998,-0.237866094265111
81.075,-0.878100165860563,1.63062307506473,1.74087151576779,1.16974108832899,-4.64963675958953,-0.798887662473544,-0.928303204854902,0.437420534993307,-0.110029240553406,0.354608266292238,0.855464629471233,-0.158588416680011,-1.32147914382203,-0.418267233881274,-0.0357415255342393,0.175750482936604,-1.01295593766303,1.73053020441795,-0.778020965986672,-0.188683599486462,-0.167614009951105,0.365869085604672,-0.319298067079521,-0.148102133131414
81.08,-0.443314765249962,1.29000586986658,1.28261121428277,0.480028132515257,-4.98457943674259,-0.740897486639566,-0.991076096025597,0.331953646694394,0.114556364446588,0.323429951598712,0.528798420670492,-0.0726513392261662,-1.34570117517143,-0.405872256432987,-0.0504502682066853,0.406012879598703,-0.939054452624363,1.80182025590061,-0.752008186191676,-0.180785970331134,-0.145278366040522,0.346926978156642,-0.19618616993708,-0.0584431917752533
81.085,0.0158759281222778,0.79575609800657,0.890714569072731,-0.0991973921776217,-5.05944833731056,-0.667200653773742,-1.01721017543909,0.259413215894555,0.263794592581155,0.117619606237359,0.28514372251173,0.0328582768080492,-1.38471393429848,-0.368668163881798,-0.0994072919252864,0.606865537355286,-0.879515316019285,1.96525826022363,-0.775032031096951,-0.182940981237301,-0.13399189069854,0.351489355387568,-0.0870699823024622,0.00650812969076854
81.09,0.21108477433522,0.466619258387813,0.645139887675697,-0.17359358265517,-4.99616825022457,-0.592670862944725,-0.93033764087564,0.213521890872657,0.373966960216968,0.0156401534620559,0.0948692117353409,0.146883226162551,-1.43766926069862,-0.33285796406447,-0.0884756337034929,0.696583864253249,-0.822523131768492,2.15037632497817,-0.78975523083304,-0.172685175946082,-0.118487449207969,0.384816699911149,0.0424770431434015,0.060206756183434
81.095,0.27090659000992,0.277091196438683,0.45076183144223,0.118735425094265,-4.8008285285703,-0.462397116141371,-0.835056894860563,0.183587895791685,0.366456131788132,0.066617122122858,-0.0488499103794983,0.207200787107402,-1.44992879930719,-0.323960597816845,-0.0913926956563755,0.744814294528781,-0.763744843810387,2.4016269428406,-0.854090144288573,-0.155761121375309,-0.0940560868468928,0.42920146193986,0.173808538964941,0.103819808762105
81.1,0.259647380300774,0.213864415653864,0.391632351934029,0.638034565794351,-4.49467687183148,-0.305593501291276,-0.757930112742173,0.0816416839412036,0.282696228189406,0.112222612377525,-0.258366445507612,0.285904533632396,-1.35306420079608,-0.321221592302984,-0.0376868855251884,0.665073079060661,-0.772911340995962,2.66929117802287,-0.919909427655622,-0.128580795880503,-0.0548257077825299,0.477011387252431,0.250774005235443,0.113397251285164
81.105,0.191919516923826,0.262173996961698,0.491847851739956,1.2077379568956,-4.22572436851481,-0.119557052933598,-0.644714355132491,0.0285736937954725,0.155793814398569,0.264331010669032,-0.73531234323797,0.31997375675874,-1.34688763083279,-0.345997475661639,-0.0158883124560183,0.556066852246965,-0.828680968472864,2.72981891786537,-0.993392073197373,-0.115744077291074,-0.0158491825919494,0.516802090875193,0.226866579961383,0.109781398222717
81.11,0.101395881266178,0.381536199108406,0.574852668424143,1.80078283310745,-4.0624962029891,0.1277678291672,-0.565280340204171,-0.0302469463887331,-0.00947818923524779,0.293393847033225,-1.0002347308074,0.273313736391997,-1.29894186067087,-0.361713602894219,-0.000851230899001767,0.300457385971372,-0.79810263611517,2.78076765685545,-1.03954423770733,-0.108949126349456,0.0104102017151375,0.513175031924599,0.168634802047851,0.0996611391374495
81.115,0.00502635771680295,0.533824417495378,0.615305112270015,2.15694012532396,-4.01238690799982,0.383195669948356,-0.480429882390279,-0.0742080545021,-0.102281093369174,0.241795528064152,-1.18087757239549,0.176808859214504,-1.2786508408517,-0.366252303390709,0.0417990304849813,0.19911900322858,-0.76454155925958,2.7884278579303,-1.08432921325538,-0.0995462222174514,0.0171034626390134,0.487484772013515,0.0633228951177223,0.0844149572352199
81.12,-0.128958887916089,0.746710467301795,0.652382026483135,2.33213016258963,-4.04569346053693,0.712088880583164,-0.476903015950578,-0.056780441543014,-0.0987412346595416,0.372618568322403,-1.36771880510847,0.101895827894952,-1.23173056445601,-0.354878840232749,0.0631644211302991,0.133767637428695,-0.855860902323248,2.72918126973276,-1.09990558340501,-0.080270731534011,0.0208143317728605,0.426243987533505,-0.0529879624603979,0.0559489423135959
81.125,-0.227913450278324,0.918449429738319,0.675771214742637,2.28460752533247,-4.14632646518414,1.02959224438308,-0.46792630331687,-0.0187451593209723,-0.129588412957524,0.565471261159751,-1.59940132463078,0.0492576503054264,-1.18834230468006,-0.35988700641341,0.134342811165686,0.0573287254657895,-0.804334315368083,2.57143455538801,-1.09802722044738,-0.074404175465545,0.02336156924042,0.393799998164177,-0.121871056705713,0.0535420402884483
81.13,-0.272212318564077,1.03018456850472,0.606204075007582,1.96458790229983,-4.28018206441048,1.39523653636744,-0.478861824573892,0.00569349956271655,-0.103544527888617,0.760473483369007,-1.76392477102137,0.0299578612353075,-1.1866438505721,-0.38642809596633,0.136872786784184,0.109757125980507,-0.798692454967001,2.5817823254517,-1.06363108145093,-0.0578136696242287,0.0315094064488068,0.374019017208239,-0.169063398542763,0.0610062589415124
81.135,-0.244927843709388,1.02796427258371,0.519594269100713,1.63560412681835,-4.31277804823682,1.6646299177605,-0.492443539545785,0.0665931192637189,-0.011942359329674,0.961085869377581,-1.95933817143562,0.0300941126091295,-1.1590572868873,-0.404770013839936,0.134836477144369,0.104360706622269,-0.820247299511945,2.5960735611232,-1.03720444840982,-0.0484257371708202,0.034966393920231,0.369876847358815,-0.194255580127095,0.0904575351053225
81.14,-0.203941540646804,0.954569644070311,0.45273066436153,1.15599101115213,-4.24864503636584,1.94974513470667,-0.493250712456063,0.173461446898908,0.018609665367625,1.0550707995177,-2.16548004213768,0.0525549117566608,-1.14155965783663,-0.397333938409818,0.138684906422053,0.0980671725618765,-0.82870328267879,2.57746080272232,-0.997370805623709,-0.028723811926265,0.0658560918262811,0.376654273966613,-0.21712119052774,0.142265427999498
81.145,-0.214380429180325,0.846085372155265,0.469391266125366,0.759623470676688,-4.1527185558111,2.15031768915154,-0.486497892697268,0.249207874717609,-0.0163936646028938,1.02967587721715,-2.41051748382455,0.0824144846955496,-1.13961666653278,-0.382383326001016,0.136136440906628,0.140995674949589,-0.869553994861964,2.52813194180665,-0.960291810437326,-0.023211591349081,0.0820949691198043,0.385000632951405,-0.225467557362458,0.204339940903833
81.15,-0.292328344957163,0.662011083834483,0.569320873475854,0.669843708848756,-4.11466582534517,2.34297581695782,-0.488279546202789,0.293040300586295,-0.0933133535737011,0.916420497027476,-2.55584915661737,0.12736274676491,-1.1256966001657,-0.371149773242408,0.11963287735046,0.200972548967882,-0.89952592824053,2.4759454526014,-0.929376155417935,-0.0198789574646436,0.0970395863245666,0.396663223953748,-0.23125115291099,0.273163015606546
81.155,-0.374221155864402,0.469100623552111,0.676820744118683,0.886439839712355,-4.18277593855287,2.59817730569292,-0.48617962972189,0.262230626618253,-0.196069407615787,0.523564940009874,-2.6895715896199,0.176863793858883,-1.09777879274861,-0.367916946436022,0.107439458310775,0.246463201049436,-0.890623371123884,2.45100689001865,-0.908049863552116,-0.0202593329694589,0.0984116910252425,0.411347841899436,-0.204900499803809,0.328925930952051
81.16,-0.411355798802651,0.40476753985861,0.718009233859184,1.11979546398913,-4.3191676727066,2.81677279952876,-0.484359848367645,0.249163234739854,-0.195132809503073,-0.00790010203988009,-2.83384447265157,0.217956677946518,-1.07256320164311,-0.368890090894187,0.106949977953311,0.302626458249698,-0.848532136451321,2.41774987377933,-0.883432110993623,-0.0198916554322977,0.105395442336079,0.439064945756859,-0.138012495090548,0.388655147409212
81.165,-0.408469969670223,0.416809755622198,0.689307474157084,1.23188276752569,-4.47564746546999,2.97974564617035,-0.478059274337808,0.273460109328999,-0.174093722670312,-0.347045066464521,-2.96967184096669,0.244876317592524,-1.02614991230654,-0.37328531127876,0.108526434618295,0.364882593366204,-0.802622019470165,2.35990671271732,-0.878235398586556,-0.0171737390331429,0.109009313013368,0.456313051136054,-0.0774212998218205,0.419472907083524
81.17,-0.370174295967419,0.465240256334481,0.584471238196345,1.11529518242915,-4.61318798769396,3.04143217233842,-0.480191164508229,0.273312024501329,-0.143709591885825,-0.634810094061335,-3.09397545353724,0.261636638943283,-0.989231728370106,-0.371662080071503,0.125542218111999,0.4235513550034,-0.7728609315864,2.28433456096311,-0.870018667196852,-0.0328274418588531,0.120994623256026,0.486083919012548,-0.0255590415790973,0.454376517163899
81.175,-0.329749650280199,0.459804402222999,0.468237952152727,0.83611880098093,-4.65682077407837,2.98498366938573,-0.58052416517226,0.292586859600205,-0.127158413307664,-0.839888355732072,-3.21857852077912,0.340094011169971,-0.952379917970976,-0.37554114975712,0.155322978808898,0.565058867545837,-0.739801134458277,2.17109710652509,-0.871227086524998,-0.0472175819872461,0.124635745418555,0.502790458036487,0.00114057725602167,0.472714258361703
81.18,-0.336344113151127,0.380339794051677,0.423525469486739,0.526218310852332,-4.63332437459932,2.87671740454659,-0.565709321481306,0.28169983511228,-0.114947327306499,-1.10040846246964,-3.43780305682264,0.331242259108594,-0.919537164396492,-0.388320300040786,0.186119454933285,0.756453861129766,-0.706094872682888,2.05045375457558,-0.866099088765124,-0.075219188263682,0.124168092590715,0.477362353396419,-0.0084058148213239,0.479723361775819
81.185,-0.382929266008514,0.310927591263621,0.463532629438275,0.36495828149043,-4.57950069027375,2.78253216587424,-0.616167457820876,0.231759744409179,-0.113531585448509,-1.23102886941107,-3.64798868760904,0.348971787820425,-0.893276862249077,-0.404102233163326,0.208266035298233,0.976047079660726,-0.667279671382271,1.94649600214705,-0.866313434578201,-0.091133985686418,0.124257029128,0.429203178694258,-0.0386264744622907,0.463517657257173
81.19,-0.449912176915945,0.266731111693695,0.601312230331958,0.42180671500847,-4.56283368888732,2.73413860314226,-0.64824474517692,0.172314217489617,-0.182888352958875,-1.4726342564679,-3.80488890111925,0.365635355599387,-0.857274225552979,-0.425943499052855,0.22981106707572,1.2458591382287,-0.620321692743878,1.82000324122482,-0.853911246226905,-0.10506359966873,0.124928736167132,0.19219490498463,-0.0394039889700538,0.440069417709418
81.195,-0.544784847379206,0.259218602574104,0.717067542331739,0.62723426379472,-4.60546994601698,2.77043238097888,-0.666018418713876,0.0931157993378689,-0.316660036330324,-1.69009156864627,-3.95395420486391,0.370004123682332,-0.841146480989336,-0.443288566399396,0.235680011510991,1.47276390957215,-0.576697671777355,1.71881401118003,-0.83690503778366,-0.10962471802928,0.14263134064635,0.247369261228235,-0.108796318237209,0.401490636213544
81.2,-0.631519615325649,0.34373497057997,0.786009057300444,0.852471894618527,-4.71513928322009,2.87747238535078,-0.696875164707183,0.0241965192333409,-0.342535480934811,-1.763734358594,-4.07947357749222,0.356167742862469,-0.827745365661083,-0.46446209325306,0.224348901637133,1.75749960674892,-0.538196695268705,1.61491545219921,-0.829943224994045,-0.105883958233728,0.147997629977589,0.277021339647387,-0.150957162539648,0.364221719777548
81.205,-0.662025279045218,0.446171491154135,0.752779769137349,0.92206241687466,-4.82190608659198,2.9869897652597,-0.73184331505187,-0.010712528675664,-0.316541976759839,-1.72926802151289,-4.20307393476364,0.32897118492834,-0.810508020024642,-0.48685878909855,0.211896827900531,1.99114587154371,-0.506319856491134,1.54232005969374,-0.833147366678832,-0.10736977085246,0.147724096767601,0.224186041564908,-0.133642826802493,0.306217718276412
81.21,-0.668340148847451,0.48639493241167,0.70046549118504,0.809959410319202,-4.87202665981576,3.073806792673,-0.771570284589802,-0.0117936063451332,-0.281302406607088,-1.63217925986745,-4.33825290781858,0.307486195491135,-0.785914703753073,-0.504937356645829,0.188208169781144,2.20762188622022,-0.469386743125154,1.46848787404211,-0.830866167234313,-0.10710757853553,0.134203596052149,0.182603405500431,-0.0836975451827507,0.245794057453089
81.215,-0.694385243006952,0.456407989729216,0.714629274185289,0.673774398703551,-4.85839977061119,3.11020858076883,-0.810213129299686,0.0242605007318505,-0.281312096093982,-1.44048227314238,-4.49553379057149,0.283220750890928,-0.750753841086931,-0.520381760496629,0.154411487728455,2.40326877946647,-0.438369433666026,1.39951197434789,-0.825474758484244,-0.0979186751631686,0.127502627422699,0.157252764209391,-0.0220915080143269,0.194581766164869
81.22,-0.728896802287683,0.360390344749206,0.750729128518986,0.598694834496512,-4.85106992721558,3.12820220627249,-0.844034658429935,0.0334156721961569,-0.333090506144926,-1.32903489639356,-4.62754725481081,0.277586591256166,-0.724536213334948,-0.521981540169959,0.127354054860085,2.54894035758996,-0.393541490318729,1.34069069227114,-0.815909482991696,-0.0814422520761703,0.12442026921235,0.149286417538436,0.059731262144141,0.139993606567198
81.225,-0.764607657132717,0.248641698012324,0.788005087608056,0.625460345080525,-4.83863705659549,3.1477937466208,-0.870714235551373,0.0232454766923202,-0.371146901744282,-1.3358023487202,-4.7601723819744,0.289528768845421,-0.691418884426855,-0.521190322029752,0.090367825359361,2.68807950956684,-0.329609188605036,1.27467393720225,-0.818003223581057,-0.0604462334104792,0.126477568815276,0.147344612107741,0.128117427795954,0.110833989918402
81.23,-0.776861016647431,0.131911913351078,0.810128365111314,0.796351072017922,-4.82230482348208,3.16382405696212,-0.901508430055133,0.0123250058821727,-0.402345730995891,-1.36004126641548,-4.88725527065944,0.276236736411844,-0.703108004089624,-0.517286330726533,0.0786381159541722,2.75141124910188,-0.279567864837124,1.21741802556978,-0.81708236307375,-0.0511416558132556,0.118971706715884,0.154204161579216,0.163807553069039,0.104253131159851
81.235,-0.801557051275404,0.0821786074049277,0.824207146586254,0.994589036574615,-4.7840519353798,3.15408061923157,-0.929981257902208,-0.00569822568186525,-0.430630335938632,-1.31776444037848,-5.01576716590132,0.240157027140029,-0.665912228205222,-0.509485304101642,0.0045562280869712,2.74370689085219,-0.153936208534643,1.19005040604694,-0.826719498128159,-0.0559930846902256,0.100291380342689,0.136212770271208,0.177211120098976,0.101121829744051
81.24,-0.852506266133583,0.0689702582104504,0.841899340858818,1.16831493282028,-4.7428127680621,3.10441101903977,-0.957820216103568,-0.0140252038816937,-0.438561268108287,-1.20341525813906,-5.13693492728465,0.202459630514343,-0.566547997048128,-0.488867116168175,-0.0190412188500781,2.67965195706455,-0.0429764900036585,1.17256860148337,-0.824673381894578,-0.0693352244917906,0.0825601661002035,0.0996950543770559,0.157310246664168,0.0986487336524619
81.245,-0.917896031150634,0.0898430020155574,0.887130984553018,1.26183215226722,-4.71283164699852,3.0298914704556,-0.975994035186394,-0.0286632952396051,-0.470137041273972,-1.06837069797502,-5.22160429000865,0.179844417095177,-0.58287786465241,-0.478439185513692,-0.0631033653066085,2.66697703229659,0.0564941179629359,1.08999628987714,-0.83445451163465,-0.0897676761997775,0.0760299894389702,0.00467196933686416,0.0280020314326534,0.0902487831336991
81.25,-1.00844316049241,0.114244803365595,0.930076388504897,1.28978384763123,-4.70190161964972,2.92412229331748,-1.01813667317107,-0.0257959384961963,-0.509515861720034,-0.941746994102565,-5.32350921511195,0.176008893996741,-0.556545103707977,-0.464147725460851,-0.0998639320740558,2.53267312932141,0.13915030307607,0.876796188533398,-0.84242504392281,-0.10053700080399,0.0743868297082299,-0.00215007361881501,0.096934855227884,0.076143633405782
81.255,-1.08587837754824,0.130332316489479,0.980716184653763,1.31724370896095,-4.70586096170038,2.81308382141144,-1.04819458445952,-0.0253823949200955,-0.544268027967205,-0.818039252476006,-5.3915851566215,0.18930971308911,-0.563123014333674,-0.405406214627571,-0.103417907486556,2.39258858984269,0.184397460836247,0.643173632098833,-0.84328567785873,-0.10650336383039,0.0865798810693822,-0.0540233984077862,0.0905278395927753,0.072791032127222
81.26,-1.12184413096244,0.155349389173,0.993610927948221,1.33023403295204,-4.73677366930498,2.72788567841236,-1.09630166996763,-0.0344059192369953,-0.616045139907834,-0.582969080802942,-5.47394355102975,0.221337130927274,-0.60421833512078,-0.358803512984301,-0.119465360818534,2.3913608139558,0.123707441596145,0.493680238451908,-0.856438238207541,-0.102178213209632,0.0966176274106654,-0.115723195854326,0.105894333126282,0.068082365407479
81.265,-1.15203688111772,0.211882635909549,0.950661101565248,1.31511849123611,-4.77166477217288,2.64040910365197,-1.08967935404092,-0.0603951645049862,-0.620774412593158,-0.495936150610681,-5.53155525619801,0.206735052815977,-0.62433591845448,-0.333497158201558,-0.150872406749347,2.33929996171305,0.0197073896720386,0.443057866474633,-0.871665176236021,-0.117981856375041,0.109614127118655,-0.182029114354567,0.124426539473384,0.0620939023792744
81.27,-1.1855167810569,0.300878843525483,0.891023842162464,1.23728252885882,-4.77255905733837,2.56809435548969,-1.1370294309508,-0.064344370348143,-0.636665480769257,-0.266737746518257,-5.59898105778692,0.178062023239603,-0.61518831120928,-0.330762368842443,-0.175393878317959,2.26066351344636,-0.0368229699041402,0.438490090747735,-0.885596681764869,-0.125235241987429,0.116592772584417,-0.227435877035435,0.115177704982198,0.0595957475740046
81.275,-1.22553650990028,0.395400683980328,0.811827852590432,1.06631143041208,-4.73532917207647,2.50086614055805,-1.16308101230947,-0.0619152708582334,-0.63326004088765,-0.111263050776964,-5.62584079665172,0.160118845874166,-0.587304207177944,-0.334809336467979,-0.20074581562741,2.09127332551687,-0.0646190446049014,0.424004050994064,-0.892121808327279,-0.127623642902026,0.114823553156395,-0.301222028877892,0.100390080352647,0.0516047794322289
81.28,-1.25190223839595,0.47407519215193,0.71673357801618,0.78285203067516,-4.64703276967613,2.44109245649162,-1.18749216681665,-0.040130435942354,-0.642004801011624,0.0640585541232362,-5.64535020984531,0.17467015337322,-0.566282012658125,-0.341061849456283,-0.221084051322135,1.89626756797891,-0.0999434472905877,0.388980529648727,-0.896664895995537,-0.135727881562729,0.114947870616896,-0.350907855554238,0.0906173353193225,0.0473292576139534
81.285,-1.26538742353729,0.553176483395666,0.66773254346192,0.561982713174706,-4.53053769714322,2.41750947799219,-1.19985797166513,-0.00599968786654784,-0.613608952041054,0.259088820836697,-5.66576982723313,0.198587570170512,-0.545817486562199,-0.34545935767144,-0.223511102992024,1.66388310487877,-0.153772610510544,0.311329515288051,-0.898357926715065,-0.133665922080333,0.124674334334516,-0.396839731242315,0.0738852153670614,0.0361941192535711
81.29,-1.32166965454159,0.631499907208126,0.688160484289382,0.482256876532185,-4.3768221981002,2.45788355554009,-1.19816422051391,0.0341509013370999,-0.670074651737194,0.384631717265123,-5.70118341799063,0.222690878730929,-0.525706497173093,-0.345155097513148,-0.214476274757725,1.41723999346817,-0.232396517437571,0.208600310190145,-0.898975121295559,-0.127161938689775,0.12961021628992,-0.428206815854008,0.0632480227452389,0.0179589343179152
81.295,-1.42766984996153,0.710166285069063,0.733856493629085,0.51937125144499,-4.20246925600924,2.59534850434713,-1.20637864155796,0.0590956304101551,-0.746178814448707,0.431254506111145,-5.71224641799927,0.250134559308353,-0.489734429385347,-0.352269760566306,-0.210668633656551,1.20864466819423,-0.275457601292551,0.141045663609584,-0.901718551982426,-0.120469769575794,0.140156121529213,-0.103123031525734,0.013780944876143,0.00235301068884462
81.3,-1.51227364489582,0.802292471539472,0.772811744423285,0.595848994795024,-4.05040331823741,2.79829967198038,-1.21884351117698,0.0827322133966341,-0.762415236184872,0.38738285768867,-5.70918569908555,0.268204583139052,-0.441289098587604,-0.359660747058419,-0.19699010081648,0.932868323558656,-0.305550111703718,0.0766037135528343,-0.899359089209472,-0.110673977500031,0.146032473479533,-0.493712610042662,0.0635336925648186,-0.00749511601935218
81.305,-1.5682342893653,0.900518528371982,0.804754137537392,0.646276640934586,-3.89371050469431,3.06559021486684,-1.2624885929232,0.140453245937947,-0.76769843362342,0.213417581133883,-5.71970622230985,0.298828505805128,-0.414634300350306,-0.356387372595241,-0.171679519877139,0.747089464345666,-0.315468596229271,0.0494024121689665,-0.905084926143224,-0.0959785665433362,0.155572299479165,-0.519250727310503,0.0765576606874675,-0.0174548188065044
81.31,-1.58298204898834,0.95652473395933,0.822566433192608,0.608246925737135,-3.72703263661972,3.36792152503104,-1.3191207625603,0.214647025443285,-0.746545179520022,0.0634551663667066,-5.71999009758489,0.330606240869406,-0.383154398179321,-0.348766514031998,-0.143167942902539,0.483745563415864,-0.34883651311156,-0.0217660905924359,-0.905709322779391,-0.0879001876503522,0.159916067688862,-0.518373821278929,0.0911155735911952,-0.0252383558576135
81.315,-1.5903628213993,0.950130363107995,0.85700235913769,0.505815512997739,-3.57219100265325,3.56613374914267,-1.40184630275736,0.306649775786834,-0.701132590394637,-0.14182320724385,-5.72325330373087,0.382424670448353,-0.371649477743414,-0.339154746642977,-0.122163032203983,0.272221519071183,-0.381244682104963,-0.0845129694545106,-0.906328691287062,-0.0731619001927853,0.162976140387668,-0.514662890425056,0.119127316626438,-0.0267789519540698
81.32,-1.67079886080802,0.957742287786814,0.949605139325364,0.437655950451367,-3.4406769819591,3.70982203548035,-1.4870646121855,0.397819511562483,-0.694301881931031,-0.370567673099816,-5.73118054316303,0.43910738562468,-0.365998985378371,-0.33366011684913,-0.109057411853593,0.0584383900725978,-0.432436472849831,-0.145854663493854,-0.913657409720731,-0.0668159692490435,0.168289077874599,-0.515002247069553,0.134889272871148,-0.0233561178428484
81.325,-1.82956095166548,0.970346326647081,1.04455753459824,0.404653072668319,-3.39349052262545,3.79053019921455,-1.53747030644309,0.46310573349717,-0.750273806673476,-0.719902352362768,-5.70510386433116,0.497933727128946,-0.364426434721149,-0.332827491628988,-0.114196020557708,-0.0876547765792822,-0.469699113776458,-0.178499213228929,-0.92922907342284,-0.0483238920752844,0.157167760500584,-0.490330414671276,0.148158070560032,-0.0150225514581201
81.33,-1.99066251863445,0.99083196835964,1.07001874863167,0.306998976777598,-3.41514526617609,3.86129255983204,-1.59292964162661,0.495545566228279,-0.801446885463252,-1.17600153130368,-5.66354328894301,0.570162781110332,-0.380819255614297,-0.318502080905539,-0.124456827920149,-0.220687417226669,-0.498473692846599,-0.222396557824924,-0.938771611903947,-0.0380073776350945,0.134724296284684,-0.477789202790703,0.177923095242794,-7.81877208927565e-05
81.335,-2.09854040358161,0.971222367995107,1.00232114156178,0.178870976391793,-3.43790291076386,3.93235840392839,-1.64515510583236,0.510374011593857,-0.842187026558908,-1.62275253694686,-5.62139140763048,0.607444819874666,-0.401340585280676,-0.309556395362385,-0.148857873377832,-0.316738701401724,-0.518894353824429,-0.259481528441595,-0.94653478071747,-0.0295108340591559,0.119637670794089,-0.464692265233824,0.205102075219072,0.0120487732585175
81.34,-2.16673329048078,0.884061314510402,0.893285760865732,0.0431436709515119,-3.40831024713478,4.01052874313685,-1.70397906388504,0.492374154331962,-0.877107492959751,-2.10033744843451,-5.50472360122285,0.63570633600827,-0.422213360215708,-0.2973268782169,-0.158246917684701,-0.404609397647141,-0.53417138715997,-0.329649792116764,-0.949132743552161,-0.0217694665433058,0.107357127315552,-0.470802789258205,0.254444057576811,0.0259118957023737
81.345,-2.19796845257067,0.739727031457624,0.757028988025256,-0.0852422901987644,-3.29711543595619,4.10425610371489,-1.75006003219714,0.408064669545362,-0.927349098507158,-2.62702988567413,-5.39723935381197,0.626072064035604,-0.447722749769876,-0.281553005165611,-0.167016782239564,-0.41279195918666,-0.518383245973041,-0.366525350004224,-0.94965302385365,-0.0232537444800473,0.113359457423371,-0.456492509517891,0.290956264486094,0.0343743387784737
81.35,-2.20799368507834,0.492457612156057,0.561686913909497,-0.229910782776983,-3.01593372127316,4.15855294247408,-1.7471580445648,0.327452531669466,-0.96789237198863,-3.02939317310559,-5.27932943450563,0.579275477754967,-0.494377024929353,-0.26558626755152,-0.163408668610912,-0.365503767730283,-0.475683650376695,-0.442231882759198,-0.957109244114724,-0.0198541686488014,0.106383162457172,-0.41765744622498,0.324553388822041,0.0380437839282532
81.355,-2.20377321145399,0.298875724954286,0.424721490861707,-0.307453038331098,-2.73861465986161,4.18102359771729,-1.70118064801554,0.240989345118,-1.01938126998473,-3.46460642776839,-5.12272012150586,0.503974400765077,-0.553089884896158,-0.249765897786427,-0.145940717047091,-0.252139871251742,-0.407122571757492,-0.520071794800729,-0.965857083801105,-0.014021433253483,0.143244447607322,-0.360940437167394,0.321728920636697,0.0401034019887447
81.36,-2.21956359616183,0.107940687779788,0.269095160939069,-0.384882479901317,-2.34719460116563,4.17586160358686,-1.65412063093297,0.135574790710021,-1.08457566404698,-3.83357951149416,-4.94130678823548,0.405937728785104,-0.632369389173315,-0.22687257344011,-0.107850656304242,-0.0991749806364804,-0.339588244484684,-0.60422350760841,-0.985947598965607,-0.00688092197036043,0.183363442236204,-0.259589721092664,0.291070849613452,0.0357630955652815
81.365,-2.25542653521324,-0.0109665633129308,0.168149633163046,-0.491315503849351,-1.92317389398092,4.14508465664207,-1.64222126644395,-0.00794733887304638,-1.13777042770142,-4.07115969302833,-4.73100608907766,0.277188775394023,-0.75070652723419,-0.181356555378206,-0.0357561834729483,0.0898242134031241,-0.27740422402255,-0.706598017986582,-0.99872067516045,-0.00438040841704955,0.204028770135306,-0.190846468918296,0.236643530660581,0.0282806810845677
81.37,-2.32265477273778,-0.0560465335224589,0.149738997214397,-0.684639541441936,-1.49784451596149,4.09876980722022,-1.6357137350046,-0.136077872590219,-1.18193456230836,-4.18970814062153,-4.50934819707747,0.111710854851708,-0.890326110855322,-0.124785751170773,0.0446625790705612,0.358728341503382,-0.220720103517007,-0.805090202453698,-1.01785283962393,-0.022635149817466,0.233592380118665,-0.131316788992484,0.155900578173716,0.0243321004877467
81.375,-2.42692151947299,-0.0503978600728515,0.207976313732639,-0.936445642505237,-1.05693308842303,4.03999061093978,-1.62298881857341,-0.196053797782442,-1.17854431431853,-4.03840683672322,-4.31424229290547,-0.0509595191116661,-1.05321051627648,-0.0587199398760419,0.123649296469391,0.617016916370594,-0.188139473396669,-0.889412984620766,-1.0265458492947,-0.0365440175039228,0.259892164965539,-0.134479572756032,0.0650731615922895,0.0192889127748688
81.38,-2.60122013426283,-0.00189751287732895,0.368597875740173,-1.12463686166232,-0.73934290872031,4.00218307755688,-1.59801714977363,-0.215089983765615,-1.25029706321368,-3.63432545963469,-4.082044188042,-0.22213402246514,-1.24495440031718,0.0232689520190781,0.188601205815643,0.912508488407682,-0.137706861334139,-0.957608638946099,-1.0392226414235,-0.0461185312884914,0.286271481890458,-0.150248402788086,-0.0651266735223155,0.00782978985601535
81.385,-2.6896216728704,-0.0110388121990541,0.46293860229229,-1.2355308633046,-0.640909259554543,4.02076772333782,-1.55193809352887,-0.237792536104051,-1.37247411017553,-3.27858987174497,-3.80594781391668,-0.340089608676617,-1.35487352835399,0.0935890052252737,0.23083145373901,1.18242633648755,-0.108341213194754,-0.976035872824879,-1.0434378156101,-0.0613266450903105,0.312511985862955,-0.192314020101565,-0.163360794057611,-0.00612951741743639
81.39,-2.65578462152364,-0.0728637605545453,0.425040677787298,-1.42980838570295,-0.628385725714209,4.02299246176565,-1.52249137805584,-0.229150485141202,-1.40354219347216,-2.95185709791139,-3.54736889528757,-0.422115482452492,-1.4689639315558,0.213171870324886,0.279469811411191,1.40427406089979,-0.101432823671645,-0.963065100653201,-1.04835165658391,-0.0645118789292005,0.308767322792946,-0.250821491128283,-0.227561268725042,-0.0228103105899485
81.395,-2.53233245600607,-0.251006264777131,0.318960888678132,-1.64552173803473,-0.566488270137618,3.99836587537135,-1.49714385619582,-0.189718014337182,-1.3965650004701,-2.75668569693512,-3.36785562354157,-0.483809990845049,-1.54031814479202,0.329593960357889,0.305963894213841,1.63642100182478,-0.097019271235907,-0.929966011570973,-1.04860321617965,-0.0549549724518617,0.285152251586234,-0.332979038283478,-0.247972751166908,-0.0381157103016124
81.4,-2.38245566516418,-0.611453114823792,0.205773023425311,-1.75497578331894,-0.388450128263076,3.84991784700911,-1.44619141447663,-0.128892128182534,-1.41355727004427,-2.64808896013749,-3.1543399639872,-0.495135165730469,-1.66144895619805,0.476828392853152,0.376744628905058,1.80101078156523,-0.106520438574221,-0.919344877779638,-1.04034250810798,-0.0420753702162735,0.254015274304467,-0.412239503052263,-0.202493420082891,-0.0340650902880453
81.405,-2.36881906802062,-1.00645649956111,0.106698470806613,-1.53452312077178,-0.367926414242034,3.56582472208493,-1.31209309905031,0.0114815379466089,-1.2564316361344,-2.11400682413592,-2.9189206181925,-0.489849461787308,-1.73944577635748,0.59169964994607,0.42365140081421,2.23592925778247,-0.0352932272327168,-0.671997545865642,-1.03213634566596,-0.0158061153929224,0.225375408015749,-0.461075016233772,-0.127672818831461,-0.0104193922557524
81.41,-2.29654316087839,-0.966258527053419,0.00381884613832932,-1.32525269681374,-0.476583597154095,2.8403122545159,-1.17163536786773,0.0972165694179338,-1.20536301215259,-1.67774113790327,-2.69453535928409,-0.464240768477751,-1.79004775840731,0.754891347306742,0.446249562713871,2.5584870707628,-0.0359865775773683,-0.398995300077275,-1.03929070338105,3.47659809813825e-05,0.197871452144719,-0.487905614956068,-0.015331116506399,0.0242648213498218
81.415,-2.22488989994086,-0.975196745634622,-0.156949732476568,-1.19545562771084,-0.623784019572736,2.0645350607851,-1.01281055627644,0.240714751152393,-1.23753902895037,-1.25510107984354,-2.33752948023528,-0.351082315905661,-1.86937086244562,1.04615103076967,0.42587596938487,2.99961310255961,-0.134589103212655,0.503722719566135,-1.05119577941282,0.00555737388574252,0.178836244798595,-0.489167563230875,0.0692247832496239,0.056326812832622
81.42,-2.24171539316069,-1.17476521577525,-0.275480045757543,-0.907985524710177,-0.723309695699069,1.31950136919224,-0.896400479921531,0.289583185948394,-1.28134755160277,-1.00896197342722,-1.99699274376658,-0.182204973239067,-1.89811719352695,1.19639379678928,0.388332527488398,3.14865753665917,-0.287203907489486,1.06369410918963,-1.06883673010489,0.00718043478767641,0.189570583278517,-0.488385617733002,0.131900893776007,0.0828607992445508
81.425,-2.32359903173543,-1.24089409789692,-0.318641962941904,-0.428927352736775,-0.719589329234272,0.69133086757777,-0.829061424658526,0.268606546359944,-1.29574733232639,-0.741105887071496,-1.71102569411824,-0.0251707262090658,-1.8260338930146,1.25984691414169,0.321697536787101,2.95214923168433,-0.625386699889446,1.61454758216731,-1.09458817227594,-0.0072512544036493,0.218780673780806,-0.485115403927117,0.152506573023137,0.1076914674716
81.43,-2.47428675554032,-1.07668586548677,-0.322544665626731,0.219215493693368,-0.718139954926421,0.187834316900964,-0.841520651307178,0.209471564180501,-1.44299143163469,-0.497718224940529,-1.44911946584165,0.0772823316297218,-1.62371717993535,1.19418584882808,0.269707708131736,2.64277214229945,-0.843705694516901,1.58116672780504,-1.11827595322535,-0.020498129223464,0.248123604321828,-0.490959198644785,0.127116741116599,0.115718250800788
81.435,-2.6289951010379,-0.799579233056282,-0.376196940783882,0.823288432732614,-0.790122541887173,-0.171117474716419,-0.840241560601791,0.0633474708768616,-1.55024490295424,-0.247399289497761,-1.08783598077321,0.200488464451102,-1.27534074162033,1.1260008186602,0.229769474420256,2.12276194924893,-0.919695170645104,0.814534807302969,-1.13843228311822,-0.0435682792326117,0.282963706134554,-0.492199534239874,0.0380884292431792,0.11274978423252
81.44,-2.66747102983681,-0.5634902844299,-0.471851095223743,1.01330832002336,-0.876685031900243,-0.389802261541224,-0.82689011792288,-0.0363026766350411,-1.54582532550119,-0.00395866798548651,-0.734089631975878,0.282745980078235,-1.03456634588999,1.0527257087287,0.225300324323908,1.72715247087489,-0.655309334869661,-0.368584818587953,-1.13918767900807,-0.0643505665938517,0.290327609875087,-0.492169220075745,-0.0626140404809761,0.109858530134256
81.445,-2.52882283059489,-0.361243869817695,-0.696743084578579,0.708356186660366,-0.874574761695602,-0.48019400358408,-0.773344355387017,-0.0439747224093152,-1.48534605386825,0.0815673131539568,-0.337427146489438,0.314848886092822,-0.815541845219557,0.838325565614001,0.0561594993840829,1.27453361476624,-0.409331328990834,-1.40939821082404,-1.18999247960646,-0.0894744623397958,0.312438798901489,-0.487867508637693,-0.132996964453003,0.086086366719054
81.45,-2.32717692146729,-0.349708811520835,-0.901108460247791,0.173548998831399,-0.662213173783226,-0.490403185917483,-0.75057064549773,-0.0429388271161755,-1.36363927008783,0.0924471964998455,0.1058105509074,0.293650502679775,-0.758165217196908,0.605864666799724,0.0391646665797841,1.18405762538246,-0.111483902253468,-1.46417012299329,-1.19816334094189,-0.0987186728829425,0.311340650999286,-0.499778466836797,-0.207743004653478,0.0525950436173567
81.455,-2.10302720146968,-0.426616231831443,-1.05999653419016,-0.444845420281242,-0.226473538437474,-0.47732652307014,-0.782837036522762,-0.0607508586151966,-1.26155536716478,0.0507597430114564,0.435859400843184,0.239472226720766,-0.807127777388525,0.523718573658378,0.0101232089973152,1.39844833261613,0.135778999681284,-0.998171970244796,-1.14273835712174,-0.075980164662246,0.320562041218823,-0.547287553572665,-0.2219278216362,0.0787419371721951
81.46,-1.9816451293236,-0.476086465098881,-1.11118633478317,-0.98283313333646,0.270147183510026,-0.494390544128959,-0.807621294561204,-0.0647049116512923,-1.1508897272272,-0.0929261999120234,0.848437414666424,0.161472935421055,-0.860867010383501,0.481076394288383,-0.0387451526759186,1.48417999709505,0.309134486369481,-0.530943919807942,-1.11764010196638,-0.127814858823991,0.34693272828193,-0.549760515405347,-0.240959104661827,0.0867212277782393
81.465,-1.86611028888763,-0.469893540664328,-1.04133366984697,-1.50080984195415,0.786871685753517,-0.58339651358666,-0.856836400145431,-0.042898376470093,-1.11254099582998,-0.259769659399815,1.17902722878873,0.104039620546667,-0.893682898697661,0.460228027145544,-0.094471770815927,1.36082745653074,0.290438360653768,-0.483084181983895,-1.10251293211761,-0.114357050544146,0.371282804836462,-0.50168345807902,-0.253809462734527,0.079549868937238
81.47,-1.80836563061167,-0.517516466752684,-0.803504768371758,-1.86881330347658,1.35775653653029,-0.701202085291151,-0.881544394344067,0.0298595713582147,-1.13497447537416,-0.463770903227363,1.49047022135063,0.0429489448420107,-0.963756230965779,0.447445007147541,-0.144239124540044,1.15155189027212,0.247358837634402,-0.646439933026665,-1.09012479914155,-0.103768640045048,0.363623230846661,-0.451567363625279,-0.218215833632791,0.131740595184453
81.475,-1.84318226610979,-0.576796060852889,-0.597573826567606,-1.98811408788229,1.72623135385345,-0.830843813776174,-0.917955098527298,0.0889626427436644,-1.129255105289,-0.715240065318483,1.84432345760261,-0.00866810988125482,-1.05348239530698,0.38695601646069,-0.17958604424363,1.05170624104156,0.263660184756156,-0.858507018510591,-1.06975067176428,-0.0901599020356852,0.346012928858538,-0.345044766424032,-0.142766268457833,0.21375972511348
81.48,-1.8463979442691,-0.637536361057015,-0.448673715822355,-1.9706670671088,2.07051050967784,-0.939948295112865,-0.965392616943571,0.175411522597025,-1.06985419281494,-0.900258862242163,2.09128888850562,-0.0464654920435493,-1.09530243064408,0.336500290818388,-0.183980119628971,1.15582006508209,0.307038044723451,-1.03392546622738,-1.05372228887993,-0.0765934416900901,0.327207273671279,-0.218361275011377,-0.0446968247921435,0.299489564226323
81.485,-1.2610287626475,-0.521612050687192,-0.18831275257116,-1.38373984613856,2.50176528228321,-1.24129284456594,-1.03036324920815,0.31471475195491,-0.731068321988302,-0.921412500593359,2.1870085714473,-0.0420843644430288,-1.0864048292656,0.283133543484282,-0.138204298089715,1.32723673019128,0.307086516423938,-1.20431479289313,-1.0458681541516,-0.0709380995556828,0.294245533162456,-0.0570315044270632,0.0429499378998691,0.406027720242741
81.49,0.283780500046785,-0.436533644887743,-0.0246494171975321,-0.245883211904963,3.46190908489285,-1.64094438711349,-1.37747493151531,0.547619335602887,1.21208199389065,-0.227052723587155,1.8528142434863,0.0161736081148895,-1.04329664341963,0.194314926102468,-0.0860139413195686,1.40895177789309,0.225528525531633,-1.30543118874035,-1.04935620366643,-0.0647221359201225,0.279435145388959,0.0697054163763124,0.120650548626603,0.49601415693714
81.495,3.17359485522372,-0.603340926605208,0.761611214713146,2.28224335640819,5.92771502982544,-2.5498358655245,-2.00535987171687,0.525246222772859,4.10681701874443,1.55295126886712,0.787871182280725,-0.0597825787282164,-0.983828696190778,0.0326311161024902,-0.0215880848670723,1.28930227347643,0.0612292865750826,-1.4110250723928,-1.06086108251214,-0.0567244391820518,0.297679206310053,0.208759781913735,0.158197172795679,0.550661162159889
81.5,4.37283345277763,2.13801928998758,2.87937862014833,4.03267773166328,6.86197922433733,-3.3819068019799,-3.06170179912853,-0.680363847659184,2.87414783225684,-0.682279792752248,0.636326647029954,-0.4122573420722,-1.0965417327743,-0.0029770167306236,0.0993283012479728,1.18307177493506,-0.117362426782411,-1.52946665590042,-1.12198318145397,-0.0305822478408592,0.287617337013811,0.475283405494188,0.103160750615752,0.540781082170957
81.505,-0.191221530112484,3.67610771127046,3.0355218417105,3.02328552320182,5.22181617307214,-2.92472129553928,-2.53395926450145,-0.621560146792354,-0.247732968505628,-3.99098417291031,1.38813048045489,0.216505440250108,-1.40766902716428,-0.000322355834570253,0.0789242954501394,1.31045353846672,-0.159513106143448,-1.57586149796026,-1.22838946533423,0.0299675164470104,0.231834382302415,0.704401582614645,0.159790182773589,0.493488031293791
81.51,-3.14544698604563,3.45695185760023,2.99445542079498,1.89849266640135,3.48156356256139,-1.56785821629585,-0.96207406078872,-0.256173673216654,0.0617266957534377,-1.54909411001761,1.31927364682775,0.602300420226692,-1.59490954752284,-0.124177764598736,-0.0965506599407609,1.17242001964628,-0.203329467391096,-1.75165701344626,-1.37519334763573,0.0909629154881811,0.165363374481857,0.858170977226914,0.369616426801828,0.48586230846668
81.515,-2.37131725738374,3.10980708030952,0.742097396283904,-0.203636213166541,2.88594848231237,0.462157499188264,-0.250185941801389,-0.487640730593833,0.499158192085422,-0.111309037561311,1.12525420325163,0.468618746780647,-1.60458117056515,-0.1819511055059,-0.343232713790728,0.655677987521024,-0.31117415752125,-1.88664115970885,-1.48067460010331,0.104172360107258,0.124486692268946,0.823202687917441,0.550934248686541,0.50915423323028
81.52,-0.193967023882426,1.34429133709395,-0.629352204823972,-1.8532407043442,3.53091103713234,1.45632675220329,-1.14818675701247,-0.0723806608808899,-0.00943378682566496,-0.20074352576943,0.963315682486197,0.126376435368801,-1.41630196610125,-0.194255563990742,-0.431755717996952,0.384153861022007,-0.344541174509053,-1.7204561424717,-1.49150287869512,0.0611394784576751,0.130777627019503,0.608042946257355,0.483674043155562,0.51323971423747
81.525,-0.334595351400108,-0.759083170088233,-1.117690787106,-1.96391127232198,4.19534531471075,1.29463210106929,-0.981156001407573,0.420005253689417,-0.575643000556888,-0.807772149207399,1.08473723472427,0.245377606805783,-1.07873602050052,-0.285901806330682,-0.528664565154852,0.704085053788251,-0.132725169468531,-1.42950879191831,-1.40193086952093,0.0132898192721577,0.171443549106872,0.471889364409443,0.222482068189433,0.447570318368
81.53,-2.05758652292594,-0.732299629394576,-0.192547450874553,-3.24877646792518,4.45471341288596,0.847874749568817,-0.630055535999344,0.399151285844609,-1.1823875583626,-1.12288564459949,1.51759826979584,0.483492342633493,-0.87390494712491,-0.303835434951112,-0.663535345293466,0.752202766817008,0.195101093267123,-1.22740955189174,-1.26842403085998,-0.0361638546838694,0.206134171794357,0.376890001745211,-0.178200628719276,0.39748870676967
81.535,-3.54764923400366,-0.626352008360272,1.53145008376927,-5.54933007506681,4.06633110243769,-0.266762758289908,-0.599832121068368,0.671710286846039,-1.11818281378512,-0.505755273842218,1.78140981439473,0.47551704690205,-0.822962381036055,-0.216011287152682,-0.744376555475924,0.804596300543326,0.420636147098565,-1.024619280953,-1.19049377939883,-0.061490298511141,0.222837856265213,0.281603084154159,-0.397120058605133,0.377373218434266
81.54,-2.14771165624886,-0.434544881309562,3.30034765656051,-5.80084302055232,2.39402083619871,-0.860246301769053,-1.11497264320369,0.254192853184208,-0.431647706417761,-0.116471880780413,1.82501200848598,0.220017528206031,-0.914124588530471,-0.0261454606086156,-0.794513564937986,0.897199226785851,0.470429296363596,-0.74818754502168,-1.13285992587015,-0.0655075750334486,0.217482530226587,0.0941298019632345,-0.436929538458219,0.386899671192219
81.545,-1.21679639996338,-0.011579164289786,3.4501334695924,-5.17955067928598,0.751637680837779,-0.977550888982363,-1.55017580525249,0.423334499403145,0.191152765496935,-0.411980734410858,1.72670444981328,0.25008809657205,-0.98844417272905,0.129063468365009,-0.737409009182964,0.720105979350861,0.498032379078223,-0.60595714562874,-1.14451140065595,-0.0542692784465075,0.198461722869859,0.0102678391601062,-0.403793155565179,0.375823216529538
81.55,-0.675630019211801,-0.302656532958369,2.04276311727893,-3.3048266564796,-0.527522097601571,-1.35945199646695,-1.90557581927225,0.330940881420105,0.187292644569974,-1.04482077084382,1.71269688621267,0.487163670052019,-1.11061674517542,0.264311057210561,-0.501980560026751,0.532248113307587,0.434644040419665,-0.517322469084653,-1.18216525801987,-0.0177186344602486,0.164754009239975,0.03120432434418,-0.370802989660104,0.356545943836003
81.555,-0.649834917311497,-0.346069265099155,0.7265648544232,-2.09786014692596,-0.930930422525001,-1.7596886759697,-2.0734333527571,0.0356319362952428,-0.0793960095562629,-2.09268073117368,1.85026307510251,0.792805458629844,-1.33734682629372,0.239047109336825,-0.160268090877977,0.47042712527629,0.119132435294695,-0.555342516344566,-1.24512852640117,0.0469813896166145,0.0998473250337178,0.149518437837658,-0.354201790858262,0.362736358907794
81.56,-1.09759101290638,0.547323317589457,0.317546024871719,-2.06439161876653,-0.66628565947781,-1.6953577769838,-1.64785675848876,0.0599891605592383,-0.477972297673578,-1.89027059987492,1.89731897799476,0.838591946626404,-1.58442599186838,0.0644646952550494,0.0937641435584682,0.288164802178505,-0.437693844272693,-0.731119653606106,-1.31597580739274,0.084798182415902,0.0272888628355287,0.247944058253241,-0.320434224116498,0.381856672604285
81.565,-1.43092684143056,1.45845467708307,0.455125704015883,-2.35546557563193,-0.436552114619263,-1.12665376950551,-1.32812225914528,-0.14946005610422,-0.511720406281173,-1.6733223679787,1.90085794335761,0.851397864992723,-1.65342176756981,-0.105769860912449,0.176611280911252,-0.202406900410056,-0.92661438987281,-0.817014372421852,-1.34838160300426,0.11177298344939,-0.0524827801789618,0.223018178762877,-0.213811068428985,0.413884425278873
81.57,-1.3788254119957,1.35137112871984,0.800564471981561,-2.48859956353416,-0.364410581744834,-0.526079437053093,-1.15187979227959,-0.303620902996135,-0.30372232203306,-0.919694559976636,1.88312522526082,0.79059126978544,-1.47377284468203,-0.167298637567346,0.161666984658446,-0.589152309431399,-1.04425054230365,-0.670921397321127,-1.34344408912973,0.114020213678859,-0.105991338209193,0.111247301309507,-0.0859615887939833,0.458781027147655
81.575,-0.921726815562937,0.349878254751508,1.077551383681,-1.98130226661369,-0.141060288090184,-0.0211300930783409,-0.898641232069419,-0.255524310098742,-0.214643211753864,-0.260076186369905,1.72443930097421,0.647181824778381,-1.18685111738017,-0.218808585031944,0.131446133280812,-1.06684631299662,-1.0522977716851,-0.436297245370799,-1.2973383121395,0.0931952437750017,-0.119808830951516,0.0219606693354507,-0.0755175509429777,0.477437994178832
81.58,-0.599349837326222,-0.41981011925103,1.24036504473116,-1.53714886315326,-0.0248934835019455,0.159538832274631,-0.88582707292126,-0.108096420514484,-0.132735727699364,0.0121734176264451,1.63493578008814,0.547142872676733,-0.932531985275433,-0.280625440843775,0.0528815956470447,-1.5804976923038,-1.04430058415852,-0.328451010753919,-1.21714489794396,0.0741937943041854,-0.127101141897601,-0.0401511712383249,-0.162351535329539,0.492133554978411
81.585,-0.454748265695019,-0.768268507146926,1.10641741090731,-0.825818150011569,-0.121039795576168,-0.0412717291591818,-1.02340231756274,-0.163166485959378,-0.148359647563253,0.263252724902397,1.57565651365486,0.549296048445028,-0.734000990188913,-0.348280779699304,-0.0581695773013602,-1.93404965837063,-1.00891053195587,-0.437431433927768,-1.09297886641827,0.0598347859445701,-0.14006440583674,-0.0993464463640799,-0.278895553066062,0.493627190499452
81.59,-0.484044417603576,-0.278968885575302,0.951339088181433,-0.110485623173476,-0.234271896012329,-0.176041326055857,-1.07276988357533,-0.199509862782936,-0.167922869286996,0.45800590557521,1.51685978615901,0.518126339013667,-0.497813358610686,-0.429269403871487,-0.135522645343235,-2.05124423555744,-0.908837909603345,-0.751937446224331,-0.992583422334134,0.0599950694461233,-0.158805691946342,-0.157799830387849,-0.285544797413626,0.487889358353479
81.595,-0.57800959168573,0.42772032521569,0.779406217828148,0.267400754901948,-0.287475083740598,-0.135786535433247,-1.08591096331587,-0.177397799114386,-0.12713509748653,0.84805950554197,1.43011425773369,0.476245568589379,-0.340356075491058,-0.45905320741431,-0.157517279280571,-1.92130814844933,-0.755278592903158,-1.06309080336952,-0.889339941728672,0.0643029707087825,-0.179574433158971,-0.203380922730101,-0.205041163913043,0.465307362913836
81.6,-0.655573261279018,0.696894117898328,0.699447381918002,0.277525631682645,-0.178919778103989,0.0357507221978045,-1.04139699334953,-0.0870280920634421,-0.0678724114924888,1.18072934997164,1.33634614539384,0.513634922413545,-0.261405203711198,-0.447121713991682,-0.123804472461282,-1.67242828096475,-0.585040507648993,-1.34705260521964,-0.829796452721298,0.0693553896968242,-0.191618084833505,-0.235669770805754,-0.111969861399915,0.442487937446359
81.605,-0.614898036960556,0.428190879956304,0.827211701187235,0.156591576638411,-0.0127922475526104,0.173974988899438,-1.0160541494408,-0.0220147097367169,-0.0296182627496521,1.3477537691132,1.28570138475164,0.559024107464986,-0.334655897911295,-0.394249240456584,0.0500178284099372,-1.4640566761622,-0.391470431674616,-1.66332706577552,-0.787413421896861,0.0816317849739586,-0.19227465207031,-0.242850031474876,0.0202659321469758,0.398209935543818
81.61,-0.51730926832562,0.0883517678030805,0.935913996073773,0.139573019544238,0.0955756930781484,0.245500959114158,-0.987286214362312,0.0323083123428156,-0.0181619890976152,1.42237777396075,1.23687223744752,0.585362390908856,-0.420445029021763,-0.385617789151028,0.193414114540565,-1.0667455724914,-0.0396384771980906,-1.90042072089804,-0.762498438464641,0.0979238932331262,-0.194983568284051,-0.251370462155698,0.118419509037196,0.35111745400224
81.615,-0.456004550766883,-0.0258740274097045,0.954284543411408,0.250273944478716,0.0984344723817595,0.218491773548182,-0.980751379739804,0.0609947016899837,-0.00029150545935033,1.47081231318323,1.22255293386606,0.584538858833397,-0.571261967511631,-0.434607516908986,0.295665664646327,-1.12156204927635,0.0049945827587336,-2.16474953688427,-0.778757426172883,0.0910599368572711,-0.184064593330151,-0.280178634430181,0.211957589824021,0.283120503237514
81.62,-0.449320925190116,0.110820818143959,0.890682467267591,0.379416889307695,0.0706425729376328,0.163217545823628,-0.986620427950597,0.111220856096347,0.00999411526724926,1.44194331428576,1.18852739263334,0.540766696355594,-0.788493111038676,-0.489732833116778,0.441967276638766,-1.34017589996271,-0.052945933498901,-2.19506974574545,-0.764167552896851,0.107851124453019,-0.17825229454803,-0.322779190816815,0.229854064302351,0.19759052402235
81.625,-0.494942194115971,0.350747976695137,0.799034449916477,0.391700944545926,0.0829622829541483,0.163651473335524,-1.00339765456432,0.172394480676831,0.0311169939997825,1.38989637424537,1.1503997731538,0.507570945290004,-0.966541367875786,-0.494331905380284,0.562299143689218,-1.4496380447699,-0.117616348896182,-1.9868297040368,-0.700949889261313,0.133166422144548,-0.159876733464252,-0.392837668302392,0.25884124143297,0.178604319786534
81.63,-0.519362205690264,0.358424665528927,0.798800545557978,0.294869479860515,0.144572433073056,0.208658863806588,-1.01324982738636,0.222098381607526,0.0239756747762144,1.20183294387319,1.12931645789414,0.470444452899777,-1.07861345697037,-0.440938402440795,0.633447311712817,-1.42757935901855,-0.153776727945213,-1.65465882790077,-0.726389354245002,0.121189756066506,-0.131651349591541,-0.448363917789073,0.241752587301807,0.137405102603311
81.635,-0.513586760831966,0.286983128963922,0.813084880755303,0.206514914681547,0.197761909928565,0.240842952409016,-1.01710927929091,0.26846071826593,0.0180089098324895,0.881886265194114,1.11547133433393,0.432215881343396,-1.11262897146572,-0.360654766674575,0.645274456417102,-1.29169925924505,-0.205873023995349,-1.36373464814259,-0.791427156508425,0.143803926956975,-0.0942139008112969,-0.512703926227065,0.179294914988429,0.101531828887398
81.64,-0.504628170365933,0.238901922472271,0.800819194368009,0.162242250926249,0.214403580985068,0.243799864634379,-1.00909920257407,0.348497585839877,-0.0271378825937144,0.482471382813038,1.09722596847576,0.392900420255298,-1.10039791968994,-0.267522825842998,0.640079903041763,-1.00117948293302,-0.280364973868125,-1.00667154009103,-0.879015048545584,0.157743984623925,-0.0674772148761131,-0.583251839010397,0.108355679912159,0.116986191693127
81.645,-0.510816410325351,0.269623642244402,0.810823828177303,0.148861393481931,0.216902922393639,0.226398319005966,-1.00675982892408,0.464717658546439,-0.0664085931072009,-0.0158110086419104,1.06438786053216,0.374959424792616,-1.05092423280925,-0.200304652301216,0.616434421338949,-0.679118514046854,-0.305126924284745,-0.786920036635896,-0.952725634327246,0.134134025555621,-0.0314273556060719,-0.643529798291787,-0.0371030225758027,0.123797189442979
81.65,-0.483180530234559,0.339601021001535,0.79476011876715,0.125308037239199,0.197990231669583,0.225448476521298,-1.0019945221104,0.541283230443866,-0.070349469920014,-0.498520983078622,1.02070356486934,0.33496847095532,-0.996718157120362,-0.167659787042847,0.568047253538981,-0.373921715166412,-0.260509249224159,-0.771711976426897,-0.984843428280166,0.110485959356714,0.00773867890756382,-0.666220640484235,-0.170493447800167,0.0875568174643071
81.655,-0.433118166485874,0.370773650589786,0.807583702456931,0.104061722233419,0.185166507599002,0.209300984060886,-1.00044813059528,0.508947285343845,-0.0294033766022733,-0.916567921033248,0.968138599817157,0.246316695046437,-0.924472621286873,-0.173678550170428,0.481406430724528,-0.0817025131936251,-0.157054528323204,-0.91220098081703,-1.0054127323036,0.0893440948794174,0.0286477774656637,-0.663606303177958,-0.294562880015016,0.037898694881819
81.66,-0.378814827453295,0.322619583523642,0.810884297062559,0.0319133422294067,0.195699278677428,0.170301653728873,-1.0301297922595,0.419181910381286,-0.045431462881362,-1.33911477861084,0.904072047868714,0.186847093979381,-0.870641973382531,-0.223950136445098,0.393172230848805,0.0295151853903171,-0.117681719866648,-1.07584682409927,-1.01401088364335,0.078166710492162,0.0250407564640836,-0.642670946439723,-0.369848800641095,-0.0355734086137226
81.665,-0.395347488826945,0.302534584046371,0.854188776690523,0.00274819842203761,0.18902198522788,0.121850516836559,-0.9306288846092,0.185249651383714,0.0106280156529794,-1.40605170196894,0.846905223436136,0.152779896052076,-0.833189487340572,-0.291051840285748,0.320378562441097,0.0922920128089696,-0.0884455804300438,-1.23401826049368,-0.992322543615423,0.0704083363060155,0.016315943010506,-0.616391124952514,-0.368258717287261,-0.0789283135604309
81.67,-0.43597366498184,0.288167943236431,0.853522549222461,-0.00997763835207794,0.172024523238263,0.0654869576139983,-0.919159544660215,0.151469953148118,0.0170517955124677,-1.41430806393364,0.804167554716741,0.10580694030264,-0.7934150508357,-0.352743260813533,0.259179377886641,0.156398213746952,-0.0209010913891962,-1.35570139400887,-0.97040333918998,0.064693539687076,0.0158435049303049,-0.58996172978665,-0.331550492709719,-0.101473459042463
81.675,-0.474112462448814,0.251316526368503,0.859998833773038,-0.000910889153062952,0.151631178293302,-0.000322249143095798,-0.951330839635084,0.0835023839432761,-0.0390786032801972,-1.12608095700015,0.740483503492937,0.107923616424542,-0.758505034262092,-0.3751784505462,0.245284005645478,0.182121530784931,0.0529009683227119,-1.40402838416498,-0.965601522528487,0.0672761445001014,0.0113932090050862,-0.56810656837896,-0.286048533191988,-0.0929455464747962
81.68,-0.471238476089266,0.212672067579555,0.847768374406065,0.0168394327438144,0.114517814806699,-0.0574302655658693,-0.994888857806018,-0.00272586371991731,-0.061367484601985,-0.765491943385162,0.71437176028101,0.125033664259813,-0.729667659787806,-0.371527222973238,0.25345482727217,0.195533012475599,0.166538619524014,-1.40307848278101,-0.981231644780753,0.0701424086900166,0.00844422882321098,-0.576338809087137,-0.253708677940524,-0.0637583060304745
81.685,-0.477987597401162,0.263857015707656,0.832379892600738,0.0468713606842939,0.0910250145830547,-0.0769342625243298,-1.04322099331878,-0.0833245992526842,-0.0786916029719556,-0.321710167790415,0.687035182667121,0.143185422495396,-0.741590088815518,-0.356782276776825,0.280161412511829,0.208916387102262,0.248158616805318,-1.38070509425721,-1.00841129602278,0.0588563102697198,-0.00113370523215953,-0.581044729581075,-0.232629370979162,-0.0205367068295782
81.69,-0.474213955479346,0.300080638753376,0.811579017771837,0.0439783295536429,0.0740273686303262,-0.0864445670404959,-1.08367805167963,-0.132007470743944,-0.0649111259478802,0.141348665150268,0.66221757030574,0.151170030059461,-0.78343876007771,-0.335026119259177,0.313956980644164,0.225293196920716,0.333088097353015,-1.36247181242803,-1.01993496086746,0.0460875140346614,-0.0160711482130352,-0.602325185590246,-0.238870568845044,0.0179272105695814
81.695,-0.473218254156545,0.282807429218092,0.828653228171181,0.048583208336573,0.077329276650651,-0.104827412977948,-1.06874468128707,-0.0969116944483721,-0.0211240935237799,0.711628221146326,0.628769741684446,0.145756734740548,-0.843905673675737,-0.319630246413908,0.34101881952531,0.245095226783981,0.420164126746192,-1.35461495120322,-1.0253107249984,0.0327448017299449,-0.0281435907453646,-0.614347946323856,-0.232027337477332,0.0327849631197604
81.7,-0.47191751152277,0.23650038728058,0.856389362708888,0.0913244249455483,0.0769802835014226,-0.123536817468794,-1.02611420599225,-0.0183083276535174,-0.0364159925313983,1.30430954131356,0.601012519007603,0.13232658588755,-0.909668727835821,-0.295266111694031,0.355247772737866,0.240593816225334,0.492227391889849,-1.38232809502699,-1.01674977795777,0.00871341330555467,-0.0629735299776179,-0.641701337965784,-0.205596347011732,0.0184990278862282
81.705,-0.444182763103762,0.240577326564885,0.841403846526395,0.178362875258455,0.067902223420641,-0.131983603886993,-1.00569411325721,0.0589356933671125,-0.0371071716321649,1.62745950989141,0.590185000170365,0.137866805504477,-0.944073259911132,-0.28468020511876,0.350992418961735,0.194464086996696,0.538970832765723,-1.41993854786001,-1.00412541701619,-0.000212523159910955,-0.0768669206515308,-0.661992004072175,-0.166426073223201,0.00817652619464951
81.71,-0.424071425860769,0.300107936943105,0.813316131944106,0.265361552363151,0.0526657966238497,-0.146095404716551,-1.00782324536427,0.148744777530347,-0.0213190869031762,1.80839211436315,0.566335790746457,0.140389958956065,-0.946839199717729,-0.271007890099018,0.32780615229161,0.147142257316602,0.573934806704571,-1.42970742781165,-0.994924911944405,-0.00959031436869455,-0.091108305547033,-0.682722871198941,-0.117295997323558,-0.0142633072913533
81.715,-0.427503840819219,0.334560206875966,0.808667829240599,0.294039135712808,0.0538106734362528,-0.159076726381216,-0.996904014250987,0.224698528574879,-0.0184823515523703,1.77898742432259,0.541303540106176,0.144979600849417,-0.940161791378264,-0.256895169481457,0.286802878728989,0.0950317238825916,0.584319293498993,-1.43927994707732,-0.985274214666881,-0.00951972544716428,-0.0798022393331558,-0.698122908465098,-0.0485729958492758,-0.0555969470792958
81.72,-0.453940627151955,0.277358679751374,0.810914384916826,0.304928850060876,0.0746902712441155,-0.169534457611079,-0.98357729758765,0.283414890150107,-0.011522760596792,1.57630677313466,0.512991873047931,0.144079824150793,-0.919693360116043,-0.24256001067663,0.231177989650819,0.0269598814706521,0.559104297506989,-1.48138811374022,-0.976335567617759,0.00133396691201145,-0.0571100421601439,-0.705548820021232,0.0102778946574044,-0.0954610648530846
81.725,-0.493140241239179,0.158619033856193,0.830686113383524,0.360403641274135,0.0910304928058179,-0.174335610352988,-0.978465711202498,0.346513849044873,-0.0884247507411278,1.18145795386191,0.460931145264476,0.115243962101187,-0.899796751957625,-0.235085438315563,0.175731249317298,-0.0182285323142633,0.505686911975651,-1.55749514605062,-0.97538438111369,0.0166801255446304,-0.022881095608159,-0.709147997371118,0.0508528972190761,-0.130965891228526
81.73,-0.55283046367868,0.318055821403589,0.875775852695825,0.466620761027075,0.0585485493223997,-0.138411192050869,-0.988642414546865,0.340769015162307,-0.103836209438428,0.832463447974767,0.408998078927111,0.0844578066374448,-0.877280232080718,-0.239894322486465,0.109179508538731,-0.0636663665986375,0.418643599095407,-1.65164438049255,-0.971197182983055,0.0316191061765108,0.0174272776520298,-0.701984378888282,0.0708974673549281,-0.167507127725568
81.735,-0.490799744423994,0.254683520798605,0.854948660099872,0.440314479075045,0.0605956048030312,-0.116119441564154,-1.01751452356073,0.243509634724355,-0.0615496195048445,0.344299068229563,0.329266227431992,0.0369542249692436,-0.86120546878587,-0.246065451667985,0.047767676438797,-0.0926577860439773,0.325799617314358,-1.75513024582736,-0.966277184701648,0.0423494544135137,0.054347666440716,-0.681200030126117,0.0659611377577507,-0.18479505530548
81.74,-0.496106940431108,0.218339915603869,0.812285784424437,0.436768084764481,0.0241824887104472,-0.123200422383965,-1.04734013650724,0.187832109889652,-0.0753496309384863,0.0213628535955517,0.297505000639851,0.00880566186096379,-0.866876487810045,-0.247724385319976,-0.0186952685549895,-0.108972158829193,0.238720920167961,-1.8461066723179,-0.960797426949613,0.0622173759992094,0.0910185159607069,-0.659091533894445,0.0432595026249965,-0.201038725214333
81.745,-0.511158337851754,0.301436663957406,0.802627330221154,0.362993389297561,0.0325963117217001,-0.117302207084955,-1.07008786848698,0.0955794975954927,-0.0921375797087287,-0.168799965381717,0.279020204203464,-0.0192778179794577,-0.882013290844012,-0.238654591421552,-0.0869044550323169,-0.100025721916284,0.139064520037054,-1.968591740297,-0.945936788116355,0.0758016014724832,0.116089117827646,-0.638364751772847,0.033440498186603,-0.204380174658316
81.75,-0.495914286000251,0.274873079402665,0.814361590911106,0.266637932831989,0.0424770642193156,-0.114454448223114,-1.07717835428188,0.0382013200018321,-0.0913567402723166,-0.26065003275157,0.271792885527202,-0.0182442133981732,-0.887844063161854,-0.224353632080029,-0.154543571339634,-0.11642350440756,0.0616078276258775,-2.06427199942034,-0.930880675132919,0.0846898431319147,0.12861973097914,-0.614679131718197,0.0162418392727156,-0.209081779022363
81.755,-0.484570152214324,0.265631270749335,0.813740578090325,0.203984596756273,0.0384206451553857,-0.111058687426523,-1.07670499233479,0.0158483321053993,-0.083738157123057,-0.289907509469545,0.255915867240157,-0.00386742757138818,-0.900032172101301,-0.210474806000074,-0.195654258152757,-0.152293550110029,-0.00851917506949132,-2.15244920590763,-0.909068779018953,0.0945977885865837,0.124677244083154,-0.610149621100158,0.0287702728622909,-0.198612515288812
81.76,-0.4769743392652,0.267602064055981,0.830463662973629,0.134968156743072,0.0463110182956852,-0.12246708138615,-1.06334138412136,-0.00593792883980467,-0.0642910183372514,-0.209725449624415,0.241169322902582,0.0214013941619766,-0.928080110997491,-0.194725721576705,-0.233838376757188,-0.231872814011316,-0.0929721140472373,-2.25106055342891,-0.887356908263077,0.101783845399558,0.105644583012838,-0.616837622743502,0.0709056360088258,-0.186783682263584
81.765,-0.462595247335471,0.258136906941873,0.830682925904562,0.127173913580845,0.039887062247577,-0.128297447457508,-1.05201731028013,-0.0325299750811953,-0.0470583994368827,-0.0293685738423766,0.221195579890381,0.0410983921195765,-0.951589844403291,-0.181811728603605,-0.250524557868177,-0.376358948950609,-0.151442275193667,-2.28371796941561,-0.872032204304986,0.111984804249058,0.0890723435180919,-0.629933752586377,0.124285121861085,-0.163470998022569
81.77,-0.463419402384756,0.259978507602216,0.836043000618622,0.133012079003482,0.0251781394288523,-0.135640155954104,-1.02794613927471,-0.0351605660364868,-0.0358216641364765,0.248627170656751,0.208085134625435,0.0568178217917031,-0.979802013393243,-0.15760949581439,-0.244128479798414,-0.525410056411796,-0.180484545524588,-2.30640514053723,-0.847010918613596,0.115737290098436,0.0824333233162557,-0.660354245035376,0.178711305854123,-0.136263568031784
81.775,-0.465007719340012,0.271512494955643,0.825147359386164,0.165051518069553,0.00865276240411199,-0.141269174362582,-1.00642847772915,-0.0169864703748163,-0.0216353235052728,0.58484677996143,0.218737047936403,0.0803551020679111,-0.996445348842891,-0.123946782672388,-0.221688178245266,-0.692945940874304,-0.189484028901258,-2.30183401460151,-0.823194648841648,0.124780032237989,0.0819020083806714,-0.690044823413373,0.224472609109382,-0.115965472282547
81.78,-0.455965283172887,0.29523175175824,0.806847783368154,0.182985379478811,0.00503814964971528,-0.15240189350755,-1.00111333364936,0.0177778666396742,-0.00167919091942928,0.893629918313617,0.228436969492813,0.0910386556257704,-0.993318139694436,-0.0955702673393001,-0.183754216914122,-0.868828889366791,-0.176514419865335,-2.2675831909241,-0.807995672596022,0.132494391157682,0.0875117842479987,-0.72043861968862,0.239614562555183,-0.0962790955185037
81.785,-0.454033245828819,0.29511085481479,0.826123679505774,0.221519945828614,0.0196265461928798,-0.167559837908207,-1.01307867551382,0.0924954329165418,0.0172436974737183,1.11294943781494,0.228712929751649,0.0919706653828015,-0.954200381930874,-0.0568944865009899,-0.108139210021376,-1.09211267575668,-0.136076164240784,-2.22912329731591,-0.806990204162828,0.137328693308188,0.0975751291138075,-0.743814382396958,0.242727502138539,-0.0740201859260573
81.79,-0.452785801021173,0.280371146824303,0.837090123995677,0.303171741759859,0.0191331200530586,-0.18204999492607,-0.991912645193326,0.153002533531327,0.0430788079938269,1.26479049931047,0.23974559741318,0.100474795877959,-0.901102334064283,-0.0452712056061807,-0.039836909151178,-1.20817743621992,-0.0741271447457865,-2.15487205732038,-0.810500202101071,0.136730100148624,0.102896675777824,-0.7497712505696,0.219445881641742,-0.0572778098385598
81.795,-0.444871583095733,0.27460861919126,0.823318308555931,0.373832698237994,0.0138222582518891,-0.201842760302989,-0.957476319099974,0.165933682566774,0.0729006205330671,1.3296776831547,0.255091013744768,0.0936454864648103,-0.835134851791956,-0.0755089485849264,0.0707081205892157,-1.24925693319826,0.00565722606145611,-1.96405486406322,-0.776020737415481,0.130726708334607,0.109844344975068,-0.740022145778186,0.192475034749835,-0.031306021799601
81.8,-0.432768506803539,0.303341007472531,0.811238764866697,0.41941951831229,0.0079076506129347,-0.20842536254829,-0.933705463233624,0.171074834496463,0.0859620281384556,1.30802158511802,0.27299903044677,0.0775630623762252,-0.807830833917833,-0.131180719039642,0.156905036766329,-1.1538419190384,0.10319126602238,-1.76169126702999,-0.830814778590296,0.126101569971419,0.111830655349121,-0.725684053382373,0.173033557577592,-0.0151303501544644
81.805,-0.429979482667337,0.341620847035733,0.799830568349069,0.438694723175553,0.00435726376999392,-0.206993185370894,-0.915564573713004,0.197377499692397,0.102525583486321,1.18844927172175,0.314944554009156,0.0587977660977361,-0.833597613657939,-0.21738672325238,0.230366152399224,-0.965247732606153,0.221814169691187,-1.52925654082004,-0.850182757634027,0.115166188014035,0.112272177538078,-0.696535740381657,0.164317542125932,0.00318041200880427
81.81,-0.446730652120292,0.323048323417342,0.795988791178646,0.428731462216279,0.0117450089096888,-0.20072378809477,-0.914069569649558,0.215537761318824,0.100837982119889,1.03050981778232,0.351858888931044,0.0493584747209522,-0.903344461409704,-0.316975208403782,0.331508924872545,-0.586702994420028,0.387617762923043,-1.20610625266535,-0.869378132019922,0.104701969525127,0.117106099475596,-0.68968486299877,0.170796857747628,0.0126973649011216
81.815,-0.450559151924309,0.290043073367356,0.795481985660588,0.384051418386158,0.00179993874116004,-0.212104945765982,-0.909548075221955,0.234116804833796,0.110273116194341,0.80272522041447,0.393517358171239,0.0398999472582426,-0.96617136460024,-0.368388313658957,0.392391197371374,-0.245133288908621,0.509339995066409,-0.96250792348336,-0.897938804779342,0.0817656646614064,0.131530366249923,-0.68871069296184,0.175959255293298,0.0165058800282959
81.82,-0.449651153088721,0.343931962811385,0.787375583857487,0.310450028736267,-0.0223454468962595,-0.231394144318461,-0.913421901736459,0.21675977994768,0.0859780731846932,0.547516298881942,0.42502686168415,0.0268315541093267,-1.02182168078402,-0.424514265011654,0.45356295233028,0.234667597192168,0.652004188919412,-0.717537941222676,-0.903360267114726,0.0471354093917009,0.150984196624304,-0.671396731551388,0.107498237449925,-0.0224946993802869
81.825,-0.47963531107657,0.328350479905654,0.800232433569128,0.226800776264957,-0.016304246267553,-0.24113384718516,-0.926042214668003,0.202552264852158,0.0846084013606659,0.38402880102498,0.456080193917484,0.0146651094930063,-1.02735929709413,-0.436038334965641,0.471523066320718,0.507334945508934,0.71954670631347,-0.626991915743579,-0.902303356189368,0.048569192187868,0.150892436426465,-0.621828355320726,0.00766328029492118,-0.0849336427514577
81.83,-0.513117033063553,0.29767354469321,0.795044628735543,0.12379340364191,-0.00472855115512901,-0.220243584031824,-0.943282104566481,0.17800450313673,0.0701403518010922,0.217251574806339,0.496927232684257,0.0090325714156157,-1.02542355177135,-0.404267259136868,0.454438331775908,0.595541824861697,0.699661412001871,-0.6738660257767,-0.936882396917604,0.0626839747827311,0.14592171785064,-0.647337375751373,-0.0487622602486732,-0.0859147343899388
81.835,-0.474377028498623,0.295089673302306,0.796372500369627,0.0570415498739681,-0.0161894507483494,-0.220191982029932,-0.954979270110913,0.156294369391728,0.0611151267441603,0.0937154064600206,0.53777225573199,0.00167805016293411,-1.09242297761363,-0.359615713529562,0.476903722247496,0.5003095955023,0.829203775924792,-0.803195780205611,-0.962705468106105,0.047635268425484,0.135671492264657,-0.676526606082916,-0.0870665258586132,-0.0874195620824671
81.84,-0.464406286000868,0.306691049001174,0.789687403830363,-0.0314451723007426,-0.0336935343872799,-0.244851203150158,-0.960140554613843,0.147368747356998,0.0717351123093437,0.00554968788960888,0.576635831338072,0.00287879110521322,-1.05739714196718,-0.334458595504206,0.425389421155211,1.10028868675349,1.05635392467753,-0.791235292851949,-0.968142825267573,0.059028250085155,0.134429567230161,-0.65948362760045,-0.092684708758787,-0.106695667059582
81.845,-0.468729412252072,0.339474786247346,0.796008013412498,-0.104853438266218,-0.0509359472182238,-0.262004441194549,-0.957253917376099,0.154252432550922,0.0845923927703221,-0.0418116890224106,0.614369799798414,0.00912319867581949,-1.00367689679168,-0.272931831132603,0.36881279812947,0.820958183133402,0.814768723143804,-0.727706480232979,-0.871219546217853,0.0918822149573321,0.115449583043335,-0.673414346463736,-0.0430023052747126,-0.061131535986014
81.85,-0.453397897200445,0.326298917414665,0.802272184221191,-0.137557756844233,-0.062981268846806,-0.282045372695092,-0.936884287757449,0.170503945008357,0.0678634514655859,-0.0236583898993939,0.646644953253748,0.0211883879399738,-1.01195672115103,-0.24836365165054,0.366928311089813,0.49854599371485,0.600637560368636,-0.615989016482865,-0.791666323746211,0.0830241280414232,0.114599642693356,-0.639291798012471,0.0390963849290055,-0.0144342105664533
81.855,-0.461229682620508,0.309541979832569,0.807257821170068,-0.159259566652689,-0.0848552432457788,-0.313777094515718,-0.924254302882543,0.180486770600739,0.0613424202311702,0.00764329071137009,0.671344914323304,0.0326850003102529,-1.02521658432616,-0.204018464846401,0.36701634501017,0.305045185514816,0.460689703146406,-0.464618133641764,-0.803919041358037,0.0563624213185087,0.115323722595088,-0.581900092213356,0.119366757740409,0.0145950916359093
81.86,-0.465382308445639,0.31279866402848,0.812255999941203,-0.150091495161304,-0.128194556409715,-0.351881704301687,-0.935390365420873,0.208239677577677,0.0578283209466216,0.0761460271795325,0.694102773987293,0.0229989938993504,-1.03837865069438,-0.158462237038499,0.347785392707563,0.268517476288001,0.370004657759338,-0.354763114401033,-0.90458507400429,0.0335863651222463,0.110291643069225,-0.497366278355552,0.163070444369925,0.0088291396510189
81.865,-0.430580477435109,0.33799922227231,0.801078230510175,-0.153613423052918,-0.139752018877381,-0.377535359503132,-0.95195867064135,0.234102193298759,0.0659671506599642,0.108959646588169,0.715139070384921,0.0126444118704855,-1.02495850466301,-0.130692703720115,0.305294539041851,0.196340209595569,0.282663898319793,-0.369900728182341,-0.926953251957766,0.0252801792207101,0.0888227522796823,-0.44239227906231,0.0831637148048264,-0.0442126788711219
81.87,-0.423119278882969,0.359562802741229,0.797230345216716,-0.150558483175834,-0.151715033088846,-0.429160228248116,-0.968219198460627,0.264251364523418,0.0665246998978691,0.102106608160126,0.731717699222014,0.00671115975977549,-1.0096907559824,-0.115454157784769,0.270395813609167,0.160622780605462,0.218420621305538,-0.481495988372696,-0.922299445127141,0.0197872142959434,0.0596599096015256,-0.395144094102138,-0.015714918912829,-0.108980306525657
81.875,-0.436049319625849,0.378437041603918,0.795675970673245,-0.13415038590483,-0.16666006970785,-0.474651821396781,-0.979583612810367,0.277168315524776,0.0548351262842899,0.0608636355349942,0.757992571453501,0.0126096140808414,-0.979814602470816,-0.105663023355955,0.203270466486823,0.162180566836853,0.152437689378742,-0.681671707547859,-0.895204525965458,0.0343117551688576,0.0477167788111937,-0.371369733758511,-0.0567322756069322,-0.169081241100102
81.88,-0.449497201512265,0.360602907738866,0.793502266734733,-0.134125830993965,-0.181085309635413,-0.517861129718232,-0.978149683391717,0.2498735242186,0.044063319444968,0.00995744743360611,0.776023324714543,0.0152277900900492,-0.964719852227398,-0.0873556640865959,0.138148909890253,0.0844771939142377,0.024774963497011,-0.864055755231543,-0.895596627882716,0.0573030168462604,0.0475671311840101,-0.346856433587174,-0.0617375293598154,-0.217818480472521
81.885,-0.476096501398775,0.317828256615791,0.802301943824665,-0.16075747189423,-0.182344539533492,-0.551978027041755,-0.965301271762112,0.207277925360649,0.0201045217754086,-0.0456787946395301,0.79547279749628,-4.53712685246157e-05,-0.95542872509043,-0.0601765075388938,0.102671569622143,0.0228912886715073,-0.0838551336232712,-1.01143285859742,-0.92122942369475,0.092772474275725,0.0670520767025784,-0.341676981481635,-0.0562871117187616,-0.232888532759739
81.89,-0.489649757375877,0.313120273745879,0.795180060542616,-0.183759121024618,-0.181546808114048,-0.557699238101773,-0.95573470640609,0.171267420495055,-0.00281319152457,-0.0820517939774967,0.827981655737252,-0.0122077008569393,-0.951097127608596,-0.0454630265311186,0.0683948605169244,0.115204682921864,-0.114420781027111,-1.07435783467492,-0.921373374134625,0.116154232375709,0.0919643247353835,-0.334893470949987,-0.0512973544264521,-0.184143179213874
81.895,-0.49468830935433,0.311276337340148,0.796706455071506,-0.234014149930275,-0.172558181791161,-0.54854030274728,-0.969145215538464,0.145354291904468,-0.0152354398023661,-0.0926077899647377,0.85651131669371,-0.0246181121866395,-0.951271219802359,-0.0444716213616092,0.0411446309359814,0.150327155347933,-0.152248958107104,-1.1030897202583,-0.913717738129289,0.123137472215435,0.133894218754615,-0.328739786843228,-0.0461179079160859,-0.119905376996799
81.9,-0.484317860101413,0.300559206325985,0.789832858777101,-0.304925004165161,-0.165179104283065,-0.540027441163038,-0.980911269658027,0.104580759911643,-0.0161892795440362,-0.179313296635562,0.904311260269055,-0.022813273506241,-0.959908169156731,-0.067563450184118,0.00568473517793241,0.203381741031407,-0.171427589740465,-1.15886086507186,-0.904486354480158,0.10277162089915,0.176003914676919,-0.25492533449951,-0.0869126951150864,-0.119748053911722
81.905,-0.487176956422802,0.268374255665571,0.810743417045351,-0.386807889624565,-0.151442230212331,-0.530042239101492,-0.974284747196465,0.0736715536236371,-0.0181400919266616,-0.24913834898454,0.930856900669103,-0.0194454254473799,-0.960816312792478,-0.107261595436298,-0.0245929835580212,0.235437190153038,-0.158533710137959,-1.16380309355744,-0.88929537158018,0.103310279588437,0.192067879315209,-0.192391269735781,-0.144537911062022,-0.146476370690997
81.91,-0.49957023459994,0.223413385663553,0.824931699710801,-0.432451693479242,-0.129249822513042,-0.520086031571803,-0.959613893430561,0.0384189009617968,-0.0410890244185357,-0.30981586755869,0.967971161273154,-0.00423086360879431,-0.948778785183454,-0.153245345101911,-0.0581336279443448,0.216280968555671,-0.145534596425192,-1.13397141037763,-0.870544409501471,0.0803035908287863,0.186335961126911,-0.148034616912318,-0.188954658291004,-0.170272228577518
81.915,-0.512035923255979,0.199645547850715,0.822334741635279,-0.456493466731708,-0.116012112798062,-0.498170223370521,-0.946353419272091,0.0101899214872079,-0.0660327216465362,-0.375157734324786,1.02793597238288,0.00854092706023054,-0.93748772646844,-0.188955173837474,-0.0893381675445475,0.154251194760704,-0.14414744496638,-1.07425062317701,-0.881914506192362,0.0598902091453119,0.175542950676959,-0.141141793760626,-0.22488267526949,-0.197775686833062
81.92,-0.51512135989257,0.204885812333966,0.829848741780384,-0.46109386399496,-0.100735311350807,-0.457645646855535,-0.964698991400622,-0.0227994591513729,-0.0928208829640212,-0.391004100463801,1.05309034726719,-0.0114912966618126,-0.940300552636582,-0.213755088827768,-0.117691198305006,0.0877031541704681,-0.117893754152024,-0.997147284121798,-0.90179478580802,0.0510321920088462,0.158530653624482,-0.164312153209801,-0.262938261274577,-0.237875232609883
81.925,-0.514445618099795,0.177458126670097,0.845483277443067,-0.463886829305425,-0.068269134605296,-0.409040008347734,-0.99389531569713,-0.0396517884931295,-0.0998226403955291,-0.376451755332004,1.0893490650963,-0.0100102264488983,-0.941562467930902,-0.222469093209492,-0.152767697590771,-0.0479776926333979,-0.0774306423421997,-0.911443649446321,-0.898513302409475,0.0418834967124731,0.156143950469891,-0.173561327625726,-0.295023488816106,-0.270354319345644
81.93,-0.502110283049922,0.181945940050471,0.846298194467547,-0.422650051050943,-0.0509722853723233,-0.370960965370935,-1.01944788770603,-0.0455414487089885,-0.0988080989242364,-0.2860873461458,1.12964534455415,-0.00437635217449077,-0.953840813819068,-0.221049594105947,-0.173122971026628,-0.193990074303098,-0.0472784070338032,-0.853165293901777,-0.919203914498651,0.0443450239448436,0.162273300830411,-0.173459249630694,-0.307446449995041,-0.306996274411182
81.935,-0.499539916513516,0.186032360376735,0.846521688495837,-0.372313386206562,-0.0215671000265875,-0.331893246377236,-1.016669454221,-0.0402289702237551,-0.0970206060216342,-0.200428007531657,1.1638793709466,0.00904682886790494,-0.963203861231256,-0.209558754719468,-0.180125488156936,-0.369571336919267,-0.0190032644717614,-0.800762646963231,-0.937980117411199,0.0561130242961798,0.174963617398621,-0.163281725359316,-0.300812392634973,-0.340243041794785
81.94,-0.499693787174464,0.163854739172092,0.856345602907302,-0.319656378231316,0.00893890847960687,-0.300455842830089,-1.0099069158013,-0.0207597172315794,-0.109388214077183,-0.108924130986623,1.19978901882015,0.0108121169328342,-0.967930969418998,-0.203233234635419,-0.175473900256477,-0.492773172253551,0.00192133124183134,-0.760571612650636,-0.965489446839391,0.0637634702854577,0.188523279169641,-0.164404303039015,-0.27090944640665,-0.363638755139718
81.945,-0.509733418547414,0.163906040474601,0.84839339864134,-0.264147521678607,0.0323488468097005,-0.275549602941962,-1.02655900954741,-0.0204110618955561,-0.127445287544701,-0.0229272767557404,1.24351262549626,0.0170522160570873,-0.972008835798016,-0.197319744112935,-0.162760514180324,-0.640481717955516,0.0129106921930652,-0.733818959403504,-0.973760528165887,0.0759666694851103,0.189978439997406,-0.174220970203288,-0.250113602766647,-0.360407684681936
81.95,-0.510472017063163,0.197679523422713,0.847827959656652,-0.204067413362397,0.0669266993842082,-0.240674521312291,-1.03744078327011,-0.00912560442270779,-0.10660340677121,0.118453043865101,1.29108522479852,0.0120262229642733,-0.982760303480589,-0.204490767393199,-0.140055220534919,-0.719444629902907,0.0238291545615869,-0.718764546160631,-0.981695657843781,0.0905161793540708,0.197090992617003,-0.179333623459274,-0.2434062333997,-0.34031896946835
81.955,-0.485269101956239,0.195474689652538,0.866011451306661,-0.154895251728427,0.104130457742412,-0.211549942071519,-1.03621247624644,0.041066786978289,-0.0664535739823001,0.236032219728775,1.3313751112836,0.0100829741541432,-0.990909866184741,-0.221411582343766,-0.112476596348119,-0.702846300766711,0.0339502563323341,-0.699247596148378,-0.984224691850496,0.0998931789550349,0.200856363136127,-0.193814862657311,-0.248662734759091,-0.317598192065361
81.96,-0.468590000205992,0.19884798349518,0.868655926208361,-0.087707974372432,0.13524711953685,-0.195069058154953,-1.01591633312147,0.114253262142535,-0.0489037639874398,0.260410476471982,1.37782065181653,0.00695021729916334,-0.995606841035779,-0.246238600558633,-0.067394029597218,-0.624240626126944,0.0452134278176779,-0.665181443054891,-0.978641782105753,0.109036602424366,0.200983370833921,-0.198793512589719,-0.259497325422123,-0.28465572601665
81.965,-0.480061240870711,0.217131306552578,0.857011203545509,-0.0415306105377455,0.162914043390431,-0.18823753220619,-0.969221259437697,0.14276509341372,-0.0478228700591602,0.239080407468351,1.42612143515927,-0.0138231728887389,-0.989571871561183,-0.260452817186586,-0.0205903452475714,-0.517630049276879,0.0392408680825859,-0.657313343643048,-0.965958104323191,0.111235672245042,0.214097141496617,-0.203844786292575,-0.255576063386251,-0.248428398150401
81.97,-0.46824844049098,0.19734648731928,0.861829384166777,-0.0102417516751542,0.214092310993772,-0.188751051029054,-0.971524767510183,0.117511223247227,-0.0651679988491507,0.171495107560489,1.46001069089444,-0.0362633549654414,-0.976723300738289,-0.258834707333999,0.0365959402168371,-0.379556819311029,0.026486109578685,-0.626991677212111,-0.96347949946463,0.105935106051697,0.223099647646136,-0.217914338748567,-0.240517727352757,-0.220886697908312
81.975,-0.467865758536714,0.230238670417216,0.851044605208268,0.00692868373007434,0.24465696681419,-0.186337355683684,-0.989535095683715,0.122015810993046,-0.0539975842467087,0.131712229753739,1.49977392591013,-0.0592001354540946,-0.982537095184851,-0.251934791923558,0.094116397934017,-0.256102272359044,0.0415398119561988,-0.601188346338254,-0.960657737377895,0.10434387161447,0.241584382194492,-0.249144757090324,-0.209074773658481,-0.192630561165002
81.98,-0.42826477709788,0.272473354071222,0.858065552248025,-0.00282628857941666,0.297976674648719,-0.186714089076207,-1.05978147208897,0.137070996701298,-0.0864013700239572,0.0958026375389512,1.50634617482945,-0.0852201268671559,-0.993377733635153,-0.239467753005348,0.138759147495693,-0.139435691473122,0.0524609979080776,-0.540785681036811,-0.965218334254927,0.122653013344861,0.260453682118002,-0.279647326833019,-0.171162642332061,-0.168037013970631
81.985,-0.418758244171999,0.287086595403262,0.857153279483092,0.00749895109046981,0.336361647542186,-0.219182678433185,-1.10556782585655,0.166213969086384,-0.0985580398473411,0.131153403747362,1.51949834396588,-0.089279623692989,-1.00963802460947,-0.244699941674198,0.16807385546206,-0.168112153322427,0.0363726733730356,-0.477283812003485,-0.885932639842601,0.124728643082846,0.261627182598422,-0.267198403396213,-0.139639027344514,-0.143404921593072
81.99,-0.439397828100108,0.260013451333163,0.875099320290545,0.00665076710913926,0.380485552016126,-0.257435363386442,-1.13966648397605,0.188460039825136,-0.12724269566927,0.0888107908113352,1.52680957019713,-0.0788105440435749,-0.978535098620907,-0.243849538136018,0.189096489638068,-0.24496207150731,0.038170929201683,-0.395391565804075,-0.951951217227281,0.0966950475728698,0.283046068345808,-0.246009260287688,-0.115013930212502,-0.123338513223026
81.995,-0.421351515730359,0.252478690273191,0.872121826219079,0.0429214420307265,0.428237976884176,-0.293620494781494,-1.15257175887793,0.203294782519529,-0.183294710256221,0.0166220791670037,1.52087205141999,-0.0591735920723076,-0.958354515021725,-0.244554172131641,0.204600147558237,-0.461880573677327,0.0100346508610341,-0.369398772716522,-0.948707768850615,0.0642773895183424,0.296364282987134,-0.191337652219953,-0.164833751895694,-0.17059107302156
82,-0.506942772703422,0.315576083607557,0.818686645545123,0.0920983282796604,0.464523288332733,-0.32657182427881,-1.07422051746916,0.266793821215591,-0.141785669696724,0.0755694681193575,1.49490451137572,-0.0376880607247249,-0.945567912625191,-0.266734050628834,0.2132226433745,-0.685419306412754,-0.00398672998706534,-0.377308113895083,-0.950633697914876,0.0537634378154281,0.287141830620377,-0.161149164835898,-0.171916115408418,-0.222283311167589
82.005,-0.535449879515568,0.236767960968956,0.848297516115626,0.023833748643098,0.534322364465472,-0.383388710765874,-1.08778582922594,0.0987960741873916,-0.239669130215637,0.0554080153300192,1.50573418019675,-0.0461240764818588,-0.917681006540948,-0.308381472439272,0.210553119869709,-0.975830098761729,-0.000872382894158363,-0.366784598080018,-1.00846810762028,0.0600091262679786,0.288323220379623,-0.132515812000208,-0.171087043278647,-0.277812870427235
82.01,-0.53379562964186,0.135796541154408,0.858795489722698,-0.000400210832033896,0.607318183776901,-0.379875489196888,-1.13044480711548,-0.0253687087718426,-0.314348510211452,0.0334898203934281,1.51744463312961,-0.0989085333161144,-0.900841396904385,-0.349046523308629,0.200747969389783,-1.17280467885734,0.00171616831943476,-0.387704896380689,-1.04377008906359,0.0677026984431767,0.293240481575512,-0.15887832415874,-0.201895819095764,-0.264284401717583
82.015,-0.544108211318631,0.189651145062788,0.846797326990415,0.0457552457520588,0.676075005288876,-0.31325507381834,-1.13544038453611,-0.00367000847607044,-0.277747442129471,0.228886781656856,1.53319123102222,-0.161302443009431,-0.899513446679193,-0.400366458415272,0.178030560264078,-1.36319866512263,0.0107828624129885,-0.479082432357835,-1.04481635513552,0.0520031014786014,0.307351180063755,-0.176451897368542,-0.268602260998032,-0.24090318103897
82.02,-0.509701252327676,0.184741476282358,0.859598487874059,0.0425329268325457,0.754169477750773,-0.286089375125224,-1.1426145301187,0.0213094668566954,-0.252968291572077,0.264040413311791,1.55544845170605,-0.18110402863167,-0.907915198145866,-0.447484506030243,0.152881873861122,-1.46246842654653,0.0265811582911663,-0.578805122257885,-1.04440207530964,0.0302267415231753,0.322821371949494,-0.162671798273983,-0.319840831588275,-0.245512042501551
82.025,-0.495141554525693,0.203478583840999,0.860929091393619,0.0785833543874101,0.794729239811312,-0.268884674078507,-1.10620902227833,0.0106831007190785,-0.219436950253456,0.238111612625379,1.56347877324651,-0.1664541970009,-0.91206991985056,-0.479250398185018,0.149611976744938,-1.43677846259875,0.0326271668911521,-0.635868595924968,-1.03571542882557,0.0120061061003972,0.316360877933658,-0.114461269655179,-0.347439058157328,-0.29172256519016
82.03,-0.511020595177105,0.255489446835283,0.831707504891804,0.0691518344634345,0.834347673689956,-0.274779446225143,-1.04561427914627,0.0648249944300013,-0.128787998449941,0.265722197634544,1.57797655068706,-0.146545586184868,-0.921989193308024,-0.502576610425331,0.161271419776988,-1.37231190655878,0.0571879786283529,-0.640002498756373,-1.00779740383823,0.00688914325570203,0.285093325866139,-0.0832927449913935,-0.312904295452077,-0.334578945364001
82.035,-0.46822770391419,0.278636902054462,0.815553796955745,-0.00615054502085037,0.899351184505483,-0.284523305843834,-1.04883822413852,0.126861148312895,-0.180805476169072,0.16122589204694,1.63088933051903,-0.141182385794294,-0.921487730019859,-0.50617205473196,0.164714359023555,-1.21099639477297,0.101112868688525,-0.603397863497048,-1.00089583778303,0.00640019932029019,0.248223315653894,-0.0759743990582434,-0.227955025042379,-0.352266269360447
82.04,-0.515472792776724,0.241068716908943,0.821256363520434,-0.0884728551379428,0.961230295034126,-0.284579064659521,-1.09504513643904,0.123073998949055,-0.314899591946957,-0.0410065817822692,1.7228012879849,-0.177148302643427,-0.913531523430294,-0.49628986303913,0.159555130989553,-0.983147210062246,0.146639875784881,-0.553425097453664,-1.02593166347839,0.0215148358812402,0.221785987697986,-0.0928446454055872,-0.157751007876534,-0.366074519648625
82.045,-0.543453122233002,0.245999644671428,0.816439550064385,-0.114529599642221,1.04893176132665,-0.256891367480669,-1.10354174586264,0.142868543917356,-0.274584539724442,-0.225642169559654,1.77612339226451,-0.22160435860716,-0.914485576284444,-0.46202229192924,0.130910880057941,-0.834636307447601,0.168602574413301,-0.548627194465241,-1.04919959593708,0.0356111293879362,0.203504089027257,-0.0864144136017004,-0.10322462383347,-0.377254424123496
82.05,-0.532975129402957,0.203172901045861,0.850385134490887,-0.128661118885795,1.13274134122049,-0.23246124282767,-1.11578001380422,0.114115973662417,-0.28937438112474,-0.561057124383395,1.86839409358172,-0.267677306167991,-0.932586240282482,-0.436033897207359,0.111044224470817,-0.67381048029225,0.200470312996029,-0.566743142413682,-1.02816633542634,0.0441028558424262,0.201825170614834,-0.0623907553232271,-0.0612827794719042,-0.398108410561039
82.055,-0.514699368153152,0.197902265090727,0.860129442095439,-0.108107671141624,1.20887702121841,-0.201245280463498,-1.11544337043174,0.0716070498429796,-0.293635446422672,-0.698005080412417,1.91464836479878,-0.300493982257187,-0.955998646224055,-0.416940370086515,0.106490534577745,-0.452414615144554,0.256869275665722,-0.524592631861627,-0.99915518045452,0.0645222999663702,0.210828345462282,-0.0526762245786641,0.0199461715286804,-0.413623292208896
82.06,-0.521618708876116,0.18627686817668,0.860886782997577,-0.109224721347329,1.29562759179795,-0.198018806204075,-1.12164801326626,0.00199590290466157,-0.295638038917911,-0.751132735067538,1.95008391391112,-0.315048540559486,-0.966374796347861,-0.40006573898491,0.117475440558787,-0.264699015572718,0.293957039705482,-0.467462760512601,-1.01133911571131,0.0802605229831239,0.226871452858318,-0.0630392214603994,0.107799050800634,-0.409603122987001
82.065,-0.534721360044157,0.185568856889891,0.852961250294316,-0.103970531150838,1.41525741171322,-0.172158733501119,-1.13902338153095,-0.0274486904703801,-0.300569868207897,-0.721732287617138,1.99127812743354,-0.323106309718702,-0.969939479516099,-0.385720857646434,0.132989291762516,-0.201506277097277,0.292783380785741,-0.449356964639992,-1.02753230504428,0.11425596304613,0.255015327403195,-0.0571578987456115,0.176042387181162,-0.401923953798585
82.07,-0.553054078183443,0.198099059581467,0.837262448957493,-0.114197075592624,1.49939031888987,-0.165464960612821,-1.13511692212607,-0.00427509126711843,-0.257839208719791,-0.626312387608027,2.02317528891315,-0.319468792856088,-0.980830381971597,-0.362082451741218,0.1531183283114,-0.206286832046723,0.292607405077417,-0.442024949449872,-1.05784953071485,0.125049045930085,0.261695141287299,-0.0417835207801888,0.198569254856558,-0.386571914921286
82.075,-0.531232715610863,0.2159573936305,0.839649440093632,-0.130051641098332,1.59551716695863,-0.161703639347595,-1.12832323009567,0.0143419819689392,-0.245095839008098,-0.558090975894237,2.05495043684217,-0.30657478716882,-0.988852798729385,-0.345841242165246,0.169545171669113,-0.244716696759363,0.29665366267151,-0.428983867238939,-1.08771552582836,0.129318424641398,0.262296821415541,-0.0454580972247981,0.200641566625291,-0.366671788106726
82.08,-0.528164957496144,0.177343560029702,0.872780257873443,-0.132690837450792,1.67157272174835,-0.153371871120553,-1.13072503824272,0.038405726597129,-0.230657723733051,-0.48813106643686,2.05800741879154,-0.31202684444969,-1.00497819065903,-0.32782979078268,0.190533551750294,-0.317905130767235,0.318680214392382,-0.409936667966224,-1.11852230540378,0.142097313316884,0.275438799831812,-0.0849131786374838,0.200689558859488,-0.315479433460325
82.085,-0.532233121955623,0.186354777826508,0.82966545653437,-0.128309073359774,1.74871152438218,-0.16783842100053,-1.12671059358807,0.0787501657005554,-0.221835722250823,-0.515288385657753,2.08347974035935,-0.311166030725532,-1.03164106524527,-0.311774663979672,0.187348174833702,-0.410717389092266,0.334543423266057,-0.424088329293298,-1.11667706173628,0.137119518051582,0.292032181555518,-0.134649075224542,0.217531749034372,-0.272129603238575
82.09,-0.562298430777742,0.228665901757951,0.842131601580161,-0.118362534906763,1.83970627172032,-0.179475717827345,-1.11776887023768,0.100964519053409,-0.231926000809841,-0.52852712893063,2.10244999943886,-0.319745342400006,-1.04194301415625,-0.285112729106412,0.181130206318619,-0.473637642145055,0.374240793277898,-0.419421385634526,-1.09767872687569,0.128508046723744,0.3115125044626,-0.173708328404461,0.235085562216646,-0.24498247379036
82.095,-0.547518946389407,0.237243240919205,0.833768971047301,-0.0919168722784963,1.92645902883807,-0.196840896731593,-1.12488706881411,0.12207908752007,-0.21984101414534,-0.551970676343484,2.1146941665144,-0.32857054148002,-1.03912022515192,-0.26690632025995,0.204048520489623,-0.496322944732148,0.425890482096226,-0.401087125127976,-1.07979866235344,0.109483707738433,0.324324012909309,-0.202623555564537,0.254624586940207,-0.236821662496092
82.1,-0.544138845377233,0.255758959044974,0.828183182915167,-0.102592894041802,2.0473166772669,-0.238020618385097,-1.15204924780247,0.192956971778063,-0.189107413719204,-0.591899919496234,2.12483125801534,-0.352986248649568,-1.01821129921147,-0.271746382235614,0.237605698321058,-0.440673151783366,0.480549057978512,-0.343690453122717,-1.06437947798087,0.0830304252264561,0.338266257739122,-0.234796364536054,0.261940142775114,-0.249622854850303
82.105,-0.564055592816286,0.267734525821115,0.811776768706411,-0.0871737252138789,2.13506821451269,-0.266690868382599,-1.15564493167418,0.186548450669573,-0.202232489765908,-0.643140369195564,2.13739185310969,-0.346382197508625,-1.04008270152042,-0.266454043644004,0.219841952810896,-0.370587985930005,0.506475923349334,-0.321794207606738,-1.06293112450631,0.062947056079096,0.354642766260977,-0.284637449658539,0.265905847051721,-0.268230160278119
82.11,-0.568344065094467,0.249765364967717,0.821282828295584,-0.0663273187914053,2.24700194597589,-0.302051927467301,-1.17247931830374,0.164482811961173,-0.231708806108522,-0.678588659856371,2.10819625632383,-0.357565828600406,-1.0691446655311,-0.25685163763803,0.220103988044602,-0.313940818925259,0.509054952940688,-0.281014097136498,-1.08491453561995,0.042879645704382,0.361430617645514,-0.358291230990985,0.250523291629069,-0.301501362176693
82.115,-0.564187576441979,0.247385849149433,0.83350291415618,-0.0238873261330254,2.36654791090367,-0.338558866657488,-1.19486023049563,0.13239705976422,-0.227706622020209,-0.707578030448667,2.08264008287052,-0.361736427933141,-1.111566596539,-0.230084550964148,0.213073343846908,-0.222330288430737,0.522931186037326,-0.213586010690731,-1.12187035833961,0.028533667686378,0.367661280506454,-0.428157721462142,0.233181748509986,-0.321974962057902
82.12,-0.566880717320632,0.235072994927804,0.824624908509613,0.0241881417114424,2.49450436353632,-0.378440655646949,-1.19983592138678,0.0979329462846721,-0.226690370356584,-0.64627727913275,2.05504602518494,-0.367389185980355,-1.13010320341166,-0.217876987104245,0.192832387785109,-0.183006583278602,0.517384420054544,-0.155413948195656,-1.13189041665666,0.0152430854866569,0.366191981850131,-0.460416429150847,0.22013213794086,-0.354570098984015
82.125,-0.585371678525751,0.236586318774657,0.823981117118489,0.0349420624475101,2.63959089096502,-0.425211501090862,-1.20984044587501,0.0632477100282861,-0.221165283655638,-0.538506978981008,2.05308729817351,-0.359800160189815,-1.16136048640526,-0.209091679471218,0.163962518989514,-0.0669853121445267,0.561170866470245,-0.0996933755665216,-1.10302307984873,0.00489395394462712,0.386868767105926,-0.428899960311768,0.228831130178802,-0.41976700117482
82.13,-0.595637461893445,0.246515129081405,0.818465249905958,0.0338272616136627,2.79877764423622,-0.469845720781959,-1.20918488364245,0.0403258402352259,-0.212633645325671,-0.431738478049851,2.05756833172742,-0.347860235162649,-1.1459107557018,-0.190180587628514,0.150151948824501,-0.0458917094846037,0.585866150362576,-0.0413518686990054,-1.10741322931663,0.00859369314417023,0.407619776401542,-0.389936645370347,0.25510119824423,-0.489808830776061
82.135,-0.602617907190234,0.25751069236735,0.810139001955577,0.0136658848021801,2.93008063085732,-0.511567759785801,-1.21346987864483,0.0316979052220108,-0.194573535338962,-0.317938039763212,2.07754650643365,-0.33966676167446,-1.15302787297368,-0.143230401079461,0.135814724921136,-0.0531161462264222,0.612340811581347,0.011509036590437,-1.11639344624912,0.00882003747459293,0.431435470872758,-0.386784774980499,0.259997648579767,-0.544842665285196
82.14,-0.622404820542098,0.254483988434242,0.812434408202518,-0.0135725966858638,3.07741157068251,-0.559676063213338,-1.23029711648576,0.0436916159522619,-0.159964343029625,-0.185169816642033,2.11592058558465,-0.334300935120428,-1.15426998471116,-0.0836628470061421,0.138840937022873,-0.0601485138815114,0.64593759419127,0.10667717490816,-1.11727009021861,-0.0066244191307141,0.440581943461896,-0.41452108354832,0.261538738790894,-0.57213272754862
82.145,-0.621265708293855,0.25137675050737,0.800662853521318,-0.0392920196299375,3.26368710307704,-0.605018213480354,-1.25516459380531,0.0439846363109583,-0.134572155390816,-0.129274319850051,2.13938041799089,-0.340341930249307,-1.2173819045084,0.00742988753758585,0.131177715240518,-0.136048530662687,0.651712555687254,0.162186512476045,-1.14070592543436,-0.0286611942156388,0.465715957628209,-0.466652227347282,0.27108561332711,-0.603013090938176
82.15,-0.616434577033442,0.283181117337709,0.827820427151532,-0.0666885475751274,3.50456733192178,-0.654633627410355,-1.29502358250373,0.0272948108644869,-0.0970621113584559,-0.105652723728439,2.19091397686991,-0.33475953590583,-1.2396722600446,0.0882708440802111,0.138425704036371,-0.148307139169403,0.691452195977379,0.271813191499962,-1.23780321532953,-0.0790866649930334,0.53615920373802,-0.592225367918055,0.24985813539294,-0.621170654646044
82.155,-0.677920193259301,0.258689359683139,0.882353544763936,-0.189219139919579,3.77835215928016,-0.685522438684123,-1.37230573964141,0.0383516328603906,-0.087821081452106,-0.0375126962971767,2.23188332079238,-0.342646843378282,-1.31198865827799,0.146029748044482,0.159196447323084,-0.22720190008062,0.667177406745371,0.370502407989228,-1.36194361841864,-0.161164360972147,0.520850994755515,-0.829241139887494,0.227655738592148,-0.59901356938517
82.16,-0.691465950666316,0.26005397998696,0.873364325296756,-0.291107057831306,4.09434527744983,-0.711494795896545,-1.46080420324441,0.101285749122463,-0.0193133052655044,0.0718934357268924,2.29840560611504,-0.389732503012286,-1.16485833805312,0.195200869935213,0.154289937591588,-0.374866787251378,0.545557627046682,0.459144417718706,-1.517154969147,-0.217325459849732,0.431163407617132,-1.11563888952496,0.307168423141008,-0.593698655276431
82.165,-0.638054499460327,0.295623480917535,0.804310746292713,-0.31913800133389,4.44122684328585,-0.761484075587541,-1.62788568177606,0.128580246698656,0.0174942026552677,-0.0315612516549026,2.40204204397983,-0.445496842668616,-1.16551120114423,0.28448598091419,0.164146376673888,-0.696612541988765,0.245483416065746,0.186026202950376,-1.67906857453329,-0.0845568815781232,0.291821786976209,-1.22984332574525,0.304583481213531,-0.508752390889208
82.17,-0.614953157523933,0.260650960515495,0.796865719921534,-0.29348312877074,4.77048942720219,-0.826897158596195,-1.67947534467812,0.104623056026387,0.037105511824214,-0.0769704207777977,2.4602438471127,-0.44340477048396,-2.00175977467784,0.339597516769657,0.329826140444178,0.229511327165908,0.809930962124359,0.390156296327989,-1.32444143882508,-0.135802734751833,0.204890747161948,-0.853470338317558,0.185607683858516,-0.510188307639896
82.175,-0.632964931085106,0.269248654961958,0.770161687907954,-0.18184059871308,5.12650118364875,-0.926287802512364,-1.65236604895301,0.0695553546495335,0.111113374612082,-0.0613721201033624,2.49213570994756,-0.41203660260216,-1.98675805397172,0.256846341360172,0.285349387358462,0.747763174495458,1.24193501060156,1.33328258451983,-0.953999661482353,-0.191409452759172,0.199081218776578,-0.282875958217899,0.451894438232642,-0.656088652329755
82.18,-0.710790381105722,0.436919071637453,0.835378179394082,-0.0816332395864666,5.45163788880998,-1.0240803881405,-1.56947723266142,0.0525905608471223,0.219897384910064,0.0834030464695781,2.54042126930256,-0.325577369651243,-1.63862415452172,0.470278611210862,0.38875179049417,0.198061482876183,0.918903705998456,1.12726634111918,-1.30367145478685,-0.10713806242153,0.0227510153437574,-0.265201710461429,0.890515223112945,-0.524503505104851
82.185,-0.696393126180518,0.454328054538999,0.791562983914765,0.0546663659011174,5.85924296045434,-1.16750745635907,-1.55951383770369,0.0258030045774245,0.259691198998062,0.252926813285892,2.63168986389894,-0.233232385362487,-1.36876881848189,0.4552541626007,0.177971922497924,0.43209340692531,0.955102907463427,0.984331497422669,-1.35919855165547,-0.0419945467536834,-0.0722652156487635,-0.350331234342824,0.887227887659744,-0.30220603153946
82.19,-0.636777883471525,0.464315589098229,0.841744783664818,0.114825869834482,6.25288139306017,-1.29674000878334,-1.61703301517801,0.0282970794268272,0.367505151395502,0.510862378242532,2.70785361678544,-0.160719188096197,-1.40973788764099,0.386963659510783,0.193767829725504,0.149775624772121,0.868386010848444,1.36872808321198,-1.34714676731523,0.0744812624929987,-0.0795402510506621,0.0163835087380722,0.630899480898151,-0.304234518902615
82.195,-0.615645482285121,0.469634572484757,0.871874654053433,0.126162059642667,6.62006138430214,-1.42616799461342,-1.67664323492233,0.0322538969904583,0.45995828485084,0.707594114426822,2.75875271592962,-0.108923816175059,-1.43231893763152,0.363353405113229,0.178055674105816,-0.140505512562459,0.931068681168927,1.41068119009766,-1.24930703881777,0.154513294413393,-0.0424583116319318,0.333170176669235,0.401997823470176,-0.268739798465384
82.2,-0.56474836762149,0.524837448534099,0.832188618828843,0.21770804907698,7.09865486290006,-1.56127758114454,-1.74159524546996,0.0108363567611163,0.556324477039141,0.916744148302159,2.81883982220127,-0.0227139219199777,-1.44503420274189,0.384254107702682,0.145749427677244,-0.23251247211439,1.01410462757967,1.45259526088817,-1.24676607612443,0.1639021310663,-0.016423917344645,0.314696985177263,0.318742215688268,-0.159953880783924
82.205,-0.552435325317488,0.628120453493399,0.928205731509431,0.24105672244201,7.56158616858633,-1.75567054200707,-1.77808581053921,-0.000233667421509832,0.604029689449805,1.1173968660128,2.80735272853397,-0.223555232422906,-1.46438643881421,0.472956631201752,0.0380152528509465,-0.460789782493187,0.954370771053215,1.71705098780205,-1.25030539114827,0.112442049407365,-0.0331970179366062,0.105746366078897,0.255805384311482,-0.0597912355402295
82.21,-0.594453578755881,0.574383404325726,0.908250154527029,0.12571015986348,7.89698639672209,-1.98464480134463,-1.81105077153143,0.032143310225811,0.653723993437748,1.33896223907966,2.80815794009099,0.056012834924824,-1.42884360664545,0.644067877711721,-0.0956535021808604,-0.622590501315999,0.912110918384131,2.00658863660659,-1.27167085089082,0.103923280935028,-0.0732544038100262,-0.0971697309787362,0.228812065869572,-0.0425408345781642
82.215,-0.62811918225735,0.534156815252706,0.859581038991434,-0.0257073375925747,8.32246308818993,-2.26304883434103,-1.80224355796456,0.0460511040257344,0.651537362361055,1.4632761774838,2.79122730384691,0.0745198620364318,-1.33858967051888,0.824645799629815,-0.266407957394366,-0.34093280129424,1.09478545624452,2.25714399002137,-1.2536577518841,0.0780788126742599,-0.142405788877877,-0.352326157702031,0.215683273766022,-0.013476332655728
82.22,-0.755548964345965,0.573140926092118,0.945562764828252,-0.189629837169084,8.85555282124904,-2.61718021651819,-1.71790386447445,0.0702153633829782,0.616983040732887,1.60550808907723,2.7458934712,0.0717498573829284,-1.26467408406247,0.907154713522047,-0.422987324506992,-0.0996239773103204,1.39833921431543,2.63465153134941,-1.20264426427814,0.0484949924094655,-0.167894026852951,-0.451904356199305,0.214068718887675,0.00735081334124368
82.225,-0.908497698093756,0.626348499643753,1.0291250449624,-0.51235016311441,9.07852058806074,-2.89569663357799,-1.62827078389081,0.105104870238807,0.598045936029803,1.66579371283097,2.71842002041099,0.0605562843660219,-1.24291468112492,0.791102426225197,-0.492261191177678,-0.207421748493656,1.59025825172237,2.9232808993506,-1.10106672903565,0.0132657587919817,-0.170160290855344,-0.45928353288976,0.206036058172961,0.0233990899205974
82.23,-1.21659257117087,0.481279786205924,0.839541053574772,-0.941124101868737,9.19581541575716,-3.19735257711217,-1.5043120225044,0.183925317830392,0.414678617893399,1.6021072758182,2.72523969407884,0.050975023473366,-1.22430320138762,0.648999471652432,-0.439630187745568,-0.428134507174502,1.73057763780498,3.30728550504802,-1.01628536802345,-0.0151305357852327,-0.192024847140056,-0.444840523600223,0.202824792860863,0.0693546654906227
82.235,-1.85292154444976,0.0436266454619301,0.86527412327512,-1.246724741983,9.31346577215027,-3.46753808812372,-1.39574882939068,0.284266221690922,0.0503842630672116,1.45049710279419,2.75004160367769,0.022274502381182,-1.21187876548685,0.562947226225586,-0.364823871433647,-0.602765253613915,1.73189782494472,3.62166123513528,-0.951845017358605,-0.0290167163061346,-0.216655901138359,-0.470168646090941,0.16819518741637,0.141446953448951
82.24,-2.58968105655686,0.0266348893516169,1.4368129936582,-1.15719514982362,9.02297156367955,-3.41981498082139,-1.30461797841661,0.270567755858381,-0.470362868784532,1.27460986346526,2.8261388553744,-0.0426103013725418,-1.20337610490933,0.408307871423268,-0.30869760947355,-0.946360324518297,1.64200694967828,3.88389274658284,-0.891629943951318,-0.0274817516132915,-0.239249229929181,-0.497916661800897,0.123808650008378,0.205443479178715
82.245,-2.65458062021052,0.367846237177757,1.36747717172887,-0.228579787358274,8.21703937732459,-3.09030810973069,-1.24974946126036,0.157461906901728,-0.794841921814367,1.23176646180606,2.96603922637568,-0.122439043044171,-1.36564247513469,0.253544547265643,-0.258855847935355,-1.47446858276803,1.52497515914662,4.01740406246608,-0.865453624359832,-0.0328563144153219,-0.241831862038641,-0.525593624205521,0.0999935030615359,0.254359420864073
82.25,-2.46997366134987,0.556921918888805,1.16623452396372,0.688747491296683,7.66389319592041,-2.53520149618559,-1.39429127312506,0.124001219508625,-0.992889059794654,1.28562202351949,3.21985928827382,-0.330281825211731,-1.19191774025506,0.0467055197324716,-0.0308397089750258,-1.8477144794118,1.2653007401574,4.01095249287544,-0.820517083046286,-0.0473183174835571,-0.234064385775809,-0.551914231545718,0.110679793262004,0.285740566654768
82.255,-2.17368568997371,0.345318529331455,1.05498972539372,0.973001962024737,7.45779813203697,-2.48141650356658,-1.65028792125588,0.214964912341019,-0.817137791054493,1.79223392795774,3.20054392286562,-0.440936997645412,-1.28696766232262,-0.121582655582887,0.0870389413283159,-1.62842968973709,0.750327862420215,3.68276543912498,-0.878666514867763,-0.0653197940634768,-0.226829865164569,-0.57357719917099,0.213951582185839,0.293833290561
82.26,-1.74716421115882,0.149834535682934,0.924811782619726,0.808269895937074,7.35690778803297,-2.93184016950973,-1.75528105171428,0.40883017717268,-0.392111082293722,1.45374431585523,3.14605846147092,-0.642254417129185,-1.43285844063928,-0.19908328561024,0.21724601813405,-1.70344680258901,0.62446513086168,3.80982119548278,-1.05107661657843,-0.0449879336293674,-0.229094327567986,-0.646260551770124,0.201453729115812,0.320069272174316
82.265,-1.6599843926483,0.387290723680907,1.08881202203348,0.219309230838282,7.25997342434164,-3.39226071449435,-1.7982599877171,0.536738680876934,-0.184337662438417,1.33967875116591,3.10901133405093,-0.684073721493249,-1.36447617127988,-0.539395918723874,0.420244554937611,-1.32178135472698,0.120020080261471,3.48019663713234,-0.989167782141982,-0.0487862612054041,-0.231100132100435,-0.657958806096992,0.0126474017081794,0.279730152244573
82.27,-1.94082420384022,0.851396260507766,1.60623624740084,0.0014942519995831,7.13114610683388,-3.79709410462541,-1.7461794315549,0.422370821117353,-0.0658076335388438,0.726824942062539,2.85787808452667,-0.650230296944979,-1.30372460108855,-0.633632813588896,0.437498795877364,-1.17605826210306,-0.0778603256378828,3.11436144156917,-1.01902153815963,-0.0640851212964327,-0.223615935063714,-0.648068729197666,-0.0878734676748889,0.224682411650905
82.275,-1.70823873670512,1.40746772338856,1.7055180079897,0.484461607677084,6.32538832671177,-3.30890098945016,-1.61866326043171,0.335954508652213,0.158680684694475,0.309816487664458,2.42686938215509,-0.699374646637352,-1.28719902984232,-0.836836105788796,0.426693698499116,-1.05762689464386,-0.236513062012629,2.73475544949487,-1.05863750924847,-0.0788609259969694,-0.201795465520149,-0.658409048778947,-0.24051243174376,0.172644433523247
82.28,-1.14225036849932,0.664720847407961,1.50997512076701,0.451127445194718,5.7555926874123,-3.35250328361091,-1.41453357809314,0.587539302699128,0.39976918368421,1.46090530878803,1.86979374062413,-0.474226000477079,-1.27995407050768,-0.985886848586423,0.370279655253079,-0.875030202668067,-0.404302175365589,2.26395686705049,-1.07559925620833,-0.0876862637080324,-0.173597734568607,-0.647754094102675,-0.452630802369939,0.11885081110166
82.285,-0.915659040634331,-0.189200520397602,2.07567213690117,-1.77937220568278,5.40315229130037,-4.54380804784283,-1.15882750453677,0.42017211995,0.306307158461742,2.14858154429969,1.66603465574719,-0.123339577982737,-1.28251677008293,-1.0125058181825,0.311146126447111,0.269016051838311,0.108752623939505,0.119652054469013,-1.09825447620455,-0.106285034900744,-0.139922570196805,-0.518294112761872,-0.801637011403664,0.00757397808397256
82.29,-1.22463329771348,0.268840585079832,1.82553058650861,-1.12881473161102,4.81216592794546,-4.68932075678913,-1.0176856984491,0.174715894321247,-0.255078930636856,0.962268606127716,2.08489976957084,-0.207510482465976,-1.18932613333838,-0.931202250973378,0.224047287105942,-0.176437031817023,-0.677977129774843,1.50805969540521,-1.12371074106751,-0.0907247051663464,-0.115782163348414,-0.359374918854323,-1.05596559255483,-0.0773742913516626
82.295,-2.17172474809773,0.937009097165016,1.97727130839903,-0.473193092984804,4.0807632440289,-3.50778290247106,-0.902092872599641,0.331794819968107,-0.806568381284282,-0.18022105078685,2.42472895563667,-0.319205681065544,-1.12231324690443,-0.80280935125893,0.170087106625588,0.0123411758817472,-0.786434374932027,1.39872573125853,-1.12543019137001,-0.0886548498763491,-0.0850796066170891,-0.156241389413027,-1.27235984160283,-0.153388226715191
82.3,-2.878815722203,0.863016536570514,3.68766883817364,0.739051020064475,3.01957419079387,-2.11759128402319,-0.778930655450413,0.325503664409128,-1.22007165822899,-0.427503451649467,2.40923964743437,-0.287833369569164,-1.12238214027304,-0.645996583624969,0.1671441937655,0.157792564595229,-0.854282685906465,1.29550331810448,-1.02636384408355,-0.0942644949031012,-0.0665113686033335,0.0346485005955228,-1.39757574857625,-0.238848005714756
82.305,-2.08539031430662,0.348451237032624,3.45560559394123,2.09735690933041,0.341045515422024,-1.47366149402548,-0.714786585737194,0.048090572571925,-0.874074873512607,-0.596185874747389,1.8319704372303,-0.547434429469532,-1.15878258188886,-0.520148728771571,0.191458980755278,0.312545452331533,-0.887489136429665,1.18410969196858,-0.978387195672905,-0.0955360664940679,-0.056975805616098,0.187113850244457,-1.4399896556937,-0.300130434463341
82.31,-1.72636170822493,1.32176023314988,2.96097930712927,2.37667627028496,-1.16015587157803,-1.15958096882824,-0.770725655433022,0.247990669281156,-0.560502340530181,-0.338542774207231,1.55237590500244,-0.646956610414443,-1.19091598196459,-0.400438608827353,0.181361751969713,0.499332347109877,-0.892716606563858,1.09354784800113,-0.973031307391657,-0.111062607077326,-0.0633639969403898,0.228432951518255,-1.37751419719579,-0.321146536964361
82.315,-1.53228033725843,2.07672308749581,2.4595868927158,1.91140852552569,-2.81520009847763,-0.840029863535624,-0.818528427964638,0.50386566988631,-0.311299919376487,-0.0950842984198924,1.36134707542957,-0.643343636528097,-1.27756099611932,-0.291522559078471,0.162296632573695,0.732842022487353,-0.858154384533885,1.09130527098675,-0.919659162541145,-0.0977430221536357,-0.0693905807647725,0.204115770748207,-1.26437148786451,-0.309417473435752
82.32,-1.00638144852566,1.73837399772329,1.85459966670442,0.838316526934356,-3.91541957569218,-0.871555280135041,-0.891843516250798,0.569186374551961,-0.0234861649719583,0.202176861948725,1.10644596987372,-0.559531474729031,-1.36015092234783,-0.267617674079975,0.1314843614113,1.0021497954444,-0.782296740202983,1.20589407321457,-0.90829629833355,-0.0862939924804358,-0.079493575484419,0.0595413423622507,-1.06895992405487,-0.214188667112395
82.325,-0.474780456825079,1.24883330572328,1.42418010268844,0.063092609527053,-4.33625912106372,-0.878808221944242,-0.867371287823462,0.479986388329085,0.1592333862105,0.451425313985513,0.642176577698681,-0.492578495320341,-1.39939258394712,-0.29080939926436,0.083557669791327,1.1958102225436,-0.713128108944493,1.29991734032602,-0.879317868364631,-0.0802907205293421,-0.0830479802158594,-0.124279634366317,-0.865894458393818,-0.0743205082636423
82.33,-0.0665420372529091,0.846862734158834,1.06191762926249,-0.488828883436556,-4.45312261370615,-0.780407562701631,-0.848454826511652,0.342296815155256,0.19490246596413,0.322089085445012,0.433262259007119,-0.442492880696116,-1.40425844258602,-0.306928083372915,0.0293298731371503,1.27368610875071,-0.640533449319662,1.45112593660595,-0.86808324724099,-0.0690600597285292,-0.0859679534388002,-0.249936503874056,-0.696694156989029,0.0475219758547558
82.335,0.162493257211387,0.538782300746254,0.809284814454268,-0.63804190363224,-4.41626654818511,-0.651017803067643,-0.777279485951096,0.230131676023443,0.271764000059669,0.0293360150890425,0.210850574242586,-0.398718673553296,-1.39443659258397,-0.30596200548207,-0.0103459507966976,1.27768380513356,-0.55803946047169,1.62991121315102,-0.856153516489902,-0.0748320398092087,-0.078110963366642,-0.339598876725803,-0.542626427324386,0.166153333034138
82.34,0.251947253281552,0.314182582734036,0.63115214782028,-0.479584105392404,-4.36627576417395,-0.508501750758295,-0.711228515517974,0.139637203203735,0.298555200372642,-0.198627967841325,0.0128528510712336,-0.411219202343168,-1.37741478314976,-0.314459815083485,-0.0202380063341657,1.2186115406967,-0.45965427145053,1.89263500538625,-0.849613969137436,-0.0828026892854563,-0.073843628614806,-0.450348207751897,-0.378605339377923,0.320744041373174
82.345,0.255108001329397,0.245612716872328,0.550123783722877,-0.148987228693453,-4.27966294175643,-0.378046394313527,-0.652713486108256,0.0594284910190008,0.166493798039366,-0.247008777060112,-0.195416942809306,-0.377384743636858,-1.35275025221513,-0.325999992538519,0.00993122954016279,1.10375164783252,-0.428882350892077,2.05603690130983,-0.865245863572336,-0.0892766084382209,-0.0531285434487986,-0.50534997010831,-0.269566284513004,0.392818069586311
82.35,0.204797917633013,0.267685463117824,0.542852035771464,0.221869758810651,-4.15557447447333,-0.224814128438884,-0.584341147637362,0.0310310358188771,0.102699208697612,-0.301536020891088,-0.394986101316709,-0.385802972179868,-1.29963776549623,-0.34300113328437,0.0633206135412115,0.961956963726275,-0.430024936944049,2.20147401534734,-0.890764361884077,-0.0882255235442811,-0.0303410674845882,-0.564490666469156,-0.167801193301103,0.441268211604211
82.355,0.106884920941755,0.38016679052753,0.569528199144156,0.55531091821006,-4.02353277384433,-0.0504119864954591,-0.508478545445192,0.0102321990288926,0.0658497178442604,-0.249015511372521,-0.730229547062027,-0.471191849549452,-1.25025751487117,-0.358383386335778,0.126867345007622,0.832476685434961,-0.435414750145376,2.28815330708138,-0.928136163067204,-0.095562333075104,0.00274144269418533,-0.600585840022665,-0.102984111404424,0.43265872781298
82.36,-0.00124910492665544,0.52524352271726,0.580605527522769,0.765114095747746,-3.95917783648597,0.116812347419965,-0.458755413879356,0.0256461011878136,0.0190282234872425,-0.143869968524674,-0.964565884514692,-0.573191029320233,-1.17199373265113,-0.376830383780757,0.174715983297434,0.742235458263369,-0.453162072680035,2.31010099688702,-0.938520199679898,-0.0725144752717907,0.02865250900436,-0.604545857398794,-0.121611367362406,0.415759201431494
82.365,-0.143389027251756,0.710858148806854,0.640298186398273,0.803082794082062,-3.94538946948508,0.326369606658437,-0.416982047715048,0.135460284455997,0.040932649439322,0.154493571654457,-1.21759619700458,-0.691356628187868,-1.12944187380695,-0.399668649302335,0.201865669693277,0.637125745675698,-0.575090290337102,2.31049101496346,-0.943372393063146,-0.050170812890341,0.0357938407278145,-0.64459239967582,-0.143753454936739,0.435776357356788
82.37,-0.294007749041452,0.826400502697022,0.712470878586502,0.74530702119075,-4.01615545849681,0.517062832490445,-0.436908411572111,0.176717680926728,0.0181843543499657,0.486317182879854,-1.44462695437994,-0.752925141759668,-1.07537245397016,-0.412867926889956,0.242432423005462,0.523964590508614,-0.6380804266304,2.21307393774669,-0.960623065746316,-0.0477189572646317,0.0559972739005643,-0.662173557318114,-0.148618628946924,0.444231961534471
82.375,-0.417069030802214,0.903394619370342,0.75753454702214,0.690054926390454,-4.17509366595734,0.741043903178913,-0.432316149962842,0.190927159427514,-0.124537485159442,0.680589440946419,-1.6202903819702,-0.788984119085829,-1.03767189914194,-0.438893583164738,0.26339497458949,0.643014017696126,-0.614179337054528,2.13409889196922,-0.975063145021587,-0.0596705979148754,0.0764180393423133,-0.67463750214314,-0.0483592865315656,0.431834448257996
82.38,-0.478186503484097,0.959784620692573,0.760503753017982,0.566137678098029,-4.38213431169167,1.00028682712876,-0.46363575775981,0.192783314417859,-0.193580419020983,0.671178101768784,-1.72505718407721,-0.80053271165823,-1.01342781444417,-0.460967891321586,0.256629495516189,0.75443460292359,-0.605334604711505,2.10937166599293,-0.980500785146569,-0.0601332290004356,0.0941998537566206,-0.703983881649316,-0.269254419605452,0.424765309523633
82.385,-0.459968842498379,0.982860847499267,0.68151779539028,0.358481222919723,-4.59974860238715,1.30044620750723,-0.498321162861345,0.245599265599405,-0.12542473070665,0.601911712053591,-1.94823046082109,-0.833579150770179,-1.0014355308699,-0.46138494016523,0.268999151239199,0.828684421841473,-0.567800112064861,2.09941314125816,-0.968662989672292,-0.0704384432275572,0.114990069682488,-0.739471999060357,-0.328673369945304,0.414926502965646
82.39,-0.42622659228522,0.975118878444447,0.591322604889472,0.185332286210302,-4.70501156908548,1.55613540007125,-0.509737703837387,0.32149773375923,-0.0934428891682924,0.567300944396949,-2.11871102280442,-0.855833679526699,-0.99069872407427,-0.460618450974681,0.269252999537963,0.917685203472664,-0.552121717987097,2.08132028579712,-0.964019707517718,-0.0758092183322883,0.114607548530796,-0.755474835091191,-0.390645486226194,0.415543511238375
82.395,-0.401350134975283,0.926791598935441,0.482611662330791,0.0634674602736878,-4.75247163632106,1.81420066406518,-0.517294460168561,0.401147499848945,-0.103549979512997,0.457783479375853,-2.29152972414334,-0.869004786014557,-0.991054825926664,-0.462251654348151,0.276737420052353,0.971224982832932,-0.544021370553846,2.09254418518967,-0.955142862866232,-0.0801309053245977,0.0942634652548648,-0.769308857547573,-0.446112064598124,0.429078937618784
82.4,-0.373325485446076,0.862008827462367,0.394952144786589,-0.0245354183563571,-4.75467470764787,2.0436778570378,-0.539945575337199,0.409694061450266,-0.0857256205241697,0.138324899390997,-2.355743904532,-0.817199401146816,-1.0017232931135,-0.454947582481346,0.302606228640458,1.02456968223622,-0.54817061721666,2.11802350641885,-0.946884697846651,-0.0736152542088428,0.078009884047779,-0.7705552120376,-0.466127320076313,0.443471723196205
82.405,-0.383269803436641,0.835453809719861,0.330655569000341,-0.119995149469462,-4.71055516409209,2.26603632798754,-0.553766556109955,0.455869224916541,-0.0741929739707526,-0.138246723177191,-2.4641472812672,-0.817435246884413,-1.00575623214206,-0.45820542261675,0.325013944208502,1.13956597360165,-0.54427241447798,2.12776884685247,-0.933757198132344,-0.0730481106919119,0.0653133410336588,-0.767627275958977,-0.456367358551046,0.458111617866871
82.41,-0.415038563447887,0.84103020590512,0.289925388840314,-0.1911100042027,-4.64635042598479,2.50661309810379,-0.576331512934922,0.461626804550896,-0.153001766862031,-0.506846679620632,-2.64804171088219,-0.838327932812199,-1.0089731316322,-0.465759540573051,0.344436528937276,1.29315008012029,-0.544707043167956,2.1322756214863,-0.907604064063185,-0.0626721433106974,0.0468381028732723,-0.757201678220503,-0.367313629906867,0.489002543722558
82.415,-0.421605937253032,0.851686387776682,0.265864854084272,-0.2630815279335,-4.59586323467196,2.6827822314738,-0.584004204169582,0.431939629187708,-0.210982327088128,-0.826137465572427,-2.76034581121383,-0.845680390498968,-1.00715079933268,-0.46920572662529,0.369278099718907,1.42062992086586,-0.551510901261139,2.11893955794403,-0.889945154421627,-0.0543121099650985,0.0436718187944887,-0.725984606593476,-0.29375083826563,0.507925216457852
82.42,-0.443019992564264,0.84319599132409,0.259780294216938,-0.358273132478246,-4.50397340407649,2.86938049464657,-0.611860622628206,0.423155871609386,-0.174723828844276,-1.08965912000445,-2.93462065730582,-0.844384651731273,-0.99425027245203,-0.475575042066252,0.413559235826942,1.7717782479801,-0.537031884273704,2.04943675219403,-0.886353779643544,-0.0317321314987577,0.0346109384751812,-0.690210201603826,-0.147906698653322,0.542826084288211
82.425,-0.514104217842427,0.871742090059771,0.289007435562381,-0.394747740452242,-4.41535789137763,3.02295912660218,-0.641481299575935,0.459081849865277,-0.201604700762694,-1.239699854693,-3.13502009333449,-0.848429115436086,-0.976691723811633,-0.49288914477553,0.435260600080451,2.12454219410568,-0.539322805972734,1.95792275757887,-0.901948107688561,-0.0223746509991215,0.0531014235493875,-0.691806079168234,-0.0720289173285094,0.5651990303223
82.43,-0.600947836557953,0.892977903284675,0.317259514496851,-0.399876615012357,-4.3815801664218,3.16079862606087,-0.663209790364108,0.464947136477349,-0.285074433783671,-1.47578856856994,-3.25634221424435,-0.826351029600608,-0.945971845306738,-0.513447274935165,0.447986542177732,2.47346087521108,-0.53553224641204,1.85884941907879,-0.909062965523014,-0.0156184900988646,0.0735651597654144,-0.70458387747087,-0.0725475061638006,0.564925462151608
82.435,-0.694756345579707,0.931804383063594,0.32991749022802,-0.520732983764567,-4.36232685644241,3.34221901613205,-0.694164476989954,0.456229641974504,-0.322698871171843,-1.74725477469632,-3.35899964104735,-0.802186466271849,-0.914726516467702,-0.539405823118472,0.448874376492761,2.82520887396279,-0.52787204244693,1.76372447392502,-0.895248193753109,-0.0101892328862666,0.0990857140708097,-0.70314119580302,-0.145796137351801,0.549138681593218
82.44,-0.729110854892243,0.964041057439382,0.312281846490039,-0.735904244641311,-4.35058336652697,3.48994094004924,-0.720557126370613,0.463260371607334,-0.295118615242511,-1.87272047983315,-3.47074238338938,-0.796881698903958,-0.882532191525012,-0.559684106001661,0.435701785768426,3.10127084281542,-0.516572504725223,1.67680568654484,-0.882998472100018,-0.00438933168858159,0.113156012901848,-0.699746638278493,-0.220537622297173,0.533703251799125
82.445,-0.666422155091348,1.00371965674421,0.271635264347069,-0.934814242918021,-4.36844179162919,3.51953386336079,-0.746392609853986,0.484258162200379,-0.307120633464026,-1.99237717998455,-3.6216098702296,-0.791936358939134,-0.849309986312313,-0.583692322042086,0.411176630735682,3.41835220008748,-0.49509601574343,1.57606119584932,-0.848572919173086,-0.00767234562531594,0.123415863792805,-0.695641450895034,-0.313192502670145,0.515055292311433
82.45,-0.710784201678769,0.869766971848281,0.253404417309652,-1.17741459605985,-4.27141625642122,3.58401964012701,-0.765790262576648,0.491980955316592,-0.314379101277053,-2.0424998406624,-3.75709358947391,-0.783822393353514,-0.832164636696073,-0.595468326482547,0.371638837715177,3.64703107303239,-0.471531371365847,1.48093315410518,-0.817083197870306,-0.00905150829227016,0.125691554001647,-0.724766695026551,-0.362328227048648,0.518412034439284
82.455,-0.730976527950497,0.766017535710622,0.285054379094955,-1.23051617414013,-4.21234067856993,3.59338855743408,-0.775463594319322,0.480418308670562,-0.333571126289773,-2.00788342015854,-3.8801128339345,-0.774857965475385,-0.806230154124296,-0.598577312611476,0.331803961488524,3.81010598234583,-0.435309519959371,1.38803561131894,-0.789082313683151,-0.0173702090638559,0.119389720037141,-0.749131490716065,-0.3609184953035,0.537231856630168
82.46,-0.795516377997668,0.635441456066733,0.337298901997315,-1.12045090929852,-4.13411899182867,3.60186790029891,-0.793864424391814,0.476296114229105,-0.385760339517034,-2.01690424906676,-3.98487311169057,-0.778296805016605,-0.785610820447952,-0.59174935681608,0.298155932077314,3.87628360976734,-0.398374365861316,1.32996304033379,-0.780055002056066,-0.022614166168493,0.118543300091287,-0.769009696731618,-0.315904750027542,0.555689665706014
82.465,-0.866022061642494,0.609694154628537,0.414667339882434,-0.885145798825919,-4.09922322579309,3.6274647414668,-0.796576113409746,0.466319532372544,-0.439545529858713,-2.0187771492146,-4.10636700911757,-0.784554246397158,-0.980662222877984,-0.613722790631375,0.274866209892402,3.78638058831076,-0.361625266538523,1.36568588746748,-0.791245601079827,-0.0449223346137725,0.114689465344205,-0.796525056125197,-0.255692880082106,0.579074481598828
82.47,-0.949555978504597,0.674387644601016,0.459128866609265,-0.626997152784557,-4.10967251016018,3.66943415541061,-0.792248751509299,0.48853304486554,-0.50259202479056,-2.0368350423442,-4.22330458052882,-0.813615471664433,-0.620708355762182,-0.502092026111845,0.194968669140145,3.34865405953001,-0.257964084648111,1.76671852528931,-0.819352593324074,-0.061468406455896,0.106424031263429,-0.845442783596667,-0.18350269286999,0.573154339474722
82.475,-0.971029786460388,0.775593649261244,0.460217525974386,-0.525135305651079,-4.16143876845005,3.71724099161726,-0.801070110341817,0.518981559941772,-0.527725152617538,-2.02534991028681,-4.29501380950422,-0.827647789890588,-0.583219161913178,-0.465878335555942,0.225569616771213,3.70441554507783,-0.383923402980652,1.66337607276285,-0.85024157027248,-0.0840881165679885,0.103468491435052,-0.883179404629127,-0.1365126541546,0.545367180300154
82.48,-1.04269153742333,0.907366545774084,0.414828486391231,-0.616965150506918,-4.20395312558612,3.72658973703933,-0.806022505763139,0.573484556372233,-0.502548366093913,-1.99393826359349,-4.38994448913883,-0.843267584873105,-0.814444377976277,-0.424243488349157,0.149109164186837,3.31428061520597,-0.269175073632836,1.57662709547819,-0.883937428086502,-0.0963298073694764,0.102287183723722,0.444627728319992,-0.168917675154384,0.142785851589654
82.485,-1.05734330550266,0.98757969156275,0.382791450792724,-0.841725570852091,-4.22130461124054,3.69382283044717,-0.817594690723853,0.618001523817616,-0.482156987776414,-2.10625034058419,-4.45791118410294,-0.714794887419062,-0.79548178983414,-0.413569490465407,0.161462570048827,2.93171247332713,-0.175552413506307,1.47882449824658,-0.919973729147397,-0.103384197348429,0.107344189094957,-0.973588462073283,-0.143834439614751,0.442503784970647
82.49,-1.07958264407435,1.00293834109575,0.393599249696165,-1.05895242778024,-4.22856354935873,3.64207193490505,-0.863759691754327,0.675269890087008,-0.487758729169874,-2.17177192367325,-4.53689532357535,-0.942722677596096,-0.823376125086864,-0.331041345992512,0.167913134557998,2.72592466593396,-0.217691950587476,1.26419410011349,-0.932456189844667,-0.103543634502263,0.104898692180767,-1.02624432768624,-0.158979244402319,0.388531840524744
82.495,-1.13229271330903,1.00543637957617,0.42102685517581,-1.16323418472956,-4.25404157626344,3.61683500514889,-0.881435117290165,0.676261776779903,-0.569765392592125,-2.19627944673619,-4.59554269597967,-0.913453286789112,-0.787594983884759,-0.282984341922453,0.173095268727564,2.61318554187689,-0.267641143399992,1.2382818535362,-0.935725424533263,-0.103908714759309,0.110203624684838,-1.05769836065101,-0.178180702888494,0.330552805942006
82.5,-1.19974232368856,1.04820453680175,0.42590894232868,-1.18432451605292,-4.28827503652068,3.66580103269579,-0.926636748380987,0.631850913271316,-0.590085166183992,-2.41808283727792,-4.68493981520902,-0.90109296857071,-0.816272406702801,-0.2844067989832,0.148567073387679,2.66805650715393,-0.406905166835656,1.12426218417945,-0.95479783375844,-0.0854605965245891,0.0965768387337534,-1.08955626891553,-0.174131885962984,0.264560218801744
82.505,-1.2532625958982,1.17457173251748,0.406725307448431,-1.1891253099009,-4.30345694807042,3.75986476804082,-0.973884625934708,0.626108949450932,-0.598772526434176,-2.59162551055146,-4.72201068270814,-0.888451224552963,-0.784306596858297,-0.319595848732808,0.118413984847935,2.42060534013677,-0.389581349883635,0.951169594988274,-0.946745686725602,-0.0780379351241054,0.0849612212670059,-1.1031117024334,-0.146246900706098,0.211845869987415
82.51,-1.28737420653196,1.29979648219512,0.374248432997357,-1.24842636614132,-4.29009743998379,3.88164249774969,-1.02735489766671,0.623413970216859,-0.603649626203435,-2.82167457546249,-4.7704752788901,-0.902510104682853,-0.768823720082822,-0.350579588678955,0.130175945049718,2.34235212572165,-0.371251830471447,0.711801856553643,-0.933473240284458,-0.0696941158188655,0.0897231410077886,-1.10859155278646,-0.087628382950318,0.165691983727496
82.515,-1.32193323189113,1.40204878598767,0.346909174985356,-1.35189924394309,-4.24322088359207,4.02787606322793,-1.06905209888382,0.617143790438338,-0.618997859945279,-2.94429634014923,-4.81772252897772,-0.924372353679242,-0.78357449763769,-0.355631190275172,0.120974755601711,2.28852376867826,-0.385567443045028,0.466496512707693,-0.909275341378265,-0.0593213895671267,0.0963195145328758,-1.1175344629687,-0.039208127260962,0.126204202007806
82.52,-1.36253846685606,1.48772901485783,0.312974017481286,-1.53502870672829,-4.16047683479458,4.217553653443,-1.10389990497653,0.608500583314146,-0.630040249458323,-3.05313131324242,-4.87392144779017,-0.929266372127933,-0.713474219640886,-0.365134555732967,0.111366148581611,2.30987648314507,-0.422533742752712,0.323120673424878,-0.898309655300007,-0.0544385987121326,0.105090102219374,-1.11878001689911,-0.0076103970441186,0.113815188632064
82.525,-1.3978250116945,1.53015570906785,0.278118165935875,-1.73481283959162,-4.05661182386056,4.42085513481824,-1.16696505583447,0.619357498895814,-0.614064821643189,-3.13701543672176,-4.92846586904794,-0.919728204658331,-0.760053194865994,-0.392252637570386,0.0977528497011949,2.4733680656014,-0.539145504028006,0.135351125228451,-0.894524477583275,-0.0473750039908864,0.107192559295285,-1.11144983768463,0.0233396759116795,0.118943817246009
82.53,-1.41998933271462,1.53445593074658,0.258081596033743,-1.91539339094985,-3.92068628822825,4.60851296167205,-1.20344558775173,0.628471633586991,-0.614099962272842,-3.18941795028984,-4.93923324289804,-0.890911714515453,-0.737322532180544,-0.432543878891681,0.0722658106802437,2.43871655968948,-0.607449737717411,0.104944074142251,-0.893533222568436,-0.0494754559599812,0.108062468415356,-1.11520428932814,0.0158854685537175,0.12913811054942
82.535,-1.41635557935024,1.51448859326835,0.231344089867188,-2.0339705332601,-3.7913139938319,4.76222421943874,-1.25108177309782,0.639043438518879,-0.62352642733363,-3.22538632260045,-4.95603308478991,-0.862348342897807,-0.693305266046464,-0.462609733259915,0.0686584394849789,2.42759612232315,-0.678158191117415,0.0470270550947657,-0.90714558310369,-0.0559455316747916,0.113419825910429,-1.11130557833844,-0.020062209724212,0.13999548168114
82.54,-1.39720044165668,1.48503883890096,0.192744779467502,-2.15426287855369,-3.62896779378788,4.9063693936081,-1.28832940077615,0.660361942891276,-0.612210245318136,-3.27524106969439,-4.97860113139311,-0.841462640880164,-0.682287594165266,-0.475652425644935,0.0728481202493418,2.46980924248605,-0.768730515278342,0.0248059507831086,-0.917064157607643,-0.0675741552947028,0.121436388118378,-1.10656309127808,-0.0604776346244577,0.159683601632754
82.545,-1.38773743533888,1.46278999324725,0.185354407265203,-2.33332271514145,-3.36275265632156,5.03182700133904,-1.33718736862787,0.704493580367363,-0.593711765053093,-3.37140736971747,-5.00763299978597,-0.829902373216819,-0.654917668394848,-0.488431281794544,0.0709769253452781,2.54811002248206,-0.86616817677886,0.0408901813707764,-0.918075283515996,-0.0749792793541283,0.124367313852822,-1.12328946333272,-0.0752310672608262,0.171340334735067
82.55,-1.39570585402703,1.42730969665581,0.24899488812237,-2.42191084428641,-3.16096131022979,5.07541695635023,-1.37965288863219,0.762549113142893,-0.56959111204076,-3.46673687593159,-5.06289498072792,-0.81343425969297,-0.625242855640082,-0.491928816432682,0.0588943529261579,2.60796269326758,-0.91475113953251,0.0613190271054068,-0.919795705053178,-0.0816673182036044,0.140056669601215,-1.13536902189113,-0.0640984550504517,0.177486331123775
82.555,-1.44120293721718,1.39188390250468,0.355493941403687,-2.37744745305185,-2.9836939419972,5.0824416727307,-1.418606015147,0.817940216290119,-0.605847145260462,-3.57127332978454,-5.11021342613769,-0.800166703659139,-0.601423064840472,-0.486471886302475,0.0449952808309479,2.64361263618616,-0.901058400802698,0.0707470989529846,-0.918841421017111,-0.0804248498882786,0.148058535530518,-1.14302302813629,-0.0316413829119303,0.17946818726523
82.56,-1.51944079890014,1.35042866868719,0.454977085552474,-2.21714736532187,-2.8527343745578,5.08615940843022,-1.43871582382726,0.836655849464494,-0.660797720713297,-3.69231478885275,-5.14877648769312,-0.764218762077791,-0.588963116925916,-0.481911305253627,0.0336769301612525,2.66754413049601,-0.851968237822268,0.0752730212615671,-0.931408957866377,-0.0760134434161266,0.145767574792107,-1.15438481817555,0.012143644867394,0.185585439608966
82.565,-1.61769593782624,1.33468955970134,0.51325333454263,-1.95228670253476,-2.74494979589377,5.11332418101012,-1.45550203645719,0.825809769417956,-0.721315817687392,-3.84516147496618,-5.19563351501956,-0.711160267952969,-0.591868415218757,-0.471183446823132,0.0081357688569843,2.71154663856427,-0.792546411821916,0.0662960373249032,-0.933407004685504,-0.0800759848932941,0.152800693650602,-1.16335626196184,0.052500102968401,0.19007418542885
82.57,-1.70842525920068,1.34297714438698,0.59849055523684,-1.74590198518606,-2.7207919790827,5.14839870354225,-1.45333270759148,0.793833027120272,-0.747402636078235,-3.96142473748849,-5.21705123461575,-0.664792629967157,-0.596987744633045,-0.462536688887672,-0.00946393642561421,2.72788852243748,-0.70784603627842,0.0334847463633225,-0.929378691833118,-0.0747881755420646,0.166154761493379,-1.16182082897754,0.0897946552703132,0.184638698216611
82.575,-1.74882917297032,1.32469864301831,0.578158944905359,-1.56705277060023,-2.695390889563,5.17112720201122,-1.44851917872951,0.76100732819344,-0.736836736852529,-4.0615638354395,-5.21445982465145,-0.600626572959759,-0.612502421702121,-0.447610829828695,-0.0339251075469538,2.72606085978272,-0.611152165710218,-0.006351412825072,-0.934887733814158,-0.075102986078703,0.192300749081405,-1.14666459854096,0.130565015210715,0.178442444297266
82.58,-1.790030218656,1.24524032993887,0.571261235821296,-1.43501718841581,-2.64381439674892,5.17417633093508,-1.4305874277753,0.744074405245303,-0.744712715799383,-4.13731370670778,-5.22224782819538,-0.549304270333758,-0.638445866672093,-0.432570123314898,-0.055133007112076,2.7306580370789,-0.504233801128119,-0.0322063663140723,-0.931921239890587,-0.0792611958293735,0.217840581318609,-1.12334670665716,0.150503695158392,0.16225601045537
82.585,-1.83373037534315,1.14918712813665,0.571415379902964,-1.28889493843709,-2.59599696485369,5.16730325127388,-1.39132893065145,0.726751953377437,-0.787083804184923,-4.16758493519683,-5.19784793792741,-0.500369445189107,-0.659489096854687,-0.41918859184772,-0.0807873279062749,2.76326603561821,-0.403060834734624,-0.0469251826265332,-0.933044310895404,-0.0776083671392648,0.230902375971387,-1.09896227026871,0.132276042257866,0.157569131161972
82.59,-1.85245841167609,1.06399237829772,0.572686162784467,-1.14907312581822,-2.53142037959318,5.13282917015356,-1.35125223521482,0.687522513676176,-0.78546248775633,-4.18033002464604,-5.13448969862733,-0.451471707855456,-0.680668194411415,-0.406900978558901,-0.111634192134815,2.82241744469314,-0.28260075819952,-0.0680418016113875,-0.932473436919655,-0.0677516900017352,0.233214153012054,-1.0906337793292,0.0991180199899605,0.138966186388633
82.595,-1.85261650178826,0.979830358888731,0.565020695472249,-1.05500740432572,-2.46617135764193,5.03510892397854,-1.35504545207979,0.639308261459609,-0.76910751646849,-4.20355404092164,-5.09191114085842,-0.422596342425244,-0.693437589206626,-0.401810362426729,-0.132418112892101,2.88389345631303,-0.205504027653591,-0.0989115292460794,-0.928206396042516,-0.0547694647097993,0.23046112351226,-1.07609814714534,0.0772680925274478,0.134173884987831
82.6,-1.83220607475198,0.850975144603147,0.610981559434135,-1.07935745564532,-2.41603966693117,4.88234417072646,-1.39708099147724,0.563068272988559,-0.765465538046281,-4.20514461138096,-5.04675353696555,-0.395181073488735,-0.71111135273416,-0.394292289033989,-0.150210136206876,2.9128381164894,-0.149663541410758,-0.151056229993414,-0.926331943269726,-0.042664942598998,0.213343154309986,-1.09327200476487,0.0693521118068906,0.131779701822178
82.605,-1.80760218681613,0.725883166385725,0.637575592071863,-1.14924023274415,-2.38735113807088,4.70182587400071,-1.42869557445288,0.506131491104375,-0.768826431124554,-4.1356882098916,-5.01092690884158,-0.385791747412133,-0.734901421340137,-0.376140758204607,-0.149102232420345,2.92820400568956,-0.123411977184124,-0.187193697976252,-0.916241859143889,-0.0205133183900229,0.206155056887812,-1.0947142912569,0.103554642958156,0.133871763368307
82.61,-1.80215151392978,0.603393836438834,0.690454292590896,-1.19876600372085,-2.37124842073759,4.48477212777988,-1.48466448993843,0.397799898718842,-0.754098023664023,-3.89307255678324,-4.95355702981402,-0.374748448164729,-0.756919941516147,-0.363965101277858,-0.169930739656092,2.90633005706407,-0.123403848136767,-0.203673753103588,-0.916923280453651,-0.00571744359560286,0.207895764847965,-1.0719485274837,0.160552093708587,0.135304999562749
82.615,-1.82940992861392,0.516446827781491,0.770820167835616,-1.16596830374575,-2.35295981049777,4.22007814042845,-1.53419642412594,0.302855874848211,-0.723957626899992,-3.5261787464771,-4.88644357336459,-0.373894775191439,-0.792879863132172,-0.330953982565058,-0.182157714684621,2.84610393339061,-0.132299558017579,-0.218238318526429,-0.919014269462439,0.0120050543912096,0.21087652895313,-1.04886556774411,0.232783472885501,0.143632798915056
82.62,-1.90894863529324,0.489275340269801,0.867583158342863,-1.04102707978974,-2.36837755799936,3.9687258450858,-1.57340889405298,0.228688793976012,-0.745391969195831,-3.11926570279487,-4.80875507830329,-0.369613540116896,-0.814459963523232,-0.31028919384624,-0.197321871665155,2.7725041077814,-0.14553906028067,-0.221494299385599,-0.924262430347418,0.0253957366174859,0.214303151852038,-1.01501542184484,0.288128625256874,0.149878474734878
82.625,-1.9640348756557,0.479066263954594,0.913170870791816,-0.875122304473605,-2.43040909784823,3.78987186721393,-1.59365648483681,0.18422441576714,-0.777288432839141,-2.71549737453461,-4.70223803953691,-0.362612391060049,-0.854954780820256,-0.249343848350369,-0.211584983307569,2.65020348176458,-0.16603560351494,-0.196107409455609,-0.939015585007716,0.0249980092481648,0.216028943724813,-0.999898849900307,0.33494177757221,0.163205589161916
82.63,-1.92031034792057,0.503394577647328,0.898198584106767,-0.744615087331468,-2.49550014793333,3.64592834532471,-1.6120676528054,0.158730416789355,-0.774414153365461,-2.26568576368762,-4.58590429774661,-0.354969241033322,-0.867313081485547,-0.202497079133777,-0.238665888671454,2.56074235848203,-0.176035423990616,-0.157103472329257,-0.956232525386543,0.0237517284717474,0.22594198923676,-0.981093283848051,0.348023068976343,0.171161996311486
82.635,-1.81596453778015,0.494474851666743,0.838619607011449,-0.669710468357015,-2.48820373797176,3.52464651518565,-1.63252951063514,0.171050075850941,-0.75544699245831,-1.93648281215838,-4.52828466277423,-0.358336448669434,-0.884251841328156,-0.151021569658529,-0.268667997499121,2.46699192267736,-0.167246033731662,-0.0537933258399457,-0.975743061995416,0.0229570323937973,0.230758529557006,-0.961481298049476,0.329964597338063,0.184266753650031
82.64,-1.71033075710715,0.419273671099759,0.818719587333812,-0.60117662269251,-2.42569632034997,3.38064196205524,-1.6566670994828,0.197366154023637,-0.72036670521272,-1.58941911436471,-4.49698612251959,-0.357268603791905,-0.897383899503219,-0.0598701000572127,-0.297773836866474,2.36292011534658,-0.132700872697564,0.0256107739449547,-0.987804584940173,0.034330208904698,0.238535748950443,-0.945314652312912,0.30420328011707,0.193362184059204
82.645,-1.6449765589221,0.319694192556467,0.824028822888654,-0.464229553538033,-2.34833304779217,3.18789387122419,-1.66179157184425,0.18812281794318,-0.716577325322576,-1.27941407758256,-4.47448675790024,-0.354398403380427,-0.913904907890407,-0.00386044399438859,-0.34860919841999,2.19229238306442,-0.115134582471467,0.0316965749692312,-1.00276335722208,0.0325594567749538,0.262431248635034,-0.930298616767524,0.270760917756582,0.216903242098046
82.65,-1.66394394450517,0.244914804304597,0.842525975407482,-0.256078922541909,-2.30228686394871,2.98499698410156,-1.64040279836493,0.163748020936526,-0.722569294343698,-0.988063981915924,-4.43154933616014,-0.315306417434501,-0.944008075645927,0.0528012311875677,-0.364469318121531,2.02868279199239,-0.0845362633829607,0.063422136935539,-1.00149518761754,0.0387949428805465,0.282829372519003,-0.935689695013243,0.247869785114078,0.248274857299103
82.655,-1.73106797216472,0.211648354152604,0.822814817477282,-0.0186707537548373,-2.32983808082753,2.77548465761508,-1.59151978142221,0.198978882751858,-0.709227044490405,-0.649517431901915,-4.36046732376711,-0.247820376199531,-0.991507804586449,0.113974265299223,-0.385867358617799,1.92058914891118,-0.0567259585385749,0.0645493057529219,-0.989155610513616,0.0367804126163577,0.279505777991239,-0.956889002553743,0.237654419835204,0.290333215432456
82.66,-1.78812576208827,0.283322963588156,0.681496975235149,0.236490376948414,-2.45385274813952,2.41616071888948,-1.55795984450229,0.268205532338315,-0.709706372428796,-0.276829430569826,-4.26122815168147,-0.183754594642192,-1.05927546715032,0.19835160561634,-0.394756610761195,1.87330594605756,-0.0498082406877428,0.0560912904117404,-0.984477525567587,0.039564165542577,0.273710468772002,-0.996519190950387,0.250284356400588,0.320315039853544
82.665,-1.82200662712728,0.364874205612399,0.502135973270644,0.304757799240878,-2.589707127262,2.01956614239962,-1.54393320018987,0.33718990446608,-0.738539396466884,0.0744434934193618,-4.12268027593926,-0.0797200686296132,-1.16729960199001,0.326583825745756,-0.384709994433328,1.9753915544674,-0.0789457116704425,-0.003769101275252,-0.981888910343033,0.0363441194113737,0.24284906331388,-1.04295288514101,0.297924390039089,0.352582880634046
82.67,-1.92028069448991,0.372530927251814,0.268857423293121,0.355828525376612,-2.6823104355453,1.60778964513762,-1.46127969200906,0.407295799007125,-0.801792834882624,0.311232965422702,-3.93602893526137,0.0739479095860181,-1.23927007960939,0.414156707359513,-0.376819392437089,2.14459027132041,-0.126801626347919,-0.0585597672869435,-0.988992319084617,0.0400004152054944,0.230847692830511,-1.07260589278717,0.36091363673725,0.375098019991298
82.675,-1.99542607227679,0.348205951714599,0.072855524660482,0.447701864189988,-2.66065017891245,1.38649684674041,-1.32671091362822,0.486356302891227,-0.876703328409402,0.32078988548975,-3.67658874585139,0.2672895715166,-1.31086530859893,0.528605160386899,-0.349461502717275,2.45562705323603,-0.194989192485935,-0.0907697307570067,-1.00679623174105,0.0408519611295174,0.229064972738309,-1.11446003906833,0.463136426178636,0.41246172436201
82.68,-2.02936920387069,0.352713434708085,-0.141949473578945,0.581398715018643,-2.55219938558146,1.25366216075197,-1.16402211726366,0.508575250911897,-0.96074569963508,0.189180234181031,-3.50313019378885,0.39061828219045,-1.37201982830712,0.627317164087833,-0.317910425787372,2.79641235385897,-0.269047844204775,-0.0570605206836279,-1.03518891926962,0.0436388777394213,0.237550960246511,-1.13585949485909,0.534489758503278,0.448255808390865
82.685,-2.0235151392261,0.358007695664806,-0.409318572674773,0.76165010611212,-2.31591787004211,1.22117769598736,-1.05375336631575,0.471934099133753,-1.00203339119282,-0.167694081643893,-3.27144177006506,0.537790180382247,-1.40478159835299,0.671970224966031,-0.267992536577693,2.98291850539131,-0.371537363691523,0.0170499280197244,-1.0656275927748,0.0361767273864905,0.240045689990926,-1.12490383826413,0.579405537013934,0.476085647857063
82.69,-2.01265852393866,0.375083981702736,-0.604781668840432,0.865772214371494,-2.02168171908776,1.25754432056709,-1.02777079529098,0.394756957868734,-1.01072655655704,-0.429003515474059,-3.05342757061354,0.642058681780816,-1.40705831950653,0.697806031295662,-0.187233092984743,3.04586213243848,-0.482125103232304,0.0983387519287933,-1.07890537584288,0.0395852914564811,0.241565033233258,-1.08757120431675,0.555532626335978,0.48054740875856
82.695,-2.0448240219027,0.347908341008111,-0.732813657012915,0.908913538559881,-1.58049504090385,1.36142058788642,-1.02579904422312,0.27940902095517,-1.05678749295647,-0.641572838533596,-2.80938488757019,0.714247136575201,-1.37710270580781,0.710631959403285,-0.124044431816816,2.9174502791357,-0.576018221257856,0.151716306755689,-1.09545356365334,0.0333742519997015,0.242884901937606,-1.05801993454704,0.517554745131557,0.483286504559046
82.7,-2.13398208917491,0.279514596410366,-0.778386341190687,0.946446184357291,-1.1392712597822,1.54517201348911,-1.00159178676789,0.350150502741334,-1.22152156799955,-0.525929185629441,-2.59341564094055,0.685449698589841,-1.3237462422572,0.716729644143179,-0.094812142656485,2.72355575828297,-0.619569105517523,0.150247500562456,-1.09810279047782,0.0267150942863265,0.233928200014307,-1.0483102326556,0.482174364129123,0.488076704247399
82.705,-2.27961343496652,0.255871018777287,-0.785662366045437,0.971496334479459,-0.695533362502253,1.8102600650312,-0.972059577347396,0.0525757532901814,-1.15051408315266,-1.03056938121136,-2.17778147208919,0.795698216024706,-1.23192434154754,0.739305517249513,-0.0761684540734633,2.42107729853398,-0.590805407911382,0.120091009675775,-1.09100693686325,0.00639932356153983,0.224621021757506,-1.03454942915982,0.450103788896162,0.473046411678442
82.71,-2.34877441908685,0.314789903293807,-0.801665826172613,0.788911571188001,-0.38422849418477,2.05555494005081,-0.865505718125611,0.10680884597355,-1.22239825241669,-1.07142571301374,-1.78103263648296,0.70833341874768,-1.18972476189974,0.759120205733934,-0.057902573857947,2.18851583199721,-0.538250359633698,0.0917508923375164,-1.08124720421876,0.00246017463386494,0.220286596114923,-1.01843002979062,0.439008921384811,0.449082773437135
82.715,-2.34595877819596,0.269475971686344,-0.863109375360057,0.311210641472966,-0.0695027895144449,2.29983968643025,-0.844560513529135,0.111611513981293,-1.24690357654789,-1.12989612569677,-1.43175750938807,0.679485324047152,-1.1895755529733,0.749606786746904,-0.0299461349393392,1.80784824232257,-0.505489264790552,0.0476339373596607,-1.0709913020964,-0.00160370275894644,0.217480126079835,-0.995345756062236,0.436312574248977,0.425862829565325
82.72,-2.29978950380434,0.0952587926742793,-0.951682662685395,-0.213603585647697,0.228108856692619,2.4341238707071,-0.819045566496595,0.118173204405548,-1.19503576116574,-1.32939212001169,-0.967913770392821,0.603464270771354,-1.23303131611533,0.718191175859637,-0.00941824757442906,1.4186052474667,-0.514062489369594,-0.01664870994512,-1.07540020955814,-0.0122427534628885,0.232404578981286,-0.978073067442112,0.441617234927133,0.410229704713682
82.725,-2.14309688739775,-0.25002638738876,-1.00106175586191,-0.763365147520673,0.613903696084829,2.42325074095699,-0.816053116507565,0.145730193019523,-1.16448941469069,-1.471942302721,-0.624580508255463,0.576822161432354,-1.28637536013542,0.68826689665741,-0.00362988993887887,1.14825114521258,-0.528405587783576,-0.0907182620119024,-1.07444884096393,-0.0319938666223427,0.252637238842129,-0.966981680352092,0.451236936654415,0.406908872925904
82.73,-2.04076415544937,-0.48760421351263,-0.997103141357555,-1.01592691094935,0.938562271250738,2.30569896916747,-0.794014247373153,0.199991769744922,-1.14744994939875,-1.6362866905495,-0.265844122762623,0.554529322898582,-1.322575485615,0.666047912041331,0.0144594716723327,1.04786974158041,-0.5161320716806,-0.111735750962632,-1.08146583234005,-0.054819622524344,0.270883858722743,-0.953536494424687,0.446014296456571,0.400513281011864
82.735,-1.98273355276486,-0.656091204147433,-0.923337126801543,-1.10785283721777,1.27598806389827,2.0918617606392,-0.781490105684249,0.226878462954075,-1.13386907781492,-1.77722651056197,0.0610873394842221,0.550182895272673,-1.3484869388376,0.630139843233418,0.0470002505445557,1.09553527600575,-0.503773077008704,-0.0417724334838074,-1.09768668540562,-0.0752361018927851,0.298742835274471,-0.913882632035282,0.41887887740398,0.384607494074102
82.74,-1.97170916893172,-0.7265895562028,-0.77569117931873,-1.05997461078573,1.57796038768314,1.80739522818121,-0.767866110384057,0.253206116974672,-1.12684270331855,-1.94799061796099,0.432342886275502,0.541180103891659,-1.26617381840215,0.532255932467715,0.00512573323952524,0.988121290015813,-0.623214044122961,0.075061521489018,-1.1122245702108,-0.0770038644238937,0.328008493650544,-0.864885848570977,0.379330092736405,0.355437021750435
82.745,-1.96423815259264,-0.694045345380903,-0.557158485852328,-0.937091023033129,1.80603750500446,1.4392052635964,-0.786731143234274,0.258596878263161,-1.09974933225526,-2.06748681741841,0.712916588017609,0.541134618275176,-1.39572863626087,0.569515471602162,0.202762060284776,0.9454959477826,-0.51931642482423,-0.108256219015378,-1.13639723908082,-0.0703911723667388,0.333238837453799,-0.821318554515127,0.316504470512899,0.32519683982783
82.75,-1.96653780425067,-0.564938917883097,-0.373178520747351,-0.834256426292671,1.92492276729012,1.12065931324059,-0.816743046182479,0.223273576427966,-1.07684318656048,-2.23520273562131,1.05442386915207,0.545193128257457,-1.28340944218558,0.501296328709508,0.174967737007439,0.901673204111213,-0.536195891594941,-0.438866568316122,-1.15701058694861,-0.068329929660193,0.348432631387968,-0.787845299235381,0.261871961816665,0.291728693310932
82.755,-1.95532265322084,-0.428792322547366,-0.200622425033948,-0.776990242973255,2.0180008926896,0.867317121479226,-0.853224314585767,0.172371327249171,-1.03306741335697,-2.39205996488848,1.30549948482981,0.552817236978943,-1.19522122198606,0.406589133644981,0.196759797282616,0.798358163930498,-0.631980198833468,-0.597928254799546,-1.19850631378287,-0.0817035970099489,0.360728450524944,-0.754787492564351,0.138095878533788,0.231871704962637
82.76,-1.93816978025177,-0.310218092142938,-0.0455010444281155,-0.808810554462336,2.08176653623934,0.720660514611034,-0.893212187987865,0.113877779650415,-0.98404987357634,-2.4853107518072,1.54211500121969,0.555491030216217,-1.14495335486578,0.366069765369224,0.243496847695159,0.751729588716374,-0.703888047510545,-0.552668719018938,-1.11255858705886,-0.012030889940498,0.341762560390682,-0.744988666234961,-0.00289824869445807,0.194650402021413
82.765,-1.83426304536754,-0.216757424427944,0.095545907621134,-0.873950868389406,2.13109851834589,0.624311354410819,-0.923912410134581,0.0183702079203334,-0.943540473887594,-2.54460665858432,1.79762065925807,0.543087386684116,-1.08927346245013,0.339512589587533,0.299764175254443,0.726695890561375,-0.741705451636355,-0.474227564844962,-1.05548804758091,-0.0156844332984908,0.32743320733473,-0.771369166295837,0.0307968867610288,0.227892472231029
82.77,-1.70519791342307,-0.217558241477981,0.166506212129405,-0.930405267319374,2.16700110803607,0.581590651248471,-0.964792741630692,-0.0266013770707736,-0.849825910275123,-2.53944229346197,2.0111059712339,0.541134757351921,-0.976344517430402,0.298441106867641,0.305234157865061,0.723110282316951,-0.779740008617637,-0.391142470791147,-1.03643412321689,0.00675924984059131,0.329546062072113,-0.757942820145153,0.0631642922920698,0.238311556695965
82.775,-1.53076559829039,-0.206317299256946,0.237607802410734,-1.02987762100871,2.21907285082764,0.483676593543871,-1.02176607007174,-0.0348271633564658,-0.753038473519849,-2.48832790787886,2.18731884584904,0.533977401429186,-0.855106773011404,0.268251648528409,0.301313139735831,0.681433926394467,-0.849209295857623,-0.278253536244236,-1.07051959392606,0.0474325915027993,0.333687900722479,-0.720076259322945,0.0824807290797453,0.298123721139984
82.78,-1.30925426153167,-0.189036802587998,0.282727463892693,-1.11297932714953,2.27866500848515,0.279940324819699,-1.11112236347051,-0.0837848549832565,-0.612437914566489,-2.41943437038221,2.31639457224617,0.533298569743994,-0.759314570748008,0.25448109905076,0.28899645106455,0.589320287400819,-0.91959667666908,-0.192699949655122,-1.1257946365447,0.0727076848365208,0.34010370036161,-0.686373733632266,0.0800073441361307,0.355506657279409
82.785,-1.0874128916263,-0.369799665724179,0.401169930245239,-1.31199518559814,2.50484056716216,0.00535995890267518,-1.21477600779076,-0.187102130219041,-0.297753137064286,-2.31345418689065,2.39002527261991,0.502419183563615,-0.675399733609082,0.221218391763449,0.270140385403155,0.432018340460842,-0.962526595476241,-0.226309414730072,-1.15003386287811,0.072870477120367,0.346447568866219,-0.642914642327669,0.0760047759999782,0.410003018181435
82.79,-0.140025400982217,-0.475590698188082,0.70847222903235,-1.02970085740648,3.38518451416294,-0.119141375854975,-1.40956509609516,-0.492988122799075,0.788068222430421,-2.11405026757838,2.24579671586074,0.440344207487272,-0.639761019441231,0.179354032389081,0.263573468551307,0.308168810389205,-0.971534922087971,-0.42003447509867,-1.16126311321946,0.0495689148880228,0.373535419984944,-0.576629864388042,0.081203830758408,0.448230244930925
82.795,3.21735264687385,-0.680967805999923,1.25840050675005,-0.153072211140763,5.54149572869371,-0.0501987024523743,-2.03701212143961,-1.40131085410026,3.25159181110301,-1.45588265943936,1.4788705917112,0.0938651360364616,-0.626846616638898,0.101754074083749,0.246733015276332,0.41037958367568,-0.93520124136369,-0.670448726650446,-1.16133682338229,0.0222606358396578,0.417383635251336,-0.506032569026313,0.0714886823395473,0.4413573125017
82.8,5.37997708795053,-0.167604781491168,2.68244257170901,0.627999446762629,8.0178311979873,0.301149231350199,-2.79462645880832,-2.24071641433324,3.85491063976233,-1.35785440698196,0.992848897768954,-0.405053177664107,-0.708583135176823,0.0273258656877571,0.212084194784141,0.797960017299689,-0.892224692867906,-0.92177929045277,-1.16486484931944,0.0225386450988628,0.414808989667453,-0.389266982147192,0.0466605504383597,0.420799533859647
82.805,0.320046309034425,1.67669066004391,3.19169643171261,1.40343692335817,6.37869870124478,-0.458275717390158,-3.19359329679331,-1.18691602527061,0.533478248791997,-3.09903621258024,1.27576290504021,-0.603342543911206,-1.22507890003604,-0.0251080469718353,0.0731276797733141,1.58564326755258,-0.877973144301275,-1.25593155807873,-1.30467456981207,0.0996581949540918,0.307774981741701,-0.192881842629026,0.231623695463003,0.352350284990926
82.81,-3.15041204047691,2.02933689249874,2.83163135548896,0.203234969119936,3.94534164240368,-0.808376287422353,-1.39538551088798,-0.215619040147026,-0.172434291609538,-1.5496030204537,1.52295174049881,0.163383049981503,-1.74421182531614,-0.312780671730036,-0.0707056796799928,1.80764075530206,-0.97222241700561,-1.74130753138218,-1.42021396132891,0.211480844570382,0.276749890078164,-0.100437977224151,0.462820506333644,0.351756287662531
82.815,-2.3324450708881,1.33261699816284,1.26120702324732,-0.615400807315654,3.18286079747115,0.274873812817101,-0.245657144427374,-0.649032828047301,-0.18638084134373,0.278554487168782,1.44955438089167,0.807335643635681,-1.84440171621347,-0.592942606453486,-0.162723567268691,1.50085680408292,-1.04102709127413,-2.51524101011193,-1.50023969878317,0.263598215881398,0.243475606796026,-0.178166112217219,0.648794753438846,0.41797276999133
82.82,-0.637326819002031,-0.547091989143333,-0.506720185698022,-1.1310251283764,3.51730163291947,1.02423315662682,-0.725525959728404,-0.700771291428589,-0.320383297928543,0.807022691138032,1.37841790097408,0.776289049713828,-1.65078841593052,-0.63407694639518,-0.248224905869817,1.61000916199518,-0.863032043277017,-2.89343966303669,-1.51246766004593,0.221286145304944,0.20396825165622,-0.378326448407422,0.621985671758885,0.484439578516107
82.825,-0.839025127897146,-1.80747218819713,-1.20569701977546,-0.929056216618788,4.40928303155438,0.580682388716186,-0.981578682527381,0.167702696198736,-0.711772848327447,0.0756828428987049,1.54177856164736,0.52218057771245,-1.25780029149989,-0.522842156905256,-0.44455363257968,2.48761250657623,-0.258048959566542,-2.75737667941906,-1.42185384092961,0.139339064602974,0.12509212467066,-0.676926999609739,0.427810782110598,0.537962146633572
82.83,-1.73850510101479,-1.69081570773684,-0.949889048813596,-0.111597045448163,5.18848405450154,-0.033623681381992,-0.408550406264382,0.415447124585153,-1.07581922609651,-1.08335262230844,1.87713021559453,0.622605569524911,-1.11709422194125,-0.349642750310438,-0.610038452348972,3.18354472892052,0.456997389282627,-2.07217883924278,-1.27328174766967,0.0917299568750524,0.0511537612854118,-0.805273054789157,0.258963353217054,0.57256612004537
82.835,-2.0064365035402,-0.395740120226689,0.135911563732713,0.496889839771504,5.39348048723189,0.129883039519624,-0.449707400169917,0.00660774378999601,-1.10240868218187,-1.11586018943674,2.06760524979329,0.505577762392165,-1.07105308603865,-0.129843052265602,-0.776568628744423,3.0408817977392,0.77783514250476,-1.06003541087097,-1.13344668020341,0.0621537093979455,0.0213222415364577,-0.735931807870533,0.243606730870103,0.564746710778708
82.84,-3.40531401425876,2.25704749870364,3.22738565854844,-3.0638234159431,4.90622475664136,-0.714265476734386,-0.72458683603023,0.0233770163817891,-0.348900454721217,-0.351687072232644,1.99177044524598,0.412393544921546,-1.02749444669152,0.111447428355495,-0.884978394037361,2.17727962212771,0.833706370086669,0.126526122141069,-1.05558155780091,0.074152008310309,0.0762237796406554,-0.605840099472357,0.316761945000879,0.546195872040734
82.845,-2.29336137710043,2.20017973982746,4.66738136644456,-6.656881805411,2.65561189531443,-1.10138345167488,-1.15916007603122,-0.100871881775643,0.30902290837683,-0.380835014406037,1.92369633921893,0.36005806963282,-0.968831050197117,0.261828031078628,-0.854908840936654,1.38211667824948,0.877587253990835,0.760287784336674,-1.01791752491667,0.0940228650528276,0.190631254993617,-0.471221160772301,0.363083704111152,0.584742279586121
82.85,-0.539180707435316,-0.168190354049913,3.13337784697953,-3.92671049820513,0.488296590004082,-0.12841289034231,-1.57397085474525,0.100510575524992,0.398900587527986,-1.08685524031596,1.92090518166803,0.521867821898264,-0.962543285890969,0.444996969811991,-0.645314707047086,0.525578833041593,0.857394164430463,1.10322818194016,-1.03537477448284,0.0788163850625702,0.209731727476861,-0.434966789606484,0.30222793621764,0.61760551324834
82.855,-0.434347709570026,-0.984645832247365,1.81450190953498,-2.86215970279539,-0.686235152621694,-0.794999926719907,-1.84960509960872,0.635451100441376,0.0685208848880909,-1.4238482006134,1.97573337713232,0.861220796341953,-1.10212516259033,0.483371340334092,-0.391994549591833,0.187276578385606,0.682907913861603,0.873715978753911,-1.06842404594836,0.072104361663843,0.170308465984063,-0.407347896798426,0.226971082374788,0.61066754469303
82.86,-1.29540445305508,-0.606489636656995,0.507228371395064,-2.16197110139663,-0.916264831343875,-1.59742528768012,-1.84077292359933,0.831509634574338,-0.569251989040584,-2.20432964454892,2.08761180581727,1.27381114239238,-1.39396616797706,0.324095007861441,-0.165534717927847,0.0894917464818065,0.321819610453778,-0.0455672056455627,-1.13947615459487,0.108188691846937,0.0897350953157968,-0.371733490687143,0.218079228776747,0.574614469271433
82.865,-1.53845203217072,0.33549276962848,0.272082855225026,-2.05146647585421,-0.781543955160161,-1.56906038341191,-1.72822743529348,0.0851622335102517,-0.921605897774318,-2.49437104351151,2.07957632235347,1.24219495288937,-1.51803382274987,-0.0247946654511099,-0.0576259929008674,0.231179344131324,-0.00473385978892614,-0.819762848657414,-1.22171741103486,0.16205362336528,0.0378053889263666,-0.345354416594587,0.313085488128912,0.561015501878572
82.87,-1.59233332275287,1.39217706590089,0.438552687792702,-2.17568335880517,-0.707031452856259,-0.84793045776034,-1.33107990799107,-0.0482713397423732,-0.730044924804354,-2.52114915579659,2.04535910505779,0.994938389137788,-1.43351588882125,-0.344597144649492,0.0776750681816195,0.399431970597971,-0.169766848596307,-1.12392407349114,-1.30331812089771,0.189084943764943,0.0122949078649451,-0.398378647859122,0.412813071346481,0.579372146076642
82.875,-1.1702203988527,1.2745721258132,0.706020272758912,-2.1524407965392,-0.59395362882473,-0.295936264880609,-0.982683330501018,0.0480383915328315,-0.259574619999336,-2.38140524132475,1.9654095453228,0.777390188905851,-1.21466998465739,-0.526703641266174,0.218947664138668,0.444854374736732,-0.217518938744025,-1.15616085882699,-1.33575497707815,0.156939636808305,-0.0334611226737119,-0.583483214382558,0.405363086821735,0.608035590287215
82.88,-0.356905749014899,0.417714124236557,1.01947865524121,-2.28598560265015,-0.409819975660652,0.101687039213449,-0.943018219367531,0.202047385160716,-0.0275113281413504,-2.58195334446605,1.88581400135575,0.686554718077612,-0.965778762401618,-0.528535813570543,0.306418994953201,0.186746595222428,-0.243635025113108,-1.13559465464593,-1.28227108931848,0.0900026565817637,-0.100822655900551,-0.807151075623937,0.305895214911609,0.593543769333446
82.885,-0.0849080100074941,-0.178296843171816,1.06808346014333,-2.13420853334976,-0.365380774787781,0.0708283743171389,-1.23089719640397,0.367179093803239,-0.205124623211851,-2.3124814690888,2.00899283280142,0.997370144820155,-0.719530081521065,-0.48462625234966,0.318749421988763,-0.153940470668174,-0.159954989729521,-1.13730346153617,-1.18899585309472,0.064732588219753,-0.180115512493806,-0.970090565794497,0.182898509932185,0.515882817894387
82.89,-0.293530065723504,-0.332187849193627,1.04690850707344,-1.71824952210159,-0.402383147423721,-0.117773951116318,-0.952996336706537,0.0826019281740022,-0.135007621037922,-3.57678055971567,1.61584370026801,0.546155778499247,-0.537160395291174,-0.480771640634156,0.299193905168202,-0.161627743875019,-0.0019132059065388,-1.19531520684743,-1.05382154295694,0.0932534238281009,-0.25855265173406,-1.01903565505765,0.229267278279562,0.449907772365968
82.895,-0.559939045428755,-0.0194409107314707,0.900340464456337,-1.08420427850518,-0.465604778605335,-0.215111008991399,-0.939513808998643,-0.224091499445077,-0.214570619456342,-3.30877133920333,1.5616530464761,0.725061851021526,-0.386937521486322,-0.521489996349479,0.243588688822944,0.075668484438948,0.0725436103278893,-1.31744043755698,-0.918887576304315,0.128144252699553,-0.302130040950814,-1.01174988936901,0.356852065908511,0.356297669571937
82.9,-0.608932103004464,0.428613807660037,0.769395853833178,-0.685760630459921,-0.415647543920167,-0.0540338243809572,-0.849004468857551,-0.525974886796844,-0.170584195875583,-2.82813066385091,1.45532574260236,0.740404873551261,-0.286507276741246,-0.554541342093982,0.188508672564204,0.346094386685432,0.00122196184496131,-1.4124976520463,-0.79829035121619,0.163389798477262,-0.305490159876652,-0.966577404481793,0.507066966823041,0.293554286940347
82.905,-0.582230222118013,0.573977234051353,0.784144154698515,-0.569102189372196,-0.271305295157459,0.192329894051701,-0.889523610458564,-0.590416963849551,-0.108997135774892,-1.6851098028361,1.38154170956377,0.743819767731044,-0.266591446668405,-0.516544839142686,0.123443767439269,0.571989411027631,-0.146564997798326,-1.46468410189763,-0.688715115585413,0.185503427428566,-0.283045450594131,-0.916282016228092,0.625933632307092,0.246566662263696
82.91,-0.531324828011123,0.359322420094421,0.893647896558464,-0.624663398914746,-0.062338554988272,0.352087136988589,-0.942876397246202,-0.506024955388395,-0.0582902383773258,-0.322776647530071,1.31976564905645,0.793878872374469,-0.309339573734553,-0.469376815586658,0.0813128213491022,0.752314247117055,-0.31899122186858,-1.47239879612451,-0.63225151360957,0.193055245571064,-0.258491487155957,-0.907326233953142,0.653265329817246,0.222380395944686
82.915,-0.469742542791267,0.0779694994489466,0.945846000680941,-0.487424888086932,0.0335985594651727,0.298683580960833,-1.01223542411794,-0.258995848018593,-0.0493952416959142,0.580700141123891,1.28598776702458,0.814086396909906,-0.457645197224408,-0.44175958319663,0.0619771973115217,0.837634605170783,-0.447554688450225,-1.44294046460711,-0.601005426564963,0.199618995122185,-0.225241822471037,-0.931308427173142,0.639063228437128,0.199810694298027
82.92,-0.480374934134828,0.068917716384618,0.941322029007982,-0.197428472115212,0.0753231657108429,0.183497576019444,-1.07193675948844,-0.104889699309605,-0.0820125224803921,1.1814920647257,1.277281912314,0.864390527174972,-0.673539475647223,-0.455831576517446,0.025975330056522,0.722992015169122,-0.542866163534306,-1.44965136514552,-0.605318259542894,0.225671637004754,-0.177505666824825,-1.02516617799725,0.572850047631925,0.197514800836458
82.925,-0.573882596778609,0.259626464440777,0.852679862510476,-0.0598904721033954,0.0493220120099325,0.166755526552373,-1.09725462880284,-0.0234926297200116,-0.13336222992574,1.60529795904574,1.28155990098292,0.872595085090188,-0.915978078192614,-0.461576985607649,-0.046894392876339,0.320748253505517,-0.562714100183958,-1.47190918445089,-0.635655128136185,0.250940222295121,-0.154602157308791,-1.10788637960284,0.516837805881781,0.192568615072718
82.93,-0.646150457495182,0.354044311261137,0.810393969820708,0.00305582495141312,0.0577705988784838,0.243552798710452,-1.09667710316316,0.0265376001975624,-0.16421146097044,1.91481856778819,1.29001641959861,0.826107132673651,-1.03765493049307,-0.429104802494732,-0.0929428962075025,-0.152385253681623,-0.501068189764514,-1.43159325595975,-0.726560387298717,0.259938113716145,-0.145591944367753,-1.17059739580024,0.408102021862374,0.178411351710246
82.935,-0.64134218133158,0.325437184700779,0.825562726284352,0.0110917755704979,0.068872763776502,0.287335847929366,-1.09248008383463,0.103110261710029,-0.161042900568294,2.04777180520741,1.26787735101737,0.735926396395077,-1.10494291786305,-0.350652926920183,-0.0441112773362931,-0.640193695854255,-0.410604237960789,-1.32455574523701,-0.835402335111288,0.259871804415189,-0.143779845697326,-1.20436212799652,0.291300262612181,0.143426556645811
82.94,-0.558175394747515,0.204284339664408,0.873103836548214,0.0276511184175414,0.0617956533681782,0.271262277853851,-1.0924127546894,0.234199196901961,-0.162988592909834,2.00295948971374,1.23504145578857,0.659061338212156,-1.1092891419511,-0.278985453503502,0.0382145046015758,-0.943446280938287,-0.348513742349456,-1.24824897978993,-0.917085996016694,0.24957615710606,-0.142665104516929,-1.23394759165005,0.215797827486563,0.115084960454232
82.945,-0.494322742978142,0.163016196300899,0.874238745638409,0.0847051342481151,0.0536339700993541,0.225599566256333,-1.07772317765898,0.39828564823782,-0.117909660002151,1.66158132076424,1.17411517491819,0.598378125986456,-1.0764901650957,-0.236323591333236,0.22249088331159,-1.16205764168406,-0.303526189102263,-1.2328727603663,-1.00263094389657,0.223176293760533,-0.15009963871702,-1.26950298486843,0.143842283245245,0.067009607485189
82.95,-0.459828801183003,0.229122541832829,0.861504992723545,0.12639715081038,0.0467031821608543,0.198778098764196,-1.04050710549581,0.502650777367244,-0.0496726803169251,1.0790614412635,1.09590674082698,0.541114881139552,-1.01815331954814,-0.22013386088433,0.381326894799712,-1.09497001564152,-0.265688067116693,-1.24725312957176,-1.05574117771773,0.196031207175771,-0.141479574616153,-1.27364938683095,0.0962247819991337,0.00167843205776212
82.955,-0.435073082611034,0.271218917255011,0.853275008096878,0.135362632922601,0.0467031821608543,0.164635684461543,-0.998106748340723,0.455230105468872,0.0179879130366481,0.495701032990653,1.05144845390693,0.522966969422999,-0.966956476678119,-0.236198905651682,0.451340439437234,-0.924935643043496,-0.250098049640656,-1.30708554135639,-1.06938723133306,0.173532718414885,-0.123194150053125,-1.27567900491877,0.0763430782867841,-0.0630997558020319
82.96,-0.413954956924222,0.258118351232547,0.855091605041998,0.100469036910397,0.0529504554723389,0.141143546049107,-0.978722849171864,0.373261917881209,0.0109566145489555,-0.140434053594259,1.03174940967332,0.533829362176192,-0.902918366099427,-0.272351014030736,0.475275842998828,-0.725543993488792,-0.247944702235886,-1.39195317863095,-1.0668809577897,0.166197116722984,-0.117835209606032,-1.23955252804947,0.0803339026237122,-0.141170471602657
82.965,-0.424261175818556,0.2366243661377,0.859224968324243,0.0819921174214047,0.0430381000041962,0.118063397889193,-0.944387691654186,0.256182464422911,0.0128113609605064,-0.690347399315514,0.967850535975278,0.44652443444796,-0.861045483446903,-0.297161026620597,0.455621233564877,-0.553831533635803,-0.234619554600567,-1.42962786964219,-1.05288176245081,0.137385259238426,-0.10350154245918,-1.21984097448731,0.134634157210115,-0.174676463733345
82.97,-0.44379375846638,0.222959765106512,0.851073019742789,0.0549942119596717,0.0449777712035168,0.101086307427569,-0.961891334242563,0.179389171657214,0.0118830285718998,-0.996157591510207,0.965504962769169,0.436693787627728,-0.817272948563186,-0.320752786574804,0.414424249617029,-0.387405018888351,-0.219203079515259,-1.42528545136967,-1.03996008674376,0.111378965259239,-0.102439823956654,-1.2282469344421,0.191934703338457,-0.189639728380208
82.975,-0.459360088827562,0.21585449815679,0.867930327906114,0.00609138737128129,0.0558756864313574,0.0979890076986429,-1.0000863699685,0.0424944917605268,-0.0357968130716667,-1.21013856582738,0.904201722865837,0.428292040455564,-0.80121294249164,-0.32386846648941,0.385805333163066,-0.199880580135893,-0.197516395391137,-1.37411436792494,-1.04122240099282,0.0832820092572991,-0.102880290211663,-1.26540573867578,0.225722674471236,-0.192878949575259
82.98,-0.480765920114986,0.210996322687217,0.873353246647103,-0.00304194167256355,0.0553673520431644,0.0922365511352731,-1.00627718709952,0.0597295976445653,0.0738905565128657,-1.41925557184556,0.807308638319984,0.413865753440655,-0.814676792890719,-0.313798320044414,0.372295313571156,-0.0203085476287151,-0.157147964764375,-1.31733505916246,-1.03661572930918,0.0542089821953097,-0.110882761370468,-1.30493540490532,0.243472378984996,-0.193153049111033
82.985,-0.459841890881544,0.196794262600499,0.881751106914312,-0.0122638562133976,0.0521810699541311,0.0737259812078991,-1.02162924397314,-0.0184149168263007,0.00357146626803357,-1.08747007262915,0.66567511000848,0.434872512135764,-0.839484446874291,-0.294654172025836,0.347548486209535,0.130923348069333,-0.098965827661047,-1.26319550988008,-1.04901720301474,0.0374563225001602,-0.107995548219557,-1.33219308167726,0.240284673427562,-0.188559466102101
82.99,-0.397041862487138,0.207359410108344,0.874007815940798,0.00616764521395515,0.0592489876169063,0.0629168505427096,-1.0092793492445,-0.120743500534893,-0.00864183415285294,-0.849455244891014,0.632391681696211,0.4642425520068,-0.909224666196176,-0.255185931545715,0.342629538451537,0.282977641632428,0.00719772144230081,-1.18543709302787,-1.04810617236382,0.0177584265667534,-0.114603808101485,-1.34715778681274,0.237508391541149,-0.188974207822686
82.995,-0.396557841815854,0.231577172623582,0.869879033132194,0.0332635467810233,0.0552327650018026,0.0537123677524771,-1.00156288592715,-0.106400231764124,0.00960245389330954,-0.474435700604131,0.614989822432178,0.447668237111883,-0.962914329972235,-0.222095794407619,0.330717176771043,0.382364980172581,0.12662691566184,-1.12172462207305,-1.05195568188391,0.00754241776681189,-0.128337859744368,-1.35385844816599,0.226470736618136,-0.179679487404883
83,-0.415856218558047,0.244390900825634,0.865153675793069,0.0836458074023405,0.053958390253266,0.0315268573167286,-1.00903875198205,-0.0158284564641348,0.00265113911933602,-0.0240005593633661,0.556744506388424,0.42127140442191,-0.988006736244167,-0.172465558860216,0.324076393597605,0.427684661152983,0.289453221750398,-1.05337479350535,-1.05222199140175,0.00901533722233422,-0.148437109190792,-1.35477279098922,0.216340459858375,-0.182130701537862
83.005,-0.424442565120284,0.256536709258008,0.849910821956411,0.152633097423422,0.0450295585933256,0.000869869044490521,-1.00603426976734,0.0529561100057644,-0.0401420497178548,0.349661267139731,0.543977311530403,0.409542924511274,-0.973794971143099,-0.149996124960495,0.301931395648179,0.40923824844547,0.383225407432064,-1.04124508543183,-1.05269856935239,0.0246688755713542,-0.175926523307909,-1.35962688984879,0.195872707223654,-0.18145795942182
83.01,-0.42441640588946,0.263474429954596,0.847949729090604,0.216671558512264,0.039883579423577,-0.0261003613440555,-0.99800973621938,0.111265679284675,-0.0730655834840367,0.652904901884336,0.522132999422818,0.384307108251807,-0.923944294636544,-0.134681540851815,0.279139552024897,0.312734582619204,0.475319720164968,-1.10653770045912,-1.05731819938935,0.0319292189193989,-0.189698126949178,-1.29695803809503,0.167776897734603,-0.225303934372695
83.015,-0.430065861497626,0.260345986749319,0.841721173184427,0.291823422012234,0.0330165461664445,-0.0577787833086824,-0.999060613711583,0.145087548192331,-0.0845546138543836,0.848500379599437,0.520948499625675,0.356148507879198,-0.88238884746168,-0.146097399934438,0.263200047939333,0.195590130538968,0.526589347145009,-1.19232753694565,-1.05153825828916,0.0373821638904221,-0.197024389841065,-1.23454056005865,0.158946850103827,-0.263850163433412
83.02,-0.431459291806612,0.262388610545192,0.839239453350898,0.376974287975665,0.0384140285311391,-0.0795507161147248,-1.01406742387194,0.154799078556406,-0.0935284968944728,0.967127773261651,0.499093904582352,0.324218674642208,-0.860889457699845,-0.176275687934862,0.252546826433008,0.0755004934921005,0.536499035141278,-1.28573561438301,-1.02976503584203,0.0461087778704207,-0.198000686238903,-1.20738550492262,0.155747371270438,-0.282037867820703
83.025,-0.413908388190539,0.274215757803548,0.837087522864417,0.439133496604937,0.0370610347738086,-0.101239641425864,-1.03724498104419,0.163223882201866,-0.0857358073528859,0.99456695042739,0.481967314327119,0.289924096048233,-0.852825904412384,-0.218169037267973,0.24119239574767,0.00384888534064849,0.514568582979147,-1.40597782110053,-1.00291029421377,0.0445024282944382,-0.17930231366428,-1.1215675479751,0.132546792675677,-0.307268791284555
83.03,-0.413719944355681,0.302128324879093,0.82652291051289,0.461959289585993,0.0326644166778584,-0.121463113452825,-1.05193804102914,0.171700411331867,-0.0646006463093037,0.966294339424997,0.460929717752613,0.251868798273424,-0.853808572559604,-0.244803150565025,0.22545335892163,-0.0203518548993855,0.479011205387799,-1.50337128845857,-0.990624322009809,0.0462114063261549,-0.159583993003617,-1.07518560168743,0.121368326246738,-0.296442160929163
83.035,-0.414446587870393,0.323463611199994,0.829045546919678,0.460631930805344,0.0301694949698136,-0.148580269064841,-1.0576446228787,0.205028698889082,-0.0312438542006866,0.825030326285931,0.43427411730836,0.224403738882389,-0.859398156304248,-0.274042408477776,0.198147435858807,-0.00708835704251955,0.418583159176385,-1.62410317256622,-0.97902658233442,0.0527852025358237,-0.13572482459979,-1.05712788145197,0.129419284847814,-0.273391574105227
83.04,-0.402963378696487,0.292800575990934,0.850397540525414,0.439841269244166,0.0214674736272299,-0.185442746708409,-1.04728536367188,0.243155095353796,-0.00726203527190157,0.691545083665863,0.411122880685594,0.220728567481694,-0.871736911621642,-0.307138395960999,0.158237435805729,0.0406476787070607,0.306649949884403,-1.74044347426236,-0.971962169652521,0.0542667242710494,-0.115115893945811,-1.03799292405445,0.141122425704979,-0.278551895672946
83.045,-0.406388398151071,0.270938813886067,0.836205988430396,0.383987362012032,-0.00975022020975378,-0.247047473349899,-1.03067270273192,0.229799035835005,-0.0336229673718452,0.446334865635677,0.381414460473378,0.211314184785186,-0.885116123532562,-0.31962802887382,0.125251993942284,0.0853725247551381,0.200918557095522,-1.82815586289937,-0.961776702099836,0.0724714993981013,-0.100649406757328,-1.03148115435992,0.153673198088281,-0.262685310656766
83.05,-0.422057247619637,0.297438334965062,0.832926769918866,0.337230438450769,-0.0237946827133091,-0.286284067081841,-1.03724631705026,0.227676020344807,-0.0563947379810029,0.217946564232541,0.365800346002022,0.204981329367969,-0.887645573787521,-0.321660391189957,0.0852391426037759,0.119377827993893,0.0726592099854117,-1.91756848839894,-0.957583838494552,0.0959129733839268,-0.0803761107215501,-1.02635866171384,0.158546647704477,-0.257068478044462
83.055,-0.423524789873054,0.314126334121993,0.819918146095274,0.247756956501979,-0.0201478196636211,-0.313392448044911,-1.00843499323157,0.22275916509841,-0.0555667226577389,0.0377357482272289,0.341227654990205,0.193064027795681,-0.882991560241929,-0.314265679624614,0.0421346087871944,0.13703985404298,-0.0473093126593539,-2.00107258380883,-0.945558538765591,0.121824315351269,-0.0567967637055886,-1.00106297989594,0.141505956566345,-0.272453571740316
83.06,-0.422383107328279,0.298846806199233,0.834605286741894,0.143299867226736,-0.0454513788123043,-0.363711712518516,-1.00705624834309,0.186474359256583,-0.0476336970455338,-0.0946390479001296,0.319367311153046,0.192629790568346,-0.871123634148687,-0.30048233004453,0.0102617150749961,0.120423725731405,-0.127375931172412,-2.05809476975253,-0.927100864510855,0.152354979464308,-0.0347729404050146,-1.01551187339024,0.114736307698578,-0.257440337030267
83.065,-0.429789237498445,0.284652853527712,0.836107599811507,0.0668870270233415,-0.0485119305950334,-0.393728374621626,-1.00534909806252,0.140026014049872,-0.0354714996286919,-0.13417910229433,0.268241163346398,0.204145586306104,-0.864526086907925,-0.287295370810569,-0.0270449755302877,0.0429775902945303,-0.190917103896198,-2.08681112754283,-0.905615600044765,0.159105970971826,-0.0170783831507458,-1.04573638661652,0.0790565831975364,-0.226449804175696
83.07,-0.452463241215585,0.270702058077766,0.858863854568392,-0.00508463514230261,-0.078885176796424,-0.43868403903338,-0.989559720879692,0.113403352351756,-0.0210034941960024,-0.053239230562938,0.200872086965377,0.20975150167942,-0.872626624687645,-0.273225822226645,-0.0514759277684344,-0.0319364003550604,-0.198108620494684,-2.08768969186491,-0.885300121502079,0.172525027468917,0.00670471064624764,-1.05962784893293,0.0323353079307464,-0.213498253675676
83.075,-0.481121028166673,0.290559917969999,0.856695225913232,-0.07016186558452,-0.15367123184154,-0.469327163275879,-0.975702638263663,0.0962189601940283,-0.0183599025140845,0.0273760808517717,0.184123634477849,0.215172065117474,-0.891793985345035,-0.255408165776683,-0.0672877880933854,-0.112528924618811,-0.164868849969808,-2.06455900867874,-0.863682947731485,0.180884703716489,0.0181485157922213,-1.0663416269788,0.00934712650576531,-0.207053594049791
83.08,-0.470645312341353,0.305304663947175,0.823244495871313,-0.134794292261197,-0.230229059401394,-0.481915480621821,-0.965004534942683,0.0638946086808018,-0.0143886133530951,0.0948982558637095,0.198168807173104,0.247386066396542,-0.912727423553479,-0.248027567837319,-0.0698995560215119,-0.149204537975141,-0.11778535250469,-2.03515642871519,-0.845075276190289,0.176892899754715,0.023416828241883,-1.06265880168391,0.0104756699149187,-0.185551757987777
83.085,-0.460578547203147,0.266679517952639,0.837772480642274,-0.154720384711597,-0.274554205190093,-0.488362995158437,-0.955759108085075,0.0647521762410898,-0.0735239007413475,0.0675363347126411,0.206131998819702,0.261764165413022,-0.930374101920888,-0.244107269585323,-0.0561844742372649,-0.18749947716782,-0.0731707096182273,-1.9618815042138,-0.825174718535719,0.187135778986636,0.0293015338884987,-1.06374263637827,0.0349029488574561,-0.162232085466054
83.09,-0.473737287592065,0.238452143893722,0.826242169344524,-0.146126636456058,-0.290674636957674,-0.485805873930334,-0.965746681549003,0.0509771101171979,-0.12305854007929,0.0947583301438874,0.203847271546639,0.237917533388747,-0.9276835455227,-0.237167923405933,-0.0281734817908657,-0.20680468967617,-0.0254121574886291,-1.90812491828856,-0.819140957211999,0.186855096430315,0.0264506203466965,-1.05531913693666,0.0831989114540443,-0.13795572683236
83.095,-0.489477345117221,0.231496177316328,0.826240965929933,-0.13987173140049,-0.27694431671678,-0.451128392646301,-0.998747084501287,-0.01717477724818,-0.122372823873687,0.12873491465804,0.209306836128235,0.214177614433301,-0.906237126224186,-0.227140588764643,0.0171447281553877,-0.183885956050525,0.0343576826083275,-1.84584980067494,-0.819391272375698,0.190604251861368,0.0229538046656925,-1.05587551198507,0.137505490468076,-0.108166645497797
83.1,-0.484522854139562,0.198963792940594,0.834590058169266,-0.137495224303377,-0.237632843515587,-0.409752280069806,-1.04214841378984,-0.0405127405144978,-0.106972713306897,0.128309874254427,0.238413730156652,0.200049203669948,-0.870063424821476,-0.230174695038274,0.067305888531667,-0.137203366780914,0.102571549087117,-1.77017877825554,-0.818231842291953,0.184331713567472,0.0266575836004706,-1.08198663769943,0.194373311403224,-0.0596130442528382
83.105,-0.474842125192237,0.193443993724689,0.845823001586201,-0.120641104260954,-0.207763192995185,-0.373528558989573,-1.05214907636506,-0.0507115205607299,-0.0845740582901404,0.158232262614677,0.281466938925587,0.184839277879944,-0.841830450160337,-0.2495416960518,0.109662749898072,-0.048795913675275,0.203011789787377,-1.70252146188741,-0.827465911820235,0.164244956633488,0.0328358944826952,-1.1476903606459,0.249938378565236,-0.0295262030058848
83.11,-0.468551841319262,0.180901832428982,0.850490101749894,-0.102079558304925,-0.171928164197543,-0.332289455919215,-1.03711222731192,-0.0545715844062767,-0.0733689133301142,0.152301589225213,0.313555365786356,0.180197347057831,-0.828802529724259,-0.286293967517798,0.151220773636089,0.0766258940028083,0.316949279216988,-1.61034388299129,-0.834882997415767,0.137058776875431,0.0321731543705692,-1.21999825709869,0.302441446953267,0.00421205998561546
83.115,-0.470248140388534,0.177197517970096,0.851688084128689,-0.0879193966662679,-0.143894799867809,-0.293416018505085,-1.00785742652788,-0.0488761659933083,-0.0715047629228151,0.132490942715297,0.342772379315673,0.180476420738836,-0.854534289619979,-0.328960552021304,0.189548174566668,0.21239335177461,0.428237755448287,-1.52497521369354,-0.836679764961241,0.117436642355559,0.0357955272914146,-1.27640744089807,0.324708618124614,0.0194927107844487
83.12,-0.464341624579705,0.178692004172624,0.853512165188812,-0.0746871588295512,-0.116134370823309,-0.25922888896188,-0.982065180853756,-0.0428387980619254,-0.0645851202902729,0.11764444464007,0.363670267381116,0.179148236450385,-0.901781570840253,-0.363977566110364,0.226398254093038,0.349281899887004,0.536960076911716,-1.45549572795873,-0.834318183931319,0.0942236510742661,0.0400682503379928,-1.3162669125581,0.327816105002121,0.0314028143302183
83.125,-0.473988184561822,0.181202118828392,0.844243247312576,-0.0763436108827591,-0.0879372746514351,-0.226380022173786,-0.967481107891943,-0.0242429858605777,-0.0564726055451309,0.103900368925109,0.392705834819688,0.179738784075628,-0.958816025638884,-0.378083850865983,0.249685940661468,0.446487589159281,0.623522295143845,-1.37265876023296,-0.826219983156305,0.0802693118883183,0.0230591819744026,-1.33894712270505,0.298910857985754,0.0407046273904092
83.13,-0.462825443089158,0.207532506766747,0.8400214438477,-0.0824466371756143,-0.0735831472764558,-0.200869489866916,-0.972219741490125,-0.00942299349985533,-0.0504302087934813,0.0885100314278143,0.435175967563091,0.185041767411611,-1.02338078989101,-0.348911696776347,0.26364334109809,0.534820096798473,0.704451115519554,-1.2695189236187,-0.82304976116934,0.0761363873745073,0.00265576621841271,-1.34182608447568,0.270588746870533,0.0479575681707581
83.135,-0.458611877918761,0.207766486587282,0.842093472598532,-0.105591727048746,-0.0572530652809569,-0.184051379240121,-0.973062497776754,0.01699705884481,-0.0297372990525596,0.0734386087906289,0.478697114084094,0.183590527372281,-1.0446820716764,-0.279175707922936,0.263192542404935,0.580267758044211,0.753071230642846,-1.16403819140924,-0.840673189138754,0.0765754358022508,-0.0252794054281238,-1.31567401473688,0.240722001798475,0.0554118199937022
83.14,-0.446413348079672,0.2079840151981,0.847936648281482,-0.124858414015898,-0.0392005171789589,-0.159045156716501,-0.970553210979357,0.0378034976996457,-0.00721894592056478,0.0308042950802022,0.519383795654841,0.184079822270968,-1.13043483062573,-0.16237068768286,0.270035650129815,0.628194785811808,0.787273696848169,-1.06794946656658,-0.880217012814837,0.080893501989187,-0.0328767734782109,-1.26735697926522,0.194278478774367,0.0518766315725387
83.145,-0.440122438254892,0.209700160739086,0.852763379468498,-0.1344998184875,-0.0197800185619256,-0.141834570602454,-0.971220045977273,0.0703509593976279,0.00036088535605336,-0.0878581354083308,0.582127372019321,0.174382191412443,-1.13989748584096,-0.0963248230430726,0.282860377556342,0.781312950559929,0.92996114093039,-1.06485104958908,-0.871367639323696,0.0807018791768593,-0.0511334983736807,-1.23816463804782,0.175459387971961,0.025650288363607
83.15,-0.444574260257127,0.200353866880161,0.854008665708944,-0.129145957975506,-0.00220050959687258,-0.129635773718622,-0.974217188723972,0.0838760369427143,0.0130998344405087,-0.165529288373442,0.624433463934601,0.156372312687998,-1.10351801387936,-0.0374752876038986,0.237436349827457,0.910972859230974,0.971867164203307,-1.1532985180673,-0.869704743317768,0.105013794232479,-0.0295227723964921,-1.20367691759089,0.151341754283364,0.0104003777303514
83.155,-0.441943437947416,0.203543196622485,0.859912902753413,-0.0999179970444415,0.0249387517284816,-0.12300630658865,-0.975232219508325,0.088480428805326,0.0354672246751283,-0.199615556789051,0.649426976533977,0.145540243573759,-1.08958472431822,-0.0323886347407729,0.191817872496938,0.86704889290171,0.878922102469378,-1.14065449898148,-0.716974949352788,0.171892395358607,0.00219851782794133,-1.12020115883149,0.081551041701672,-0.0426227909250333
83.16,-0.440070143492205,0.202099324585719,0.866787908433751,-0.0787684720192739,0.0372695552537995,-0.118000045323978,-0.987923120256481,0.0834124526947719,0.0299266406636016,-0.226790122459019,0.659132604448391,0.128393027643401,-1.11479691222187,-0.0604831033431085,0.168463677240382,0.823788390729896,0.740613252741417,-0.939606265407944,-0.770010403625088,0.120572817173089,0.0287975522491233,-1.1019205573657,0.0949793334376027,-0.00216805782187015
83.165,-0.440567263435349,0.205001963458682,0.861508076179368,-0.0478003037448636,0.0518180062044679,-0.120562918484211,-0.994232865392388,0.0795818841825196,0.021708542634945,-0.194901104404442,0.684149409903025,0.123919753972526,-1.06592322640053,-0.0639816809098186,0.143137736586887,0.993774169530831,0.661178336336768,-0.720220869639491,-0.836088200398694,0.102725434092064,0.153296993810799,-0.919570409713429,-0.228347519708376,-0.0517064211541926
83.17,-0.449146217704107,0.208397736316924,0.857630322537402,-0.0190165632834409,0.0756100609373488,-0.123979723527757,-1.00058597558716,0.077636366959587,0.0272469704958077,-0.0956313658673714,0.650175991872583,0.113190453374094,-1.04718514112157,-0.065314416292757,0.114065719140791,1.02822834095523,0.597146306184253,-0.757898534004224,-0.771591199019302,0.0826825175034431,0.136713301683289,-0.759134338236482,-0.604678837352615,-0.202954916712537
83.175,-0.449138635331103,0.20235480611677,0.853612198845058,0.00635240565943097,0.0883803137440239,-0.132355930195804,-1.00714724882591,0.0686975588828256,0.0117667696323513,0.0355905136691844,0.613753726206791,0.113556823612268,-1.00779438995922,-0.103694640064734,0.0858930895393438,1.02909759067891,0.511122230333989,-0.823502029829481,-0.840889198709268,0.0893487420844,0.0522664719829187,-0.638748521882212,-0.733301462782937,-0.354459882990068
83.18,-0.448614212006839,0.212548936022421,0.858726755785125,0.0199378127417187,0.0990035976549474,-0.138755504323215,-1.00132315035242,0.057403424081827,-0.0265755973075754,0.13386084986797,0.614833441821801,0.120510874277403,-0.973571903810321,-0.147226264228728,0.0607015289983461,0.871437737508986,0.339774979405128,-0.920054809230914,-0.959891081152678,0.166834754743129,-0.0452719521336248,-0.669082300601819,-0.636318609024939,-0.385960010975526
83.185,-0.450790513195994,0.227547228970563,0.846122135207796,0.0370238953178861,0.0924060461874593,-0.143332409046407,-0.992811697289783,0.0521985183513516,-0.0370506275908182,0.220675362378,0.647438141931311,0.117163841349635,-0.993200594597038,-0.2380606842603,0.0893501853702276,0.6487584440151,0.203629329013502,-1.00098689308428,-1.03726479096074,0.253098504548888,-0.104270800833174,-0.926274191514883,-0.304244728762014,-0.156406000964946
83.19,-0.449799011286926,0.230601667120789,0.843556793287359,0.0370820710042979,0.0933194785639471,-0.149045711621608,-0.979032217453327,0.050902135806968,-0.021371364181726,0.269325451738802,0.703074188190944,0.126151208203622,-0.978389385928837,-0.305319420161498,0.0956818125516985,0.651581780903271,0.199673836072824,-0.97152999822602,-1.01453868940728,0.206441932378803,-0.0907372603343942,-1.00398237553938,-0.0688045212887648,0.000494414621441293
83.195,-0.451311003873047,0.223780558201515,0.843521452565253,0.0351283970400433,0.091905876994133,-0.147060322128683,-0.966219693278563,0.0630457953302527,-0.0184256820936357,0.287245793844026,0.736202201159005,0.125454589724541,-0.945529746724058,-0.354781126844706,0.0645514416372684,0.501916900074374,0.0564711978989563,-0.97890019474066,-0.951166214265944,0.12065623199485,-0.0092245495057001,-0.912199697335345,0.0846243507781741,0.0377842461113727
83.2,-0.437122366440328,0.238304270672505,0.850767246262647,0.0372079488933469,0.0859074595941435,-0.145040828123622,-0.95767880811702,0.079360578934182,0.0123233913786542,0.305261431798045,0.780720112023318,0.130296066063856,-0.946036193587252,-0.384616168222809,0.0580263018502663,0.268311025765056,-0.0987664604643413,-1.01557763821165,-0.913123878101773,0.062330324965203,0.0526977901116609,-0.797428251553253,0.0898316151076158,-0.00813929167922956
83.205,-0.435475657440061,0.224119693044862,0.851501185847252,0.0262363162811976,0.0895473127948116,-0.146513734184913,-0.984191471194536,0.101869986736903,0.0125565812199461,0.282382386918417,0.786659889519673,0.125022061059887,-0.960689547116696,-0.383178112333424,0.0631442081009287,0.224519892058485,-0.100234058880624,-0.995067186453975,-0.912427230801511,0.0335987683173243,0.0721342397135022,-0.726813682998317,0.0240032893841833,-0.0476362894854811
83.21,-0.442808496876973,0.220600315031875,0.85757088485905,0.0199822335239322,0.0997059496089734,-0.148567727806294,-1.00210003549138,0.113388767136635,-0.00844667543576786,0.191026750758116,0.801557133447228,0.124989187340737,-0.956070111617821,-0.359495901239103,0.0512390724118287,0.292951356535672,-0.0503066006936421,-0.959993670953285,-0.921270974121353,0.0154923386211943,0.0620439254033703,-0.689173837458532,-0.0687025878529937,-0.110081915412253
83.215,-0.455094026487641,0.220367468455599,0.860390653321765,0.0143751127462717,0.107161247819379,-0.143391362111102,-1.01402186866208,0.0937263482936682,-0.0380470866586813,0.0873934828139018,0.833010917520152,0.119719563993788,-0.957072017810733,-0.324223026755833,0.0306280186914441,0.286711065200172,-0.0486997191040195,-0.964198439743901,-0.921918454588218,0.00732254741389567,0.0555971923672095,-0.65039411297571,-0.17815014407494,-0.198609634811657
83.22,-0.442693296873012,0.211145913858873,0.86614531291788,0.0203518023767301,0.123108520025535,-0.138409606227682,-1.03356910025764,0.0802036512204168,-0.0368817302775852,0.0372033556405165,0.85586917664537,0.117089869358945,-0.976648470428764,-0.292335354873912,0.0111528333072399,0.253401777199202,-0.0358600352454066,-0.978309161913742,-0.916922062699857,0.00617047504003269,0.0559308901813523,-0.582424098266776,-0.252748266841266,-0.277470787113044
83.225,-0.447043714675739,0.197413003566522,0.878198707332145,0.0245400851299776,0.132712492568419,-0.134153008879718,-1.03144990540301,0.0683224773984195,-0.0269571157301073,0.0102546910976412,0.843375918241251,0.103716177641292,-0.986726572296361,-0.205715733215246,-0.039542396642246,0.20212039722987,-0.0391569826259409,-0.986221983008851,-0.906595669264612,0.0407555265685133,0.0600213169263428,-0.484797406280105,-0.323397220075759,-0.349111467954607
83.23,-0.446587249131804,0.203870284158672,0.867165502298899,0.0371517273104764,0.145328725463237,-0.131645373487772,-1.0266388964992,0.0760774608468808,-0.00752134861879889,0.0345324023697298,0.827851321912914,0.100861814760384,-0.986621469589487,-0.155643334931355,-0.0673580624998627,0.127422023847453,-0.0514482139937861,-0.993866558906548,-0.925575283615366,0.0483651679378457,0.0686007271563795,-0.463470237571869,-0.342925873627278,-0.359958429780263
83.235,-0.451157031120557,0.214536207648686,0.857446692852272,0.0463648485649267,0.1576546413829,-0.137745704440992,-1.00158785294202,0.0707763139738135,-0.0367151389748187,0.0970832673570928,0.812324612237818,0.106544803877953,-0.977528696685134,-0.107830237416043,-0.0901388243591641,0.0537614554475431,-0.060398320372649,-0.998571455478668,-0.944122857354761,0.0735581173876252,0.0807935980177805,-0.461508333683014,-0.379393897055282,-0.357003820338898
83.24,-0.449832230135476,0.210637767854264,0.849469478934783,0.0577196379668458,0.167408576432371,-0.142432237827554,-0.965310483269708,0.065495927845107,-0.0580161514803432,0.137689968370379,0.841737922235332,0.11558343952979,-0.962748843854086,-0.0776927216019883,-0.10822512909244,-0.00611307608666286,-0.0680891694340874,-1.00471529695338,-0.962991984681764,0.106293513986913,0.0758360096190983,-0.46817030877804,-0.424959738647668,-0.323062098354814
83.245,-0.45267073106614,0.220587961871729,0.843784484261015,0.0725472017386003,0.17391166899152,-0.147440195083618,-0.969333161202753,0.0676972873296994,-0.0628717359884536,0.18241699711627,0.889040987417932,0.12390780313384,-0.955691174543125,-0.0663637784512428,-0.122499765162317,-0.0486172674924506,-0.072763914871313,-1.01295233076571,-0.973026490836641,0.124589616797633,0.070220829549633,-0.497549851180264,-0.437966703460106,-0.268558459592454
83.25,-0.448356695059069,0.229055117583017,0.839184144536556,0.0757101850883748,0.180384980244365,-0.146899810589509,-0.975138955014158,0.0763320803439416,-0.0654231970151965,0.248485165538738,0.958859473233435,0.121231288865559,-0.963135904805079,-0.0698437561372168,-0.126803461939718,-0.0869307086755311,-0.0693975753769931,-1.01403572224046,-0.967667607131111,0.133539140797116,0.0730525498074504,-0.502991635029943,-0.428122814006869,-0.20600031324052
83.255,-0.447411409040776,0.215898699275172,0.844427297221503,0.0818071904971467,0.200522029161854,-0.153324631615389,-0.98527162486748,0.0750232250854669,-0.0663959023243513,0.283936835437517,1.00938499825294,0.113350442550187,-0.97216234804854,-0.0845883175310351,-0.123812741616693,-0.121376965420321,-0.0677697107610281,-0.997531024816836,-0.965264884554813,0.134080005021935,0.0911719972504944,-0.501734263840431,-0.374961534045804,-0.166003052647738
83.26,-0.451568953581057,0.22325240497966,0.844914724503477,0.0981499168093951,0.205523461103439,-0.14998797773061,-0.982898285687176,0.082274925909451,-0.0636977690445493,0.3089441116969,1.06409183296379,0.103529133789599,-0.980691336623974,-0.118451815565546,-0.112367900449403,-0.179051066449995,-0.0657802092721061,-0.972599845108344,-0.958684952053952,0.127872042377033,0.115508111450276,-0.478484902574306,-0.345854140805101,-0.15394261759534
83.265,-0.457890464868791,0.231701700967031,0.84900566707234,0.0965142437639627,0.223181056585604,-0.144466792174923,-0.976774123391691,0.0853214627307935,-0.0678850927129559,0.315127456316379,1.14686172239506,0.0997659668564359,-0.979994979776214,-0.155948196684735,-0.0943334136917582,-0.27840751049581,-0.0865779434089221,-0.932099194509527,-0.96864767112843,0.112014657298097,0.140882879726309,-0.470497630753578,-0.315274293616123,-0.146951545848083
83.27,-0.460347879135464,0.210081107132186,0.855077063403248,0.0891105504535925,0.241319839117638,-0.145863996980715,-0.976253674083325,0.092972194232434,-0.0572260580690524,0.301670138486631,1.20434023504832,0.0884839235776913,-0.971352354466445,-0.187331858882898,-0.0668491132003871,-0.426683982808302,-0.119591784516465,-0.895647127359366,-0.990253722577358,0.0949696491903154,0.160015040217167,-0.466830007621336,-0.335852208096909,-0.156519048129227
83.275,-0.461426030671263,0.199623204769676,0.862489504949828,0.0995660681204379,0.254788930787183,-0.136455701634889,-0.970158004750209,0.0947046450059127,-0.050769446161051,0.287811903958667,1.25003048455381,0.0769587213737851,-0.983309916934406,-0.21440230719396,-0.0172765920177995,-0.488697109384004,-0.0879944334816785,-0.868324087300119,-1.01637172197528,0.0889733756432033,0.183266506453126,-0.489814580292308,-0.374121294383544,-0.159528891939883
83.28,-0.458332493281971,0.2111190671807,0.863321578994116,0.112089113145401,0.268944809941376,-0.124069075320238,-0.964397934383149,0.0773591512656111,-0.0687599457089982,0.248980270219875,1.30452502273478,0.0564736243881549,-0.981041259004181,-0.23737919565203,0.0222742539704535,-0.37864707609161,-0.00334969850406789,-0.788560217839786,-1.01491130709526,0.087702737990098,0.198360616789112,-0.541842176048259,-0.380892405319452,-0.151058074893301
83.285,-0.440130275874147,0.223655004601583,0.866013306006356,0.107280094046011,0.29681116822961,-0.123488955460759,-0.983963728140808,0.0869649118008649,-0.0681318512023665,0.219603144527238,1.36400687798895,0.0407542879131726,-0.977553420510117,-0.260562025484719,0.063758779201643,-0.314215892162377,0.000480340158717691,-0.67860545250835,-0.985630758762336,0.0697834652546495,0.213373614263339,-0.557090939883052,-0.336256363829667,-0.146875934928066
83.29,-0.441439507448174,0.224452569815053,0.87258359213552,0.105470823215404,0.33343545760106,-0.119826615735068,-1.02131823818213,0.0955922157282782,-0.0726953994915069,0.16682776477975,1.40116991926105,0.0198322608874785,-0.989089659656717,-0.27749938559752,0.102408113809413,-0.328980900349509,-0.0118676330894232,-0.597918029800756,-0.985728802421376,0.0502171919731532,0.201525803703042,-0.554795787847763,-0.312187001928352,-0.146914921001201
83.295,-0.459666818871336,0.20311395427055,0.870324223434142,0.0972402268256736,0.38252026107215,-0.121342975208555,-1.0582934942321,0.0953940107030389,-0.109098023527724,0.101707765146337,1.45358999407052,0.00626802163933689,-1.01217165998318,-0.301240229250107,0.148021481033669,-0.323825837867899,0.00152528175535097,-0.490326072648315,-1.00316525741428,0.0396607721666531,0.175706695101345,-0.547231556554473,-0.316150282878782,-0.156028255712171
83.3,-0.459201482389175,0.193527573346398,0.881068055960494,0.107876602026822,0.428595195197249,-0.111998105837719,-1.08104266398465,0.0618106683106023,-0.162536818041863,0.0387941119261117,1.50658622417474,-0.00227687142914995,-1.01871191438833,-0.307193368730914,0.185917497449725,-0.327044331991662,0.0254123785068336,-0.407866666960001,-0.999554393880182,0.0472037552669452,0.155218133086845,-0.551813331169718,-0.307607101520613,-0.157811120152473
83.305,-0.483937056714163,0.21052656253469,0.87749295453021,0.12779801348321,0.483490229674223,-0.108897495967784,-1.11681869602739,0.0497474086503688,-0.170425180591232,0.0593239677453597,1.55599865107937,-0.0185820328216295,-1.00852056007306,-0.306115931248503,0.196508699113701,-0.36532203861082,0.0530868719481843,-0.37794912791245,-1.04634052356978,0.0544405099633494,0.159893701658694,-0.530519449874313,-0.277547571149087,-0.152787106569392
83.31,-0.444227244005867,0.198631298905105,0.890641885601293,0.135724834567348,0.540558777963861,-0.10974486374477,-1.13237594208137,0.0376084941753607,-0.189828215082713,0.0675964885891178,1.57264365518682,-0.0311074436504888,-0.997917775152958,-0.31408706660863,0.197923692336186,-0.475200768459591,0.0635686619515335,-0.359074779780107,-1.05684543703775,0.0403182792916781,0.187095490749259,-0.476480376930192,-0.292702017984197,-0.184732851257429
83.315,-0.464348909286825,0.229315577874396,0.875390883329648,0.185207381597943,0.600173053591143,-0.108531528199691,-1.148732243155,0.0299635544325165,-0.217718000304131,0.10858003046122,1.59331321648695,-0.0327925546211439,-0.991434035917199,-0.323287066737113,0.194834452379568,-0.617239944537543,0.0585527924755491,-0.356743962560039,-1.0706559264007,0.0396810384096921,0.210996605251895,-0.414991196307261,-0.293153519134197,-0.207285272554291
83.32,-0.459044504368523,0.255327085721884,0.841667187893843,0.162645108493982,0.661986873282257,-0.110525360877981,-1.17204087150307,0.102574689724652,-0.136905011065812,0.233035642393346,1.60320997011455,-0.0333824736141928,-0.990707065291197,-0.339233278056139,0.179016068189982,-0.772804239422586,0.0588303503432038,-0.365781773053112,-1.08379867871528,0.0544552020405052,0.232183644836076,-0.381844951671784,-0.289332045222881,-0.221508036744313
83.325,-0.498154384070018,0.16211982934992,0.906110106910084,0.108532391084178,0.734561208150026,-0.141599914884241,-1.13322662262048,0.0847197046357629,-0.160471666153911,0.127604156083514,1.63304082311268,-0.0375696886668323,-0.9828500818435,-0.34834843502095,0.168157021641053,-0.923056633930155,0.0319527476329692,-0.373300589238822,-1.1143523030252,0.072569760919259,0.222576374253949,-0.361630327084836,-0.307397974898283,-0.228335271441836
83.33,-0.481429457263091,0.209135520499099,0.871235504204594,0.123046860134469,0.792665978632918,-0.0990801244119411,-1.11736977946685,0.0525356786287447,-0.203669503423013,0.150721713344413,1.66451903935397,-0.0749494869828449,-0.98492205898953,-0.347481975839396,0.158313460376912,-1.03446243931068,0.0151205599021952,-0.379737879149859,-1.1349548709731,0.0865720537486641,0.191342801480204,-0.334862243004381,-0.344088521993937,-0.206482571531682
83.335,-0.48921416292535,0.306685279784497,0.838869865372417,0.0989570056180334,0.849007143739463,-0.101314956187217,-1.12953978616233,0.126968323539977,-0.133657937200025,0.12560569729966,1.70150769678932,-0.118167670362881,-0.992915738964555,-0.343157408598829,0.150842996961909,-1.07847622131871,0.00847597957091339,-0.392077992395947,-1.12100941385474,0.089661283822058,0.163946282309323,-0.304350290886391,-0.366486403779258,-0.176159107175386
83.34,-0.443351195462945,0.307947867834231,0.860140852260823,0.0278514352294244,0.916785742762225,-0.101180244726978,-1.12067553100503,0.255180908648794,-0.0280492345727616,0.0418192441011592,1.71012289999772,-0.127694794597231,-1.00269752869425,-0.333997137354793,0.147334061525025,-1.07763402043458,0.00211444904452272,-0.401841076638783,-1.09402224255918,0.097860001888949,0.159371615071119,-0.256190637123466,-0.321653154043971,-0.15956805123658
83.345,-0.440586609889573,0.262682218992738,0.861437571189461,-0.000994303173633112,0.987562918120399,-0.172510764374059,-1.13524822851611,0.210618048618232,-0.209133729450766,-0.260118527345223,1.73493844851572,-0.116956876991808,-1.00877987937812,-0.326192328747254,0.157163440377166,-1.00113818070859,8.58082245449086e-05,-0.39895897619726,-1.08520276479309,0.0977385527190542,0.160847265010167,-0.221630539253534,-0.231436259149087,-0.169312306357926
83.35,-0.484561149627461,0.238019472098934,0.877424665069097,0.000802141034861797,1.06638677491508,-0.184817792066041,-1.12458485290472,0.175031445535391,-0.287801234415861,-0.377397801362619,1.81058702988531,-0.149023604757388,-1.02521000013411,-0.327473621734567,0.169226704133384,-0.854400109838894,0.0127394569666338,-0.396548047292107,-1.09063024323789,0.100127539876203,0.172405725347666,-0.181330763050062,-0.138858707621366,-0.17773565655336
83.355,-0.480582921867314,0.226860231589145,0.865824433349809,0.0108788998176476,1.14580300062749,-0.181692327238734,-1.13495495396967,0.11642606279659,-0.225919661542012,-0.451939516436767,1.89832769616609,-0.181592418079434,-1.03469125228406,-0.326370972493879,0.159444722428676,-0.713681893063729,0.033296606907994,-0.388148522436873,-1.09240581015496,0.0870075536715184,0.18187032568739,-0.127636577662377,-0.054497371559257,-0.205306026139064
83.36,-0.487247955019471,0.208210126996374,0.882688858247285,0.00809135460528488,1.26494656282896,-0.179721916162498,-1.15729985984948,0.0486629162347957,-0.200794759542048,-0.52794148636391,1.97149756449341,-0.207479555227256,-1.03757390272615,-0.325416922257479,0.139219333589918,-0.589983598107046,0.0567461196011833,-0.384308495032681,-1.09358397232652,0.0770644476994238,0.199258577691562,-0.0774901418053163,-0.0274152322257947,-0.251161862001277
83.365,-0.479795469607039,0.182996221369332,0.890335575014464,0.0301138839375402,1.36507550685018,-0.166880255188599,-1.15788802241644,0.00834740760546538,-0.23620342856285,-0.534174632989309,1.99244066859574,-0.22542271332047,-1.03418493351702,-0.323515363243985,0.130025823638519,-0.49834467602283,0.0691809565220027,-0.408133340516149,-1.10683944954728,0.0923881659532394,0.22687209194424,-0.0373321443181051,-0.0403678436600475,-0.292020994752222
83.37,-0.485195876605872,0.212068449819829,0.879417967419345,0.0476517267221794,1.49084542942802,-0.169829053561374,-1.15184564119198,-0.00836639479218842,-0.223123951866326,-0.42220106924677,2.03574799700983,-0.243804542234558,-1.03886751658747,-0.325221425923375,0.129103179688047,-0.471818785529666,0.071779674127364,-0.413689924600412,-1.09541307644639,0.096595025643944,0.249367247121142,-0.0106125223218551,-0.0722151051954898,-0.325947085694624
83.375,-0.501750222348225,0.207099071946375,0.873460916568624,0.0566004314362026,1.61704344642449,-0.184093716543587,-1.16662253097096,0.00140798176859929,-0.210043190290992,-0.347646831161226,2.06741053282104,-0.247162252664566,-1.05551972477753,-0.32035560340213,0.133498948706746,-0.479986906447336,0.0691492745741971,-0.394552913736847,-1.08127331775695,0.112470910147901,0.260356153343302,0.00434538791442791,-0.109933430150892,-0.339843600988388
83.38,-0.506051898372767,0.198052327261405,0.8738383291833,0.0782762180644104,1.72683496219636,-0.193451156037063,-1.16710660938796,0.00701002832000957,-0.20422188063068,-0.286659779265052,2.07275938291165,-0.252810287286734,-1.06258965597247,-0.306672397558727,0.141632730833347,-0.491641639828775,0.0756315320880039,-0.273322352442546,-1.08470532702756,0.126550777317854,0.26113258524596,-0.0416787223769728,-0.127445031164829,-0.338673454795476
83.385,-0.50734558743797,0.225903511088801,0.891512132149645,0.0984310724007524,1.82386125381422,-0.199176668635235,-1.15031352066773,0.0169040438923877,-0.180534352130379,-0.248941590331593,2.10360316971333,-0.241077305561766,-1.06437292738632,-0.282776755543291,0.134997297287611,-0.519300169938356,0.0958173786766719,-0.189781027445257,-1.09577155814991,0.128059029490618,0.272358014003024,-0.0739140551422264,-0.121880263658541,-0.322608481335422
83.39,-0.5039715133558,0.234653909184907,0.871333052832774,0.112066137208438,1.9589976647829,-0.221589007110792,-1.15713868026544,0.0507557171791568,-0.163354572512214,-0.263452409920461,2.13456002674509,-0.253155763395121,-1.06297054194384,-0.240797920725969,0.13183412945993,-0.621390999186196,0.111731210512268,-0.16463317216777,-1.12884371148888,0.1436004698552,0.284190887508279,-0.092862483788067,-0.139987709203915,-0.318682308901274
83.395,-0.51152073385955,0.242789979824448,0.857819090678315,0.123325541789894,2.06418274126393,-0.249149680663589,-1.16845142145269,0.102481472030076,-0.172304745955537,-0.291665181983375,2.14653806882215,-0.265349041015921,-1.06738368040831,-0.203655022499797,0.14008790283384,-0.706085081840673,0.150696377678675,-0.14495195264455,-1.16148846270191,0.16471426589403,0.287255027878296,-0.108192206728892,-0.168586796101892,-0.332789103759019
83.4,-0.517917369262317,0.238827165991609,0.873014004467747,0.123131139996102,2.17748568299924,-0.286377799142436,-1.18148262973165,0.126259618530546,-0.196117301066669,-0.337901211203492,2.15736790836714,-0.278492929476408,-1.07770597181975,-0.185414864545564,0.148200885863476,-0.738519462273364,0.193789698324974,-0.10268560843275,-1.19355649449419,0.171128564240398,0.292425721848159,-0.112089605436338,-0.196032633845808,-0.339815410241586
83.405,-0.525813878529008,0.252228672621498,0.860575223291353,0.152431725401451,2.30932026035533,-0.318955115445302,-1.18724786554136,0.129545110095558,-0.200538676374729,-0.426729558674948,2.15118185390034,-0.291816048519426,-1.08543557923201,-0.172437275659761,0.176326967764416,-0.677591404678518,0.247661826748098,-0.0439900537981477,-1.1975024647474,0.16432275411088,0.294529542373856,-0.130339943730293,-0.209438899313966,-0.333735138177872
83.41,-0.544292295111899,0.250856505641895,0.848948485076584,0.173765949923897,2.42701992680089,-0.363693547869485,-1.17628222059047,0.0983400362124204,-0.211818207008253,-0.47644254599821,2.18047077383748,-0.292913586525092,-1.10010638869441,-0.160668107958461,0.167383924230015,-0.574451582348614,0.289831835839056,-0.0198472832590132,-1.17759023266442,0.15272455991921,0.307226120762404,-0.172947278642209,-0.182643036209787,-0.336295634194936
83.415,-0.542138298514202,0.250832202642155,0.827380748110012,0.186759001181999,2.55615938538621,-0.414923257299247,-1.19909586692375,0.0947165017122595,-0.220591264972143,-0.492674941837516,2.18469824784379,-0.309350378840754,-1.1026950661376,-0.155832200188056,0.209436109917784,-0.475817204403201,0.310348583683099,0.0193471863465684,-1.14259997008429,0.122806155464988,0.300931525351434,-0.229688509472978,-0.120225048137866,-0.34923619913259
83.42,-0.547301201728436,0.283422469863363,0.838091378800181,0.184550791475222,2.66744819623358,-0.456422550946009,-1.19998894150548,0.0762406594351166,-0.207290153642671,-0.463703739149295,2.20070678156066,-0.293188191147197,-1.09027380657496,-0.155091895803092,0.205060029723878,-0.380090279501454,0.336996596475039,0.0662527527847847,-1.10703653247524,0.0837472879656321,0.290216156693945,-0.261537060981058,-0.0630301992488033,-0.371715915467323
83.425,-0.550574235513525,0.306296698829442,0.826264534361442,0.161736603610768,2.79645724090728,-0.529720450647854,-1.18929260224764,0.0733447283749984,-0.195299974480325,-0.409979733897302,2.21634062146382,-0.289324638581155,-1.10463227302739,-0.151912022925455,0.202400930420521,-0.310685931212083,0.362135052985244,0.116766959915878,-1.08781963810764,0.0537786084229678,0.277270572710429,-0.281950483740457,-0.00865355167025256,-0.392063111709338
83.43,-0.566985252848083,0.301857660511195,0.82606908052876,0.127015845615655,2.94783761129359,-0.610049978281155,-1.21029714160448,0.0750273371533449,-0.188952144515672,-0.34732964633221,2.23913143879067,-0.275745537016322,-1.12347818368666,-0.148472228318634,0.212136709442464,-0.249860902267389,0.391604189401888,0.182088287203351,-1.0781407749861,0.0370117416899528,0.262967081168838,-0.305943446025242,0.0434432246659006,-0.427798273375164
83.435,-0.589715088705587,0.319766431093683,0.813699070234046,0.0702851967207092,3.09510315566843,-0.682516951740633,-1.20731642779252,0.0678215406220302,-0.198996600914529,-0.309357267002501,2.25309592810715,-0.261875568193967,-1.14507847667085,-0.128179652881972,0.207483584900576,-0.216467503701439,0.42631797521363,0.244717284428,-1.08079366017933,0.0296307200138901,0.273401825398087,-0.311628398369711,0.0876665586415488,-0.473181669850494
83.44,-0.623950944442926,0.323621017977843,0.807113634070431,-0.0281973253946071,3.32895119231556,-0.769754358411248,-1.25151361618696,0.0379414475846824,-0.188467588874563,-0.245076190216795,2.27154146462663,-0.262871770991557,-1.15860888524339,-0.0993432668159733,0.202035878031258,-0.229362866594117,0.452605160493255,0.309824755834043,-1.09096305200278,0.0292657181855528,0.326948693021163,-0.283039371295219,0.109906358515598,-0.52517599238107
83.445,-0.566587044255658,0.284250158253625,0.866134065285922,-0.128277857803237,3.55714949290304,-0.843251923920236,-1.29215048147211,-0.0257452342544496,-0.17295020602823,-0.257761229932752,2.31293356650571,-0.243911057743322,-1.1837590023891,-0.057468528368355,0.203384517614112,-0.192502910947718,0.495033653852269,0.372817834434389,-1.17442783190497,-0.00270373907717355,0.442022804585024,-0.298579613710394,0.0491612863959863,-0.565891750920795
83.45,-0.649131769069987,0.224678991737763,0.867260025844407,-0.200541949107096,3.79561113012515,-0.914972921360312,-1.36810185877613,0.00255845840219755,-0.203586719783183,-0.192129317179292,2.33456397721232,-0.268430425737858,-1.23436795664119,-0.028999649335136,0.215030156225858,-0.137797091520112,0.540274925745889,0.419625858869211,-1.28484029252441,-0.0434208056955761,0.418175591244455,-0.38783767668127,0.0169757789163312,-0.590191242925428
83.455,-0.659483049764536,0.278931328887483,0.816599623771919,-0.185828526013998,4.10047467347873,-0.940471330113073,-1.45111047070375,0.0942654696699978,-0.169349763122792,-0.105633622330085,2.39364415963574,-0.322070274843503,-1.29994306444023,-0.00563889109599281,0.22892444301319,-0.0742172574974169,0.567495230564693,0.48548365446235,-1.3939874738358,-0.0659388377825782,0.318633237140846,-0.485340514780867,0.1230823851617,-0.634761724425766
83.46,-0.567560668877616,0.312539787254252,0.781121033806938,-0.131073771610572,4.38628785450755,-0.964390701630731,-1.56278420943002,0.113668471027731,-0.0972457464424778,-0.195635042242053,2.48046153248273,-0.360353278335056,-1.44304071472971,0.00983045070404497,0.230556285708397,0.0970787997503169,0.617663941647196,0.572738526907138,-1.3941496889839,-0.026898549627061,0.225971961763667,-0.427890332341338,0.308262028652704,-0.674869812443702
83.465,-0.537694652213036,0.390549291406894,0.842274941904774,-0.0828531653308661,4.66324595119509,-1.06433249699394,-1.60171929572656,0.0543069997915184,-0.0239754103659289,-0.314872610063807,2.48767597473246,-0.351936013284839,-1.5163815128527,0.0380352546737605,0.24063844896198,0.177949862467278,0.636951982132929,0.650182532187313,-1.39358771586772,0.0251113852623768,0.172725191272793,-0.165340609659293,0.40801138771282,-0.67778342595807
83.47,-0.62624755501294,0.34561893060269,0.82977274344856,-0.0413142855714667,4.93432752486604,-1.18468104584713,-1.53021375536095,-0.0134997739874286,0.0219963195829017,-0.295347647192087,2.4782742497791,-0.290457340513353,-1.51528222885826,0.098991037406881,0.267590000483223,0.283885063220022,0.64715168183999,0.710132019970035,-1.37766297720127,0.0562733925609853,0.119370582065053,0.0994617470983372,0.31268644053457,-0.64219064029897
83.475,-0.675573543800698,0.337616059142048,0.782718715227252,-0.0186916864997229,5.20214193069176,-1.28326323292379,-1.46466500492697,-0.0415768700680073,0.0770579679652557,-0.146097950612248,2.51157965885822,-0.2292744750942,-1.45116478847979,0.127247654002072,0.284131592826748,0.315825402781036,0.644620680039944,0.788744608551241,-1.34283235527133,0.079785662013287,0.0490534665894155,0.187756659149373,0.053550505900254,-0.608309068006138
83.48,-0.63023855631217,0.337805586426809,0.810572865068781,0.0342331802976921,5.56236310481739,-1.3670249772307,-1.50230633027443,-0.0791824106966117,0.118453586137752,0.0677105342105912,2.59707224206601,-0.185359185053629,-1.39854310479412,0.152017752725361,0.27853078141578,0.298713746845622,0.634568768960643,0.920338046380065,-1.26280601404912,0.106388001475949,-0.00091918428724105,0.205511836839084,-0.246123885808342,-0.543011826789659
83.485,-0.638755619098272,0.308083008464969,0.849697720312488,0.0711120050142837,6.0682845651471,-1.42307971134265,-1.60542948996698,-0.0873395768738245,0.253258607840226,0.197995952800933,2.65094055544301,-0.162590240632082,-1.38906777652614,0.156074411372397,0.255366956755221,0.202266784896871,0.615093126410557,1.00730864917902,-1.23657814512773,0.14359056149663,0.0064956158419713,0.190819704282217,-0.345781498442005,-0.468801105402227
83.49,-0.694171707336495,0.326998269328986,0.818718986903389,-0.0587885182782894,6.40512971527329,-1.44465844133844,-1.68592622456565,-0.0964240016667409,0.30918821829248,0.341757123867254,2.6745546061178,-0.13124311876366,-1.35636195603635,0.156210462941464,0.188017174726181,0.0720677760910559,0.586456440661564,1.11566599932014,-1.23579400872749,0.169898002968389,0.0293767513012442,0.114538806917386,-0.296442990755604,-0.401878011557907
83.495,-0.686632536454095,0.390750567514898,0.843957032023935,-0.0419317664925522,6.91504834182843,-1.43371908496992,-1.72986432969583,-0.12944410745028,0.335155422883791,0.532749740592178,2.67804624746809,-0.108927189335081,-1.31187498242062,0.186142218539167,0.0969390275915933,-0.165080524846228,0.48837793322845,1.22164924043078,-1.2784350112909,0.174689983661632,0.0334394823867385,-0.0162658820997495,-0.250611172301114,-0.329379755802574
83.5,-0.59120456276446,0.432099935554406,0.86489805408049,0.0901788439351757,7.41288072289606,-1.50824779165712,-1.77626110975025,-0.15326125239863,0.417236778197937,0.806869751238468,2.69369479753624,-0.0932874027998094,-1.17172694677156,0.262822256582519,-0.0587051118671475,-0.571926533762022,0.240433295466479,1.25450630959744,-1.3488151021885,0.152510593739738,0.016525772830834,-0.188108675717824,-0.302254500513942,-0.243260274934926
83.505,-0.610286995380235,0.554379450789545,0.879008734743822,0.0886337671420759,7.82204089808746,-1.69526624615633,-1.84610253783638,-0.106197608882676,0.518796597256502,1.10548588564269,2.69560509082477,-0.078188971730289,-0.984099903897134,0.653262938982803,-0.276782771271944,-0.958638443706717,0.0185910568256583,1.31774075368304,-1.47745598327421,0.129006853824523,-0.0728472958388271,-0.37133929236341,-0.521589615494458,-0.113520434607428
83.51,-0.632051261650727,0.546944884583845,0.749347674071069,0.0290009454538639,8.30267905451871,-1.93599360203604,-1.81402423601323,-0.0793180324559073,0.593154149482891,1.40539215161789,2.66241164631455,-0.0547702806906257,-1.42575670662222,0.897854697568709,-0.406726652458035,0.127060494358736,0.832464142758561,1.89225426110769,-1.19831018650602,0.0240274072409859,-0.124598122922102,-0.405710884635407,-0.770798272425973,-0.0570302994970622
83.515,-0.743993856784475,0.548409847482168,0.552352109380098,-0.142981170607833,8.76016000087842,-2.23519554103912,-1.68073704978442,-0.0858577101269944,0.534110887963115,1.64837116070861,2.60426214496474,-0.0329694772339795,-1.73610760546561,0.970869382780461,-0.73882660309055,0.985749142018221,1.49749224913488,2.88588320934523,-0.771253343646207,-0.0416702850310969,-0.0700991818090101,-0.218465979627805,-0.511809040109677,-0.234645187472592
83.52,-0.894299957499478,0.408901028215265,0.599210501636087,-0.225446729187971,9.38257276062972,-2.48856534769065,-1.54490983223976,-0.0816077798078653,0.49746043171448,1.82059877704722,2.59038949012756,-0.0390579300526548,-1.49888501808686,0.966984342334574,-0.828230627980937,0.411265710057482,1.61107869128912,2.80730892839179,-0.884311890389406,-0.024686242177173,-0.0550667231602424,-0.361961063736148,-0.107133987787623,-0.246951257007614
83.525,-0.978381527525545,0.239525081157665,0.815170247504376,-0.337552001756418,9.83385748530368,-2.68462542625893,-1.4582999977734,-0.0416555851107209,0.531657628611726,1.94075620096875,2.5496902249987,-0.0828963510222592,-1.17332684593215,0.804745465187367,-0.623498527737553,0.33459542206332,1.74596723882244,3.03922033358626,-1.05903654893365,-0.0430631168915785,-0.135939801576677,-0.711680954834798,0.174208663800727,-0.0564022979163899
83.53,-0.883209935106653,0.343449658533488,0.945267633150809,-0.650732185491421,10.1007980876026,-2.97438623110556,-1.36462232313656,0.00787341420160471,0.462727001031848,1.82775985524375,2.45605951267839,-0.139994698420939,-1.24411518151624,0.594653039040167,-0.504355157194627,-0.11209562095071,1.77772649993954,3.72145290239924,-0.963034722593166,-0.0926690854171399,-0.154924015255777,-0.678986559028713,0.140463889242093,-0.0785927695832604
83.535,-1.05211483926746,0.364473476334493,1.01733504505946,-0.712366264732709,10.1474429303829,-3.07143529090084,-1.27271550001856,0.0296562397807986,0.288050504229825,1.73848157205035,2.37253548939898,-0.211711531015875,-1.26239062398355,0.358124946833982,-0.338119285981445,-0.600847577861732,1.98734699768193,4.01338026891017,-0.903659850658326,-0.080864760872778,-0.175217151213484,-0.649310564624941,0.0792078231599627,-0.0673423048347094
83.54,-1.71784971007866,0.473287320689988,1.29346789488875,-0.853341837122651,9.70022796248283,-2.90686100727308,-1.17379127783568,0.113878495031431,-0.0102016229482301,1.72862115381731,2.37622847312781,-0.305542426902243,-1.12867943927498,0.0869510768486862,-0.175633672185536,-1.49637437512848,1.80073040357442,3.9139372213717,-0.827561108222433,-0.076155470126105,-0.169514173436855,-0.700002763923742,0.0901133380420486,0.0351827628337622
83.545,-2.09616658126979,0.299374564992773,1.06873803767408,-0.69268945044579,9.31374579541126,-2.91604487983576,-1.13422295816226,0.192108847301281,-0.262052253342213,1.79641990372029,2.40407608569652,-0.374166511195186,-1.15532085418875,-0.124027566379688,-0.0380968462157032,-1.97395598173247,1.61677330363605,3.92572127963291,-0.886340981796397,-0.0611549934676872,-0.128149691327026,-0.72458503794689,0.120170487239898,0.127172566467489
83.55,-2.10178219286496,0.45583911004807,0.853327199681167,-0.345071501383222,9.0015719523118,-2.72176607797676,-1.16316059827276,0.271972271656712,-0.456020903303311,1.92275324675481,2.46698490182731,-0.468262009904953,-1.05237659719715,-0.510679060547345,0.375813408657912,-2.09290649299962,0.90173046444685,3.73716847414486,-0.726214781147916,-0.0928085701737497,-0.113661476797566,-0.716170545754703,0.178209536099157,0.171177722418088
83.555,-2.22151311803721,0.491899601464268,0.773914617753122,-0.152755225420848,8.89114719724768,-2.77986489733988,-1.26371526148333,0.394653065866117,-0.58530769740686,2.18863346742868,2.56948577222597,-0.565946183251101,-1.23194518927111,-0.478590399371496,0.30942531426548,-2.2124367747971,0.595398085523071,3.59420769522737,-0.925416472561552,-0.0988872126180052,-0.105230016942048,-0.680537020677382,0.294731263166232,0.154435179045811
83.56,-2.23728993219085,0.429676897238704,0.822286399939389,-0.485118620603546,8.64281990341616,-3.21419655440809,-1.42795119819133,0.330185335462827,-0.648902832632926,2.48997166779788,2.64592836692683,-0.723605638090943,-1.18678146082163,-0.61882572285075,0.506810604811894,-2.23512003105299,0.394755747354491,3.63530529770447,-1.03059436393425,-0.101290245613148,-0.156011286724403,-0.701830590410958,0.177247417823353,0.185470156771425
83.565,-2.27858269409826,0.604441771260344,0.95751608905469,-0.940322606182225,8.30397884722555,-3.71000805318701,-1.52906609371033,0.359850424522941,-0.470709851967447,1.74621144955118,2.68632510449011,-0.791256926111664,-1.18729256601387,-0.665194187364939,0.547010152975705,-1.83164724053222,0.23734104455626,3.3229411483316,-1.01513041287452,-0.102198142336463,-0.172545677313933,-0.613066835311765,-0.0215967493378947,0.164011899988758
83.57,-2.42259022850882,0.844851084725112,1.1923913763683,-0.411892815058136,7.75157078025123,-3.60570714199731,-1.58947375509075,0.506957328720139,-0.268971431633371,1.44368892068254,2.3696578610986,-0.840124900414577,-1.1618645439589,-0.679889730959752,0.530303857766809,-1.58578623699936,0.108348308737801,2.99824030102954,-1.05561072660259,-0.100423395654814,-0.176735123448874,-0.477776295473633,-0.233030001269977,0.109054199400188
83.575,-1.97783398052563,0.63104797153543,1.51182038378219,-0.446328622850377,6.76408881361416,-3.60678545433686,-1.52915141498756,0.804816264133583,0.00559946228043341,1.63062731791536,1.97802347883654,-0.748827671199112,-1.16221028806306,-0.70169836847283,0.48557729680636,-1.25824584969706,-0.123114258314543,2.57800886035381,-1.07326921622249,-0.117246804220319,-0.168248339013658,-0.30273987426104,-0.506064103247925,0.0119730478327885
83.58,-2.00460528312717,0.221272074467086,2.06186085182162,-1.36608157421822,6.01389657133271,-4.11473613791168,-1.36027442798369,0.85608515710257,-0.0791594138459111,2.36014774670766,1.79111004856303,-0.394402070701505,-1.2417023767496,-0.663074729144015,0.428957449120105,-0.829226778132865,-0.338300472643745,2.22953710572675,-1.06049712125603,-0.107180591135851,-0.146712266049228,-0.156949793004903,-0.785210113268034,-0.0967041324920774
83.585,-2.26220820938359,0.321397578679499,2.6925888255375,-1.05661376353106,5.05939287972959,-4.0934738942967,-1.21804843923979,0.350332945072332,-0.83143740311646,1.43054255110907,2.22987488235067,-0.282577106930364,-1.20954239081326,-0.593694803574844,0.364930658624578,-0.124473014164187,-0.575544484878945,2.03816623373562,-1.06976792680291,-0.0863538847894544,-0.142104411597079,-0.12103205159948,-1.04333809561624,-0.143619507836386
83.59,-2.58262642823539,0.484084709042522,3.25973106444286,0.675494552397884,3.5282480034217,-3.41261962751523,-1.1284035548075,0.194361606444987,-1.08308097112687,0.113252140479556,2.61614987013165,-0.458736767772389,-1.17586887129419,-0.519944225255571,0.325144341516863,0.259237707237608,-0.72893127866292,1.83394609924898,-1.04700146361622,-0.0740445021419199,-0.132692112986014,-0.122877523457595,-1.3011503155521,-0.157524580622603
83.595,-2.49701991391603,0.760032758566881,3.1735362817789,2.0801469992516,1.00055576281199,-2.10358392362956,-1.05077825774588,0.351265598889604,-1.14051578805957,-0.961071889166518,2.4510910466862,-0.613403706400959,-1.14717695383448,-0.433318795742864,0.328872808181623,0.507138948895992,-0.862728194252607,1.57235662679826,-1.01358476588095,-0.0841978118581352,-0.13503621620029,-0.153527893281256,-1.47058746805268,-0.164309990597716
83.6,-2.25971269744519,0.810871503900916,3.02083357345334,2.75190927606735,-0.314697741298893,-1.41378486377051,-1.03904595558575,0.297920989224894,-0.989847363976608,-1.24863856341942,2.12482617459093,-0.736015797841096,-1.18701778660273,-0.358591178019391,0.351655122439252,0.673642927195099,-0.942055539784283,1.41467430430656,-0.957288110067462,-0.0963171380453053,-0.137834264295696,-0.202882202824177,-1.52758507255115,-0.1775383081374
83.605,-1.85524011286292,1.27564059085774,2.94466586988896,2.83042451463636,-2.24680267964829,-1.07110066665957,-1.02930276313401,0.281288649458446,-0.529115709654433,-1.17068874376412,1.70161970608767,-0.850025294035146,-1.23229266340598,-0.317294225601206,0.360832883932253,0.828146403685778,-0.998578294650146,1.32453388503925,-0.942088449240201,-0.110250020802984,-0.129378215018761,-0.295720705658945,-1.49973226390575,-0.14379361381113
83.61,-1.44099092508278,1.76850173403954,2.38780684096532,2.17208277171486,-3.47319786711642,-0.998844548385742,-1.03210250012291,0.539421137044552,-0.224447633452813,-0.51724165578607,1.41016038966783,-0.858564336557041,-1.325296004374,-0.295694997746508,0.343416154735663,0.873368273695402,-1.03989871973415,1.21647805315624,-0.936693674482868,-0.10324094422768,-0.120813989574079,-0.35848153467,-1.44624520683714,-0.0927224847992383
83.615,-0.916926308756606,1.50708412290656,1.85523668613114,1.26522587591185,-4.41385837848638,-1.08764055205841,-1.037241737995,0.617789063474106,0.020932947665405,-0.0473870019770575,1.10491840583149,-0.728378528335895,-1.42470811243699,-0.299112540491487,0.317980349980269,0.92826603906116,-1.00998261423621,1.13001189713928,-0.951879789457867,-0.0952279361293787,-0.113624768536752,-0.434455297122091,-1.38187440308584,0.000745554821523102
83.62,-0.29004036591768,1.14829059310409,1.22469707320997,0.383393046501058,-4.87187145485408,-1.32291860445877,-1.02132135878444,0.516447722386721,0.263470782524258,0.0889289998073828,0.706030821668293,-0.600872683294398,-1.48391040237441,-0.311115187722704,0.279326313357691,1.04195116154878,-0.946960252537262,1.05909197062542,-0.945318533171828,-0.0856828428980868,-0.116337496166789,-0.47667622584253,-1.32313504431965,0.133998801601022
83.625,0.0122968267405877,0.897200367158074,0.935864428752553,-0.210375887786974,-4.887798198933,-1.43307174596952,-0.944928649344358,0.410739138936254,0.340274445533367,-0.0415569179179661,0.411920302196418,-0.622401246755343,-1.51480235002021,-0.339101207510764,0.194217206515184,1.26185296399253,-0.825837985908284,1.09551170430063,-0.950121699251179,-0.0691237384598466,-0.116673248473887,-0.469230166115824,-1.22607121734385,0.28235147374984
83.63,0.0421885470072048,0.627665404312385,0.826948833754412,-0.445258423296407,-4.82586403811959,-1.47482149976114,-0.904840752150824,0.346901953237495,0.375198499946796,-0.208324107590844,0.18304610445712,-0.619090028224509,-1.49508375459691,-0.361269463776277,0.092432622847802,1.37972944640863,-0.69897738679168,1.24130067871978,-0.933284469297011,-0.0573626198121969,-0.122155618580166,-0.422177749457082,-1.13015942888535,0.375359885146843
83.635,-0.0914153990369325,0.396658874047487,0.723149732868027,-0.258136196343507,-4.7597376702575,-1.39193226472074,-0.836905987995373,0.267540241891685,0.323442990245247,-0.282100521572745,-0.0619291841524815,-0.546107238495343,-1.45602985739338,-0.374687160178766,0.0290881583382322,1.39811112396359,-0.607160785296802,1.50167051717034,-0.90359758958853,-0.0317148656019392,-0.118799230944661,-0.361412385298218,-0.968336099546679,0.464539183795736
83.64,-0.208889473771864,0.351509585052056,0.668793724654909,0.24358835204042,-4.67161986882174,-1.15201359797724,-0.692262020005983,0.0175135937974451,0.0682496354232171,-0.519085760041476,-0.28707936034401,-0.489617099848424,-1.37099363276111,-0.384657768900417,-0.0215332974106768,1.37604230844773,-0.515140426536663,1.78090549202233,-0.874798816128488,-0.014589463948085,-0.107694562730577,-0.312763773882039,-0.758151132381214,0.522064073510379
83.645,-0.230072472858496,0.496247760479873,0.683660289819336,0.732944794248418,-4.61087030562067,-0.771608131051778,-0.604435417565483,-0.115109199080014,-0.0447496783898864,-0.76234775461648,-0.363233123859608,-0.486036378019893,-1.32076268774451,-0.378579529175645,-0.00486689115784117,1.22827428416826,-0.505826840254977,1.98691419529989,-0.879490115078788,-0.00457076134744704,-0.0799945763604624,-0.257040125727796,-0.526902636507336,0.556991464292799
83.65,-0.206087234547484,0.616688488558605,0.656927951150426,0.956760988977141,-4.64317776688546,-0.476715267461981,-0.523203338901664,-0.114219024044709,-0.0617362849357338,-0.82164095817269,-0.539208564377904,-0.587389764267578,-1.2380241039029,-0.36222236193303,0.0333467067228499,1.08415365808991,-0.512536092555331,2.19219424459973,-0.923405590976451,-0.00446484063249503,-0.0546359733735031,-0.218522718144201,-0.378343108143257,0.553690243823007
83.655,-0.182927794234199,0.786969500934166,0.563751443549809,1.03773584800751,-4.68917529655541,-0.198895178922972,-0.485843149744662,-0.0371073520021875,-0.0343709159387836,-0.55101189902188,-0.70496129898101,-0.709023563969143,-1.19373929897365,-0.348321663228246,0.082663171007488,0.998407675957136,-0.537263934659834,2.29720310116668,-0.956645720976371,-0.0111528960881463,-0.0208223449523715,-0.20329226652547,-0.332506645505647,0.52542872816008
83.66,-0.199212264896333,0.983987931336045,0.443871929230792,0.865349054196382,-4.69490908002012,-0.00545885219465715,-0.484256163617335,0.0912700504441583,0.0291671710232193,0.136617003867246,-0.945558879689318,-0.820553892584059,-1.16145785193604,-0.340122665273356,0.138672748406143,0.957662101130097,-0.586920575645148,2.36418578152649,-0.98149965938309,-0.0189139513861398,0.00288393275162124,-0.210661154791635,-0.360821233065371,0.497617406278529
83.665,-0.247929225201677,1.10869376532283,0.373798108713637,0.501729925730852,-4.63247671577633,0.137953629602225,-0.512753942666813,0.15527040957554,0.0721964038595293,0.527359395957363,-1.10912039795581,-0.823768852110688,-1.1140557650391,-0.335576238099556,0.152232370509306,0.91860824188366,-0.691121850369374,2.29435339970335,-0.978687292842805,-0.024249926011292,0.0234809628166492,-0.261150686889984,-0.413371090766685,0.459672767899126
83.67,-0.280770264936301,1.13955907968155,0.329745722747503,0.0178069631586707,-4.50517147806771,0.291142254153281,-0.536546785385433,0.239142746190644,0.036988920582757,0.894397439068664,-1.34578906274971,-0.793283171453437,-1.07654078120881,-0.335506147409561,0.208884280493522,0.919986781576041,-0.663592394861012,2.1546145497264,-0.976223398694162,-0.0296373581639906,0.0400946675805029,-0.329066244879607,-0.50846884449688,0.424604920483801
83.675,-0.289219603138384,1.1065487713925,0.309143495330968,-0.398295129780973,-4.37505693220147,0.460240795058663,-0.556957473864462,0.2866886245492,-0.00574578157856683,1.0272487143113,-1.51787095767334,-0.755203723746237,-1.06683839064359,-0.347635015229895,0.209111787484208,1.00861978955862,-0.63975561401774,2.11938543529862,-0.95164423362517,-0.0267673904544593,0.0614925709035848,-0.407225054310189,-0.566685876243228,0.399052435730214
83.68,-0.271380924917934,1.01115423531709,0.29923079045394,-0.783388064894613,-4.22216220413522,0.688093905109152,-0.562659398021669,0.307327382299282,-0.0340641532247695,1.00547647162,-1.69368056301461,-0.732282707414462,-1.0411505467477,-0.359989001347181,0.202107222749577,1.04212027389011,-0.622872296986963,2.12601493850046,-0.933489735443448,-0.0292121862045935,0.078541450045148,-0.464405372090571,-0.583315295013843,0.389742125475411
83.685,-0.25110265274136,0.928245143071942,0.297325665505678,-0.911326809091876,-4.10456547809167,0.940468156912737,-0.578746273695735,0.344908141996786,-0.0491428746781871,0.823214015734667,-1.85381510668413,-0.703720004118843,-1.01727082010043,-0.349443187188291,0.200948733384325,1.04981324351361,-0.576085077981399,2.13181762260728,-0.921198171703415,-0.0329532196404607,0.0940004468414013,-0.52313660957741,-0.577534990321086,0.392029073184285
83.69,-0.267263698851725,0.865421574512525,0.339997424955093,-0.793024675771904,-4.04155810286099,1.15393429207275,-0.593630010439347,0.414521661656951,-0.0362284262794426,0.670582155238994,-2.00825055223065,-0.667506391636934,-1.0146566519455,-0.338661013861313,0.194312323517878,1.04243144374706,-0.567026146311949,2.13433673498425,-0.909437716380165,-0.0353745448119603,0.117865335206571,-0.588887082542179,-0.605660510469604,0.402065808745141
83.695,-0.333653763757024,0.840933796382899,0.408639808032972,-0.455123204795842,-4.02306311836507,1.40998282689538,-0.593494823765433,0.437902827251797,-0.105866252228827,0.447420939214015,-2.2067751029036,-0.635343290061435,-1.00976456716059,-0.321022653452836,0.198960954228403,1.02278166498664,-0.558253068943496,2.12426534245533,-0.911263279276446,-0.0388630822965043,0.140694293158428,-0.663360037925037,-0.635700852284614,0.412061368496893
83.7,-0.406203752252532,0.857729096477057,0.462218081009335,-0.074576480280427,-4.06387845707275,1.67862843643098,-0.572563350380434,0.39776800115956,-0.219587724445212,0.000584278742537969,-2.34373934306727,-0.603020585425747,-1.00296106647196,-0.315948970798196,0.205657429410758,1.03378100483107,-0.546785016315307,2.12028488749464,-0.916690176056423,-0.039814824853042,0.15644174978012,-0.723948712197886,-0.674958961879658,0.425135445576371
83.705,-0.504588933835918,0.95166118752014,0.495105781520423,0.316859030513549,-4.15999321976832,2.07787139095758,-0.563938873865595,0.371337819892763,-0.24834437061246,-0.367023660859367,-2.45533685841239,-0.593317046283245,-1.01124360300194,-0.326943031303086,0.213295270531224,1.04768287073094,-0.557162416489098,2.1173106034353,-0.924417665550974,-0.0426959844850237,0.162086669877954,-0.807440592542906,-0.742748886239837,0.440536327119171
83.71,-0.53735726395416,1.04568975477436,0.455588954476625,0.341775578054997,-4.2208067597119,2.41393558798678,-0.57546705736969,0.363620813884871,-0.239525239306047,-0.646615191057931,-2.58430955034887,-0.58688224314683,-1.01684093333766,-0.337961558167719,0.232660640173795,1.0896892218469,-0.572793120442933,2.10020606509277,-0.917236989030678,-0.0503175873569908,0.157125597798078,-0.849485683064514,-0.766367751869955,0.433096101625066
83.715,-0.524496167876377,1.10945784451985,0.405264132074618,0.198582097663767,-4.2475528717041,2.68402113725374,-0.604339831767071,0.380677779799347,-0.165200328286861,-0.859079575562497,-2.7325153944133,-0.562932861901604,-1.02011118539226,-0.352889790384977,0.258062627796275,1.21656401163095,-0.591505987542986,2.0556941899385,-0.891046022336065,-0.0538684287951114,0.126805135801949,-0.871629485037751,-0.741767403203722,0.412184828920433
83.72,-0.486552610019942,1.11672149704297,0.351971450460573,-0.0233826581518676,-4.23083745174523,2.91840820588834,-0.634643452708192,0.41638743902592,-0.103203122428521,-0.953988068096696,-2.89297642095922,-0.529896563019672,-1.02138788876653,-0.370203999397373,0.278539855508085,1.39887600649217,-0.607065381097051,1.98280515293477,-0.857411457004195,-0.0402949035937578,0.0864975991331291,-0.848843976356638,-0.644240439929899,0.386252892746415
83.725,-0.491291223490905,1.07265125377277,0.350243869226686,-0.210012832728431,-4.19930942779933,3.1237270242953,-0.66503981875694,0.426036432151487,-0.155640657747836,-1.08668938520109,-3.08752992665846,-0.485498454258608,-1.01031228476255,-0.389631936042545,0.291196423894673,1.6121457981933,-0.623386958271794,1.883462719246,-0.824563932268428,-0.0109097589223406,0.0655821491802795,-0.793337359221082,-0.461875437176083,0.368261422737948
83.73,-0.539050725176628,0.991314648239367,0.376827207384339,-0.404715992524189,-4.15333041035839,3.33124150883912,-0.70397103984715,0.387739544070333,-0.203517405483871,-1.21781451294911,-3.19951037851004,-0.448010657767169,-0.982582699601841,-0.415100509473267,0.293553570542725,1.87292858243522,-0.624684750817463,1.7593709734212,-0.801939480700106,0.0223098386895955,0.055260548657341,-0.716542986105985,-0.221350175114625,0.369199781927763
83.735,-0.596057257285171,0.914757501131261,0.429258076576763,-0.483388866215864,-4.12782320607286,3.49186742613621,-0.746542379905411,0.350216754179999,-0.195108672581913,-1.32401558839905,-3.32874459594096,-0.429206456494167,-0.953184332839493,-0.433640213000866,0.28800613761646,2.07765580312933,-0.61603423649196,1.66759910042288,-0.794591790706424,0.0447415710012273,0.0621265728022326,-0.652029873632987,0.00151924192994341,0.385307099511998
83.74,-0.635831438028958,0.851696261806631,0.485295215805991,-0.474078163136487,-4.11156994140789,3.6433004811071,-0.768173970032065,0.343468032079104,-0.245490285669403,-1.48240566166238,-3.48859008405958,-0.417822246931679,-0.917074953917259,-0.454592455015336,0.280172891252578,2.32436819230688,-0.592180738815437,1.56674655194205,-0.796135225254852,0.0425375430068027,0.0721283682488731,-0.619954389710434,0.157821281849333,0.40007955711126
83.745,-0.657064531789682,0.787097920786127,0.515347163422479,-0.474114783940565,-4.13159524150829,3.76427215513251,-0.778218266442169,0.341587540728173,-0.273538231363302,-1.54727436426938,-3.5970809112068,-0.405993517333413,-0.985643087821337,-0.471106403095844,0.351489917766248,2.49955448448815,-0.56685181628269,1.52761490066517,-0.808739258309523,0.0273575728962081,0.0912694231432803,-0.624819867272002,0.252485193353074,0.397897177828171
83.75,-0.651418696848305,0.732923851867466,0.522079938501248,-0.529157125429167,-4.15481119088414,3.85281623674884,-0.798848531217418,0.327374116771475,-0.269620495105547,-1.56747093922955,-3.74916846298344,-0.40072347934325,-0.752853686550571,-0.47905478032362,0.240463607984082,2.47055661637187,-0.4955043827352,1.68491743677587,-0.81234580892298,0.0116476031578595,0.121090931747627,-0.635143634979089,0.243928786380265,0.383660239310037
83.755,-0.655198386249535,0.680968313299593,0.507297089141351,-0.572573698669505,-4.15111511967226,3.88041082302491,-0.819412850670468,0.329674190839465,-0.271644288470611,-1.56447767072579,-3.90945862537298,-0.36494037384493,-0.828684382969002,-0.492211837637868,0.232271329536626,2.96379813285215,-0.582638552959033,1.57081636587028,-0.824660245461626,-0.0107372487222691,0.1533856510289,-0.665605832079339,0.19456959433469,0.371548795735802
83.76,-0.700720323134212,0.597266254560986,0.504250764237176,-0.604489312178687,-4.13045999402371,3.84694043343363,-0.827618936068525,0.346851381594446,-0.257112751457942,-1.62131961946363,-4.02284307712404,-0.361098880805725,-0.909469356878813,-0.51573498753309,0.229807271446578,3.12107826735884,-0.573672515255025,1.56041327381661,-0.82986710190232,-0.0276757583567562,0.181151272990016,-0.696362144764742,0.132963879273848,0.366429161106867
83.765,-0.747666421649935,0.548654329049327,0.54025915579589,-0.573259911549387,-4.10846136875128,3.796074741267,-0.833678519490174,0.401770541827522,-0.289716113375772,-1.69767012998938,-4.18601715878165,-0.413078242212334,-0.841443755933839,-0.53804985238514,0.20598869550594,3.16367120139302,-0.539641726708172,1.60361986982736,-0.847386977529413,-0.0540544438476358,0.215595143353296,-0.737425016285974,0.0597865643805182,0.35654293510726
83.77,-0.807083961562376,0.534055995546566,0.570576127590164,-0.522235872506536,-4.11315161402155,3.70403283274344,-0.862880924179814,0.425242798567977,-0.327776209670047,-1.77874243888123,-4.28556267812454,-0.376438031309456,-0.759948937179643,-0.519177707036357,0.190132932641583,3.28979635503933,-0.458637717932049,1.54992504469332,-0.861914664051955,-0.0663638801374275,0.240675597859858,-0.773932982066842,0.0165637280317665,0.331574087192475
83.775,-0.861055695570774,0.534462301116869,0.640843545857131,-0.450319917603104,-4.15480355489707,3.59472309281574,-0.878367435827599,0.415401070097003,-0.364872518213187,-1.84911383077878,-4.39717749226994,-0.329470375361562,-0.760032702977762,-0.501349198827524,0.169119058141061,3.35560544819653,-0.388653796583547,1.5178355890198,-0.880448795521244,-0.080534844804248,0.255204950579332,-0.797646543344134,-0.0136261987659417,0.299151126016442
83.78,-0.929790477838773,0.561189262357632,0.72114626238195,-0.332094603396313,-4.21953623512884,3.50073069628035,-0.891681222168936,0.398038234955174,-0.415517904757521,-1.90152923220373,-4.53116314922936,-0.29076399079172,-0.754551790299348,-0.484939459672515,0.140029179589197,3.34025287422486,-0.317646624304649,1.45801960665297,-0.910028048863571,-0.0810219531722566,0.264727681247007,-0.824536844741453,-0.0483051178708996,0.256649092644496
83.785,-1.03482361926313,0.632746205267808,0.758966826803308,-0.196171942736063,-4.34731073703429,3.41330788484428,-0.905386429800369,0.39673517093608,-0.461847652761022,-1.97591419917965,-4.64073031466984,-0.29677275501585,-0.702673802804784,-0.459518405665535,0.107346994554986,3.22520741975237,-0.230312560978631,1.35855613709945,-0.924193743422322,-0.0659973919610295,0.264776727768486,-0.84877660062773,-0.0848728528863801,0.220517370774927
83.79,-1.1110596390048,0.734032274623136,0.76460560435314,-0.17461308293875,-4.45038324704523,3.37205982138917,-0.932441857620314,0.398198003258666,-0.468170541589795,-2.00265137393692,-4.71511693586187,-0.295968057531953,-0.670228485760646,-0.427625085696976,0.0803578908749172,3.08460370555239,-0.0776784627183035,1.12676017842237,-0.946060414631716,-0.0634091296476131,0.251176121089078,-0.862551998799488,-0.135079404519576,0.19385744669226
83.795,-1.15852097012149,0.820463746532059,0.758989305271281,-0.212306899782193,-4.55223632073193,3.33961805185295,-0.965962110237035,0.400041941361119,-0.493513887388546,-2.05346247244012,-4.79605129617611,-0.282921345096768,-0.764831397557974,-0.38681127269519,0.0603497663551735,2.9902793017945,0.0111640699406311,0.926482524485455,-0.955534856265733,-0.0549730819330621,0.227194513461062,-0.852678630265541,-0.186465079347649,0.159349436127084
83.8,-1.19204338507915,0.871895704239891,0.715626379954713,-0.314767859294036,-4.66312277706437,3.32251463952432,-1.0063048820306,0.401011082461919,-0.518868164463572,-2.0970164114749,-4.87747762188944,-0.250317272852002,-0.742578200629234,-0.349381767483013,0.0359741622674258,2.82462054582092,0.0454397831463413,0.831955429812145,-0.948120116317369,-0.0491050023644762,0.201710165296838,-0.835346877574921,-0.232950724410033,0.140325772717818
83.805,-1.19389429585334,0.879938665514375,0.646349370620667,-0.369988233925052,-4.70053986825171,3.33940919213296,-1.06367305727902,0.385131384251794,-0.51891949491028,-2.11919320324837,-4.94191563579447,-0.221814878224735,-0.683042177511644,-0.322288950306773,0.00915361200034839,2.86984314081164,0.0509955004766078,0.716516357959956,-0.930067920096972,-0.0462028009388247,0.177092995489718,-0.836316592513215,-0.239535496595122,0.153333103374914
83.81,-1.20191876607815,0.889195568453375,0.587625094758415,-0.398471927541695,-4.67891122933189,3.38948969204641,-1.11601953169135,0.356772656281746,-0.516599144254599,-2.14398633885125,-5.04105989198102,-0.202057477733408,-0.704830313089689,-0.325020704128874,-0.0313102205215398,2.80494631578385,0.079984790603324,0.526186938820853,-0.914200056361776,-0.055185596459229,0.170518212820019,-0.844742533416727,-0.222135753737798,0.148538276420285
83.815,-1.2048943127804,0.907631782006707,0.55061990417358,-0.404979437589645,-4.6305733434113,3.43328319270353,-1.14641785368685,0.337449225817127,-0.52073368760901,-2.12037150992856,-5.08702536037419,-0.181266539030178,-0.735908282533267,-0.3210806762749,-0.0394777018349227,2.63250632296843,0.0661905573335355,0.388407276278458,-0.902858904474073,-0.0680204492448456,0.172856514612931,-0.867422501245202,-0.203210335104081,0.141780583768558
83.82,-1.2247013538914,0.936607951038071,0.523732017474058,-0.391424586679845,-4.53657622779523,3.50151020800553,-1.17053605585688,0.317260401615403,-0.53898428577472,-2.04001369415787,-5.14399468513273,-0.145232698377117,-0.729977672196576,-0.310792524816963,-0.0472437043634292,2.51201650496709,-0.0581240688432077,0.236339454269395,-0.886797479778149,-0.0816763233997507,0.178679483051464,-0.91411689687672,-0.174544500491987,0.134788913566426
83.825,-1.26466106837568,0.986199234576722,0.529974321972393,-0.362387421336375,-4.4135121545408,3.59394117831702,-1.19568460094461,0.2957506806848,-0.547671357156132,-1.94369331512541,-5.20019255678766,-0.122291513000179,-0.74494355188137,-0.304463862253653,-0.0632344886199848,2.48444652371065,-0.251140354670698,0.166545088574639,-0.881595401343686,-0.0898495749919731,0.18600849620352,-0.979901287982648,-0.149455438173776,0.126892251817821
83.83,-1.30178248905235,1.06829659188211,0.561801007383208,-0.335270162951064,-4.27961015477821,3.7140432458389,-1.20907477980628,0.294677481928548,-0.560196065762514,-1.88383619544455,-5.25093779807685,-0.125109767261393,-0.726276818684248,-0.319913970905842,-0.0916487103282423,2.38500577582307,-0.407995996355474,0.182379258700941,-0.873111278109378,-0.0996962241187997,0.189709948285398,-1.06043391642045,-0.118240129027865,0.124338950856739
83.835,-1.34231506949006,1.16185729723488,0.57932979668001,-0.338770769702872,-4.17011640317662,3.84289920251174,-1.2390800067486,0.313632969302316,-0.575114302500581,-1.7958868682623,-5.29817171952098,-0.137097929293922,-0.680641610234936,-0.343472011997255,-0.119197693435775,2.26117045164126,-0.479516392609876,0.203026979942923,-0.871905691611602,-0.110527121774408,0.195074309220324,-1.17297337737571,-0.0730824211954879,0.131258020528177
83.84,-1.38618795962602,1.24106015813998,0.606566189834273,-0.388568141018694,-4.06483308437197,3.98026790247396,-1.28042382141445,0.328185328768894,-0.578935774349974,-1.7509339598646,-5.32413287685995,-0.121221222956097,-0.625362626285885,-0.362276758464674,-0.137443661737171,2.0612930495577,-0.511799162538346,0.21884964326673,-0.877029337634253,-0.112117650555037,0.203159881117028,-1.24216784541701,-0.0214238279716064,0.132952183485031
83.845,-1.43483624935682,1.28134517788265,0.632596994227161,-0.451659762513639,-3.91545727365362,4.20645195094491,-1.36062792286351,0.332967305721462,-0.607973280353854,-1.7835325551469,-5.39062442776749,-0.0953181788818093,-0.598369363214845,-0.364764086651956,-0.143134560121726,1.89683560158017,-0.52032786557997,0.195507307638053,-0.885999899170213,-0.124280476954057,0.203606262368451,-1.29695292856727,0.038672114309088,0.121572961436026
83.85,-1.47143358076976,1.29940149391076,0.636238933118181,-0.493433991797367,-3.78218818842977,4.40298016542449,-1.42616250742935,0.358914472430143,-0.610755685306313,-1.81898267782528,-5.43700333304104,-0.0628389104708326,-0.578625689699334,-0.366847456441886,-0.14802013154874,1.75149749940223,-0.524243048937997,0.164230908682352,-0.895870737223392,-0.125848403152454,0.199025695453836,-1.30765895694243,0.106025958163322,0.100295049989272
83.855,-1.50502677989434,1.29821655951613,0.642433740533013,-0.52352098587224,-3.62430915855632,4.60445524290691,-1.48099243415709,0.396368700226317,-0.611518644933706,-1.89146709565971,-5.47887834007112,-0.0337195516029168,-0.565235867095707,-0.371200242114788,-0.15172949015733,1.58793074238847,-0.500045628911647,0.130996168199799,-0.895430616033078,-0.118510947045467,0.187770314629242,-1.29341562635756,0.165569163932746,0.0824974075373454
83.86,-1.53950370374477,1.26258543600699,0.644686089656717,-0.541137078429551,-3.4834346626385,4.77133329134665,-1.50907402020917,0.425323982075815,-0.625077806843619,-2.02034145928068,-5.50313105483983,-0.0110730568588355,-0.552962031410229,-0.375575350774822,-0.154015139311102,1.45021802985839,-0.460064685887874,0.107396049687567,-0.893005010788029,-0.110288894582153,0.157602277588129,-1.24230252631864,0.246594789789831,0.0668579601910283
83.865,-1.58810308849911,1.22233216967376,0.63595696204809,-0.553348277069026,-3.33100629817996,4.90267623699984,-1.52085960337882,0.476493889080093,-0.631744655407129,-2.14614564516397,-5.52167342603216,0.0135670402528685,-0.537790580248953,-0.382391494094629,-0.161779245590358,1.29969662562861,-0.382339436292791,0.0985102280974388,-0.883743293177463,-0.102099775906625,0.147738088101504,-1.22620623844522,0.315313003856936,0.0565040466509084
83.87,-1.62951035473556,1.17229782769749,0.6280616630644,-0.587708191112562,-3.17456334417707,4.98664110081791,-1.52024561435399,0.50814854759901,-0.645575795553814,-2.32592878818313,-5.53583694365167,0.0453227887113576,-0.525586615332949,-0.387607576866919,-0.167291062904109,1.146647696426,-0.311017723851632,0.0969784785698806,-0.887056332128866,-0.096843830113982,0.145748354444001,-1.1608092822714,0.387365284235859,0.0425421411257986
83.875,-1.66658606445273,1.11481393608029,0.631115899659742,-0.62551527179722,-3.01222775779513,5.03558160563416,-1.51576088124187,0.560136307813774,-0.658450777874451,-2.53839284291009,-5.54994818088599,0.0868280490487466,-0.523675801276398,-0.381621323652018,-0.170754384092056,0.992015689307593,-0.270950490028558,0.0917275270139694,-0.891613463211059,-0.0875318862001101,0.158300816353162,-1.08814279537426,0.427995011035625,0.0304620155866967
83.88,-1.73142067981314,1.0716963721263,0.660005366515751,-0.662439379931407,-2.8614291263317,5.02894215203858,-1.50633477747075,0.610100971353892,-0.680459598009953,-2.72218196952362,-5.546344253061,0.128677563073377,-0.522226342411111,-0.367943634771977,-0.175015708650806,0.903202184650548,-0.273250637545322,0.0697893108027058,-0.901666735107001,-0.0656355361621055,0.179787307604577,-0.977011088904228,0.44992249933625,0.0126653487982074
83.885,-1.83513259666249,1.05460901533233,0.697586980837217,-0.677276886438777,-2.7708262380169,4.99184967913956,-1.50377219274723,0.623414536120849,-0.725419039237611,-2.85974353276688,-5.53346044013401,0.146492071991307,-0.51809029850909,-0.35670586550576,-0.178308431571932,0.162913233727314,-0.320119403854947,0.044654033822576,-0.917846748971336,-0.0466475170269377,0.199675295201404,-0.863117797374736,0.440819772594156,-0.000685735200364342
83.89,-1.95379303675341,1.04612440325495,0.719552206670504,-0.686573935921043,-2.72055598525109,4.9411476406536,-1.50719555198139,0.617648259733255,-0.789423935681494,-3.11761159599717,-5.46852807711766,0.167233949019891,-0.512990183330426,-0.33811967056876,-0.19027203104947,0.954351711361486,-0.381735151043413,0.00153247801679937,-0.925241913304775,-0.02795695284427,0.222579100348718,-0.750608524233908,0.419428423741907,0.00135053374755756
83.895,-2.07065451124404,1.04491142127008,0.699467922530112,-0.716292509314689,-2.68950850125107,4.90033525803746,-1.52976088017567,0.597081166439473,-0.837785733078582,-3.36849695221713,-5.40438323111056,0.181175112228199,-0.507993296245125,-0.325693110352306,-0.193424500896512,1.05043048059333,-0.432404771313134,-0.0547108491134382,-0.935017467427761,-0.0178999233810223,0.237092539294485,-0.689079628467232,0.407164330262275,0.010102454417847
83.9,-2.19968496398562,1.00715182355856,0.661421583338609,-0.806034037746753,-2.63613300574513,4.87530784237858,-1.57388603534948,0.581537953688319,-0.886430903682069,-3.6756373623041,-5.32364311283201,0.181694687099512,-0.517951295996261,-0.310284630471693,-0.198378898275391,1.17855934413921,-0.458979567672674,-0.12290852360528,-0.943445281335435,-0.0108479361715717,0.251912280207014,-0.666702893561303,0.392668103006044,0.037810493940959
83.905,-2.28419442203226,0.928082727764802,0.631360591650675,-0.883564072807288,-2.57596023377066,4.87878495939431,-1.60393918974874,0.528440436890091,-0.954677385751343,-3.85862900933925,-5.25145777859938,0.166604158213798,-0.534008591883487,-0.305329767286671,-0.202601780133131,1.36463005951727,-0.45081753401811,-0.204382546800793,-0.949482702814145,-0.00638240839601041,0.259668369239938,-0.666586586815534,0.40095680885408,0.0517422820926065
83.91,-2.37199786421816,0.783985295090063,0.549590709305307,-0.943523553164148,-2.50276482793513,4.89539386257263,-1.62856027158542,0.435248699200495,-1.00539410136742,-4.03291490132413,-5.11182605556107,0.137560027247026,-0.571934680855684,-0.301645009293087,-0.198194675948147,1.5096035155639,-0.429408944231221,-0.266095767430471,-0.96401035832592,0.00139607734031892,0.268333408382897,-0.692041144109204,0.408039457928919,0.0751650442448048
83.915,-2.40822140385849,0.666429237868199,0.48566081557771,-0.993417469061162,-2.39769112435818,4.91007400380287,-1.63359509804777,0.337500226512075,-1.02717909552586,-4.15100644772763,-4.9757102291436,0.100198435034765,-0.631964959042246,-0.302114225282251,-0.178650799346206,1.67121108684227,-0.375665723893677,-0.342630779628765,-0.987547220240922,0.00662595435508306,0.268357752058441,-0.718016633763188,0.403896258582668,0.0919114399519669
83.92,-2.45466951186811,0.533102882079288,0.450896887576524,-0.965176644184225,-2.26018536758857,4.91213127020647,-1.61584112513413,0.259450728058752,-1.08196924758261,-4.13468667855021,-4.8453292667471,0.0466662936130079,-0.700992142973335,-0.2985174278731,-0.142915410640722,1.74244641720607,-0.307480956257032,-0.422638953667168,-1.01285752185376,0.0135317194798704,0.263081198658002,-0.751408835253418,0.384516477793909,0.104095201118304
83.925,-2.50255603580259,0.429526859196405,0.406623939728258,-0.874621334346683,-2.12592660205122,4.91913744338544,-1.56924327467959,0.158839158765829,-1.15587170060034,-3.9658562434379,-4.61036358022491,-0.0110821644528299,-0.782915474618236,-0.287267747375535,-0.0904039772599171,1.78889814746785,-0.223022650393504,-0.529506833845515,-1.01987101441892,0.00854138364280542,0.259091203998783,-0.766211333458341,0.343626675043287,0.112639408708773
83.93,-2.52579646302239,0.384592866295375,0.277665941072331,-0.86162528434941,-1.9695118597204,4.90454914214011,-1.54838782238005,0.105944748597642,-1.142118728223,-3.70655200941705,-4.39681131617111,-0.0662128242803728,-0.901796857592002,-0.234026766059775,-0.0175271066368541,1.83868505223268,-0.167144398149831,-0.604189353055015,-1.02553598740863,0.00876865903318981,0.264622471084689,-0.782917578505635,0.298541017184903,0.106802813643293
83.935,-2.46786828432007,0.390950138025118,0.179809679520223,-0.929369588722299,-1.82549508700134,4.85651141545591,-1.54237467294686,0.102499873632483,-1.11188149930368,-3.4495688640348,-4.20255077071861,-0.114094805253986,-1.04033386553769,-0.164626678855713,0.0381363846402243,1.95406850060413,-0.130372098506147,-0.627176344959267,-1.01195558525681,0.00561800646134821,0.271127210011262,-0.79053537147727,0.225422720387236,0.0965480503664353
83.94,-2.30176906178775,0.375054141453122,0.0634463837191227,-1.1538853920858,-1.63751528924088,4.72816110952259,-1.55469894852658,0.125606281175388,-1.09541126022352,-3.15890574022894,-3.96305747291458,-0.150413143140377,-1.16909801522661,-0.0946609101920565,0.0776312101214501,2.1247153699087,-0.100708076022165,-0.61575940981674,-0.998858373518776,-0.00121349287956047,0.281798572520164,-0.777648945607104,0.142845915116257,0.0790050733235573
83.945,-2.20079092471317,0.268565006461447,-0.0154523715488195,-1.30342263270537,-1.43994576915884,4.5778091622997,-1.55242794432476,0.140742371727836,-1.15351591959986,-2.97101418142835,-3.80055145175762,-0.177661508714419,-1.29055819834303,0.00905110903258489,0.0730276642573915,2.32485040955415,-0.110246701903812,-0.604054760647006,-0.990242242624135,0.00857399829524709,0.283128632451402,-0.768246839990168,0.0545534587921965,0.0652166334563618
83.95,-2.1590337588936,0.101386143026323,-0.0865404694461876,-1.3074361589107,-1.17627008258606,4.40622169190998,-1.51684851270468,0.150445226677769,-1.20161857146532,-2.78398387012383,-3.62535626705503,-0.176224542025106,-1.38334808531739,0.103501351220643,0.0548773811801295,2.53722261013616,-0.121812869864289,-0.538533861925531,-0.981015866806511,0.0142802200687122,0.280486385790005,-0.755255926070636,-0.0547229518112945,0.06533924852684
83.955,-2.17940671285916,-0.0930548119047935,-0.169383651642038,-1.08630742509155,-0.898457667274897,4.22520359098149,-1.45418462259416,0.157127838213001,-1.24966412962302,-2.6142511741504,-3.4800948523619,-0.157902655029226,-1.5000781555293,0.24369617297402,0.0457790714239526,2.7737380843163,-0.130748729931265,-0.452252675571449,-0.976972889690152,0.0178338683009794,0.278315317913516,-0.777457438352744,-0.0990930625121329,0.0788931699586138
83.96,-2.24429710779792,-0.250033756499249,-0.249840434664944,-0.671928047782609,-0.649751701254737,3.96414476300911,-1.33770599545723,0.176724118621183,-1.29497885572825,-2.32449605166299,-3.24027914709891,-0.0859046150062582,-1.60031422812532,0.365251417713508,0.00880767474196051,3.0199697649273,-0.0884115769901521,-0.31890693404976,-0.972943695032988,0.0182281631641089,0.269117978396231,-0.811773665985643,-0.0942254555046593,0.0978094835580277
83.965,-2.43864337590653,-0.264902102573279,-0.379952681870085,-0.318602312154539,-0.507476981890991,3.64294513361121,-1.22446557852266,0.254125556323,-1.29612187298597,-2.04997934444792,-3.04220327775297,-0.0110904807060665,-1.64428533762978,0.510532146016545,-0.0121694460542387,3.26242223607964,-0.0368335700855179,-0.138631419455451,-0.989941677131283,0.0207076773818888,0.282062751370313,-0.84804415142043,-0.0738730692397125,0.119503112595163
83.97,-2.52181879873926,-0.182874562939385,-0.429429453604459,-0.19929844378389,-0.453318947618147,3.2548055774939,-1.05128388988579,0.417452021994137,-1.3335447775493,-1.69078849420428,-2.73910901231152,0.127383495273971,-1.65559543369065,0.716921018684273,-0.014002452107598,3.48964193989583,-0.0160958440143675,0.158523350578337,-1.0122109404938,0.0159620977378963,0.294329603699217,-0.863708002383643,-0.0405705389117295,0.141537414160399
83.975,-2.58681533768998,-0.212694820873096,-0.488297074319424,-0.244720985531471,-0.471204164118785,2.8007690255092,-0.905560770234231,0.518156614922817,-1.42111656223005,-1.4704322600492,-2.40911425831478,0.282608487894494,-1.65329727102539,0.980711567811684,-0.0132399152448284,3.70927884432397,-0.0224560944790795,0.64387927341633,-1.0437681997403,0.0217090065282304,0.294789694199165,-0.893996573468995,-0.0128405536154669,0.166466305464147
83.98,-2.62859430719688,-0.360537642221844,-0.562085249970005,-0.318720251113496,-0.488600647322308,2.32184591669063,-0.796945828716497,0.479134366329356,-1.49515518960937,-1.40158237491156,-2.01911947562645,0.419913664862663,-1.64823696567408,1.18077022639566,0.00563130150475327,3.8083794826512,-0.073725292495321,1.11303516345829,-1.06400158127913,0.0248686768775115,0.290500662598411,-0.910585232390936,0.0122546886404378,0.18910510004427
83.985,-2.58819133029779,-0.554418998477463,-0.70986869704236,-0.333352631123944,-0.428556830424995,1.9540748625007,-0.80083717192517,0.357884056902243,-1.51677753817612,-1.47099510681627,-1.67906731478709,0.497923970322572,-1.59210001944123,1.32764870320685,0.0818983255339528,3.5935395797095,-0.281580090827104,1.62405579012359,-1.09276204458086,0.0294263133803003,0.272034128627541,-0.917297682301283,0.00474752106112715,0.212464367969662
83.99,-2.51389721875136,-0.675321333720819,-0.8243731336108,-0.328807701508335,-0.291680706493683,1.63530759150497,-0.860270259661181,0.186247036888894,-1.47300449860075,-1.52639717943689,-1.31914633080878,0.543950469271157,-1.44577425486181,1.35267633153851,0.157093220448975,3.20221175852192,-0.474317808297123,1.65594313991617,-1.09844979137211,0.0370482218227854,0.251208118184232,-0.925752282142639,0.0213556020978783,0.235745586165721
83.995,-2.44824336356056,-0.738336813631306,-0.964125520772663,-0.322439614571886,-0.0636818059641321,1.29771575183799,-0.92752978447255,0.16563827870433,-1.54221138032452,-1.55077030859852,-0.892979114412499,0.569185282936404,-1.22436048162655,1.25223354612731,0.178378620144911,2.64657055241789,-0.636994119082024,1.29233332355521,-1.10271415673728,0.0369628077371018,0.231954157652651,-0.933961620565994,0.0671392730029393,0.257482562721046
84,-2.42613896677967,-0.712949255929412,-1.01677224612633,-0.387700949401006,0.193235897564303,1.03512594181906,-0.88246586847683,0.128282214178149,-1.476653770533,-1.42890763950947,-0.603900318919424,0.523676754594077,-0.969487456905517,1.05467386990473,0.146258945641278,2.0356306218719,-0.680653984534614,0.584167360932649,-1.09265109821281,0.0143725335884333,0.220951862913043,-0.963962180498565,0.12859028581394,0.284084472447539
84.005,-2.45712873128477,-0.66393798608971,-0.948122257828736,-0.592317693642238,0.59323887308053,0.702798235056269,-0.862415237293708,0.133644704412623,-1.46647996058442,-1.39518176613012,-0.166551446939664,0.481669941653283,-0.827445009687505,0.875198554955187,0.0874542720751322,1.5843384640855,-0.627285985984739,-0.0380646465629421,-1.09112327681468,0.00552527687550592,0.24209385793967,-0.987510027078359,0.165263143149525,0.310180780239038
84.01,-2.48193486256974,-0.629658606286342,-0.862096139902924,-0.719599492170943,0.842955659695043,0.516815828910707,-0.820103888860463,0.0916499394144683,-1.48310056342004,-1.39705698092682,0.19027698316565,0.455846871318459,-0.764419642012278,0.723076861620555,-0.000447280754284331,1.20342870815313,-0.585687384307485,-0.507370587224352,-1.10240204765811,-0.021965934047312,0.273592029806447,-0.996128502767307,0.184863405588034,0.32665345828389
84.015,-2.4665055660899,-0.57618864779124,-0.766946779792635,-0.794088145477217,1.07645284201163,0.371703756627418,-0.794537448117597,0.069474176360324,-1.48509781270005,-1.41588975150584,0.613639100827596,0.400603936940467,-0.805336192320599,0.63237484937641,0.0234007121773014,0.999978408120284,-0.412826426410198,-0.889981295587366,-1.12503325874477,-0.0420269488807137,0.302417526593042,-0.996225681600909,0.173499103951503,0.328289272939206
84.02,-2.43276252629995,-0.495439511408578,-0.70415318533556,-0.769749931373198,1.30071635883865,0.247235026715774,-0.813870697424972,0.0598633365471945,-1.45621357853038,-1.39716824039482,0.927420469522485,0.367896780198471,-0.83117822076735,0.561068023677423,-0.0455017315185654,1.25396830610782,-0.119686273777263,-1.2712721807905,-1.12317268278184,-0.0562155449073549,0.324841088008751,-0.968993315855387,0.151611692045219,0.313322023363176
84.025,-2.33166057205635,-0.394095711301474,-0.64845611927568,-0.755593862100667,1.47293300992108,0.155474577958194,-0.825903274840988,0.0758794321633941,-1.38589149085119,-1.35332021489302,1.34052961025081,0.327162909100924,-0.908699179778761,0.424843209343005,-0.100126576642535,1.23643232423362,-0.100012995276119,-1.49355753507812,-1.17760889021778,-0.0745229712097839,0.362709349162844,-0.909570534751792,0.120778672133187,0.261044422666413
84.03,-2.21284274056966,-0.3279277135581,-0.563766465892717,-0.778267218658172,1.65768801595962,0.0356455448224464,-0.851058350574943,0.116237512391897,-1.32697754275654,-1.2736738710844,1.63963657011511,0.316806220020318,-1.04641593677853,0.309143408949749,-0.0477247530212181,1.18098236422615,-0.163564495712442,-1.32961725711501,-1.14512630818426,-0.0650310500631551,0.354521104130578,-0.864488923279409,0.0914516149951635,0.207684258431799
84.035,-2.07689815729823,-0.306561028297224,-0.493203878237972,-0.809622973815698,1.83096614286035,-0.106782068992912,-0.888610854390272,0.162508791555299,-1.23626318614868,-1.16927328267044,1.97238157941898,0.350498341395303,-1.18035127860022,0.212060966188768,0.0404846237903819,1.12130315231595,-0.24460499796552,-1.1007463736762,-1.07061608871803,-0.0459606471626348,0.349031782582512,-0.834159861802598,0.149220533610967,0.212766157813865
84.04,-1.86212092881424,-0.274340965191245,-0.437433983998417,-0.779944331295339,2.03219193358741,-0.354935834323881,-0.947789369503688,0.19966635828587,-1.15112307759259,-1.07723573844951,2.22521552864842,0.388995929946974,-1.23317398832785,0.161837267074103,0.0837685603466109,1.06888734091158,-0.329915246389794,-0.987520429040193,-1.02529859502653,-0.050096210065353,0.35042835021337,-0.793475050141452,0.216512982140627,0.211641911516936
84.045,-1.68951046670765,-0.362132640090377,-0.338038571460812,-0.766737084531252,2.27646442796908,-0.571028496027049,-1.0075639364788,0.144157808973415,-0.981333469759521,-1.0797152467505,2.39769051114958,0.423305228608438,-1.23662157799296,0.0799731934650173,0.112827516132407,0.99567011623608,-0.43959830887787,-0.983512761587702,-1.03634271433545,-0.0237221847211937,0.334786661255789,-0.774359761142863,0.28284777667682,0.247352286645924
84.05,-1.14923024506766,-0.331947642996786,0.011218944144194,-0.570688892095539,2.88405052224944,-0.697760308819652,-1.09915965099306,0.0132239313655501,-0.393915182822156,-1.12143103148203,2.47999219485794,0.44118847013447,-1.19279669607119,0.0109879322348094,0.0971254005007821,0.902573054765899,-0.562061686371809,-1.03310073483205,-1.04797419256252,0.00986999396623056,0.315292259238629,-0.756142313173112,0.380547704839374,0.337676936109955
84.055,0.608108202796426,-0.0354543575977733,0.641244830874343,-0.228051043220383,3.9569019647337,-0.74705411975473,-1.37521620229779,-0.330358700323649,1.11552457725833,-0.969528412729563,2.27120048138075,0.389514405981629,-1.11424814331594,-0.0330562732838972,0.0824575653841907,0.721130490437682,-0.677847099604665,-1.02021558344565,-1.04960238875772,0.0308058063938292,0.338076865398125,-0.734338490959741,0.478154956892571,0.461268304429984
84.06,4.68966363933039,0.23480009966132,2.60588654427123,0.311458882764251,7.17565752148807,-0.524372652023879,-2.31044611941972,-1.52647631807669,4.1097376153343,-0.412032581795466,1.17063149591129,-0.0858852828918108,-1.02201297317821,-0.148950352360931,0.0838320941288073,0.248318380631406,-0.898445851623429,-0.940262141813976,-1.05613034670341,0.0314814021552358,0.407601684866194,-0.676562649178717,0.49496695612252,0.575230561034396
84.065,4.80996428718133,1.35116310325458,3.48896208861585,1.0237591244211,7.6336383500224,-0.130630859513614,-3.28672993022559,-2.08868092295286,3.49270840504341,-2.02740450916989,1.11696686511962,-0.556211626719751,-1.08475638448912,-0.0752719456501343,0.0762317009929649,0.140712025187351,-1.00676525513328,-0.817898040447823,-1.11021311716116,0.0266381276434347,0.439067789453054,-0.522697080845881,0.402063781943148,0.645155803801747
84.07,0.597972547954564,2.20276942390965,3.94494603833704,1.06758745024863,6.09700699312642,-0.540869776161761,-3.03251633898175,-1.35062755891753,0.881013628520865,-3.006892222707,1.15515580374698,-0.466230126891382,-1.34066359181551,-0.0828044362991164,-0.0569200226491372,0.455835809210449,-1.05089624136289,-0.676146086353608,-1.20809203319193,0.0515714956872115,0.410448437148571,-0.307686300100713,0.309134908829161,0.609727652612794
84.075,-2.60146394461424,2.25504015593325,3.04579413543026,-0.363206519760439,3.52516883979835,-0.462873121277752,-1.19677796289677,-0.125650793843701,0.171417806426849,-1.35611848020032,1.23418603978514,0.209052625240898,-1.64105053532814,-0.16765828984539,-0.212564709726451,0.673872708820451,-1.00913872911185,-0.858739820611959,-1.38289661991608,0.126498507997698,0.323199601180068,-0.0861048901452118,0.356125704874286,0.519031648965148
84.08,-1.84792942426034,1.22306416344884,1.14216234434354,-1.51186867794912,2.49346631999393,0.415596616817091,0.152845559086636,-0.150362613306194,-0.0198036768046539,-0.0714705488045745,1.13484649019939,0.726441191972962,-1.64309883417281,-0.346111703277118,-0.214473075004734,0.355386339435265,-0.933221298747963,-1.28891038637176,-1.52429615940248,0.193551619386756,0.247746718712459,-0.0267492670733506,0.461202217226028,0.507273580962517
84.085,0.0151571693162655,-1.00067237589409,-0.310257194783631,-1.76028147019619,2.82203405999959,0.659226157776678,-0.437145417151134,-0.336356691179409,0.0363903784911662,0.730479409576092,0.915444506617666,0.829500386731838,-1.25205464154113,-0.478074485858772,-0.18719737346486,0.110376538867464,-0.74267530258003,-1.54952093062504,-1.53714058176473,0.182344404344063,0.208971764058227,-0.19855333311562,0.513079022852656,0.534402534081165
84.09,-0.418126727013265,-2.41683060052853,-1.51290174052507,-1.13699878863153,3.77989472739591,0.0932357237929536,-0.743919152624391,0.267637392034391,-0.510359157804535,-0.846701802393399,1.0101485491126,0.369086854938587,-0.736255339889287,-0.509722794899939,-0.371618342726492,0.605069143374816,-0.342722100096097,-1.66936016571843,-1.47792359621864,0.134927334574773,0.231517509414693,-0.41094236171115,0.371988036693244,0.543625044762647
84.095,-1.51102672954308,-2.08190707310729,-1.44386911444981,-0.224961709185155,4.45604126873681,-0.633190076144744,-0.348001010174891,0.484728266919247,-1.23680603593559,-2.24756177150494,1.41658246313181,0.477741452501514,-0.437409554312998,-0.492883123983832,-0.62755347125494,1.50179035891904,0.0926181704507338,-1.62703309584673,-1.33644512319548,0.0703869246783924,0.255291279917083,-0.612988480430599,0.0381152576363806,0.542219817638397
84.1,-3.46516176455481,0.0339656037297373,0.625803464997977,-1.57610697570197,4.84121018084416,-1.58124205355389,-0.358396245196287,0.342900833557571,-1.54952745327352,-1.97437012259008,1.80259228417402,0.500621233860291,-0.370782880078843,-0.376745514471464,-0.838262099901412,2.32373393046608,0.568965943260354,-1.31267262058474,-1.17973381604479,0.0079441685166531,0.249820926930953,-0.730381131009575,-0.240293222584489,0.534913021217682
84.105,-4.50045514915615,3.27448925856015,4.49083360312725,-7.95399277435023,2.92737671563112,-2.60430523754851,-0.802629186109356,0.292506254326517,-1.1303740974831,-1.01882049364322,1.86984998636383,0.357147530126542,-0.468893753842772,-0.224891746629919,-0.809262345044261,2.23947541886264,0.685850199914724,-1.04547636181661,-1.07694798877961,-0.00528163352129525,0.232686107094361,-0.770289932981094,-0.241272005189493,0.543441534042358
84.11,-2.86648854463559,2.30489163948995,4.63525889935496,-6.36629363071281,0.132822615473734,-0.748681344638418,-1.30987194856503,0.0507885017027373,-0.245228593617994,-1.03560495609796,1.6792851458948,0.35053836878263,-0.630969082875356,0.05042458499732,-0.620402477897734,1.83649130122192,0.682085069621686,-0.867690387042676,-1.01963745979687,0.0167227097723165,0.218125752883221,-0.758417476670848,-0.101420736535092,0.540635375637168
84.115,-0.817124528490092,-0.0950088184675134,2.75663566192717,-3.05107786853219,-1.36262359612576,-0.0734969180684832,-1.79875380856712,0.260655375894302,0.247517083486707,-1.35794955625217,1.58256920984046,0.496525589368152,-0.833468359529671,0.276038198952036,-0.371299811427577,1.67403046405966,0.610398166199793,-0.825861155880257,-1.01126058561575,0.0505558975181399,0.197906683162527,-0.674738227155941,0.0358133298671306,0.526478194379136
84.12,0.0204660488178625,-1.12815340163745,0.650811191953878,-1.48982238829695,-1.61909973866446,-0.494099456515667,-2.24222881564235,0.504615310962142,0.143266388279218,-1.66882962065251,1.56258925620412,0.79651089068124,-1.14928347740675,0.344087291069652,-0.107046955811153,1.74323838281995,0.407677382515067,-0.759133055530478,-1.0491680311941,0.0853649000850893,0.167949229999025,-0.558492338726994,0.121719852759972,0.494607190563285
84.125,-0.662251281323016,-1.13628375814996,0.252214930521499,-1.57973886580399,-0.910465127820491,-0.913371191393625,-2.46727467295461,0.167508079584495,-0.534105075065047,-2.74107353325281,1.72372237808811,1.24897187917351,-1.94741075046754,0.129121917938369,0.201647048512884,1.44551163236777,-0.133652327208507,-0.578861155030469,-1.1992633034513,0.151414127813821,0.0832339725508884,-0.417154515585324,0.192338862565775,0.428126169617822
84.13,-1.79517877659176,0.931701423275447,0.583039970932239,-1.37882173351236,-0.779692450639593,-1.23482147365597,-1.94626568449444,-0.261384610116326,-0.928481308889316,-2.40867292854508,1.73521339943048,1.12743021276136,-2.00150096402998,-0.0830597831420341,0.194147856934558,0.583571345734317,-0.423269151419763,-0.604916003000118,-1.33470754615697,0.186422423858726,0.0231788363455539,-0.454755227194672,0.211917976644249,0.410359882057719
84.135,-1.34916102495322,1.71423627048798,0.584081767751826,-0.798628692029864,-0.551628551578426,-0.411609769403675,-1.08315275832052,-0.419328062132467,-0.486621434548369,-1.67365167713868,1.64061534252769,0.744666936957421,-2.0015819668737,-0.208589891272877,0.164118470820859,-0.275850355350367,-0.530456405371133,-0.519570522572623,-1.45969525524922,0.208195238369617,-0.0298468419680889,-0.672574006552358,0.236211972967239,0.425069374265165
84.14,-0.710211575104997,0.849020430120971,0.797421765403317,-1.10172427594095,-0.151099122339555,0.279025290250332,-0.843716853277394,-0.350577871738042,-0.196471682289182,-1.55037542404635,1.53792255079122,0.518161832252983,-1.61947133112507,-0.249096665657797,0.100191260635087,-0.744862716514316,-0.519723165589596,-0.295102537416348,-1.51405413652285,0.184217624130933,-0.0641548243782571,-0.902912099737209,0.194489122701285,0.454435299240746
84.145,-0.528857058237503,-0.401887773971191,1.01065328128728,-1.04121559216198,0.15935113296836,0.515182066518574,-0.788099038127157,0.20874877091324,-0.336220385989426,-1.00515053905778,1.77275240899932,0.859589335201138,-1.28316380356309,-0.153310951364115,0.159367045780535,-0.911621888685198,-0.146431577365754,-0.720018158903085,-1.42997291441243,0.148276067740672,-0.0803698304424538,-0.64453156017198,-0.0172065641406204,0.489686965942383
84.15,-0.628980694660135,-0.413190313902419,1.13828934306955,-0.75434543789054,0.113057329541567,0.295741951532388,-0.939119099100674,-0.021886973793678,-0.265673308925439,-1.53436299226139,1.38669307120067,0.433516460920981,-0.926443163795728,-0.209507423599436,0.0252130146074359,-0.88971016206032,0.0136839983384107,-0.835862741768876,-1.28756709116447,0.0998273541579274,-0.116018082592371,-1.11793958009547,-0.173708882851815,0.458745626227148
84.155,-0.547736557207071,-0.0788016687768005,1.00527858552852,-0.0693049398504049,-0.00690490310905448,0.0735395804766872,-0.997298253062536,-0.244920928091316,-0.212473859451006,-1.10022917369992,1.24680330622771,0.491421545659091,-0.658995993097099,-0.277332873541441,-0.0473627191995639,-0.733675587801896,-0.00703552858489335,-0.758161683025528,-1.14937160310485,0.112315034791062,-0.161414480681198,-1.18275216521981,-0.298561267808228,0.40011465542026
84.16,-0.560845175665006,0.528739294008706,0.72282234156263,0.293137720934744,-0.0773125907279706,0.0493585399704737,-0.958449584066113,-0.290713234652353,-0.107976632658693,-0.316519153857682,1.16844017443613,0.601685086702723,-0.452348704199046,-0.329086483043604,-0.057394707602925,-0.383351738470658,-0.0589771608331536,-0.771553849301492,-0.981135796959383,0.175463202825959,-0.22835490291834,-1.25026379246428,-0.210535583981261,0.439325744861427
84.165,-0.511206898340651,0.609985901909433,0.674221333802983,0.183989591322413,0.0338127517623844,0.15660880472493,-0.91479500442746,-0.285522913247434,-0.0340469310617567,0.369142874426994,1.10679517648953,0.639330897131911,-0.262660300319565,-0.340313899790286,-0.0406045564279903,2.99827195185398e-05,-0.10694238312114,-1.02380260646216,-0.838933121128191,0.192564696987735,-0.269049184210308,-1.28333710043952,0.0685108050267633,0.474760512143294
84.17,-0.42744856409202,0.423087044382083,0.793188996683566,0.0298223765320776,0.114235536709664,0.278738617445601,-0.949282410679213,-0.30618984375539,0.0619084154235427,1.12349713523681,1.08755904309909,0.644447490513077,-0.0956201569409411,-0.335803245541549,0.0140084354454872,0.228853557071669,-0.116160460384822,-1.45851716252486,-0.749252978100493,0.225456777336861,-0.267238869037495,-1.27484791537143,0.37533834178388,0.502951577378831
84.175,-0.414482102397273,0.202170681887122,0.948437694503479,-0.00217052468334624,0.163550143253701,0.271925613498784,-0.972479347792777,-0.209606184474016,0.0978091986423939,1.7507050450982,1.06088711820494,0.653653595511813,-0.0783902330618953,-0.358528324093055,0.09147495873691,0.172622584182375,-0.128763778764452,-1.95669809974576,-0.72698046862647,0.249871781625792,-0.262754429458308,-1.25141558769096,0.571539300514994,0.53677278766012
84.18,-0.388869216263271,0.11127966485289,0.937160370172237,0.133393546875255,0.14793462064952,0.179973711143823,-0.976906858109979,-0.0148522902351132,0.131465175228101,2.15414875447967,1.03064479609777,0.657860406091341,-0.146380922211015,-0.415075536696305,0.174115725124994,-0.013156242392928,-0.137512891387797,-2.41104665486547,-0.721808606754845,0.24429011203914,-0.272823145602685,-1.22658838860972,0.710873064301971,0.587884667516325
84.185,-0.401364038321153,0.20317259336475,0.88935577975281,0.234740964497479,0.104542657149836,0.109074122052386,-1.0035681545748,0.0976197122779886,0.134155095754311,2.1818308029497,1.0462886604236,0.690772664883917,-0.40597755004845,-0.521997669359082,0.278331659003909,-0.119871388636806,-0.082671729127506,-2.57919954674782,-0.709471159481924,0.214554061935022,-0.258137500315584,-1.27400550532912,0.799893690734608,0.606810118898714
84.19,-0.455156632547187,0.364595065071003,0.799651465148584,0.248856048466173,0.0510876095747391,0.06412995130535,-0.990892989821866,0.133951272659613,0.0797104312397425,2.14083187183637,1.06472018715814,0.697094006552917,-0.746129635720187,-0.598734202874024,0.39429689992454,-0.350544785440248,-0.0051806432911435,-2.4851923561809,-0.681169355241335,0.192358680165665,-0.260308183119351,-1.36011330319741,0.818400701150826,0.575431068309123
84.195,-0.535367713528356,0.378470388045128,0.771140007029108,0.185619654685706,0.0532840767718606,0.0765413744532122,-0.96543422230944,0.202850286146646,-0.0138898722066822,1.96966079711508,1.08900159013088,0.679351614218744,-0.97442205273767,-0.595465544794771,0.433739369927292,-0.53764747708045,0.00448738194645956,-2.17803478507527,-0.670345772796431,0.175810696753371,-0.247651194023007,-1.45048633338239,0.811429068104258,0.526576323587848
84.2,-0.565142832495278,0.307922371692034,0.78043598062035,0.12625267812776,0.0886583103253488,0.0934461276712634,-0.969874886656014,0.391465232343091,-0.0789980982691024,1.62204992911962,1.10213190950764,0.637183210486325,-1.16675200798125,-0.507520105216647,0.432211691286806,-0.737838484711463,-0.0630347774699834,-1.69247754610177,-0.701941934753803,0.16778292300556,-0.226971234793259,-1.54252843256823,0.779198264838821,0.482772687570917
84.205,-0.502472314112819,0.303745162772086,0.820693339856279,0.0725092643375809,0.0967195162288551,0.104821438354495,-1.05297587629989,0.656205939777156,-0.134485743547062,0.89567562436713,1.09415318650247,0.556090859370791,-1.21696412094742,-0.365732935068166,0.373954336552257,-0.856185622779091,-0.152848531757134,-1.3058721296905,-0.749024241060414,0.165903576929658,-0.191063206416985,-1.63161500178368,0.72897574601781,0.431329124758926
84.21,-0.413575056655617,0.31870024159409,0.852561928552268,0.0395552555976904,0.0682309410575644,0.0886474747116348,-1.0609124097848,0.721941326977521,-0.0417977983325966,0.105601371768959,0.98591299076604,0.42041781092722,-1.20443955000009,-0.224919103169309,0.33052787444725,-0.865221320180351,-0.215696465267837,-0.942807730094769,-0.807647521352275,0.162937191778741,-0.167512042128531,-1.72239803429455,0.626916204269173,0.368245789918905
84.215,-0.381361332035717,0.328852547560972,0.85884168764481,-0.0318541396875766,0.0216114822587748,0.0342043655735955,-1.04440045340948,0.542802474715293,0.0675043537742775,-0.727545934633259,0.902019665808764,0.300338738833212,-1.13512142954998,-0.159874704843769,0.332572913409971,-0.767385517968769,-0.252590689606699,-0.825519772678108,-0.860847067998056,0.153300955725156,-0.121260694598263,-1.77367374950358,0.510967205999614,0.286796777751906
84.22,-0.382443954986676,0.36209785115753,0.834451420186418,-0.173046468593926,-0.0110857697587681,-0.0393105824455202,-0.980742127067325,0.297866227830975,0.128367496655447,-1.44215081201208,0.862011241771867,0.238643705163839,-1.04842206383492,-0.133055525121581,0.345244621082416,-0.557196651609253,-0.273740993658619,-0.887043735058749,-0.890365365471205,0.154188460611565,-0.0798751860503843,-1.77869051999869,0.399620802508799,0.186950487656789
84.225,-0.423597590644247,0.303924187339543,0.843222007972807,-0.341316331119859,-0.0330690024806209,-0.102463950454062,-0.970649937528076,0.186426749102452,0.0450743103077683,-1.94747864854087,0.881502261396966,0.232644297525062,-0.960488884213349,-0.146374855924721,0.336755632767237,-0.261215522210008,-0.282818771552203,-1.08727374760637,-0.921355264727835,0.144755097511021,-0.0338397552562807,-1.74204632720735,0.273880927223794,0.062111500841431
84.23,-0.475442558337897,0.203366998349496,0.85382882729983,-0.473715933359825,-0.0451811249819749,-0.125192481856714,-0.975663648223748,0.134261156065716,-0.0839439834038976,-2.34632266490479,0.916506281204331,0.249381420210815,-0.882612806140336,-0.177918565921622,0.312363139622358,0.102251165482139,-0.246409724020324,-1.35160158303454,-0.924077895887216,0.138699063732575,-0.0117376795089469,-1.70297716033371,0.208386549120047,-0.0148970303896842
84.235,-0.501369542339979,0.195270931525595,0.84718115617456,-0.544014480104924,-0.0531247269161258,-0.117248878926322,-0.989961743484266,0.0183737016085048,-0.141466875223872,-2.49639492448889,0.918841662742348,0.257194541053421,-0.813868554156573,-0.215967588529202,0.269743045374183,0.412258912451462,-0.171427170063611,-1.53955809693747,-0.927522269609986,0.13704679035024,-0.00558865096030323,-1.67392173239829,0.177812493649861,-0.0675899057184232
84.24,-0.474090637540403,0.233348823519577,0.877527438584591,-0.573407895116104,-0.0636907723134398,-0.111222830507054,-1.02226247092774,-0.129100664760225,-0.0916584775324622,-2.42463266642309,0.901538390501872,0.271242746297103,-0.748087571014516,-0.256479444283204,0.224851857486534,0.682094002637581,-0.0744033392367356,-1.6566783381984,-0.927356424077817,0.130614747527719,-0.0147135272092305,-1.65060555490406,0.181101889478784,-0.0855239972013941
84.245,-0.421864563385313,0.231398877714619,0.879301834842839,-0.548648836816901,-0.10702267608635,-0.146647659354755,-1.05989577022328,-0.289678834947931,-0.0206050824189229,-2.09088828456671,0.902024356929052,0.301361826425286,-0.751273292888978,-0.293085394680576,0.211273892888653,0.759072183543968,-0.0452081919965678,-1.69437499771786,-0.937884492484978,0.126315281166846,-0.0300034707624994,-1.6407540623848,0.186341766203694,-0.0830474667271391
84.25,-0.42114531129261,0.248688385942634,0.881013717370027,-0.55185433240064,-0.159355465638824,-0.194678557318156,-1.05511415952874,-0.281034311185155,0.0146095486249692,-1.50882662204927,0.894677400588989,0.313124127212197,-0.790010826945154,-0.315640764214855,0.214583811012273,0.819485763258021,0.0992702382063526,-1.79151665345864,-0.943143009438234,0.106734280757764,-0.0367515496897273,-1.61636919668829,0.179690942050534,-0.0651870445945883
84.255,-0.421149199210134,0.23235589121169,0.886393128574355,-0.512896051661659,-0.206778873662083,-0.252457196868155,-1.00302906738167,-0.214034407943668,0.0190637025134842,-0.676230671254145,0.911276436457874,0.337702250335744,-0.84922438024377,-0.329408117247612,0.205515343813638,0.77613203042989,0.215505182467895,-1.79222143245014,-0.949069277484954,0.0863929452905433,-0.0385145273914148,-1.58700605381107,0.164132046185312,-0.0597695723818767
84.26,-0.444054339960333,0.226573445381844,0.863095386050532,-0.508501295973782,-0.248134723471995,-0.294916235877798,-0.9649668507478,-0.0868882339295812,0.0203161570170695,-0.0452939812295269,0.892071916741913,0.333526484519884,-0.90227387072541,-0.309569951613871,0.215515502226971,0.655163221580188,0.335054909608332,-1.72534019983963,-0.956965970252247,0.0774874731859214,-0.0442130219276647,-1.54693598248859,0.15944127545298,-0.0623185203840317
84.265,-0.456039260820298,0.262203616643591,0.875144175904696,-0.427883935950012,-0.278220415002533,-0.330863934593806,-0.964753187286379,0.0420772286689984,0.00481235217659482,0.40255246030658,0.887632108942958,0.359808514510505,-0.933865880894843,-0.281969379168944,0.247006632878429,0.533593361337928,0.439610906513986,-1.61145019027786,-0.985277544652306,0.0702112718072944,-0.0455070305215586,-1.49190403115851,0.165603936240829,-0.0786555712677604
84.27,-0.455051308295886,0.243920738240624,0.867043821317818,-0.352610326224278,-0.304482078589738,-0.355473600781171,-0.951372023552676,0.156564466080604,0.00711450337098944,0.681430643538647,0.857549569927767,0.368713807135247,-0.941451303630693,-0.247927539728462,0.288137811117928,0.378501823619321,0.525442266852724,-1.44653758793905,-1.011402288406,0.0742713864442972,-0.0459436982520728,-1.45600123731936,0.179572582052597,-0.0828730529576658
84.275,-0.450558302292986,0.261529251828201,0.848995332440622,-0.267433612419141,-0.323001697525266,-0.382143182730785,-0.948389613828354,0.220758935872929,0.00284893770080378,0.829756555430478,0.817508634944082,0.349483994408936,-0.935665333958113,-0.211513016597582,0.328882814385166,0.263837488893832,0.593753373654966,-1.3262832454919,-1.04283877980245,0.0678056808342854,-0.0496351603696911,-1.4178829150339,0.204124747465425,-0.0877761362094591
84.28,-0.44103064671404,0.252292606500826,0.84198572335591,-0.20413221624466,-0.340151052781541,-0.411976132475366,-0.966237760980905,0.288801303024933,-0.00349611280439903,0.67723885549789,0.754598892288898,0.287262558034058,-0.922101439787017,-0.173499265333288,0.371513558607591,0.169446808678769,0.644120341582525,-1.23909077762823,-1.06445226215047,0.0512656497293985,-0.0616738390450851,-1.39003760325353,0.205823145722385,-0.095031041778952
84.285,-0.426171434766781,0.229434047256959,0.845372560297208,-0.161868489294975,-0.345630331709296,-0.434707983209998,-0.988226896893059,0.31212515678307,0.00992809535112795,0.434234831204057,0.736776149837109,0.253855676059959,-0.921368028169742,-0.150872208257805,0.389702293095108,0.160521086696396,0.64155819993272,-1.24397303211057,-1.08934914232839,0.0356251076426558,-0.068828987745904,-1.38017278033836,0.196594800656859,-0.11640821584512
84.29,-0.406311999501336,0.297995362955482,0.8407574408147,-0.196436414804676,-0.3692744833164,-0.460269278567454,-0.98628635782755,0.299662147194947,0.0726851029939321,0.0310516176871229,0.734602173766655,0.218964096437094,-0.926392470046767,-0.127504873558906,0.412023815456137,0.198949298652919,0.613285337350072,-1.32718210860152,-1.08682911862801,0.0288563023438284,-0.0829751753105866,-1.38510942459106,0.197363967385884,-0.134943555122946
84.295,-0.393835764187732,0.315763959300707,0.83936244188942,-0.249961343687678,-0.385043093824819,-0.49129301158367,-0.968554909994909,0.288973352191661,0.111643450409053,-0.364833088540307,0.754946922551899,0.203734491136544,-0.933155542260351,-0.124070800678626,0.420595266521814,0.326854970096783,0.594563295604395,-1.40345976558789,-1.06779513795141,0.0297964092256678,-0.0904458807966177,-1.38510942459106,0.206973156881682,-0.154215006245824
84.3,-0.412677551864508,0.276737794012826,0.871233365438067,-0.328034626126156,-0.401545091889497,-0.528381624325547,-0.960942129618807,0.29870813485825,0.0787834357707163,-0.843118473488251,0.767817820036125,0.177200882645775,-0.943115270383623,-0.139313336976051,0.416798800442129,0.581635435456976,0.575630372076854,-1.47634923524475,-1.05507905401066,0.0276149071184052,-0.0991279232055343,-1.37319000894522,0.242252018085443,-0.156865651086582
84.305,-0.435312285798789,0.222880114247168,0.850241159147297,-0.412618781510432,-0.424870878458023,-0.564471542753125,-0.957523156937196,0.206493157988266,0.025400307084665,-1.22510356831673,0.802516864257586,0.161710097830799,-0.955438392319401,-0.165562856907923,0.395551344922002,0.872682023274137,0.543194665432299,-1.50282688387957,-1.01432574955264,0.0280059226153601,-0.107562799701205,-1.36449179060261,0.293419168455829,-0.145361213629369
84.31,-0.459054298887928,0.228875594484393,0.842661271865485,-0.479480699989251,-0.409410849910041,-0.563615942606982,-0.963173148372885,0.107180676853776,-0.0209344037518619,-1.5755634054443,0.836166513034336,0.146623381103049,-0.965636076853906,-0.202543398417937,0.346510011651527,1.4876483006942,0.311148511545993,-1.49077039620896,-0.991143869676816,0.0350754675945063,-0.101956841788212,-1.36359296809741,0.357775112133267,-0.133486670891988
84.315,-0.453788862985435,0.204992148264935,0.847527038120007,-0.5473481496625,-0.382325161976633,-0.535433087777897,-0.990006728587776,0.00625500843083905,-0.0499223148707847,-1.77427941637316,0.829510170642797,0.139666824986017,-0.968164776995998,-0.227806432298716,0.27830208841613,1.51722688111599,0.317121222826918,-1.48358416557312,-0.969919936215738,0.0412175725452185,-0.0823805279085588,-1.38379250197255,0.407533668575396,-0.129232981486163
84.32,-0.473106877982324,0.157120139798385,0.880618700302448,-0.603428765499399,-0.341420905424386,-0.49389394579458,-1.01128915316612,-0.0555546799860415,-0.0816108665737406,-1.83342603808253,0.826587363182614,0.115727996326554,-0.96809424387276,-0.230710600603096,0.181089349276644,1.35736596101912,0.388513539154246,-1.48813786691144,-0.961569983310763,0.0482366335152299,-0.0489500011840017,-1.405076411628,0.439295205375497,-0.121561170168734
84.325,-0.464860853831583,0.160213107370781,0.857726960940492,-0.588233590126038,-0.318969801156797,-0.467849209703481,-1.02808419060831,-0.0811817999699953,-0.0904405830106255,-1.69561163142507,0.834957810637058,0.123767657445075,-0.968114670757266,-0.225780774616519,0.112406672291108,1.42328335646037,0.345695543385821,-1.49387362972465,-0.944583629057569,0.0577372335023321,-0.0137523915603485,-1.43144861452651,0.444665750956137,-0.12673193385811
84.33,-0.46939961893966,0.151087528917138,0.866170675007358,-0.588233590126038,-0.289179912289547,-0.424280957478642,-1.03545864657073,-0.116782780967648,-0.104909169747167,-1.53116882454273,0.853139817714691,0.145680571711603,-0.979316257789971,-0.19648258353722,-0.0128074828573087,1.42512409297106,0.307378208140904,-1.48969268798828,-0.928704088888741,0.0780052874928136,0.0162756067434046,-1.48335368078942,0.399507867278805,-0.141623544108223
84.335,-0.473985394400054,0.134152178453932,0.870568348328804,-0.549340943096252,-0.274228827754354,-0.390246761590146,-1.03694822308759,-0.135295452177292,-0.114254785643901,-1.234918145958,0.858119725922911,0.161760268641585,-0.992099158569383,-0.167065594076578,-0.109479901935001,1.38568070269437,0.270207912319432,-1.49306485859904,-0.273808785466109,0.103309811659835,0.0738536723157383,-0.445176732886361,0.347326475752545,-0.0439009950204236
84.34,-0.438711674069233,0.134965458903402,0.884347153994546,-0.492622651757159,-0.245928504371008,-0.343814205527812,-1.03567651884026,-0.132460651321148,-0.0961196344686721,-0.954188878669748,0.870338560807909,0.17867826417196,-1.00441157119362,-0.143792580555849,-0.171868079806846,1.31547950211726,0.249437975380298,-1.49231678371131,-0.844964584032619,0.129231910892604,0.0609793999285133,-1.43238321886562,0.292778189498391,-0.161673756689605
84.345,-0.420533921928733,0.132195022159594,0.887780584397633,-0.422381129867959,-0.215839820899936,-0.317404727493334,-1.03913070918053,-0.118461100582762,-0.0926383670422838,-0.703039338574118,0.858177844608999,0.180430829524994,-1.01371717365789,-0.121013593368387,-0.22445670174477,1.19524678745753,0.240483397056635,-1.49663441481214,-0.891233963215483,0.162170739729312,0.0636648165622613,-1.55890832699061,0.257576704292748,-0.177355213968106
84.35,-0.438366642815084,0.141457418295048,0.89813169663789,-0.352741764423321,-0.209597199553883,-0.288917182436317,-1.02587950702058,-0.0824710609176991,-0.0808789074917007,-0.510274819355481,0.847854430981483,0.176852467623219,-1.02860668288572,-0.103954305240474,-0.251004922371717,1.01679186945454,0.23599006460056,-1.52410176932285,-0.884569126183146,0.178582805469959,0.065712431485444,-1.58111503909416,0.246420212562848,-0.169264506296688
84.355,-0.448248318728856,0.1511036624396,0.894068789875342,-0.300410611820713,-0.225645740975736,-0.27736511350959,-0.999831045873925,-0.0311973272456579,-0.0580026820532085,-0.354721098347043,0.852291374150534,0.158321989135946,-1.04212010892033,-0.0915235828634462,-0.258134989237701,0.800947718375262,0.252225182731503,-1.58133758152035,-0.876143860581214,0.195983371458677,0.0648353033634607,-1.58828909523408,0.253484207733877,-0.14030783446766
84.36,-0.444288719391817,0.138032719391267,0.889185599414969,-0.241941821664208,-0.228605487337977,-0.268815346947581,-0.988228858692838,0.00402284694754301,-0.0736274641245477,-0.276823605542393,0.845500165282353,0.148927410630594,-1.04492648281565,-0.0834446314965799,-0.237038057690774,0.522477684106202,0.26954920435933,-1.62204840575271,-0.869528297129393,0.20045103974935,0.0509002296892829,-1.57524823266748,0.267266058407028,-0.100933789772601
84.365,-0.434542839910008,0.12989308340607,0.884329723136426,-0.171524492156044,-0.208186639070655,-0.253005568173027,-1.006733219821,0.0138101014263944,-0.11243565996736,-0.22135775990802,0.819876588951803,0.142313578019094,-1.02749062342199,-0.0785782791023857,-0.192368590594538,0.32260432434352,0.278711342569359,-1.62895900637404,-0.865862107148688,0.195664630135076,0.0532322258256429,-1.57114304563573,0.300498624207179,-0.0687660973508315
84.37,-0.449590227603935,0.112693810384525,0.875360341699476,-0.122009595112524,-0.191297533073615,-0.223739646865928,-1.0334872387686,0.00837347529153776,-0.142998317482012,-0.194839460700478,0.798114579618846,0.123158145248404,-0.977792591954616,-0.0817721139644343,-0.148612074238348,0.203222883268085,0.305701699309529,-1.61194219852922,-0.872230628642778,0.193560502998604,0.049062411208753,-1.56527645041717,0.328588099744761,-0.0239149458896779
84.375,-0.458751791384571,0.133508960375808,0.865814943897988,-0.0858672842371728,-0.175747037050466,-0.196511603899232,-1.04286690493406,0.0158576493114513,-0.13375659724058,-0.211009980355172,0.80482254732098,0.119346112012863,-0.901537389419973,-0.0982915898039937,-0.104987422546837,0.151214709339353,0.334693502296383,-1.5753374612083,-0.878123088805646,0.187067186581863,0.0434802824511698,-1.55050547370602,0.3493578886063,0.0110585485845214
84.38,-0.430160871607643,0.12359151560118,0.86713765332755,-0.0829981703793302,-0.160776596455257,-0.1865344196558,-1.0418439745734,0.0159257488063734,-0.0930197540073958,-0.236732980345082,0.763072314927969,0.114859634942809,-0.826857912735509,-0.139943404755054,-0.0710488007370802,0.179975695024692,0.371412544024737,-1.51791500775507,-0.886317877227536,0.173456611781883,0.0330050513902759,-1.54159123179514,0.369964223780552,0.0441504451610882
84.385,-0.420567418746908,0.14258103945127,0.883612836003374,-0.0858152328568027,-0.140847440074341,-0.16818151947069,-0.925927629378872,0.05302928404689,-0.0826093683326451,-0.275290506769185,0.731379653400456,0.115679800029063,-0.774172766291066,-0.207494430751398,-0.0241081634990103,0.285236969960037,0.412066972118968,-1.46300705288823,-0.892141372554358,0.166636459433975,0.0390449575051019,-1.52294782236774,0.353703334153372,0.0766585276005928
84.39,-0.417015562325377,0.162313435279265,0.879508688090509,-0.111294495866861,-0.115854541272699,-0.157768347353075,-0.982403624458993,0.0172363323906783,-0.0752080692738134,-0.35161644989487,0.731849887388357,0.117528276275712,-0.773945714651294,-0.27333861141421,0.0237147029694834,0.413639674325997,0.464251968354288,-1.42949969353534,-0.895958393809421,0.155567994215665,0.0464917440598175,-1.52057015998362,0.340157101562746,0.0984919328830542
84.395,-0.418740660690935,0.175383030533881,0.870623941580449,-0.141135888674312,-0.102177566220672,-0.157379731200243,-0.958230153197166,0.0725568213544667,-0.0484233283691976,-0.413276795329149,0.744850209177587,0.119820913826302,-0.809669525739594,-0.373291499981851,0.0912190761663039,0.564048190719521,0.524876179271051,-1.39789685589377,-0.909503378961204,0.142895613119043,0.0569286027206529,-1.50191046014589,0.299544383272002,0.109787831906361
84.4,-0.413518128670129,0.197770976186146,0.868841404536553,-0.16325312254647,-0.0999001562595367,-0.164220078249635,-0.944750612805227,0.097909043229735,-0.0357430226516233,-0.473223423289051,0.750174195625591,0.134610215967975,-0.852249120190546,-0.436154538720201,0.140613501781275,0.63800670860016,0.560465650419761,-1.34344980468779,-0.922608949773591,0.133133267501137,0.0636336669426325,-1.48668308426665,0.268274493393027,0.114605134778642
84.405,-0.411634726936429,0.168844306946009,0.863184925658416,-0.194280607302886,-0.0928102073984327,-0.17562612454077,-0.956639353230924,0.126127860838373,-0.0596099108328673,-0.523110231124244,0.748618923092542,0.132593219854026,-0.915852870016545,-0.472036704283327,0.197407318352461,0.668642606983752,0.592053555604689,-1.25656435622167,-0.931474914887953,0.133772038006667,0.0676307019608052,-1.48056008915384,0.225715873800159,0.111870933583783
84.41,-0.41565875857286,0.175067403098426,0.868867922241041,-0.200475302671159,-0.0874426381577371,-0.183600475573175,-0.969280468766421,0.104439738351558,-0.0611924019525956,-0.567214385699351,0.765248816115666,0.125262805867482,-0.957221653905251,-0.462459464859643,0.235462121306194,0.66857584577601,0.607394851626944,-1.17655295375865,-0.94984385349926,0.121909006455335,0.0695506752894833,-1.45228012241256,0.200101903070317,0.0942828431155905
84.415,-0.410233417072911,0.190533513887703,0.87196663483693,-0.202580385394977,-0.0880854507168997,-0.186966647580701,-0.974781522551789,0.0928226246123876,-0.0733665891496353,-0.588552199296597,0.76778866542719,0.119886572712644,-0.978917059929426,-0.416928701488659,0.246302646649304,0.658521320819834,0.603535484032298,-1.09264564328849,-0.964482886660533,0.0992744962935999,0.0731030938919164,-1.41489770973587,0.15250804614917,0.0479790247139488
84.42,-0.410955779611219,0.17467271061556,0.887071230219922,-0.209223864309997,-0.0865089229267894,-0.197197814465369,-0.99168026249093,0.0698437565330337,-0.102827492410418,-0.558809493124131,0.775972021626753,0.104909153537944,-0.99571755962525,-0.360186407021798,0.230549921285119,0.627023357512521,0.558742910031058,-1.03637067382691,-0.980529874898224,0.115235389233349,0.075595331435502,-1.3698514470161,0.0663567038679853,-0.00360385292738689
84.425,-0.431936520627816,0.144043661249263,0.882959187783047,-0.198839826388342,-0.0933157727913908,-0.196009660099342,-0.996194845695491,0.0478581539916138,-0.1219962814754,-0.515481791256671,0.789782863475336,0.0921265091198015,-1.01055998649398,-0.312484363315583,0.230405656649018,0.777714590356688,0.649393870115256,-0.965653303009232,-0.916156159293689,0.151948700888813,0.0541035940892477,-1.33901675845692,0.0068571741644314,-0.0473075260897699
84.43,-0.438271914230628,0.142438988627488,0.871558979912307,-0.181697237330075,-0.101227837395561,-0.193354712909184,-0.99450194068579,0.0291857705986892,-0.135442698397963,-0.445016855536755,0.79914500024803,0.0884670248126843,-0.977821294045341,-0.278751111478715,0.1966707667106,0.929896150783598,0.689790639453952,-0.993279006904538,-0.935860989880706,0.138080575305759,0.029866471332601,-1.33638270904556,0.0699504732115231,0.0219569765835887
84.435,-0.438111102113633,0.135034321583912,0.867664584054665,-0.158365428454929,-0.0994519301679479,-0.182735022672372,-0.994557146409012,0.0311555206373228,-0.153898436306402,-0.350059129889628,0.808837593324904,0.0855889167107806,-0.954345248632462,-0.280436024806559,0.156136769825394,0.955381043010946,0.63394435401693,-0.920881212295851,-0.897518723290746,0.104860560813887,0.0398539912181291,-1.27271050189503,0.00937484909671046,0.00426405146699557
84.44,-0.435089465536948,0.144069389234998,0.88131982785528,-0.136697380439145,-0.0962350815534592,-0.167900607914322,-1.00298628137041,0.0381671159328077,-0.16639420318915,-0.26351485441779,0.79226682094412,0.0750648963616361,-0.941134529702221,-0.293993966127036,0.133514630242732,0.0586222212378707,0.037441857895013,-0.745607046276807,-0.885778959702483,0.0860725214799204,0.03292315397591,-1.21930110056675,-0.0402542646995559,-0.0592481449133066
84.445,-0.415358806600242,0.147509643003132,0.868264150636488,-0.113432976908441,-0.0777799549262394,-0.161389015333849,-1.01215714271091,0.0361159355312466,-0.157033062472113,-0.219600220949311,0.781764798635744,0.074371723701574,-0.89983869141248,-0.271723960377435,0.0904064928941367,0.724585290777461,0.419691282369155,-0.589031031356376,-0.934681585835097,0.0885310659056793,0.00793809501632952,-1.22240101110889,-0.0118069425703577,-0.121075360619864
84.45,-0.412799573772646,0.130869386015408,0.883990269481396,-0.116181218759469,-0.0563304647880802,-0.155845825280361,-1.01699332542965,0.033141865060439,-0.145338175208414,-0.184005799325265,0.778639405893545,0.0683708740612641,-0.902318137570437,-0.24017581524345,0.0555718295166192,0.535787886615851,0.318001122205788,-0.612259272365195,-0.970639294133673,0.0970129315648001,-0.026462613604298,-1.24488066990589,0.0226668890891548,-0.142396594653341
84.455,-0.415242671855081,0.129241523012378,0.880536467143466,-0.105758585214979,-0.0310165766421155,-0.141943272687278,-1.02054913574805,0.0446602275785227,-0.151338554811618,-0.147076895931607,0.774597151703626,0.0502083212296278,-0.91380861524976,-0.217529816320123,0.0284164594185077,0.440706554356694,0.272731549882529,-0.686118279306586,-0.960291939913801,0.099365646778882,-0.0436288599694995,-1.27934141265246,0.0912356564725183,-0.142669421046075
84.46,-0.398621882469905,0.121479820060346,0.873309982072162,-0.0837977970779125,0.00685166880413726,-0.125019593582468,-1.00979743408549,0.0479664464941336,-0.141942336244539,-0.157860195506747,0.779287418702877,0.0446850635060759,-0.909551522780906,-0.217704338868618,-0.000478680796421634,0.384047188142117,0.238318606263718,-0.77844640575452,-0.926752584729697,0.0928087322993092,-0.02960297914699,-1.28501948868343,0.129475079946966,-0.159809403591604
84.465,-0.396720041133725,0.120645550132624,0.904829647912216,-0.0730930152140559,0.0575660131339244,-0.108003134363843,-1.02037332503141,0.0467023406054014,-0.132674584466124,-0.195724651720156,0.778861272661126,0.0362683816800041,-0.910931972185849,-0.23849773271057,-0.027921534466795,0.320321056593026,0.187864113312544,-0.888499113306629,-0.904120249888792,0.092308989857483,-0.00478109007283557,-1.24250280683277,0.142797583116557,-0.183251283666835
84.47,-0.380388927065639,0.128303200154377,0.893562608209111,-0.0521080485667163,0.099384298932515,-0.0970205098819059,-1.03461935887417,0.0231861973551781,-0.134797999830539,-0.198895419386673,0.778891322668441,0.0290170385727464,-0.928539136462927,-0.270560185790684,-0.0425800555869552,0.270222132336197,0.135180098233853,-0.961697653423344,-0.884850328883083,0.0875606042407155,0.0163845236787528,-1.18971732004393,0.150201635047857,-0.215395415473536
84.475,-0.395644811180149,0.119575532501634,0.89209703066527,-0.0243031283475163,0.148023491661596,-0.0985724180936813,-1.04095415557235,0.0147127536784942,-0.141175759589993,-0.165066141282869,0.773491740604372,0.0268368348509653,-0.945909010262914,-0.302057482470413,-0.0505894079804201,0.313984841946676,0.125867846978272,-0.970993729654206,-0.856587950370467,0.0882687457010322,0.036087976853071,-1.13946244278706,0.158820535741864,-0.252761493177398
84.48,-0.405283070739978,0.141225730246475,0.888825700296121,0.00844263642066401,0.185523131657665,-0.0997010615230172,-1.04052703563251,0.013318544696403,-0.143490693075357,-0.0808889282166324,0.781547202346424,0.0379799603719643,-0.965482228875022,-0.335666453438059,-0.0505105582551653,0.388600535844233,0.129521015014043,-0.916624554202124,-0.839847331003653,0.0914270424750644,0.050636306270946,-1.09066014396005,0.161524132674111,-0.285328499708412
84.485,-0.405583070420917,0.143736397239496,0.902687940258562,0.00686850295680929,0.207723942598293,-0.103606367321974,-1.05226810215046,0.01620846889,-0.147701476755714,-0.0325443099136604,0.778367238901383,0.0429554340612761,-0.96916812802942,-0.355354324832708,-0.0522420166461702,0.444755773302448,0.138249671993477,-0.830909536413833,-0.853718709647916,0.093397465402675,0.0675404259804895,-1.04131434684387,0.12904028049475,-0.311402821895333
84.49,-0.409276695666674,0.147738533644621,0.894318301560998,0.0084060245880916,0.24208757540295,-0.114001734020369,-1.05184829578538,0.0325000770289728,-0.137562725952302,0.0586241491271857,0.775014332853908,0.0593435816562447,-0.96055371372943,-0.372970869219254,-0.0508604032588066,0.485790185489571,0.156332846153404,-0.743036777423381,-0.862036390667838,0.0944162233973307,0.08069584599017,-1.01369534023805,0.105467369826487,-0.331352558143791
84.495,-0.412263524288884,0.160605596753728,0.887694378307761,0.00692113566337946,0.264909311092229,-0.122999513895434,-1.05623799227896,0.0515272212880241,-0.144982436807509,0.0999830346290529,0.787770821806317,0.0713821181269066,-0.960303491212623,-0.387420043692142,-0.04647275405199,0.502399333634224,0.176222125906244,-0.674895054223494,-0.895971902618607,0.082662119489337,0.0914225018062258,-0.960001440879094,0.0565990183248172,-0.363228343792254
84.5,-0.420953497579564,0.176162916671568,0.894357921245295,0.0135031073640273,0.302325842094002,-0.137107967277436,-1.05772228515754,0.0755972186137662,-0.159436985046436,0.147961317332088,0.776918285116389,0.0729894712665702,-0.947201254862659,-0.395790568860072,-0.0498669564161661,0.45882183186663,0.185962195176186,-0.625748992224909,-0.912842222694179,0.0690305435886029,0.09535955238893,-0.923723562605946,-0.00941365135869914,-0.401486558426408
84.505,-0.426485523434458,0.144742346261494,0.880196111183506,0.00572177395174135,0.318166509600114,-0.14993301584929,-1.05837414847031,0.0538396255667429,-0.167012095651097,0.146068619103714,0.782422754576475,0.0775782853945192,-0.943964690898207,-0.411324914334738,-0.0598526065707696,0.397977273106491,0.187999830144533,-0.625208044923129,-0.934996768342781,0.0673270209386705,0.0942441989427656,-0.908252698941659,-0.0366329452102676,-0.436073081150146
84.51,-0.432832633438092,0.127796316343805,0.884669356114241,0.00519268572521786,0.356669372907115,-0.154966107682532,-1.05338837221683,0.0177864468299591,-0.173407108027723,0.154349019025625,0.783119896838786,0.0818927676851786,-0.93863910081309,-0.416856872592286,-0.0612418612491518,0.253093814811454,0.1897021473958,-0.724195989279004,-0.966086354867656,0.0700185338775892,0.102468742280141,-0.891701697801536,-0.0326210729157762,-0.45395436824925
84.515,-0.439231798777608,0.113704777245274,0.883337149694263,0.000703889205683463,0.387697539769929,-0.142522995351486,-1.04486747877905,-0.0113122909452608,-0.184491531391386,0.167676260053457,0.802556081574034,0.0807834343136748,-0.940967412595165,-0.431378399977353,-0.0601502220537306,0.09324578430174,0.173295043373634,-0.845286753258717,-0.992177785732351,0.0793987004907522,0.105093426043207,-0.890784915576627,-0.0173612295956352,-0.447487162092601
84.52,-0.445713340958209,0.0940263249900064,0.898840310182515,0.00156277806147493,0.422325815988311,-0.131041627992789,-1.03789776324734,-0.0274560401859186,-0.186729458239233,0.178667329300982,0.824032899559406,0.0798584230220234,-0.955089466992929,-0.437793754613494,-0.0573271096939632,-0.0448733463654079,0.148637271078107,-0.92979723378174,-1.02966968447294,0.0918504417614334,0.105700464440995,-0.926980810075046,0.000541882336934398,-0.416253328998909
84.525,-0.444297525145176,0.102997740035288,0.893156303948048,0.0112492884393729,0.448301802923719,-0.112863647764636,-1.04629998134093,-0.035605183156469,-0.169811683152861,0.20115841554665,0.850484754358522,0.0773409879404884,-0.976466585979639,-0.433346528525926,-0.0596639847677537,-0.142962156505305,0.113622475391877,-0.972821652503158,-1.04667628445136,0.0833729837076521,0.114107716453797,-0.945768715940772,0.0176360915407946,-0.361390957883742
84.53,-0.447647171911873,0.105853638215881,0.897626983466288,0.00192655408750482,0.477619751711351,-0.0894003250386573,-1.04073767385903,-0.0475472855573255,-0.152628194152479,0.204098368207049,0.893896490543419,0.0751830543827815,-0.998763036035713,-0.418216487721717,-0.0636857010752317,-0.182122961226552,0.0886082128770052,-1.00980644321941,-1.03881564042982,0.0787635820128881,0.139876013536194,-0.923261247667043,-0.0186405197055278,-0.325930398591315
84.535,-0.425261752240824,0.103056494412322,0.901206830840296,-0.0121272536467735,0.501706977239162,-0.0652484950315488,-1.01452665229537,-0.050525762964004,-0.131364029840257,0.187781794192076,0.933784154772625,0.0734324347410216,-1.01083856978046,-0.388859690140105,-0.0772898226785615,-0.150537654242733,0.0720485449418228,-1.00754143661656,-1.01988002953703,0.0773963011543944,0.160417215346793,-0.887798102429412,-0.0699199816872615,-0.31996747579717
84.54,-0.463411870821769,0.113966072396059,0.88737159083734,-0.0321570387629376,0.516952786645684,-0.0439559031470609,-0.999103169741356,-0.0369235532633319,-0.114509441217425,0.163979291121034,0.976182412415865,0.0680785091473437,-1.01135496421789,-0.321689036683314,-0.0952205055029175,-0.11570233064503,0.0355234238011867,-0.965154116583586,-0.993058511192225,0.0647591693362513,0.173897499648667,-0.824027513075552,-0.157286046936454,-0.317853093147278
84.545,-0.453547468744123,0.109760447319969,0.883107918348849,-0.0629184859972772,0.543263909066343,-0.0158931592914243,-0.980377011532412,-0.0295771750894932,-0.122541951213686,0.117595031934031,1.0292953798009,0.0599675573308245,-1.00845963802222,-0.265354155242024,-0.104570817987778,-0.0919843406779502,0.000380539904347198,-0.902140854865411,-0.986052796009891,0.0604217690938947,0.173042683881756,-0.798731853153475,-0.168806562401511,-0.316670221755853
84.55,-0.446923362125166,0.105320434387164,0.887421271780072,-0.0850853414480303,0.562111367707424,0.0114445219365764,-0.978777752492112,-0.00411796449623232,-0.10472274073692,0.0569933525854561,1.09475870820107,0.0471022138099343,-1.01052910022392,-0.20661257397455,-0.117968780878305,-0.0900206588511565,-0.0372577591688964,-0.804374797226465,-0.954221133822156,0.0410787468871372,0.158563268474898,-0.748248198106898,-0.185490264700973,-0.300234052867467
84.555,-0.421767966421198,0.119204569176526,0.900088256422098,-0.103236801661956,0.589222436967617,0.042261537538165,-0.995791564973022,0.0160734465479408,-0.0924467614044496,-0.0296272611911454,1.14136606595378,0.0288902309983989,-0.996941861230362,-0.154319735178709,-0.13382410044928,-0.146942237161138,-0.0914858328275436,-0.680143712901476,-0.946261497910654,0.0410153357201291,0.1450250721992,-0.733119662763702,-0.113978673830202,-0.282746464470193
84.56,-0.417662426425338,0.110576053795287,0.898723123331361,-0.118787691034754,0.610705750654344,0.05871094394513,-1.02241647364771,0.0386419344803076,-0.0963781255497238,-0.137863510893385,1.18728449484621,0.00124861377464589,-1.0871795045133,-0.0958297896331991,-0.0951798607386456,-0.190815015233185,-0.0429005085187019,-0.641556430907104,-1.05368633071639,0.0319546876385776,0.157755797558489,-0.729155216605453,-0.0203961156700337,-0.2485995474611
84.565,-0.444442454204655,0.125831531555128,0.87454166855086,-0.156386111445915,0.670057460660482,0.0708759288833514,-1.0692777543305,0.0312008672490194,-0.147327124458613,-0.238618371826352,1.23664573787226,-0.0325282774511788,-1.06037180269346,-0.0594511942408525,-0.0736407878156234,0.048649447877872,0.175488724474827,-0.561131976461013,-1.04225529981116,0.0276036955651456,0.159215837314845,-0.723499852340679,-0.0128950800397634,-0.271612272715073
84.57,-0.462531702893572,0.0789230252192972,0.940161455469098,-0.188850829854846,0.75476228897959,0.110019828231634,-1.08621330034013,-0.0358759799558973,-0.212469450275241,-0.274502742318413,1.27937461149158,-0.0750966952921833,-1.0478614205154,-0.0507737427222795,-0.0879354669664828,0.00604504542104169,0.20712738553239,-0.541336319237267,-0.99651219046241,0.0240961354436385,0.165656705497603,-0.666748992662232,0.0501619984610941,-0.294160444834361
84.575,-0.38329054215027,0.17799923022615,0.91410470249131,-0.128202621200792,0.807633133432635,0.15374530609899,-1.09554012241486,-0.030011650367365,-0.159451248925511,-0.219253647156503,1.3379623648958,-0.0775970602827562,-1.09424068614008,-0.0827788208260257,-0.0605797975817241,-0.214508345321252,0.151896239289662,-0.474049211973124,-0.986109578748538,0.0295105584083638,0.192116475390055,-0.566606857171947,0.129323813151298,-0.3261005934285
84.58,-0.431820183119449,0.20248641234242,0.894142515306332,-0.141375233023075,0.867122796339233,0.115832734218893,-1.14135430197488,0.101515397761454,-0.0846261130247432,-0.189511267571148,1.37548154769429,-0.0774191758178158,-1.11300284433655,-0.128983921098791,-0.00904682980024748,-0.364460233563213,0.161468563210512,-0.246179204394204,-1.05170785672283,0.0415616235806257,0.210427680943381,-0.453733531549545,0.159112600163476,-0.34111659031475
84.585,-0.42194144148196,0.122612759914199,0.921788178402137,-0.13081153408714,0.93735123651533,0.0797949805855751,-1.09588635238477,0.0794775013044664,-0.141488782769291,-0.0835012492236453,1.34765136025339,-0.0409664395484059,-1.07935123879666,-0.139325019029837,0.0196862542564444,-0.454674919032741,0.179012312707453,-0.176599406859318,-1.08067305262264,0.0415420931426446,0.218080459510573,-0.37712313975297,0.13396919448171,-0.349492239599373
84.59,-0.424000299858995,0.119053142205724,0.907478578074321,-0.100179058472666,1.01007836341128,0.0787290977199439,-1.07541048252691,0.0378402014373349,-0.196630142203049,-0.0234946679362065,1.38380314756817,-0.0513739447567617,-1.03860751443886,-0.165338782398703,0.0548950733016153,-0.568953162608369,0.195347057382978,-0.212135648309723,-1.0962609738555,0.037232683498585,0.20661261660547,-0.273841984402186,0.0745423611984298,-0.360419423158645
84.595,-0.46585123845174,0.164377285960891,0.882911814955538,-0.0675843598544969,1.09524952102236,0.0719346609883888,-1.09381981992377,0.0678716578994928,-0.187032894359601,0.0433335470260472,1.44413159877176,-0.0757224901836267,-1.03473662386231,-0.214450989722593,0.0866493712045514,-0.741920790951833,0.169170086770395,-0.274618486251331,-1.09694983643861,0.0316934517080868,0.202653736899759,-0.210284144813139,0.0271317151133478,-0.376327642055928
84.6,-0.463621566248004,0.205888716814939,0.890652670940284,-0.0304548027727249,1.1863080412492,0.0473448182258251,-1.11606956674935,0.120080294040071,-0.14701771293443,0.116881501600758,1.46677148284396,-0.0945712306659058,-1.06005962970915,-0.264947384079537,0.109905621730779,-0.899009764672264,0.129471029306323,-0.268497683445776,-1.10197799295551,0.0276278971547893,0.180057313096467,-0.172083698733685,-0.0102463572778065,-0.398649799871305
84.605,-0.451953473154068,0.202489173449822,0.892015303602923,-0.0172506349778574,1.25087158098042,0.00827058797853232,-1.10937347809243,0.15859273872672,-0.148434914517379,0.115008045061103,1.49184825881043,-0.104298350309565,-1.06966488309966,-0.290013640935792,0.133497739485003,-0.972931820751676,0.0871335791310069,-0.2366750948771,-1.11435498877129,0.0284083679434629,0.152641422362109,-0.168324997888178,-0.0267541318172548,-0.413967519202672
84.61,-0.452522701505151,0.204226701042566,0.885675524911782,-0.0128449023142996,1.30651779923019,-0.0356067600674745,-1.10640892958135,0.184041483806965,-0.162625113638624,0.0993508667617501,1.50435417900102,-0.128380708763864,-1.05692733468827,-0.310175612160452,0.168909554963738,-1.01296692981852,0.0507556125068893,-0.246399666627644,-1.1263783218584,0.0214020502620816,0.133172165914466,-0.174682563025218,-0.0416576312340427,-0.418981308263082
84.615,-0.457224703550339,0.204443359553822,0.882142859697365,-0.00526495173685927,1.37644431414111,-0.0888955857976893,-1.10612654814928,0.20565247188089,-0.169884449097685,0.0111982485948948,1.54364485631647,-0.127006284508726,-1.03626150385934,-0.317854098285661,0.205185893295873,-1.01342329030431,0.0243449525525034,-0.281069684338051,-1.14673991557106,0.0232719737201194,0.116035688189331,-0.167788359563097,-0.0584753190629016,-0.430889574416004
84.62,-0.477156242527034,0.209474527491062,0.879489562985235,-0.00626473532057765,1.4528322862841,-0.144723548788993,-1.11331552069363,0.201666720454996,-0.210456172914817,-0.0462341028564592,1.55330861885075,-0.143694265572171,-1.02324172874556,-0.321832755262767,0.245751781303308,-1.00140258397519,-0.00608774586281257,-0.323618325867648,-1.15743156315715,0.0261630237626573,0.106675717782539,-0.172678879709081,-0.0801590770544918,-0.44536669128926
84.625,-0.497256007200776,0.204014558962702,0.877971991339964,-0.00711536220320584,1.52353637797776,-0.200589306144186,-1.12203483181095,0.169515487679515,-0.242104391132845,-0.0582356826745462,1.56601677874316,-0.154221809155081,-1.02174606230789,-0.326154657739176,0.265136199614117,-0.924608126864152,-0.00769072716305382,-0.339566266875248,-1.14147113946984,0.0221512254611748,0.113598493974033,-0.175228390842224,-0.0670225461986772,-0.447909657441688
84.63,-0.500210980250944,0.192708913519423,0.889135345737528,-0.0182921719251337,1.60685001075994,-0.252927676103593,-1.14055609153657,0.131900624748801,-0.261205910858226,-0.0604990328951296,1.59008700309127,-0.163321985453357,-1.0167392733969,-0.336315359336235,0.273323571708254,-0.844808698553048,-0.00683715679859331,-0.339251709494139,-1.12415447556565,0.0230596432819882,0.131493872782408,-0.169778159734649,-0.0337433667106114,-0.468857571373605
84.635,-0.500591567765183,0.189767871011262,0.879130055876447,-0.0315692370080609,1.67897903153071,-0.296955500899218,-1.15287393331159,0.105975255320437,-0.260320537642284,-0.0405118910012777,1.61460269833028,-0.171466785104965,-1.01872243495115,-0.340418615933907,0.27553561206832,-0.788176122982528,0.0020293765522284,-0.348121083213126,-1.12282368498672,0.0294331681841511,0.144268874059405,-0.143161044740617,-0.000794783513563668,-0.497275809332642
84.64,-0.50448052516507,0.207291293705385,0.880731119994711,-0.0445982112745972,1.74985720620187,-0.340993693712993,-1.15639623900607,0.0961046396280962,-0.26220855398453,0.0242762878771262,1.62932111381209,-0.180238221385919,-1.01957206176309,-0.342235469046491,0.273158899633323,-0.735956559072248,0.0255732629311329,-0.343202271360212,-1.12806393260639,0.0382276412711074,0.148271363369567,-0.128554845060436,0.017770360981585,-0.529779701329906
84.645,-0.510239603171669,0.198143272496403,0.880742805031179,-0.0925952257668538,1.86110944185257,-0.398716573462049,-1.16246435202346,0.0958815098575119,-0.263627945009478,0.0812735724658699,1.63547662082749,-0.182861935189376,-1.02205687196635,-0.340454638295531,0.26441004628979,-0.705250177370384,0.0712007032873161,-0.31937582907451,-1.13954901025931,0.0574468967611376,0.157595733801069,-0.107066481501193,0.0288833878037989,-0.566286010522176
84.65,-0.515784543751873,0.189144019562545,0.88029307280901,-0.128070706876751,1.94355298951375,-0.448124397826067,-1.15734519067558,0.0831113455068667,-0.263672179675773,0.100714839855937,1.65836369982417,-0.17974167064167,-1.0276910266232,-0.337110494907022,0.260130142100608,-0.679974437984915,0.124406284989965,-0.288960585704167,-1.14460648795572,0.072354872692773,0.170418994310963,-0.108328193357977,0.00517556630615772,-0.581441691618665
84.655,-0.522837904508069,0.190216218969756,0.880600862888491,-0.17660008350395,2.04772284121835,-0.500234694008203,-1.15194281703887,0.0731613987260931,-0.262033007504149,0.115407531362579,1.680373014866,-0.191536215346858,-1.03933013702201,-0.325646642734636,0.259778017118158,-0.655784738694172,0.181775230214392,-0.253205089039193,-1.15180458574727,0.0981986553977174,0.194457178895139,-0.144914787308697,-0.00690960139036179,-0.600742456235329
84.66,-0.518619793995493,0.182543215323017,0.875437780574865,-0.232120389225183,2.15233147954152,-0.546366637527583,-1.15111815142119,0.059503573292265,-0.248266578114571,0.117618962489002,1.69741918992653,-0.203723029568925,-1.04681200693744,-0.309428097305054,0.26081604588406,-0.620451862721698,0.236539081006776,-0.22208517880213,-1.16339397508421,0.108324292245531,0.211329738246749,-0.189318209208886,-0.0390677767522262,-0.584278171823371
84.665,-0.527343870660972,0.172449228803256,0.875745315548448,-0.285600112914883,2.2547436706419,-0.59306737317049,-1.15212129571261,0.0549062531719203,-0.236808575528456,0.0918950107332918,1.73173406716612,-0.224387264531132,-1.05858788545565,-0.282252315130234,0.257095968511356,-0.590031921768822,0.276747655717156,-0.194667888195395,-1.15760979599456,0.105468352189725,0.203231789760597,-0.188518555894652,-0.0761575330426479,-0.536265622761698
84.67,-0.532064216889912,0.171348083658912,0.87317471071293,-0.329807175565046,2.36497625600921,-0.638040499854804,-1.15986382304776,0.0589517269056901,-0.231511947689782,0.0729556984606712,1.76107662799144,-0.243582751300015,-1.07535379955581,-0.255727185639923,0.258849075597959,-0.54402194775423,0.305520110825356,-0.154074363269927,-1.14326014878754,0.0979890601138129,0.208125418837446,-0.164469180753409,-0.0912065133452415,-0.509843168325662
84.675,-0.546145977558486,0.17308012176106,0.871771051788447,-0.39041866477235,2.5038953544262,-0.690599577451791,-1.17271977076784,0.0557113298985266,-0.229748719163814,0.0525523948880733,1.8004004528359,-0.252378190890209,-1.09682918765571,-0.22488390707509,0.255819748112293,-0.47041608797345,0.328310110688348,-0.0941654462920082,-1.13989092897041,0.107890206016913,0.214327289071678,-0.143304098349094,-0.0912065133452415,-0.490130911609988
84.68,-0.552046320825566,0.18504328038315,0.869649917382197,-0.449768851099739,2.63556466958132,-0.75176570802761,-1.18972213072811,0.0503588952822572,-0.232860077543781,0.052165654755817,1.82930337045138,-0.268011417983989,-1.11373364621708,-0.191272376826066,0.24586813275023,-0.382966408028807,0.345556898432539,-0.0417747922860573,-1.1400320349524,0.12872440416796,0.230317874692215,-0.120817610844921,-0.0653597660858777,-0.464120517568889
84.685,-0.552670815921394,0.174575415841145,0.85668286059396,-0.512353434292684,2.7619898581132,-0.813447818856203,-1.19715319340589,0.0318950824919556,-0.20269689060194,0.0578315949394843,1.86408219881217,-0.273915934083904,-1.12737315537874,-0.153851520754732,0.239513424945064,-0.342696671212563,0.339791186339046,-0.0234212362308177,-1.13345778804532,0.146868128964622,0.24373467744705,-0.118097737353145,-0.0466755980669856,-0.44325957443945
84.69,-0.563034682333004,0.158222591970376,0.853280924425415,-0.53299069364591,2.90204076337185,-0.876412056795801,-1.19314861776602,0.0166040843196463,-0.178902972964172,0.0926473196165501,1.89924778543041,-0.286652068418644,-1.15535819484625,-0.110827916548566,0.217997768122915,-0.273329709530417,0.348300392356343,0.0401423841561536,-1.11636262150465,0.144181056893855,0.2516153326694,-0.120892487992276,-0.040880124128813,-0.419805350011844
84.695,-0.588785783476304,0.13606904054126,0.834065461900938,-0.509089745044595,3.04236620951229,-0.955305964643624,-1.19696548277937,0.0361789169841793,-0.160964876839391,0.108559287736267,1.95477890917022,-0.289152424651145,-1.17076552357299,-0.0799203397277432,0.205654107762838,-0.19356069462444,0.387291527779968,0.114467677512977,-1.12281523356091,0.134750723729813,0.251059613882193,-0.131012981921544,-0.0547611409836478,-0.425275734433864
84.7,-0.607655576933542,0.211233679412331,0.82346882230679,-0.505621848634633,3.17800921579227,-1.03461946890879,-1.2357232103775,0.086534205781607,-0.126728045487692,0.149883805795642,2.00564905594694,-0.292364954948425,-1.17426292608168,-0.0444224475738098,0.231175902406355,-0.0612806306715684,0.451825090678283,0.194194323064238,-1.1039776998617,0.12800332513494,0.251552294785079,-0.155260810145775,-0.119002582535483,-0.45697482363927
84.705,-0.520703155079265,0.184670733883807,0.801280580962031,-0.489972840694611,3.33605319120788,-1.1358064050356,-1.23337828535975,0.082729494993874,-0.0894882096530629,0.188021280195118,2.04208078419284,-0.268338409746619,-1.17050851072009,-0.00697496860060791,0.198221978830042,-0.0308530460338443,0.467140808429066,0.213941444856803,-1.07877832887221,0.123167023953663,0.256452303151767,-0.165144895117102,-0.154075354849895,-0.488034543387028
84.71,-0.596566415413128,0.18455591146014,0.834076673255923,-0.47582624110602,3.48722455960388,-1.22960342922732,-1.24938719682131,0.0781855349211839,-0.0573636752370102,0.168479243277911,2.10838701392521,-0.254869879055734,-1.2075181777698,0.0455845737231125,0.187023472033271,0.0266615296723047,0.519046154996867,0.253536090500314,-1.05234263589583,0.113338406074538,0.310788747213412,-0.179757948780831,-0.24742419895365,-0.530548448322462
84.715,-0.593080915746857,0.202635619159488,0.86055487017707,-0.462027915539863,3.673180802709,-1.32773669513493,-1.28197438945341,0.0712675982769131,-0.0629494654807592,0.18398782835434,2.15286093816905,-0.245940566062927,-1.24322753965908,0.114339477118125,0.192073534361653,0.0720765378289859,0.541559994220734,0.303574973565746,-1.04610703538563,0.0857832901595077,0.381463755007207,-0.217436326257064,-0.331192420368045,-0.553283166100844
84.72,-0.569832928641959,0.198395359935031,0.887384893996499,-0.472999419763106,3.86860523304856,-1.41128797490044,-1.34809256372278,0.115641095945994,-0.0528003715220812,0.254397043587034,2.19633404448228,-0.267665068523315,-1.29066391733611,0.180251664050249,0.207625557371917,0.126816716410212,0.547215470372708,0.422657391439148,-1.13500488514245,0.0126632414002488,0.384215833255752,-0.349137134740517,-0.365191840005778,-0.538860823384118
84.725,-0.636069147808139,0.323835022189123,0.875220860704946,-0.538160783461395,4.17656450205103,-1.54850554868707,-1.48558113924058,0.212078285028932,0.0248781216125455,0.309400201775051,2.28825937894407,-0.338361254297909,-1.34248434580989,0.248442930108312,0.218433154215656,0.274911116625009,0.550731888548293,0.526261686260141,-1.26994169096831,-0.0754862623275359,0.323321546279594,-0.566814604179946,-0.225513574677791,-0.509873872257819
84.73,-0.651746419351821,0.349637890567787,0.871722622297716,-0.599245823537491,4.3943914251402,-1.6880815342409,-1.58608340838874,0.248483583370425,0.0541522443813866,0.25361565391537,2.3330473344565,-0.365986472431913,-1.42549574443679,0.30003351710878,0.223209679841457,0.375693067058985,0.535513577483869,0.605634324728292,-1.3911652042855,-0.120177122553982,0.243281974170437,-0.728309180238705,-0.0150109786605366,-0.529980130354978
84.735,-0.652233464215468,0.323796652004592,0.837902193190652,-0.623308066463705,4.63813733267732,-1.86877733807698,-1.65334488340293,0.222158671475183,0.10763120971798,0.222014090362562,2.36734276680002,-0.354524555597394,-1.50672446316867,0.332862649392181,0.230967953202902,0.565509734035847,0.551012444081178,0.663512662539906,-1.43785969785704,-0.0925861952420696,0.159827631074137,-0.692785816489477,0.124913942512813,-0.578895479558856
84.74,-0.687868971652452,0.346762025976039,0.795493992410184,-0.674925497081502,4.8764373814298,-2.00812630532242,-1.65084890019399,0.149702286641749,0.20072549704238,0.240009905228613,2.38956552408509,-0.303575499042741,-1.52384233999642,0.359813515419979,0.245178924094011,0.683319619588848,0.561030052076312,0.717215917969433,-1.43832420220999,-0.0486853969770073,0.0651600875888943,-0.518713612484645,0.144425583973309,-0.585359179645801
84.745,-0.663344587215959,0.336993152647106,0.83829828535782,-0.847369547167001,5.22461293586715,-2.17212953799595,-1.58106609260169,0.0732795082336316,0.28350357381997,0.408278214102375,2.44712043926583,-0.2394879327272,-1.47338626079045,0.363320480814142,0.250291358603173,0.729054481495978,0.576152145679552,0.772008497348151,-1.37075436343876,-0.0317261224588908,-0.0134778066300282,-0.343739807461803,0.0140854530918284,-0.545899044633688
84.75,-0.637696817183068,0.334411448643521,0.836314390641527,-0.989726032603452,5.53731998391616,-2.38710318941698,-1.53836727728504,0.0403153986736504,0.330521952817136,0.592401093074213,2.49940021423396,-0.190584938411353,-1.3670519604702,0.33363134081625,0.240524323952185,0.57262392115033,0.582134119739043,0.905540549709522,-1.26701143588209,-0.0253674488120086,-0.0765933875402659,-0.157351195752527,-0.1556350666936,-0.479277419060906
84.755,-0.622601054111708,0.305340265500186,0.838465943178982,-1.21024831662765,5.87055765929034,-2.59163746497532,-1.51492015295698,0.0251718560049334,0.390771861118628,0.810878352250418,2.54678386854742,-0.161455916594914,-1.28069570188271,0.303939063719288,0.214365350169964,0.346627339966801,0.606530714762174,1.08606640949395,-1.18227316405985,-0.0138806925221828,-0.0670423602709753,-0.0734544137757025,-0.25930097953694,-0.403253438120476
84.76,-0.635503761021698,0.402321138226364,0.915313033586448,-1.47489060560711,6.21221406769261,-2.71878321865925,-1.52622964926741,0.00247459496187932,0.442817668425658,0.97640488829674,2.56890595173173,-0.147144845389344,-1.24576234489766,0.353635845071404,0.134342839334628,0.073167169962074,0.623604474512901,1.38858308381493,-1.13936483699353,-0.0153843611053941,-0.0347879865692354,-0.074357746734489,-0.296121479540545,-0.315050596650754
84.765,-0.595558612873474,0.198497844618616,0.809918109057878,-1.67865655277303,6.54373238610498,-2.83107482156314,-1.56632434892746,-0.0301905439758763,0.471333767031949,1.12384024064278,2.58817006829465,-0.12982361853797,-1.23948800711186,0.489474395406158,-0.00794337611395648,0.0229276053548321,0.675812612743021,1.74579293776599,-1.14796383443702,-0.0155987456343226,-0.00617497865331891,-0.169013586405882,-0.313926141753423,-0.250816903601386
84.77,-0.621195899162368,0.235496051878039,0.857290205327218,-1.78001377025596,7.03893465664525,-2.90794119435138,-1.56971532790477,-0.0634939343410813,0.462729142742447,1.2652729800735,2.55259062938876,-0.137477359522735,-1.19779031267687,0.602898929858036,-0.181161492865159,0.158170135006788,0.782405485359165,2.15130773823422,-1.17364824292722,-0.0234040306227849,-0.0172112083714532,-0.324972112174681,-0.341715086456626,-0.190680682540257
84.775,-0.657049528636721,0.170874495185794,0.864824740050083,-1.902619329778,7.49491405000401,-2.96937492658098,-1.57615778994211,-0.0927659800481955,0.450893241493323,1.5104022618651,2.49994999125875,-0.161330588607485,-1.15739962988205,0.649272003643073,-0.32025591194659,0.248176276683807,0.944604622308428,2.51879987653886,-1.20996817630363,-0.0414478223098769,-0.0861477697055988,-0.518453405426391,-0.358013455769806,-0.140449570069812
84.78,-0.761301393151599,0.205513777462863,1.0081083611912,-2.04256390066721,8.03506642195261,-3.06679090375834,-1.57570416061898,-0.0931836940432511,0.477954504078594,1.70434112861378,2.45430761876245,-0.201180404177924,-1.14998820533062,0.654648318764522,-0.340794972923837,0.0611727655014664,1.1052295252848,2.78997260085568,-1.20237597263855,-0.0525193053430184,-0.169192278209383,-0.65463726003761,-0.298656784059094,-0.106368391178112
84.785,-0.844158853104643,0.201102132346781,1.00167183422702,-2.09229052536978,8.3604283250731,-3.08561539649963,-1.55126648247018,-0.104779778477844,0.469765172310563,1.85306112538482,2.40831198149421,-0.250118650685857,-1.11522302112382,0.62912364818875,-0.285378555077336,-0.241725141274861,1.13497068934813,2.97934399920082,-1.2209436031776,-0.0592489814035653,-0.225640340837945,-0.671157839150179,-0.24494699345985,-0.0674445454694841
84.79,-1.07893830847263,0.113701335870161,1.05439008906453,-2.13339524923496,8.5907443321985,-3.13346488403987,-1.46762265900557,-0.0857983938399915,0.349217371901932,2.02457620042922,2.33305185449919,-0.3115681884507,-1.23347485731948,0.489793359628289,-0.0903135609111727,-0.577786430425361,1.32569033706604,3.29347403256466,-1.14423272290599,-0.0558611536048408,-0.238948406713998,-0.576587134735767,-0.293154002844261,-0.0168858712857412
84.795,-1.4307356226222,0.074327225225229,1.02759850735892,-2.07244616830874,8.63279273799072,-3.23338826844508,-1.35998287140857,-0.0509924460240503,0.12955276602632,2.07726655272396,2.2999414232895,-0.356739412893364,-1.48941710057561,0.256862518833789,-1.17943831908461e-05,-0.575417913764452,1.77502012099462,3.71634661228319,-0.890248481939494,-0.0878590915225601,-0.208557079316118,-0.311609198641108,-0.382980551910632,-0.042032018222563
84.8,-1.92021605976338,-0.155127340407725,0.890369784750101,-1.98854372746585,8.48716574290353,-3.17242727184624,-1.21083226899493,-0.0207794963531152,-0.325863177103938,2.08982715467585,2.31072675912296,-0.464940980804144,-1.4158768603019,0.0598533038793153,-0.143081325950488,-0.872205830305158,1.92786422070449,3.89638450272574,-0.69422218687847,-0.0994200594343429,-0.174704994045155,-0.0497372951250264,-0.40180724746356,-0.0813765029979992
84.805,-2.07891488104088,-0.187957784633665,0.954720455607038,-1.43714129672219,8.24303178668529,-2.90426985598275,-1.14851545222367,0.132611904035751,-0.598742922754897,2.28832852836448,2.41532409854154,-0.614465044811501,-1.05713832180294,-0.114129028316749,0.134012462531795,-1.36906273006217,1.69344695279531,3.58459424164131,-0.792644587779517,-0.07488565251237,-0.20721998425571,-0.111121018695086,-0.31644772121773,0.0429356149088154
84.81,-2.36362020193898,-0.244973195610861,0.664927031552463,-1.19168750803473,7.97018039006428,-3.06040027521499,-1.16816843079766,0.276181000930743,-0.835324365887259,2.79035139053151,2.64075458548932,-0.809407508650794,-1.18478048568805,-0.201926649657511,0.158067690862475,-1.32028323956808,0.967873690522788,3.4010175858932,-0.82026382084765,-0.0955850001693246,-0.240524930636056,-0.339229329813537,-0.158735667257275,0.22389265558255
84.815,-2.53735359631012,0.28371012025635,0.733342147744509,-1.11466243381705,7.71311771437765,-3.0735684789863,-1.2318127102109,0.273989478673291,-0.970932130682929,2.9668319521682,2.91744448152916,-1.03076144077596,-1.28991963959459,-0.276730693530821,0.126556868890537,-1.67415359390221,0.569074726440632,3.67604706146127,-0.901399567067962,-0.106838415537022,-0.197731464689513,-0.42273024019913,-0.0851555491630293,0.276379071805914
84.82,-2.60758536192443,0.604290156304748,0.80804757524743,-0.600602069821545,7.47638210192681,-2.84779065246247,-1.37507702058139,0.355462521990012,-0.929622440889531,2.78024195224965,3.20525039759647,-1.1769355797887,-1.26640049313908,-0.371566480784697,0.278870139001359,-1.58530021006838,0.289988404859125,3.52479397165819,-0.885251982126003,-0.124870002107483,-0.151376811692535,-0.460655744243649,-0.16623191355956,0.265013295622402
84.825,-2.37898640054377,0.842897302327334,1.25550727783299,-0.164034293996906,6.92584153965786,-2.82225399691986,-1.58899571554853,0.48676852597125,-0.625711449544339,2.49931468747418,3.12989094039504,-1.26133220227597,-1.23595455948025,-0.376648201532084,0.406885595031496,-1.53209923579438,0.080559272121754,3.10212241845323,-0.973855063143755,-0.129932388956689,-0.109269731797615,-0.491973554234155,-0.285530576069946,0.236497851238169
84.83,-2.04764841433847,0.932816335857602,1.46945000218602,0.146039165180452,6.17292647677701,-2.8946732258841,-1.72064842623901,0.526167697051493,-0.328063916930762,2.36084445473431,2.83424338987842,-1.26305155305614,-1.1922687979896,-0.464723951123342,0.527862765531284,-1.41618614319117,-0.083492706957821,2.84814795973427,-1.0354979340139,-0.123446358932802,-0.10188201720616,-0.506711065769196,-0.438083452861317,0.187022281718582
84.835,-1.62849148976361,0.738828997472654,1.61467772050529,-1.28839160594797,5.43931856153301,-3.19191057794779,-1.75358484448559,0.674642588516538,-0.0919410347893312,2.31809496324354,2.31911518597916,-1.12860174726887,-1.22222263113511,-0.56958227141503,0.563547730230039,-1.08722017256544,-0.286636818361771,2.51025658920149,-1.07080796314799,-0.114035864303274,-0.102761088295332,-0.485335673949697,-0.552201742470229,0.107589284675273
84.84,-1.42631413695018,0.570767806107522,1.99548245285903,-2.15506645910494,4.91402987801742,-3.73903736129104,-1.57577100574545,0.77186687445922,0.202386075013107,2.25589515136492,2.00539230912099,-0.876028868324113,-1.30500501929591,-0.641744862683134,0.514275886117846,-0.631285250072712,-0.496811500902644,2.20694350733743,-1.07181425605694,-0.105393274105896,-0.0796628986910096,-0.456730885934981,-0.698250236205131,0.0175150429038286
84.845,-1.67511477553952,0.743379777628863,1.85630306040131,-1.63050418214569,4.2550298253811,-3.68813730748438,-1.3914126872429,0.730466511886415,0.111062209720564,1.74842539890063,1.86206355562264,-0.696503948679715,-1.28592797484367,-0.685969545506828,0.448604383385975,-0.277009099914962,-0.67691125730552,1.97374100223487,-1.08098847253676,-0.0868426490108046,-0.0821305127271266,-0.443793771263356,-0.912872519966957,-0.0463314928239846
84.85,-2.01432863701695,1.10145044335128,2.23140275841801,-1.92617193557265,3.62615845522738,-3.08448938297272,-1.16316013753374,0.743497052021373,-0.423098446662787,0.96251427964114,1.88168459261409,-0.622282081937436,-1.25698466642207,-0.68539902909863,0.366662351871367,0.0978781810756385,-0.770980391011233,1.73547686974359,-1.08261848335072,-0.0762665693472069,-0.082634070133398,-0.464594036926971,-1.17423086216009,-0.0705022531732057
84.855,-2.15825414977081,1.48122282624582,2.28166760671274,-2.21904732249434,2.73474661619438,-2.17614648004341,-0.937293603410918,0.685146446053221,-1.1071465031276,0.165561008891013,2.214742149875,-0.500581291540295,-1.23070098016247,-0.668077208125404,0.310971513628844,0.476397803862457,-0.779404475180093,1.47721271164858,-1.04964902884131,-0.0775919469453802,-0.0666429757532063,-0.435948266950745,-1.40338429061288,-0.102263336462863
84.86,-2.6302870779964,1.28100073831609,3.67376315144804,-1.52109168328283,1.73519865469183,-1.0351398750664,-0.870756210768886,0.214418767533066,-1.15957978977702,-0.883246834401023,2.16472701799668,-0.594120389474887,-1.20418406113618,-0.617996678756453,0.305846220222348,0.828635836259689,-0.738804693913992,1.30303696369181,-1.01463678159106,-0.0511296324601772,-0.0518328671787324,-0.417465484298302,-1.59223069812976,-0.151846920912344
84.865,-1.67444784113865,1.12337646107375,2.98808712836117,-0.55272267015878,-0.652128906135881,-0.372469130095756,-0.920006997838582,0.0155160834520436,-0.540748506811027,-1.51060549225811,1.61039435709922,-0.912008741066154,-1.23943093145768,-0.546765457738245,0.27958768040088,1.0699090522346,-0.786738628055598,1.19906095923176,-0.983509137432881,-0.0555831093159821,-0.0464333115985124,-0.409942549546309,-1.64159555755793,-0.165938043780639
84.87,-1.29626991921399,1.49931891903684,2.25853905806242,-0.0938790077043897,-2.16154011091126,0.0407824484837111,-0.922374901026327,0.344101886707167,-0.336951244792118,-1.76792115862664,1.38995268404964,-1.0087147323351,-1.28210171887714,-0.484723726269786,0.26830337412449,1.14060730124857,-0.806464381970249,1.16062497807174,-0.93534389558631,-0.0455111363241767,-0.0385939983841715,-0.400353287811817,-1.65130907373517,-0.195108650046615
84.875,-0.973184995255826,1.63896516287255,1.66445292848488,-0.146352584149046,-3.00591532764605,0.447940180918136,-0.944057833918432,0.515531786448187,-0.091757668018783,-1.55518190295524,1.24095770244731,-0.915789628120168,-1.32825380084016,-0.431839750946495,0.257699048611784,1.25366244981806,-0.788643227010605,1.24032645298272,-0.915110222186581,-0.0367139536877765,-0.0400896561972482,-0.455029164052812,-1.60037209382851,-0.170006983768573
84.88,-0.653602846473182,1.33744182739419,1.20954335338021,-0.708263444214335,-3.39393540231714,0.715966349165447,-0.980137360281822,0.414835027145845,0.0408158399619347,-1.46513592859023,0.997719924682588,-0.844168342543122,-1.36157835431502,-0.395674932198264,0.227945979572381,1.42851781169764,-0.766994151516584,1.41812502662531,-0.891453125477455,-0.0377921599639795,-0.0494190506009749,-0.537297009304153,-1.52279500838116,-0.108768810627513
84.885,-0.309519722043327,1.14454509925937,0.959748887698676,-1.18217168637648,-3.45862312994453,0.852025146303452,-0.986014131999779,0.352025319054175,0.135883907983589,-1.4777682713077,0.612221694159007,-0.820890128548865,-1.34788028431022,-0.373198493211999,0.200356486366115,1.56342232569873,-0.710758772492833,1.58482488584282,-0.852743773045123,-0.0604534030589303,-0.0529940856534918,-0.543353615211445,-1.44387737506234,-0.0465339791331164
84.89,-0.0398054781516864,0.919227004668957,0.76674996072609,-1.46504888223394,-3.43696614042869,1.05700441805999,-0.931106806340813,0.337380318053292,0.189376450266699,-1.33204062758141,0.387567291585029,-0.784081021163397,-1.32259856252296,-0.361473384449246,0.178536873339272,1.66936526419348,-0.693648209268207,1.75356634821821,-0.837968834408561,-0.0730118759573137,-0.0621829233639762,-0.518834102752973,-1.36148161081331,0.0300090352344055
84.895,0.0216705251687225,0.72374197865405,0.670001719904614,-1.49938690088496,-3.37676324895002,1.21600013460421,-0.786087571248048,0.243678879272214,0.166715919916451,-1.34340755203719,0.212800226277743,-0.755424828244499,-1.28134891291222,-0.368441880531007,0.15706054948125,1.75038355243277,-0.707265777660145,1.92255174959067,-0.815828628471366,-0.0861828394149417,-0.0726937861299149,-0.452983708357216,-1.27757229371928,0.0954177489486438
84.9,0.0166110456947918,0.542921351097812,0.602056211539217,-1.2913354310417,-3.25552427549213,1.42357245766581,-0.708207430070703,0.144851636059098,0.140422003591262,-1.47251861152312,0.0783200526378161,-0.799412251497761,-1.2482599763307,-0.374945194038544,0.165882083364482,1.72547329724254,-0.763922296410943,2.05543162159512,-0.795197018570175,-0.090232803321061,-0.0851634407455384,-0.348438687596936,-1.15669308852719,0.168037617268847
84.905,-0.007640537868774,0.485003765576993,0.57407245252789,-1.02181539792104,-3.16424783992207,1.59780680295879,-0.641010640926995,0.160367486206032,0.124333376123679,-1.39502565585315,-0.161090839067569,-0.78356270496349,-1.20137951149235,-0.387986564454243,0.162303347334528,1.71525410117424,-0.776552799317408,2.17533604194824,-0.802947030339078,-0.0889870122874052,-0.0845660683724397,-0.270796661838992,-0.986468999452082,0.230635219429028
84.91,-0.0450135262758126,0.502129598576001,0.581324691388842,-0.718410505580295,-3.10837037542834,1.76034191826657,-0.55403274986235,0.165631240812863,0.0519604184148753,-1.33320702794062,-0.395950589127695,-0.823973950037398,-1.18238209679612,-0.387837463248525,0.156117966735033,1.62886217739097,-0.815577781908903,2.26212482475011,-0.842694861316867,-0.0888282760861182,-0.0645455303209092,-0.191812608560695,-0.81626888150623,0.284141126571485
84.915,-0.123269216702421,0.555998027530441,0.606266345571328,-0.468427674884326,-3.11843217283878,1.90239683832661,-0.462004054491374,0.154132510381737,-0.0225893945879728,-1.32137695693392,-0.579655027517379,-0.857850093012453,-1.1553302901997,-0.37672106732196,0.153067083356904,1.5125246603439,-0.852939407715057,2.30171692224903,-0.879748862558283,-0.0842771080384418,-0.0389676574993558,-0.157173920525349,-0.72302406022981,0.310230380948887
84.92,-0.240742625353307,0.624719498803198,0.601174465413174,-0.331079570068749,-3.19297608964195,2.0492141712517,-0.412990473925755,0.182133376251742,-0.0315337948795978,-1.32222799758318,-0.724680673924682,-0.903700413390007,-1.12510429228664,-0.365561447396524,0.14709345281563,1.42924059483268,-0.858959473703369,2.30412628506904,-0.898776270032089,-0.0853836164856949,-0.0202250863746807,-0.145893204891351,-0.672818833491196,0.331300713874822
84.925,-0.309667201868802,0.678891636777073,0.581475062455152,-0.316839081569552,-3.28840386126838,2.16128270926135,-0.400770432851155,0.218207841690821,-0.0526691149689791,-1.31089571214595,-0.836270846213682,-0.91492523362782,-1.10745700926644,-0.361717590403524,0.138443878899329,1.37702202796936,-0.847621949617291,2.28825792703081,-0.926924440326582,-0.0872010873801897,-0.00138562593476106,-0.174007970743541,-0.675645544162713,0.344728023720712
84.93,-0.309137971645956,0.713244076485412,0.550905189762152,-0.453777019330022,-3.37803043450446,2.23585958200584,-0.419763443920256,0.284311033072492,-0.0621942180961604,-1.27144839560741,-1.00940773243988,-0.879974186495417,-1.07661726783743,-0.35393264994205,0.125721548691573,1.34122433475369,-0.854293045988112,2.22778964521402,-0.933347970546333,-0.079524655833756,0.0106613512881288,-0.217760044280004,-0.683179266235142,0.353337776625229
84.935,-0.269657819182802,0.714074576464539,0.502875918313353,-0.566721201186982,-3.46113526185109,2.26230086466324,-0.443149529467978,0.336874409742539,-0.0794361465994477,-1.21569482187421,-1.20569180377738,-0.825687540626767,-1.01737724944198,-0.337846238875854,0.11768376465251,1.24526565752852,-0.855626768215592,2.06680989360499,-0.936223574903502,-0.0848538273236547,0.0272832547927889,-0.29268934697648,-0.683389735581306,0.372006052352225
84.94,-0.230308148170911,0.693463979824006,0.439169821633736,-0.646835064173631,-3.51801443146265,2.26973797700596,-0.468363401159502,0.383001083150231,-0.0966256899336971,-1.22240832037473,-1.35170979580441,-0.791997070463085,-1.00656584897156,-0.343600400426794,0.118231911365565,1.24487153229192,-0.74630610904124,1.97981048928615,-0.934141500605091,-0.0867453208004311,0.0488395656669172,-0.343964460811215,-0.676999178550499,0.382798528112889
84.945,-0.209544473082682,0.662808346716991,0.380371695088092,-0.725312785889113,-3.54196200183935,2.25461536817319,-0.506951454009845,0.443806932493022,-0.0550876981035123,-1.32102101024019,-1.5267976439253,-0.736897719690348,-1.00275258717889,-0.359993389009373,0.0954274168020955,1.26687106272267,-0.685050190871317,2.0213994730576,-0.935091701240981,-0.0844101985138504,0.0769374231363888,-0.385725745268359,-0.682982201955951,0.406098700733499
84.95,-0.211687662576656,0.645561025047964,0.347608251688962,-0.770526271943759,-3.52128398858762,2.23760749378838,-0.51923395953691,0.48303187940135,-0.0121824871069319,-1.36424910570188,-1.69422034118206,-0.69717073818689,-0.99459445135142,-0.359798956240126,0.101620939429423,1.24017733563615,-0.650077554326091,2.06300967703628,-0.937046598573403,-0.0902560759640633,0.0983657767176556,-0.41609108649167,-0.701156569412924,0.428531342275556
84.955,-0.259513867972165,0.635169295724516,0.351192559890436,-0.732740103738072,-3.48747551255409,2.23478851994809,-0.543629759686556,0.49361721490762,-0.0609952655714668,-1.45504188936781,-1.90382900781584,-0.65529425286646,-0.99376009356633,-0.342958867617144,0.120747397188519,1.23498788952865,-0.613231999349018,2.06408201479899,-0.939123130167289,-0.0967831408635817,0.124397338715197,-0.431446283154444,-0.741873723486989,0.445925253804253
84.96,-0.34482717645392,0.625889742181796,0.42652228556405,-0.629592563855583,-3.4708008300674,2.25601999280701,-0.551447529720255,0.459319120061575,-0.138071450809974,-1.62635979722489,-2.07787083159368,-0.608867167909767,-1.00097970469089,-0.327973925206776,0.147091112887247,1.24984244274765,-0.598390664940324,2.02670038765548,-0.942074860088711,-0.0928948472970989,0.139662705570708,-0.449322541719096,-0.786381830936091,0.453036159276962
84.965,-0.411925051650067,0.647562549569648,0.484047800987251,-0.46503097691095,-3.5155658866626,2.35234960486997,-0.549417767647241,0.437604146497259,-0.167520198005642,-1.66533054529243,-2.14767923774281,-0.584620144861312,-1.04738399460916,-0.331607172350584,0.163458719682402,1.31256535704815,-0.615118142182815,1.99867624507434,-0.949414754459883,-0.0975466458400313,0.146957971268028,-0.475025978610333,-0.811046633932988,0.451997521763084
84.97,-0.469434455735045,0.694634491413715,0.538647291784782,-0.317673564946569,-3.61040143510198,2.45911563113657,-0.580140941581733,0.402508394325295,-0.244702058074893,-1.81039939171654,-2.29448414205137,-0.594867097818246,-0.987884998333384,-0.321971287968935,0.246990520059277,1.27082931336417,-0.589014724946761,1.98557567176359,-0.95565462119872,-0.0929584018138679,0.14843719747694,-0.507326506149246,-0.821217672234457,0.435489645740366
84.975,-0.492580676311528,0.7551573899927,0.552423864434142,-0.194021278992289,-3.72829956508489,2.58462561200565,-0.61887721405394,0.377141834461875,-0.268466813483328,-1.9770360990238,-2.50844624107324,-0.601369659784857,-1.0637431862108,-0.343420910677481,0.292717237220712,1.42397083939396,-0.669112962245333,1.95233554057159,-0.959221182949197,-0.0942623966755383,0.145300321573188,-0.556504719789494,-0.81260650650961,0.413451508114328
84.98,-0.536829598282179,0.837723283886737,0.568821216968891,-0.146444108882642,-3.80864862802949,2.6848912874933,-0.649848808769651,0.396363698355472,-0.195362304930416,-1.99280697164967,-2.678375523999,-0.636869560382852,-1.07175664219542,-0.371637955819181,0.326883491387201,1.56496366026635,-0.726865007315947,1.93652525389455,-0.9617797989483,-0.091337610869253,0.140431810578297,-0.614145108113792,-0.814075653263869,0.38536311288252
84.985,-0.640262776316409,0.902802763150723,0.576133564048172,-0.12559004945131,-3.92548713529041,2.88077987260178,-0.672304474872192,0.391163110001335,-0.226016042841932,-2.02416311419835,-2.79377790050921,-0.654480200912928,-1.07471676945093,-0.401392678178281,0.36221201408624,1.79411101667452,-0.762389282922791,1.85282755220441,-0.963813495046549,-0.0837675795922108,0.141857047320052,-0.671749102771911,-0.805280142171081,0.354937086805709
84.99,-0.670936660169615,0.897580643723072,0.628247979642738,-0.173620784807104,-4.03103777075073,3.04296881286151,-0.715918109692371,0.336717820441506,-0.316663991985027,-2.18894703107983,-2.92411179652259,-0.62877332934475,-1.10013567988926,-0.425626205117804,0.380987296983171,2.02911418986854,-0.757001885444057,1.7731611938429,-0.946786445548678,-0.0877421220270102,0.149392575732711,-0.721488689847131,-0.796796615182556,0.339418560266495
84.995,-0.657594302545521,0.889195329443982,0.598813803750517,-0.289127184064399,-4.1308402014288,3.20143340033042,-0.753002502106119,0.322878740578299,-0.282107057710058,-2.30395217445054,-3.09034201290606,-0.627463415626659,-1.10464592096284,-0.457771680317229,0.377038923680337,2.34446885961558,-0.75751248052817,1.68879097111659,-0.935160965941688,-0.083561795619876,0.151982595314275,-0.766185964207166,-0.79463406100297,0.333578579196403
85,-0.62713828086853,0.883323081334432,0.556452336197808,-0.480269190365518,-4.21232518178445,3.31467250883579,-0.782986225653853,0.343629545356724,-0.248358554605187,-2.29096996007256,-3.30145082555473,-0.635588856493702,-1.0778504241156,-0.479001747422809,0.370190357375439,2.59744236441657,-0.710931007136861,1.62266529057218,-0.913838817733097,-0.0824157884581707,0.160483360291408,-0.806534236349639,-0.801845682366321,0.334435019071805
85.005,-0.643955038218985,0.79502550775367,0.535977001134118,-0.736414729283251,-4.24847717908809,3.36704315086971,-0.81125237621502,0.298969362021146,-0.263853281861309,-2.23550785423015,-3.42162109078665,-0.620524489513814,-1.08534690962756,-0.503878854748722,0.347200001063229,2.91945323519085,-0.736706235992707,1.55096694804184,-0.905353656489594,-0.0729512774881903,0.167805625287866,-0.834382311648523,-0.781485399847231,0.331745412716166
85.01,-0.69770003128105,0.679497379004237,0.570671243803658,-0.836996620392629,-4.26030576433204,3.40892879291566,-0.82260876714298,0.264850266733891,-0.26287758309078,-2.1012434176581,-3.5496235961905,-0.626281167206459,-1.08717640434729,-0.535888556304215,0.312500188979243,3.20716930781751,-0.728428500888914,1.50113165125054,-0.902206344708089,-0.0746972325952341,0.16871542992062,-0.835873815315919,-0.764715659070891,0.340290179715631
85.015,-0.77531044557537,0.564903586815093,0.643270117260473,-0.771627398205186,-4.30183346901209,3.46318293343058,-0.832564676483328,0.253779772987387,-0.320192189562077,-1.9815803724542,-3.69647006888941,-0.681717753834693,-1.03277955177381,-0.55473841196919,0.282824368798796,3.39522463233341,-0.713492742244622,1.49722560224964,-0.912188279056107,-0.0685299483560662,0.173223328966264,-0.815198601272117,-0.716035369497161,0.345759726370696
85.02,-0.823071508605232,0.540727877263658,0.651076312242641,-0.657592001044342,-4.36171210225595,3.5083348586939,-0.819579677448567,0.261611871420762,-0.358509698046077,-1.92909315394787,-3.78184664677973,-0.70026766462149,-0.970005868040109,-0.560439663137382,0.248977286008538,3.61114042696483,-0.669922028516367,1.45906707624208,-0.927881707360528,-0.0705204134339954,0.176862874143231,-0.797855798943464,-0.669677973652362,0.347836829113531
85.025,-0.846004642356885,0.571601971182445,0.646362119393315,-0.565231663314952,-4.42737674377727,3.54409196721281,-0.845691248769636,0.291579889949361,-0.386698716909182,-1.88228670067698,-3.93335045485785,-0.708372151416659,-0.906910928117845,-0.557359877898719,0.225906799085667,3.71565813500545,-0.603775222900838,1.421671825754,-0.938814411035358,-0.0691206962448788,0.183529540770487,-0.759690495453055,-0.594259246920327,0.342705241245248
85.03,-0.860987282378052,0.582131406364827,0.6041362436443,-0.557624559972451,-4.50358236923525,3.50816646626832,-0.86235875032625,0.321033300782709,-0.401100765435866,-1.79559597414589,-4.04629302426781,-0.694624717338662,-0.859512029960021,-0.546126063251611,0.19615572086529,3.74238263915689,-0.511744166387248,1.34221834564932,-0.949635808836869,-0.064662902391453,0.19710692814234,-0.716457930427417,-0.560792095115372,0.326132332323397
85.035,-0.922392545993425,0.527961380497077,0.557116202224565,-0.608328283025678,-4.54102288293006,3.43289417135154,-0.864407870532774,0.339379809586941,-0.386210280686283,-1.62007082366049,-4.16762008153492,-0.673279335877425,-0.83289098333654,-0.518765344187949,0.174748833149328,3.71113316833551,-0.419229620433766,1.27195860838741,-0.959916958819405,-0.0656063513925345,0.201579849432108,-0.696331069402331,-0.522690187310466,0.331831052370435
85.04,-0.909021746255063,0.52881906354637,0.538605520060203,-0.628875106242338,-4.53270705024511,3.32447448324739,-0.870361342334091,0.362494747538529,-0.382902354367883,-1.47128678727287,-4.28056647139415,-0.653397374887744,-0.785771493343276,-0.490356615580353,0.158588042170779,3.65968929657896,-0.349551606593641,1.26731007758032,-0.959707834093342,-0.0680063133745056,0.212234564791886,-0.698209685468087,-0.509333449221244,0.351704449841617
85.045,-0.942671493072852,0.521781270747686,0.568425997163561,-0.59217460128214,-4.53505236764431,3.19898361258694,-0.879668917056995,0.387805784505903,-0.411046780380208,-1.37242148873442,-4.38594892021102,-0.632070866712712,-0.74729743635999,-0.458664151971414,0.139777838075253,3.58252743310563,-0.298744203517649,1.20270041118929,-0.958044659877703,-0.0767049562949733,0.213125198244253,-0.73438182564115,-0.504051415920262,0.373973750361187
85.05,-1.0215132623502,0.525480745838847,0.620208520183041,-0.424366054270432,-4.55170986638853,3.10895780732164,-0.892832560038924,0.401082434369943,-0.476428771699431,-1.305369340114,-4.48209074348098,-0.595667479379526,-0.754162929333936,-0.426055177320449,0.121320769202369,3.48164553389484,-0.243386153157966,1.09446135414945,-0.953166426839179,-0.0825886296874939,0.21551441267824,-0.752849357354643,-0.513218315317442,0.400553782048133
85.055,-1.10619719004458,0.585754680648921,0.669708158101339,-0.211421512260626,-4.60471868659336,3.06423899745312,-0.912386015336635,0.415152820844946,-0.529538794124895,-1.24836460296079,-4.5709926552474,-0.549728662482607,-0.72962272160419,-0.394683233789579,0.102581792004907,3.31299347237446,-0.18990662724361,1.02451337053632,-0.944219523245744,-0.0952380393587365,0.21637563039439,-0.765636603491653,-0.507593656624726,0.411856624918167
85.06,-1.15529631449389,0.688685756253282,0.686519061687987,-0.0462589313130122,-4.67257511301742,3.05828642845154,-0.943565796413991,0.419160987311838,-0.563843898373775,-1.19789687206157,-4.65805521316574,-0.505485103988421,-0.842820415999344,-0.35179594457023,0.0396412511747937,3.29600742956579,-0.302512690979084,0.848792468929034,-0.932534899201354,-0.100525456237789,0.219995513341308,-0.778393456897954,-0.492659148500341,0.406518493365068
85.065,-1.20603763523678,0.816412128039948,0.678707374218872,-0.010541585932915,-4.75210141593535,3.06474175990733,-0.973225075293968,0.416680946109033,-0.576116097452999,-1.18494780423481,-4.7524071429769,-0.479782242800586,-0.75750728861349,-0.323886997422827,0.0177333651768212,2.99540971303636,-0.294874035601383,0.861551936359448,-0.917858365024803,-0.10224632200798,0.228096720598218,-0.81569207689377,-0.456414485209168,0.398020547744126
85.07,-1.22533900982347,0.892774365041002,0.623025913851069,-0.0538840963046499,-4.8076727292121,3.08077765992864,-1.00341473782518,0.44494385296031,-0.568862523058176,-1.18278803315959,-4.83816495844601,-0.437420745409243,-0.792416367954101,-0.313955179576468,0.019789603083876,2.93323197633723,-0.398642356855429,0.722460582549544,-0.908795149813151,-0.100725361690956,0.246945860246989,-0.864650231652627,-0.42222180624251,0.382259088333262
85.075,-1.22747250471895,0.930746083322134,0.56242662033551,-0.104802703716086,-4.81052626544349,3.11307184480248,-1.03948672873012,0.448374917852734,-0.558119833773378,-1.19875663229371,-4.90245453347067,-0.38990910153034,-0.777903654812679,-0.311415934171493,-0.0298058286331742,2.72947873150172,-0.44595640194113,0.602825538660967,-0.902500631827895,-0.103033403035748,0.251425804487331,-0.912350262984951,-0.3889992982372,0.367781578342763
85.08,-1.22525365243563,0.942649303600069,0.518072221225582,-0.139336251262474,-4.76768353269854,3.18044597206807,-1.08334370478971,0.443387863382421,-0.543398475533136,-1.26623451284791,-4.97726392820207,-0.307862137245189,-0.751675658400908,-0.302479399525757,-0.0543910900622498,2.56002360098758,-0.499688458086203,0.443556873857404,-0.886073413828058,-0.0963245081389464,0.26462490923202,-0.975114771399944,-0.31888902107456,0.339203461520383
85.085,-1.20886291634819,0.968663585108754,0.491090303679636,-0.119111899467327,-4.66340326017709,3.27423280924346,-1.11352679019834,0.444520632901537,-0.550308341341682,-1.31977067019014,-5.01605952816227,-0.252782462006094,-0.746961472240664,-0.279041610498435,-0.06906272695983,2.42534369202042,-0.556780892640417,0.337305653440662,-0.873044934638262,-0.097622707805825,0.261024388132007,-1.00813904983105,-0.266256280583933,0.325787692206874
85.09,-1.19730876828516,1.00096310243959,0.465021650707429,-0.0687971421245238,-4.5542832624716,3.38340677527138,-1.1478778023978,0.437484108098909,-0.557636243953259,-1.44894765055179,-5.08938899976655,-0.201999954545731,-0.706646097385347,-0.273565238514822,-0.096902508694392,2.26601599120652,-0.602764366912451,0.248702503262124,-0.859504793172466,-0.099968684356378,0.261082505381114,-1.04228578507595,-0.184766075014575,0.315502765451005
85.095,-1.20978112810892,1.06846843888412,0.438027039459419,-0.0167213713205227,-4.38841388765643,3.52999852712955,-1.19371184954208,0.436756703744021,-0.563972019911071,-1.56586592406873,-5.14832588599581,-0.173131859583515,-0.670324256905598,-0.27105431212371,-0.111823944048775,2.14323159686348,-0.605415088080827,0.191008204547383,-0.855817058324465,-0.105116953918476,0.257990397916002,-1.06772491434006,-0.0989901258828071,0.31090155441183
85.1,-1.23679329202746,1.16013312388668,0.407042189892174,-0.0261173720892982,-4.18973222027581,3.67971720846099,-1.25118015938305,0.43973218237603,-0.562715473025782,-1.70774884820699,-5.19295530844152,-0.141506521821283,-0.622153703468662,-0.276838392014417,-0.133664390261796,1.98915157105468,-0.562155111193304,0.120776223891376,-0.853895814892791,-0.108195681087588,0.258100881703668,-1.09769714349422,0.00517924095142103,0.311319589614868
85.105,-1.27218332929999,1.27378654325756,0.39543176059229,-0.134030011045735,-3.96358769917891,3.83781249641687,-1.2980535138283,0.452129007588313,-0.554868099943637,-1.82039924660092,-5.22429560782431,-0.114209560276119,-0.595200348451118,-0.279691016417753,-0.152721269427873,1.81458089388435,-0.510097779028271,0.0887019793227513,-0.848684900841202,-0.114373370589559,0.267903252838796,-1.11053880719215,0.0889201388703304,0.310802097049555
85.11,-1.35472041617474,1.375792036012,0.41192307462909,-0.3048062073884,-3.71274740488744,4.01121460668288,-1.35353921919128,0.489002396013727,-0.544862188375312,-1.9778619547213,-5.27088134385803,-0.0852009190421351,-0.578850485713642,-0.286285493665621,-0.157851249855571,1.62056355352662,-0.447106171273656,0.044857401875762,-0.846727515883217,-0.105432553275516,0.265708999015826,-1.09194755555592,0.16232794037768,0.29527102322041
85.115,-1.45565206770962,1.43906159098761,0.481675953192626,-0.430797180756407,-3.49016465996096,4.20988786339967,-1.38707460844712,0.528507221323505,-0.570035138145099,-2.14425681562822,-5.27944259755902,-0.0579362257230646,-0.574779267353651,-0.296466245817247,-0.148117712018888,1.45475744382425,-0.41115139384389,-0.00665255564393247,-0.842112686454697,-0.0935548608106721,0.258885287247377,-1.05394616096916,0.219430437826514,0.283882704771528
85.12,-1.57495785728657,1.50238014206365,0.594387119424946,-0.553984288026996,-3.28487553402413,4.49414208621911,-1.39807093587833,0.569279955326558,-0.628150700305962,-2.44415370789342,-5.29518693631935,-0.0223309279944856,-0.581296572070139,-0.311364172585128,-0.13750216331259,1.35726493575955,-0.412302557486185,-0.0287377965235115,-0.836646211816486,-0.0793762845545836,0.240159749180387,-1.01237705915958,0.274874077656647,0.271624450136324
85.125,-1.75508722677043,1.56595161319315,0.727141254500776,-0.668606579264916,-3.20320531278152,4.7422980421311,-1.38136646185625,0.602398819094508,-0.674733883488193,-2.72225398975384,-5.32039627886238,-0.00391147090783042,-0.576506797543341,-0.322669747687461,-0.124826058817857,1.29819243011239,-0.451145478645951,-0.0564998476830399,-0.836222755037553,-0.0684091583863772,0.221758411375926,-0.984035387690127,0.343889475973661,0.268560290336609
85.13,-1.8814340325757,1.56818510858398,0.762585763120605,-0.743107131140036,-3.18813444687144,5.00872084096687,-1.37344815205958,0.630479887010613,-0.72668470803869,-3.03978827300961,-5.29785050254829,0.0150104283058793,-0.571668664849078,-0.335811687232482,-0.121647826247461,1.27781505790029,-0.510803953311259,-0.101374922221742,-0.845128833992355,-0.0575003538671307,0.205918824783632,-0.970591591937928,0.440794561230089,0.27173043562811
85.135,-1.96154471632104,1.53860711414496,0.756614316304352,-0.877574147066096,-3.18346272268708,5.2745332730802,-1.37921574189499,0.628771462613785,-0.76446298049046,-3.44088985001303,-5.28015509736223,0.0484355539979682,-0.557583709444996,-0.344177125573572,-0.128584014132171,1.2776447603545,-0.566058673550647,-0.137300600521761,-0.853904036677747,-0.0613018229255131,0.203080366867862,-0.969396362424471,0.496768083098513,0.282083798857859
85.14,-1.9610103837224,1.42861110822201,0.68373248723176,-1.08775492765053,-3.15850809127683,5.56195776589935,-1.39132761947578,0.624304665290697,-0.756995076177279,-3.75313975871795,-5.27748438011148,0.0706526249351672,-0.537622562709001,-0.345634776490287,-0.133694958924884,1.31663449632587,-0.611307875071094,-0.208645938208595,-0.872619428041172,-0.066708678810986,0.206221764249326,-0.982706058566521,0.515636831561547,0.286801002412981
85.145,-1.89590285739265,1.21461948740486,0.590558421349313,-1.21168080894089,-3.07719550167477,5.73262318060537,-1.43137158278571,0.619756303733905,-0.71939175774663,-4.07285410312006,-5.24280554449248,0.0846799782772165,-0.525696104378115,-0.34742070070165,-0.143712415040137,1.38142408610836,-0.626070562267297,-0.265086164392795,-0.88575698264145,-0.0661645436088436,0.230353874461184,-0.991087545955542,0.495910798792258,0.279773245283333
85.15,-1.85510865723888,1.02699456359566,0.517188993572335,-1.31503318102426,-2.90085661087765,5.82313126916494,-1.46533545407677,0.602549644284569,-0.708957798248988,-4.29634391008166,-5.2032270998894,0.0829472992427793,-0.518561643611923,-0.348566216308999,-0.156348905120866,1.51658521639158,-0.625077706869834,-0.345938353743781,-0.899647820186176,-0.0671043967792004,0.252473053343427,-0.995466325244268,0.438708955146357,0.263981413308163
85.155,-1.85190183148308,0.86530281732243,0.506087951561787,-1.30723640725022,-2.73539934994879,5.826454289964,-1.49208301300075,0.55680716162582,-0.743999402467533,-4.54487913949451,-5.16257949809425,0.0763702591571197,-0.523397398622982,-0.346562996430729,-0.172399575403861,1.66803960201171,-0.583705168103263,-0.412847696797384,-0.914818308973687,-0.0577115930411827,0.266037904378538,-0.98928040266037,0.376507032773706,0.247711737923575
85.16,-1.86916165063561,0.74566426443101,0.511022932099502,-1.24988651532504,-2.58197485086714,5.80115326905027,-1.51403053529251,0.514101047622032,-0.78665150167398,-4.74738026748883,-5.11352453833618,0.0572257425102729,-0.534903220565581,-0.347874105747048,-0.191877982527954,1.83362865444368,-0.487115610266857,-0.463155558389235,-0.926811673976071,-0.0499349242618781,0.269765890533609,-0.997376202354977,0.327345769645189,0.239630492576266
85.165,-1.90734646425813,0.668271996569539,0.510375054130787,-1.17109277047471,-2.41455524700575,5.74435043545927,-1.53501452022485,0.448341500851657,-0.817019747156253,-4.87086809943836,-5.05216976414845,0.037962411175257,-0.545147419510069,-0.349543622639274,-0.185990708064544,1.93028353583434,-0.408115510814957,-0.485551436963457,-0.937904498826579,-0.0411032743306467,0.262714995870089,-1.01469057564087,0.322451986844601,0.238748846871978
85.17,-1.97485216180097,0.57896054978571,0.511094573770466,-1.10083170406497,-2.20708768077718,5.66574097375403,-1.57347369970116,0.368816648510002,-0.85505489735037,-4.98115601532529,-4.99493096131007,-0.00401202663552311,-0.572463620644354,-0.337345757077475,-0.174739215474714,2.0816515787668,-0.287372108255964,-0.504054205973892,-0.948130735438694,-0.0313716817969739,0.256346925791754,-1.01670256555953,0.318108071241491,0.240780702092356
85.175,-2.052703381965,0.473136481666024,0.508088949617777,-1.01368648830901,-2.0174194703019,5.5966213341802,-1.60388968775391,0.284451453611471,-0.905170659457028,-5.02168308385372,-4.9065628432212,-0.0454580194579594,-0.610031929417806,-0.328671677084992,-0.147904930568253,2.22878053740157,-0.192682074870433,-0.514291939777247,-0.953950306791702,-0.0239092568840592,0.252221757774502,-1.00772338976126,0.325278510987494,0.251010120785774
85.18,-2.15516121889743,0.38227183971893,0.506221603728954,-0.9278965129526,-1.81631690769931,5.5291589982699,-1.60924762943188,0.18851680699159,-0.929163004030733,-4.94425907174176,-4.76351001977324,-0.110004901735094,-0.656918728965459,-0.317546133440374,-0.110219694062454,2.42437862692712,-0.106436273640317,-0.52424258114265,-0.945625373937743,-0.0228874950090431,0.240763787071762,-0.970058976908145,0.322258335042838,0.266830955506683
85.185,-2.28208660924222,0.302110139050498,0.523158546452814,-0.868525115415646,-1.64353968336926,5.44483729431377,-1.57199670203864,0.129577910148444,-0.967641149369825,-4.7720012339853,-4.62015301942524,-0.162907852463319,-0.727655659770068,-0.297880025838341,-0.0700815575411889,2.6653370903707,-0.0313613854032048,-0.537249071859217,-0.937428768823466,-0.0251610774620355,0.233995111115529,-0.925105745920773,0.332048598481554,0.269364702671509
85.19,-2.36676144953603,0.233445331590367,0.524783174373421,-0.864587293228523,-1.54114564511687,5.36908385437809,-1.50688720234213,0.0698534721098578,-1.01915717772788,-4.43861154817873,-4.39515806021391,-0.241383685470316,-0.7958080750905,-0.280701524615376,-0.0438222402844354,2.93946182268909,0.02312494756617,-0.554461636439121,-0.937462629370336,-0.0277457766644394,0.227174367413031,-0.875393974911918,0.361305213016029,0.283705359738823
85.195,-2.42163615000897,0.172224335041807,0.50639894405129,-0.99915473822311,-1.4654229397513,5.22165930791241,-1.46639995779235,0.0406261148209857,-1.05742932652564,-4.12320360040762,-4.20471497963753,-0.291985925814336,-0.880263386138668,-0.244118609487823,-0.003630820342903,3.19926458819431,0.0703500123022686,-0.581577199697502,-0.941911166507805,-0.0348773709602181,0.224052577517496,-0.8451273770566,0.382691076149855,0.299653540427642
85.2,-2.39385991397435,0.0881585732507204,0.452429905683573,-1.28290070269323,-1.4236314276694,4.99365231312297,-1.45873278504382,0.0230648708815074,-1.10572717844332,-3.69585579198503,-3.9657280144614,-0.344013281210796,-1.0131715889314,-0.158158890824258,0.0165158695637324,3.46882401838793,0.140943865586665,-0.628368682297142,-0.947091866243594,-0.0462158542573234,0.238095479748438,-0.826795041561127,0.398453663168012,0.337198534030384
85.205,-2.27424809639109,-0.0985515537431685,0.348263546096646,-1.5102260834202,-1.35215103673193,4.67556940311202,-1.480188504973,0.0256234691285734,-1.14933800286122,-3.35570936199258,-3.79013210108926,-0.3816302102328,-1.08630402379135,-0.107435249712416,0.0155438254413378,3.58978392757759,0.190354150742881,-0.608208718686707,-0.953961202346472,-0.0458424477704342,0.260438186722575,-0.829871265303343,0.373096503396359,0.357434767478632
85.21,-2.16099245217743,-0.361840088750883,0.260870931645676,-1.53385337187132,-1.24468445586139,4.41733603454177,-1.49862472841327,0.03692209741774,-1.18708988076078,-3.00509035354169,-3.64322725737609,-0.417103301084885,-1.19205472802994,-0.0290713650968817,-0.00500935183856574,3.62574274751707,0.228003526798147,-0.557811213859534,-0.961256848907493,-0.0482507305201519,0.281275917252819,-0.842190007414081,0.329040147298242,0.372651889037362
85.215,-2.09438501570794,-0.56052586503942,0.193850487924429,-1.38744607399207,-1.09689172912546,4.08981231119947,-1.47560045643561,0.0551688201188834,-1.24819998350301,-2.63232213679815,-3.4929752040995,-0.443018514505548,-1.28687737944657,0.0682449973340142,-0.0281800504743376,3.56618616564559,0.248958192935734,-0.487247948244517,-0.975211622765204,-0.0503825369823744,0.308827088971373,-0.845975295934735,0.270670804231992,0.378512769937515
85.22,-2.10134771293092,-0.743948341484014,0.0916463982029092,-1.00238276817837,-0.942783320883102,3.64313898225695,-1.43550872657712,0.082039320315025,-1.28256214520824,-2.33076867951061,-3.37936808828186,-0.420581485657704,-1.37575600938758,0.190321562331128,-0.0590831564923979,3.42315769153579,0.270108180848458,-0.379286295503747,-0.980267287422841,-0.0448155531679734,0.329105415853731,-0.849581647750012,0.202046843263178,0.368794292219082
85.225,-2.20203140645621,-0.793237126863051,0.00369785136441219,-0.536495384832423,-0.876716301225411,3.10452964947033,-1.30369771677797,0.141206720403074,-1.25037206972764,-1.72782110306092,-3.14991550718358,-0.329002782307502,-1.44692177756407,0.327252438856191,-0.083162424320281,3.23286897115538,0.28524694504977,-0.2877827481262,-0.989035020439229,-0.0607717527495416,0.33667678467139,-0.847069320364285,0.1640984757,0.364575467396029
85.23,-2.25678068998591,-0.653847882054109,-0.0689242770824972,-0.146473914089082,-0.856577940637515,2.57196005285645,-1.20915776693592,0.243513476628074,-1.24480993101319,-1.29645376187988,-2.94157793412479,-0.224348919017503,-1.51481668473115,0.47279453457447,-0.152254474565673,3.15899148557912,0.321906832008809,-0.121893735504396,-0.999003110539022,-0.06248929080523,0.349413339662519,-0.839225748850589,0.11732122785132,0.345297827005548
85.235,-2.3539553535825,-0.557917055057557,-0.132408108904301,0.332160328067599,-0.895473316914978,1.96258958858431,-1.04598560545058,0.350620405128751,-1.34435928213602,-0.860330365354019,-2.65015923530053,-0.0429924185609944,-1.60746208128536,0.671460549021377,-0.22701678175327,3.19819525937834,0.366644658339416,0.13786508258824,-1.01151631245933,-0.0662811252391643,0.36595425590169,-0.837790250778198,0.0914912081852071,0.334531784057617
85.24,-2.51395333678287,-0.483504113704074,-0.266564156200085,0.724091339610689,-0.948286625582452,1.537049988854,-0.901274167482204,0.38347247254924,-1.41598947006188,-0.620317225358359,-2.3382126829062,0.115170096302141,-1.68917428639501,0.862667094677556,-0.279455023206052,3.34102934502161,0.374085392443898,0.439125015775209,-1.03427217439592,-0.0740567568152176,0.377661172965512,-0.849122411407662,0.0940486384284523,0.332265346402951
85.245,-2.64605057303785,-0.313231854708621,-0.420697458756236,0.930815257875988,-0.933247749531724,1.17847996989478,-0.814496423449303,0.379933809443967,-1.46215200091751,-0.534258526597477,-1.96077648262658,0.252016272564274,-1.75843201439084,1.09135036661218,-0.273034402867919,3.62573832598936,0.30156734957147,1.05433079595448,-1.05499346633354,-0.0655277426225585,0.390804104145912,-0.87771988317463,0.0839364270778152,0.326992752651485
85.25,-2.65872349553786,-0.140356263746238,-0.526952954709791,0.852337630260529,-0.865702853484974,0.929718212773363,-0.803644637065571,0.338261884546935,-1.47223864148731,-0.516283632952114,-1.65248645559231,0.353636302582992,-1.73638784809117,1.18152588861592,-0.203116011887287,3.65930771920946,0.162975633751021,1.52944416417016,-1.07263024821484,-0.0603134199319842,0.400589849636596,-0.901791158781844,0.0784592335515935,0.324458644806091
85.255,-2.5530276944568,-0.183290618701298,-0.581156225223782,0.558590156612595,-0.804049475069172,0.78635784951287,-0.858281377435889,0.286325347851202,-1.49432443939556,-0.451905868087154,-1.36098559558824,0.415962509749463,-1.58674422810647,1.16654994167924,-0.0950501385219764,3.35041960636239,-0.09667096158731,1.76782084811107,-1.07860519830671,-0.0470656469803051,0.398082995490385,-0.930643864691901,0.0643525255603607,0.328016240956974
85.26,-2.39351316181784,-0.324521177128227,-0.637450695297262,0.266784936464779,-0.702355034624737,0.646231468184273,-0.877489383420428,0.169193445757504,-1.42930474264553,-0.385270401077382,-0.990465592478893,0.467465509490468,-1.34993650565276,1.06026034964049,0.001829577709024,2.74393185333044,-0.374762504201253,1.53468796598809,-1.06998808277255,-0.0372485210799981,0.400025778141868,-0.964865575674036,0.0635878939343111,0.338877375181822
85.265,-2.23566558685368,-0.529395287791135,-0.690144338834066,0.0878954199478827,-0.520593403498905,0.465911895783326,-0.872841076989628,0.174189981523846,-1.37407630780636,-0.244072623932803,-0.725316991306814,0.467619027289573,-1.0628509021476,0.859934592612167,0.0173350063464572,1.86609904076434,-0.591283700828582,0.696764434553688,-1.06726317966348,-0.0304297891124098,0.385514265577868,-0.991248927708724,0.0760150194134166,0.354202325522553
85.27,-2.11390523227904,-0.621085244791639,-0.761975592374633,0.0277295843993821,-0.248015415648789,0.25640919996343,-0.889861265776507,0.131042400629951,-1.31928550061508,-0.228132594581459,-0.317007664376093,0.461051761521734,-0.909932007202516,0.732729894552314,-0.0197537141442917,1.27860796105397,-0.655966665099445,0.0185862827125675,-1.06481318829095,-0.0309895948811056,0.371745459757769,-1.02508037565571,0.108194227323737,0.388205902738992
85.275,-2.06999847746691,-0.58078565952394,-0.780823287067653,-0.0668330705395461,0.088770476106765,0.049967055391855,-0.893250620319366,0.0948429525184496,-1.26173042614419,-0.291938074210415,0.0429492940725732,0.4141476255501,-0.793838820538648,0.602996297670364,-0.0945403332830986,0.996186192350734,-0.670325925854475,-0.584978547294022,-1.07400564111334,-0.0346776463552557,0.362870623064679,-1.03654265430163,0.14360918394553,0.416110995253109
85.28,-2.04317409680087,-0.495460734184819,-0.739025442886186,-0.244327842424078,0.431317356727242,-0.16616155016366,-0.87057037232075,0.121874837210544,-1.23600391013664,-0.403406696505903,0.372287138386903,0.365316767449422,-0.754487081092749,0.519952832666752,-0.172961974204574,0.555388995158312,-0.682398639464574,-0.884664338663375,-1.08704979314483,-0.0413506755265329,0.35736595149947,-1.03775865446529,0.182781060014304,0.450756760548765
85.285,-1.99903923329763,-0.467818344639288,-0.763266315159976,-0.44052552711566,0.745177956685526,-0.366148786531275,-0.87217585501006,0.138208319961243,-1.21860363576288,-0.477818085647876,0.637197819335821,0.322227749659165,-0.778186365434164,0.472834279866906,-0.231628462867325,0.474187765543575,-0.651667991231754,-1.01726450626962,-1.09441490877087,-0.0510572232298393,0.360145254789115,-1.00913715459212,0.202748404495842,0.462611009338279
85.29,-1.92088237045479,-0.496980020633327,-0.679976410895134,-0.502714991569519,1.01988226505875,-0.533907664917973,-0.883865518648254,0.145740624240702,-1.17596692080418,-0.53599497520573,0.95214978941027,0.285052017154063,-0.842810804152459,0.453589377845943,-0.257235504625393,0.528241750702809,-0.591071365058365,-1.04777360707313,-1.10426704179982,-0.0524826944059691,0.375623032043341,-0.955948462455698,0.20447380986359,0.4732167953847
85.295,-1.84514244186781,-0.499571708534691,-0.626654025292259,-0.413984916621527,1.33680694603879,-0.71767902656806,-0.894485016360696,0.168728195691724,-1.14766644022458,-0.546079302553382,1.21278841515041,0.271036210143357,-0.914425802257431,0.419274543172524,-0.248900701355961,0.533868921808006,-0.555104078327014,-1.01380210115233,-1.10953694243406,-0.0603491920647532,0.388661510212839,-0.909102921864024,0.194912320080337,0.472936642673413
85.3,-1.87438897276051,-0.407975042922138,-0.549850681222042,-0.180698845324051,1.6303298391339,-0.880708448381941,-0.900930163129053,0.195629162349752,-1.14057725535517,-0.482117766447842,1.46471966017445,0.279795831024731,-0.88006205542105,0.299960446629315,-0.314562556292326,0.428476426605848,-0.559716605913744,-0.960394025763363,-1.10772532727742,-0.068042284287823,0.420251482619611,-0.843523627864577,0.154589581075922,0.469106200535457
85.305,-1.90145146479482,-0.181668793716729,-0.41740313881513,-0.202245928922564,1.90203906531499,-1.03490274834992,-0.89283815089868,0.20694505726815,-1.1173171038333,-0.428818024913544,1.74017959838433,0.324871604389206,-1.21970099970312,0.312196525630874,0.0277041128893176,0.10823585516503,-0.390508030928234,-1.17063700872989,-1.12539953978165,-0.0641565184125928,0.431318980697057,-0.788170970118498,0.111417480667073,0.454905287457634
85.31,-1.87463228009757,0.060107597859218,-0.315557303106206,0.0957958496132536,2.05784733460856,-1.1326320740872,-0.920251638798922,0.231855607110086,-1.01810433992128,-0.440143249930256,1.94416455388758,0.366361401971241,-1.14405269578759,0.223034174910812,-0.0414088957587657,0.314450381804501,-0.181955492697823,-1.47455937727952,-1.13086821594589,-0.0663135275216838,0.446815518477432,-0.735366988113756,0.0767339293963124,0.445800696388068
85.315,-1.67434206581343,0.209487409195975,-0.146359366650866,-0.0256034396023996,2.37280976733288,-1.11308260605034,-0.992261010342498,0.140408000523634,-0.786846748204722,-0.496189300738099,2.13856292872015,0.360395654058812,-1.06653202270693,0.114485967820983,-0.0610513916904236,0.202766878624269,-0.254933376811979,-1.7789592031885,-1.16261529106503,-0.0865998453303169,0.468746083846193,-0.672450428786835,-0.00517091724075338,0.418053443420089
85.32,-0.941053371292801,0.343568225547925,0.196329268732472,-0.117603949837383,2.9215734941276,-0.966287082897874,-1.09756597858627,0.000711194657975487,-0.38954089862154,-0.578209549910715,2.2081139717966,0.353911459445953,-1.02050187059747,-0.0426756374917781,-0.0236572882826122,0.11084046218213,-0.395230526557976,-1.58544360910815,-1.09897926454106,-0.0466212962329878,0.472487928205212,-0.607047124310783,-0.0958929998754252,0.389566951866727
85.325,0.930656017001352,0.397960189219371,0.749593580226189,0.00873844694744468,4.11454158834721,-0.772756221136413,-1.57955608307871,-0.500968768231454,1.54024356766743,-0.483102492809263,1.87409791492752,0.289307420760275,-0.950558886979396,-0.126401399019341,0.006936584272437,-0.0563104972710082,-0.578716947662715,-1.25221372770837,-1.0363045886065,-0.0556423859033465,0.505911282823237,-0.576299861983358,-0.136730936867693,0.423951224062445
85.33,3.35294356184739,0.820297923289639,2.09344452424279,0.808304141338228,6.21394643253881,-0.318682443524165,-2.3750609545225,-1.31249196483349,2.91702891721118,-0.379004269629209,1.27938592766648,-0.0448726030771955,-0.919175256648775,-0.12272952480605,0.0286648103247708,-0.280585881294769,-0.817069324441284,-0.903674719185932,-1.03469933775647,-0.0583826406087115,0.55817980554446,-0.496984342398318,-0.272998391550856,0.414619047731278
85.335,1.78080699826633,2.28301430838874,3.09212747000987,1.38617539875432,6.4653038358835,0.201762589638014,-3.04970741264404,-1.24527159014105,1.63629735144223,-1.76249272121226,1.26376985042947,-0.510187836981487,-1.0418556405894,-0.0384647092038613,-0.0075108677419073,-0.145310800887745,-1.00489646935196,-0.5474965783433,-1.12635626047042,0.00422978221865244,0.536090358465128,-0.37594064146296,-0.41163578597121,0.426064219461594
85.34,-1.81751511480981,2.7377578682489,3.3632680823849,0.569797668670194,4.71481696655034,-0.0610221007300153,-2.52171840235587,-0.263205170747767,0.770021209739095,-1.99927676004456,1.51709598614588,-0.204043084449927,-1.3385821713106,-0.082454926317347,-0.121935975503205,0.259575788456814,-1.05866528661421,-0.247577371250359,-1.25768870514468,0.0798180356704858,0.455762688070331,-0.226468777321243,-0.428510826165446,0.461505809290215
85.345,-1.94699064693409,2.10224573167276,1.87094937585887,-0.80526568942608,2.89423721763705,0.542345492048944,-0.794373201677613,-0.0917410064572983,0.456628380299911,-0.723911439313657,1.50448816582433,0.47611690167949,-1.74009027361578,-0.374443893179281,-0.295898739490906,0.318688707754063,-1.24758779688434,-0.257257435320984,-1.38758172681377,0.149271673470539,0.364321633996187,-0.107644374131297,-0.239649565564344,0.612829783415585
85.35,-0.713079948757195,0.616370453371996,0.656808036955029,-1.31816711980674,2.91244738731948,1.36662291453687,-0.599860140037621,-0.158847433731789,0.024259193012046,0.0726940401204117,1.31248951023419,0.506514056900999,-1.7504251683003,-0.510265289562856,-0.238095958207069,-0.1593382398058,-1.34562683239662,-0.730955253032387,-1.43980417759408,0.101831547127923,0.333804295818419,-0.135196271627966,-0.105544831057849,0.689815864664626
85.355,-0.311990609707695,-0.88716022183248,-0.594528875284939,-1.65616948096148,3.46550545561613,1.21501486101405,-0.918719721454797,0.157395321717906,-0.213196875646679,-0.638684676830473,1.31312935712252,0.485629994266503,-1.36075123846349,-0.504915596942766,-0.229128546281897,-0.192855691134379,-0.972734691319417,-1.46955842695284,-1.39355180583771,0.0251382638542649,0.305082040883522,-0.220177374185471,-0.0341476995786365,0.72041992512564
85.36,-1.34384456562207,-1.16462739749586,-0.883781662947928,-1.62426695897794,3.94096008405629,0.690289759394243,-0.488371312566537,0.416013583780069,-0.708080940544451,-1.83439547831502,1.50566648402464,0.505283701047593,-0.959856150855031,-0.409844612873027,-0.349817558309482,0.4478932134113,-0.406014388099036,-1.73946569543143,-1.30631877506354,-0.0425945678165641,0.291183181575323,-0.253033080319221,-0.0360743770801269,0.679222075640699
85.365,-2.68366066288404,-1.01486740191855,0.289020857929491,-3.3176691418223,4.23776183787727,-0.424550379520341,-0.307953935494868,0.291047916572523,-1.21806879093573,-2.30005789940303,1.79445101328719,0.570456080334304,-0.761767889682652,-0.325052013690328,-0.418483874274713,1.14310325243821,0.118016272264634,-1.58240470287917,-1.19854540870949,-0.0854368055680583,0.301971320684775,-0.211163665384249,-0.137682643097429,0.595608801216703
85.37,-2.80766500768317,-0.170044187298606,2.13045941349681,-5.55712004972717,3.27133562144268,-1.48298959687184,-0.550445458086848,0.0837925123702262,-1.03166070420767,-2.06603667727037,1.97163267425814,0.445132536484621,-0.763825905643153,-0.162371858471236,-0.413870235885336,1.4870106570266,0.445968651411986,-1.04463543706335,-1.07946051153199,-0.109858745501041,0.28255783980497,-0.222893954694532,-0.284512033724649,0.485744098162787
85.375,-1.94461013168324,0.697584635413653,3.21757143880493,-6.30361703482828,1.60373316749903,-1.17979856702953,-0.95686165435088,-0.0102000778984737,-0.416291620632838,-2.07748841073416,1.98335889316797,0.383996890841099,-0.805165694832096,0.00689575597957839,-0.371428690175891,1.38968099277574,0.544087758725662,-0.468641439519091,-0.991897849457667,-0.104489700307091,0.236991283604835,-0.310024015859106,-0.345538565376461,0.395357398476958
85.38,-0.959888282720973,0.171036198909805,3.14245514851487,-5.36796532832328,-0.0162859391116936,-0.895250652058303,-1.403328161354,0.148499454586593,0.0679474520085465,-2.25125127615751,1.85109658880021,0.410756173991026,-0.847363024850401,0.152794641271686,-0.255531490734829,1.0621800433192,0.502127898191456,-0.0254080098898775,-0.961650111138063,-0.0542691100474274,0.178383519761238,-0.411881444967285,-0.285165831057338,0.352161156181933
85.385,-0.41113792200221,-0.484211126081901,1.7586264126808,-3.14237421630465,-1.1840587079808,-0.967992663258088,-1.7419176676367,0.343610311010415,0.165526621115182,-2.81665016329787,1.73903241072588,0.656819319351237,-0.986600343102146,0.224900068750011,-0.0389486573769021,0.957719570732001,0.284439836398176,0.207099701848921,-0.985411273278249,0.0294545682667325,0.0881455771915089,-0.43316358051073,-0.104409664364489,0.389628343723673
85.39,-0.428677920729803,-0.176558800334196,1.00601032949778,-2.08554526181769,-1.23317372060163,-1.15497412716546,-1.8355586042971,0.123197911775976,-0.0691109566176352,-3.04942603697721,1.69937184148747,0.957174103973001,-1.18200674990724,0.207096482680073,0.143591351360274,0.870680967057047,-0.0887048513896185,0.151117331021171,-1.06546953122051,0.0810945553375145,0.0171684948373124,-0.364543765578963,0.0280882544460295,0.465259986385989
85.395,-0.981982866545892,0.521979517068453,0.503583402955081,-1.54528638185921,-1.04078114092991,-1.09354103893455,-1.72904814526145,-0.203163000583599,-0.499069796401045,-3.03783153369692,1.65832944690481,1.04734236332675,-1.36803114167447,0.103199285066473,0.228077468041188,0.519907623305196,-0.467271913186151,-0.274345795351689,-1.18024099925523,0.101284071200886,-0.0157586350937201,-0.274056248287937,0.313316031331965,0.53614190650836
85.4,-1.59217777460381,1.26197661666108,0.482556348528873,-1.39869670247538,-0.738184796994972,-0.574399467996358,-1.33364223471648,-0.114027012340934,-0.638022043587966,-2.42890569160831,1.52412695966326,0.969782823054519,-1.43942230405167,-0.0116460187270383,0.253215585884256,0.230035367011263,-0.654290505947066,-0.671105265033143,-1.33086267783502,0.0983758627883368,-0.0126017370613716,-0.174026433808437,0.56385487715107,0.575594406562665
85.405,-1.45660225422689,1.00646958819345,0.552658260119676,-1.23247618494945,-0.307685347171377,0.0150971021326941,-1.06525373209422,-0.1322762534363,-0.643352062847999,-1.34535720607242,1.57040483755439,0.888272380108971,-1.34715657570698,-0.146885470375866,0.284126309819927,0.114848302219364,-0.669609240819985,-0.963336229305192,-1.40626610688271,0.0871785313701085,0.00926787406205466,-0.130453957930556,0.534241814056374,0.565456877454003
85.41,-1.10114773760912,0.296480517667607,0.915355120342848,-1.20123081842705,-0.0246514811359411,0.364382126300886,-0.966384542464314,0.0459186294798897,-0.458550348187438,-0.839902041581194,1.6035840675408,0.801260581570431,-1.13693829888304,-0.27283525060796,0.293981591218514,0.0480413473759451,-0.540161004258091,-1.21470227787954,-1.40121606349166,0.0807043072039622,0.0376006523150036,-0.125067964483228,0.327861296696299,0.54218540757421
85.415,-0.761130163874231,-0.291217085257983,1.12591124959111,-0.809263860836882,0.0787596532907554,0.336162496444733,-1.05805481021775,-0.0415376152396993,-0.30108310311316,-0.72579997135134,1.43900636811485,0.544062453306577,-0.906119892032107,-0.415353849500224,0.26758631043093,-0.125274421276912,-0.347967576913859,-1.42977706598966,-1.33409984215664,0.0795167548138914,0.0389554825618219,-0.163116152970077,0.102866743336704,0.529228284070694
85.42,-0.468703875160786,-0.274150146826344,1.08077716985977,-0.206706272981462,0.0082117818342611,0.169809851093628,-1.16258660370931,-0.096596699941461,-0.222742043710221,-0.589483178870748,1.34472536047411,0.472961995740744,-0.692006974280626,-0.550328909071078,0.170949341545776,-0.449874124329744,-0.232152293533434,-1.54495653259413,-1.22091488568986,0.0726832983537019,0.0240937809718162,-0.275266178494347,-0.101269242187675,0.527559518814087
85.425,-0.43924236559702,0.124480607214544,0.877736717849345,0.0583807990309136,-0.0114613562384405,0.0926756577407928,-1.24504909448292,-0.126834934394,-0.184607399287146,-0.385106250749099,1.31468590702346,0.538972030644816,-0.567668098891553,-0.581438748435409,0.197332079172204,-0.555538565057315,0.119955270608001,-1.8165664103698,-1.12051599622927,0.0738980165041846,0.000953625800293937,-0.379827814966715,-0.157251137811099,0.526803320234255
85.43,-0.578751279000527,0.412614216109109,0.707360419983655,0.120276638684889,0.104828979774395,0.174373410577271,-1.12077840521278,-0.19254625253091,-0.167249660583912,-0.160803497595137,1.25762240818987,0.612646919909694,-0.516242175376794,-0.576951699492341,0.0823871604310376,-0.637434420539007,0.137028625727815,-2.08833930441897,-1.01262728571777,0.0573201006847995,-0.0119374344871497,-0.504493983997309,-0.0985558628728023,0.493232649105972
85.435,-0.611594794037407,0.338901895773774,0.815924044695227,-0.0142858155319397,0.179978388950882,0.300940095073779,-0.958120682973028,-0.192078400619687,-0.106878775946183,0.27143557803394,1.20822224458572,0.588189662353153,-0.511819287971356,-0.534382291611766,0.0708870987535435,-0.559450001987637,0.0200885568232497,-2.05205198463545,-0.952175460715118,0.098460228846195,-0.0105240690368042,-0.625713569835138,-0.0265003298300008,0.43261818962127
85.44,-0.533684267718917,0.19273401695236,0.882312312803398,-0.144414570536888,0.16330315204147,0.325406921463391,-0.910637582147787,-0.152603537213472,-0.0514327837415568,0.624784565199194,1.20726313135852,0.599212306544085,-0.568687854828889,-0.485075519601526,0.103742769347919,-0.229776074629463,-0.0841682362158135,-1.9868323782611,-0.818175655583118,0.169218055584706,-0.0468049144739883,-0.69544617219416,0.0865152964804609,0.489932832706342
85.445,-0.464399715936256,0.133048148718413,0.945594231529154,-0.206217961946479,0.122052538960895,0.288749823592364,-0.875901227330797,-0.11109123928344,0.00854082781725191,0.985206487222715,1.18737099864506,0.587462001757846,-0.643710025058858,-0.461438232429314,0.142151642883769,0.153049203298602,-0.123875391966474,-1.97450455669118,-0.722157619468354,0.157241202043218,-0.076063511187606,-0.732910575178611,0.366498645714781,0.501279680967662
85.45,-0.464743155269635,0.168455264188337,0.906708218451659,-0.118067049903419,0.0840346195535786,0.249888982355304,-0.900348599670488,0.00101266453632101,-0.00474434480527411,1.09385113709577,1.14959045464474,0.569705817299196,-0.742578533904092,-0.434167535180397,0.161972608495465,0.471641065273689,-0.179370929416904,-1.98445257712246,-0.666732841849808,0.172723853820281,-0.083041725533311,-0.757983577521944,0.561533932551278,0.483230643151469
85.455,-0.48725307828454,0.243376228588146,0.836301448318627,-0.093976776413387,0.0803712312147069,0.238350547111458,-0.986717987019909,0.0697587796459128,-0.0442610709589774,1.23940490361626,1.11696004332717,0.587853967410307,-0.849416696803285,-0.396209377706179,0.140265633808338,0.375132910698126,-0.254024822546989,-2.00354206598517,-0.675317298378359,0.207648278439009,-0.098853147602613,-0.797507639593196,0.703708570643762,0.490271324188112
85.46,-0.485847943186901,0.314027911434549,0.85500372044305,-0.147311178713976,0.106602638254543,0.249963031589762,-1.04901592233781,0.0481288213875989,-0.0397894822663906,1.30165123704282,1.08369635809967,0.585018327163826,-0.912405021844953,-0.369270777016691,0.108120371613306,0.166740099162038,-0.287771593936894,-1.9490967342484,-0.735815489994771,0.235267080754842,-0.119829731416951,-0.856953221928651,0.819543793757129,0.52247110181291
85.465,-0.43943350345834,0.27496419738164,0.834454928937074,-0.148023267470209,0.11307501307884,0.25491834656876,-1.06517965102297,0.0875170051816268,0.0175822918947076,1.30111899929727,1.06067344122997,0.553887771106142,-0.959358823698418,-0.302464061732488,0.0391959580935241,-0.0599239328875058,-0.206817771139636,-1.71829886077918,-0.790724496009878,0.229317195881181,-0.101190901743372,-0.903286631075909,0.806881585542566,0.491528616266038
85.47,-0.416583289067749,0.277647624393916,0.853094218456566,-0.140925740307734,0.105570744517395,0.24016168155443,-1.04495753838267,0.142805564073617,0.0380172065344285,1.20570156364622,1.05154831818172,0.503503302851034,-0.969401991955858,-0.241964165282424,-0.0201685109198419,-0.227848221116554,-0.132108262073928,-1.49666629713007,-0.860939274068045,0.219387678077773,-0.0755564551143246,-0.94895905700784,0.658331147647268,0.417620171235302
85.475,-0.413257929960816,0.302385514189059,0.837501994261509,-0.137231552785991,0.0846139844988424,0.20066078543799,-1.01076826832192,0.235793943930453,0.0368020179755095,1.04897380550813,1.04891036214864,0.493641767265572,-0.977156510762821,-0.180817989690442,-0.0242338166804699,-0.37112691469782,-0.0870525553481595,-1.27942323942141,-0.90514210528761,0.209741310223828,-0.0537316000771326,-0.993192683385277,0.472401158986614,0.337775986828394
85.48,-0.41108970817433,0.332188928009033,0.831904844953857,-0.181257976617022,0.0737330218749806,0.158784393765398,-0.959992955811202,0.403570317497997,0.0488815340058678,0.774081693260437,1.0233125169261,0.481155680586132,-0.973225353117128,-0.127015982968393,0.0149105736145109,-0.46562846886278,-0.076796708918035,-1.12063177186696,-0.927063890068694,0.186591482663472,-0.0278223013067573,-1.03645225627882,0.266556255996623,0.254270302246839
85.485,-0.426924706134443,0.318867621553926,0.816667000201086,-0.160876240020816,0.0680771738464224,0.10771487572385,-0.947020214977206,0.522226211927985,-0.000689492633425448,0.345245020317858,1.02893095178353,0.499722479539834,-0.96395743779499,-0.123122079965964,0.085907171605234,-0.524565104473764,-0.114584179512213,-1.11374565355334,-0.92521508449627,0.175459395263554,-0.0122028018968751,-1.08561759677335,0.0743209091696388,0.196521318096815
85.49,-0.42704541085317,0.30136732716484,0.821847342125917,-0.131455893029641,0.0690360428517162,0.0844754313899688,-0.937905663696268,0.577192886446661,-0.0293210697505558,-0.346505005744601,0.997883560164061,0.478980503795835,-0.927271936414471,-0.163874050200276,0.170515087430916,-0.563888401647094,-0.170612308083098,-1.18881923010529,-0.920940269631591,0.162453365542683,0.00634485226011978,-1.11417886280769,-0.122930363005658,0.154834475832216
85.495,-0.408247956103871,0.276170361356114,0.84809605292589,-0.125599069507844,0.0560890655581157,0.0382191347864356,-0.940261244821887,0.43475785480318,-0.0346797017801879,-0.97283890191095,0.951496508733866,0.418276501302537,-0.885207472184388,-0.223935356075449,0.25782024056708,-0.549008894603371,-0.197975933352821,-1.32773476221913,-0.912522717252092,0.148669639161098,0.0292272147938632,-1.12122344970703,-0.22957808899807,0.139391144888855
85.5,-0.380694900484522,0.252346806111561,0.859522304278189,-0.113203670922271,0.0301902499914947,-0.0101919776972078,-0.969480033859084,0.221932203220409,-0.022056022275283,-1.48697284086986,0.912712878295476,0.368778730328968,-0.858880628994188,-0.26345829046419,0.310966575453877,-0.506056154646525,-0.202392393859421,-1.4184768025468,-0.903367724820677,0.138552380756448,0.0507932269374256,-1.1012387632834,-0.31106395156045,0.13313669909114
85.505,-0.412220336310456,0.267763190118751,0.86722494500684,-0.133897074577615,-0.000456484145714361,-0.0421331318966656,-1.00540655700711,0.148710391733979,-0.0108412648173143,-1.69913144823292,0.891804188361275,0.32919864244367,-0.816511061338081,-0.313185144232787,0.373308315347824,-0.435148111868472,-0.206991490879336,-1.53834313967993,-0.903118392965507,0.126790476754655,0.0648606065286715,-1.08487095406056,-0.338720909047895,0.144977943701987
85.51,-0.491660207332274,0.249718428326,0.839970126812171,-0.178091370583833,-0.00536460125716458,-0.0500829378038302,-1.03870242303554,0.087602482133237,-0.0622181329830869,-1.79433190561832,0.893342044183173,0.306539167190911,-0.789314989390881,-0.336811309496398,0.430313798397732,-0.355987060682168,-0.200290078896092,-1.60062362422733,-0.902125037327092,0.104799841383195,0.0805116294562861,-1.04918409697842,-0.374806134810043,0.142994866305273
85.515,-0.518430192466423,0.230035768804657,0.84135609258152,-0.206670900813388,-0.00138297029562161,-0.0406666613198812,-1.04343612164725,0.0200810510731468,-0.118732720470985,-1.81058508699178,0.906067344215906,0.305036141114833,-0.78268189997477,-0.349111455997023,0.484207379279544,-0.248414538614505,-0.185148918287267,-1.63881937497194,-0.905244471083538,0.0800217850826028,0.0843518114058398,-1.00286410457566,-0.405342116396479,0.13206489611288
85.52,-0.481846277673516,0.208334653617645,0.847776873400506,-0.223501987024517,-0.00409298294079055,-0.0289158148541829,-1.03569771808077,-0.0293260918369798,-0.11199711419537,-1.67401566282994,0.915548067710204,0.314759086023729,-0.808296717369486,-0.350655309615019,0.51660318142801,-0.117362571529505,-0.156735735844155,-1.64186788930448,-0.918429266620065,0.0599582830286721,0.0671521569175896,-0.964040066078597,-0.424402380104406,0.110424064907078
85.525,-0.457212918271197,0.227878609849914,0.86075156704166,-0.251556650518835,-0.0156800285864978,-0.0426081454450596,-1.0305019574302,-0.0807926486175504,-0.0959726792077282,-1.43015874115233,1.15666414430623,0.310942931559289,-0.850482950259462,-0.328960671465553,0.514297938174579,0.0717329497781414,-0.0929234521635223,-1.60692863462185,-0.94712433336305,0.0312743270112794,0.0489430423795969,-0.924936376605027,-0.416265021040009,0.0923412785423271
85.53,-0.435386683950005,0.239862130861642,0.849727210927738,-0.275545335117792,-0.0361078348894686,-0.0754754062293584,-1.02738288572028,-0.116021409526782,-0.0766651857883782,-1.06485450488581,0.882887083100853,0.311912749902127,-0.903260183841478,-0.294055820839002,0.465814886273644,0.257294249959535,0.00997168038836118,-1.5851641696238,-0.974607616917352,0.0145862527265441,0.0153412018499447,-0.898328308914843,-0.350008573504612,0.0714720553346104
85.535,-0.425160152445375,0.218594770475422,0.855833329644126,-0.29050488281812,-0.0550444452081747,-0.109723406059427,-1.01698790944764,-0.0984265875868685,-0.0749245806862552,-0.567249980605256,0.867510591201411,0.314013459778586,-0.934266266095292,-0.252678655121582,0.404184627046346,0.322362707767565,0.130407363132989,-1.60118025304789,-0.99656837852705,-0.00354983207210382,-0.00809739908020701,-0.884968875608577,-0.256771450634764,0.048293819320412
85.54,-0.426310126994591,0.24561459361504,0.851239716334425,-0.279726500736706,-0.0792796248839914,-0.14204594622582,-0.99558598959073,-0.0304068773635468,-0.0506799288577258,-0.102894219943477,0.855446552806162,0.308262084989016,-0.942122527337702,-0.224636026577855,0.356905878817414,0.340369663942457,0.240661664043269,-1.63886532957748,-1.01057124716974,-0.00798714514542698,-0.0170808764376057,-0.875281411809571,-0.171612154840746,0.0337185994045205
85.545,-0.420180651239416,0.278516723569003,0.843046774047741,-0.252271664166221,-0.0962269871856007,-0.177238614474687,-0.983140526914804,0.0992241449016554,-0.0306398559487627,0.330872465604096,0.832218655646915,0.315186845623363,-0.929131684207725,-0.193687144636949,0.280873276889049,0.265009847961663,0.336658321033994,-1.68766718718246,-1.00168855368501,-0.0209973343337813,-0.0137778735303478,-0.868631766596796,-0.0714886393587679,0.0124293003744885
85.55,-0.411856626482634,0.281616507006689,0.832785513337936,-0.232968198275729,-0.124400838897404,-0.218607378207366,-0.986035757374624,0.156029775560541,-0.0239487825430571,0.495910685708149,0.809816628217989,0.325154680948617,-0.912779027532501,-0.182833514608454,0.233452817015873,0.194073473993212,0.411803459018913,-1.74102485719579,-0.969833643115066,-0.0337958085033184,-0.00884628396475953,-0.874186624911178,0.0136784069884238,-0.012305097775987
85.555,-0.405671414346118,0.306778948191693,0.826317304566055,-0.197910389902795,-0.146881089921389,-0.256572788554692,-0.995794080507112,0.205611114857556,-0.0156626855559205,0.608227184589237,0.778275292315933,0.323928999103312,-0.894794037240134,-0.177319394442637,0.186877732286062,0.15668963616635,0.477233893813738,-1.78193657568875,-0.944083393286712,-0.0406944246646194,0.00257558893839258,-0.88978071353182,0.0755260418585579,-0.0389869464303871
85.56,-0.395840829440393,0.311663901878031,0.833291981678614,-0.144675076221811,-0.161922014277634,-0.282780404108898,-0.996054468741497,0.261510614477479,0.0121290225295891,0.582127070924382,0.748964294543612,0.300247795466413,-0.880968785831136,-0.176996778568689,0.154407267371045,0.126326829664855,0.515584381472001,-1.82197018196244,-0.914476192745241,-0.0372698771781501,0.016460615362844,-0.897385517053273,0.140653305480909,-0.068153263629124
85.565,-0.370696629763957,0.30729843461526,0.824707532091159,-0.13987173140049,-0.175780825874456,-0.32716354787497,-0.98959274233507,0.319131151213724,0.0251814494490383,0.365817686933534,0.726244443917318,0.279418507706603,-0.875851894704718,-0.175902597860814,0.127682900202238,0.134714138793195,0.529378590616148,-1.84169613346552,-0.905354516619532,-0.0435418550231936,0.0309069143086028,-0.897864973634301,0.179193400819262,-0.0904546650800107
85.57,-0.38946033835339,0.281242261399228,0.849047814331706,-0.146675668864629,-0.185614844326763,-0.350660434571033,-0.971453887437238,0.339071547924092,0.0390674175492224,0.114370818208748,0.714876847468911,0.260523236177372,-0.885204006327915,-0.165984547768562,0.0980472269705373,0.166311868306658,0.496719260561375,-1.86387865514493,-0.898400687113931,-0.0416699902419777,0.0495546660828781,-0.897797032430471,0.201209634014691,-0.10628442350018
85.575,-0.424542168966001,0.279662905607671,0.867355792867409,-0.175395024705378,-0.24008216269419,-0.392593767967095,-0.947732452094758,0.323576123395945,0.0405050790425561,-0.307634231396969,0.71451349563236,0.251738272239772,-0.904292806744276,-0.147065936734494,0.0719717542360162,0.203772214156137,0.425471175972871,-1.8668860829194,-0.903821988313998,-0.0321347218679601,0.0770449124079765,-0.891803627766954,0.198038980614255,-0.145855156081661
85.58,-0.473577304504426,0.289488644614693,0.852666720619328,-0.214218678759979,-0.329981540530163,-0.437351963243948,-0.946573081047708,0.296401003162372,0.0231104053562512,-0.63577180603801,0.718013100854974,0.228842597129688,-0.924713872144208,-0.127136642634142,0.0506387967258665,0.219102997210576,0.335727961145377,-1.86611372620172,-0.910669365474386,-0.0305547578951117,0.0983003758863935,-0.880453038680509,0.182981583375569,-0.173886238390547
85.585,-0.496571992482683,0.250593246216396,0.816665961622466,-0.284992624494872,-0.345519993560446,-0.427647055186992,-0.990119913353205,0.171290327170717,-0.0547341239314873,-0.976269460036951,0.697249726179906,0.210103617209758,-0.958089302247558,-0.0971309574251523,0.0311577729867242,0.246466500343397,0.230268588755355,-1.86206507860365,-0.924989130521884,-0.0187157933241181,0.107312813870602,-0.871845818750353,0.174268356168913,-0.1897270522323
85.59,-0.512180244031441,0.150409419913332,0.853210642508823,-0.37293454996893,-0.321836952052924,-0.400931963849782,-1.0125451434238,0.0476823925504047,-0.0935372229240899,-1.13502390776107,0.691333008706522,0.205566085486702,-0.994159247585207,-0.0627771355581898,0.00869858420048819,0.254255134291219,0.133395579397103,-1.85180125791117,-0.937092729772274,-0.00280621471253759,0.116110431034808,-0.85938236323734,0.158613968957147,-0.193665122189225
85.595,-0.493959485499992,0.120471536679456,0.859600143347474,-0.411973992468453,-0.307396902524433,-0.367130340690803,-1.01089732252908,-0.0486513308674194,-0.0972395300643346,-1.17214233977431,0.702622764070419,0.199553554684231,-1.03943789073124,-0.0236784830577882,-0.0211042188819909,0.218126704615712,0.047159806000907,-1.81391173872579,-0.946477601089225,0.0194721084582487,0.125675589327006,-0.865383226842998,0.148540541166419,-0.175083970621823
85.6,-0.48517660933603,0.168045232734729,0.857288497398844,-0.433830843708645,-0.27769109645507,-0.337330748116618,-0.99953056910133,-0.0756482726736886,-0.0649035378516621,-1.05004749705755,0.71733706326677,0.202343466691577,-1.08547788154239,0.0175813084298187,-0.0487316855726246,0.175915569113733,0.288916437872642,-1.76681171929783,-0.952507592465664,0.0416330504882677,0.139301054288678,-0.873423077753293,0.142116775155928,-0.148648311422787
85.605,-0.466080667141618,0.180151698063743,0.861534082080834,-0.453064919243211,-0.249522814190853,-0.325697751011713,-1.00388314772519,-0.0495651857825394,-0.0295023951726863,-0.870581118621367,0.745377228896817,0.233424923514239,-1.10853652995132,0.0577978600129595,-0.0716511816102574,0.111572223872438,-0.0471099821901071,-1.68950606367896,-0.943982073327339,0.0618271014745636,0.151812002517679,-0.886423439289041,0.141573492676023,-0.109976199289247
85.61,-0.446752179283321,0.144982325680438,0.869211313761872,-0.450152227980685,-0.226205425056103,-0.321151203832465,-0.997144963928295,-0.0306425770866126,-0.00784932989933895,-0.671476654869029,0.74962615552156,0.264903669286182,-1.11476173780184,0.0735622567079498,-0.0800166575257963,0.0965361896040698,-0.0514117528899127,-1.61331778568915,-0.926871911137012,0.0762766052208851,0.153389210663414,-0.899438537479294,0.14524621003753,-0.0847212750406333
85.615,-0.43794541921876,0.146348257132054,0.868224005176883,-0.419804339823441,-0.209547298448838,-0.311382228096206,-0.984644263265381,-0.0373791891769867,0.000692361163190503,-0.452234060058781,0.754342913716882,0.285604015749222,-1.10434474152127,0.0706821954518311,-0.0864077366670808,0.115010571837058,-0.0269363932786389,-1.51738790625294,-0.907319573444009,0.0888399562242194,0.153488658056742,-0.936499360375291,0.158701467306189,-0.0514778553369818
85.62,-0.42968229973787,0.159436712526217,0.865009770049772,-0.370221620428552,-0.185600045201634,-0.299098155907164,-0.954889569201396,-0.00953750589875816,0.0083339816254675,-0.312976031231843,0.782965716016109,0.289587494969299,-1.06551330174914,0.0507202210231305,-0.07518274903117,0.158217087038161,0.0156635235255062,-1.41682407855453,-0.887050715161176,0.0999482305297207,0.148040014841873,-0.99219102495973,0.178972526838563,-0.0110115080944165
85.625,-0.416501868030688,0.156130670987265,0.868879125956646,-0.323560326837501,-0.157044445192541,-0.291206097494173,-0.945815301374204,0.0308520604344272,0.0279145714405901,-0.110484636021649,0.812473872224591,0.283228194117039,-1.01366219422617,0.0349885676754667,-0.0563397132920158,0.254455051109922,0.086603831585459,-1.26701439017145,-0.865536931886322,0.105469310550458,0.127917271764466,-1.02606111950006,0.204771059206357,0.00480418981652027
85.63,-0.417237909046133,0.153027191331635,0.864424584634209,-0.265823618011342,-0.112733551798144,-0.279435363914632,-0.953257142966958,0.0599294919341397,0.0267873011318833,-0.056336184849782,0.829154105653418,0.271609721908914,-0.94676904087701,-0.0103885226409644,-0.0332656530553807,0.418382010450236,0.187260833445711,-1.05410979886522,-0.85356972910475,0.108155126991648,0.123785699722138,-1.04656418429733,0.229556381886017,0.0334520574574258
85.635,-0.437719546013264,0.144280460973337,0.865023648166989,-0.202817943573965,-0.0621200401422356,-0.258589005208576,-0.952102271070678,0.0823114785121787,-0.0104858565243972,-0.0606365309280357,0.845470739467978,0.249855441521755,-0.914247935518657,-0.0934618903687721,-0.00936102993219129,0.521076740802819,0.276531716652203,-0.890758821698617,-0.837563840730552,0.103588918765093,0.113279132004809,-1.03853638283261,0.265670477400813,0.0560849761846912
85.64,-0.459548469931374,0.159790461055844,0.853475118452206,-0.150426660430299,-0.029327326333665,-0.250749573718239,-0.960527283955269,0.082986762532291,-0.0744997453282806,-0.0659751743078232,0.867613681728361,0.242737248539925,-0.885623860573552,-0.220664637580232,0.051636149525306,0.662246582253905,0.380797090235466,-0.711303419168826,-0.831647071792924,0.103444929821864,0.113617959504755,-1.03692638874054,0.315998136709277,0.0859139096193359
85.645,-0.455377254463329,0.163317437489151,0.858586396982762,-0.110230971959529,0.00358480679053301,-0.235039199602541,-0.980536141526978,0.0605717768958408,-0.100186406128861,-0.038587293376885,0.875020695616475,0.22665472701631,-0.878643551214086,-0.315919702548956,0.103075943264532,0.732412985622992,0.445588746968004,-0.603063745139942,-0.828728970277947,0.0980975587221288,0.116904818033276,-1.00814164911239,0.367587362423125,0.10966827132172
85.65,-0.453588560318861,0.140054622808012,0.868216466092642,-0.085136902416669,0.029656477566346,-0.224548896811002,-1.0031386980083,0.0480760189607511,-0.10552323373695,-0.0397433194597329,0.891139127866586,0.218049813714163,-0.885253470727359,-0.438602339406675,0.185885898713241,0.808723264302587,0.523691864903536,-0.545937971254721,-0.845339515802788,0.0904409352572838,0.127765087619546,-0.968008102872586,0.432431097528468,0.126849400969091
85.655,-0.462765378719375,0.149145003025732,0.865360131618184,-0.0677028732199983,0.0405947118997574,-0.213524064110472,-1.00489821138189,0.0470364309847378,-0.126538364372605,-0.0366545021533966,0.89991297658398,0.214223740463466,-0.897097954048641,-0.548496923040318,0.290062003194905,0.770619242589945,0.564705769792602,-0.551750797722028,-0.863936315504871,0.0943552508416848,0.149212908479198,-0.928472256520678,0.478680396978875,0.139296940004009
85.66,-0.475587796860466,0.181026184730741,0.857914569655733,-0.0680803439262212,0.0525670429592759,-0.196819190438823,-0.989222945925839,0.0699377777388486,-0.138966034622987,-0.054220700412923,0.906522963821211,0.214638277888298,-0.910499532301624,-0.605501009573246,0.365073226487852,0.68553682003627,0.57541244133634,-0.588129480825157,-0.874903354065608,0.089821970838414,0.158090731318601,-0.888689927331694,0.491316011021759,0.138064721752975
85.665,-0.469495064135645,0.178322675601704,0.863284579700928,-0.0860258352928509,0.0621087129242293,-0.197022722575623,-0.991204164697675,0.0866445202252221,-0.150947673946435,-0.0748738923313164,0.912769884363213,0.225909197020058,-0.918463027373362,-0.620743669681669,0.411109727853611,0.526462963935192,0.538201793196817,-0.647517239901957,-0.893896468491668,0.0894887043672178,0.161737119582434,-0.852196736494629,0.479240198785989,0.139537812347458
85.67,-0.460368231955842,0.181585302065137,0.862505089920053,-0.108956265423911,0.0615049506184487,-0.199064310725727,-0.993529258680243,0.107358562062914,-0.162847639387989,-0.130893602630176,0.909223522577757,0.235698233772575,-0.913435978577848,-0.603259760163873,0.424671429550232,0.337824505517725,0.450845923876811,-0.715304496026533,-0.911977260671428,0.078187971322557,0.16229395423927,-0.815516885189702,0.454368369850592,0.129876324361763
85.675,-0.46368560178255,0.190887335235219,0.863746827506139,-0.148899129263682,0.0655489809339244,-0.198400705559986,-1.00340012817235,0.121521494329891,-0.179595436945625,-0.184373489729105,0.890051360975021,0.234185397624969,-0.927857290910909,-0.567851024047446,0.416161886956472,0.204615583026057,0.362591526537876,-0.777164542553363,-0.928056582261902,0.0680684084857752,0.162007634602705,-0.77679415527391,0.396530881210265,0.104348315041321
85.68,-0.459799381917533,0.181524914871735,0.864084019554919,-0.174831678083886,0.0631677273306504,-0.199778888816504,-1.02021668690246,0.124998757720091,-0.184448682701289,-0.263304697425782,0.883202620072215,0.232113079809664,-0.906171676467625,-0.507964900906489,0.383623541187501,0.152003176384188,0.287148880321706,-0.830936688214303,-0.941367747984623,-0.0388612731890302,0.172592798167266,-0.730701689831478,0.371288842474406,0.0513294779202037
85.685,-0.463512575193076,0.176763167646152,0.868986768860959,-0.192484196510478,0.0542459364953695,-0.202602350759225,-1.02956188930549,0.137364946215483,-0.186164403083406,-0.305246502764584,0.875808978295852,0.223868783934954,-0.90282947663112,-0.463040705635796,0.351220060889085,0.110079845394087,0.213931167354864,-0.943678394919508,-0.780596263013572,0.155073663644875,0.135637980207737,-0.664604386564629,0.408050716870434,0.10881623410988
85.69,-0.462794552198247,0.17277431390473,0.865979013385401,-0.197662084303084,0.0414018708560111,-0.204467221479964,-1.02741619130652,0.132161720982437,-0.190682942937602,-0.336235611000737,0.858504185632899,0.210813620368422,-0.885219208523257,-0.4327477510469,0.289400599665677,0.110750814281139,0.145151589617593,-0.966080900607408,-0.894478325075558,0.0726694226567456,0.225171327158355,-0.647912767871269,0.351870429995618,0.0519692561223518
85.695,-0.455644828146907,0.18071947735295,0.862825231918837,-0.196608924395744,0.0398490519506475,-0.206081539392471,-1.02664747268539,0.120942371156676,-0.195668073994278,-0.337597809265925,0.841853591338396,0.200617657600268,-0.89505298404629,-0.375191795654195,0.223481580456348,0.0828711842556345,0.0640431388657546,-0.955407707902876,-0.894698895748838,0.0649102879205065,0.253926997658773,-0.67594543405694,0.014866679544448,0.0154728532305425
85.7,-0.449605297605548,0.17035189435032,0.879742470354262,-0.194969278113444,0.048823124244202,-0.210806592590803,-1.03460860189311,0.109724624369947,-0.19008379943676,-0.289980870368933,0.834878429400773,0.18666742558735,-0.919394869654522,-0.321384295566076,0.163412227361362,0.147027455048003,0.0735301113876207,-0.979487703043393,-0.959310869059089,0.065649457632732,0.189196877037848,-0.717999402613188,-0.171665609186113,-0.00208207307453634
85.705,-0.450159605532744,0.163727937586132,0.88766835825869,-0.179441454830343,0.0365617457805422,-0.226612589708601,-1.03188675270154,0.105690503497304,-0.17569480393203,-0.211836440886194,0.817558460327472,0.181960810400227,-0.895838054927082,-0.27402473355531,0.09002321631116,0.156754263223476,0.0421178466262653,-1.06035573423776,-0.970576127651606,0.0686243052553308,0.113407758128257,-0.709284924473697,-0.140427880870151,-0.0469365108236111
85.71,-0.467085554213988,0.170714360855774,0.891102121017676,-0.152636751118704,-0.00166658425940451,-0.240912553600321,-1.01912824176197,0.107702153978376,-0.165873228144331,-0.12406054460613,0.813656819887304,0.173183920768866,-0.906167601880286,-0.252170849813732,0.0169984312798319,0.00151758726130033,-0.0803636159310124,-1.24033434532171,-0.918053803329877,0.0788186959689406,0.079444209668143,-0.676939806039818,0.0515375087103193,-0.107040581404017
85.715,-0.465952124437373,0.175902455602832,0.877132540752292,-0.113872917866998,-0.0534126855772217,-0.258479891656513,-1.00337530037932,0.10989501026446,-0.167490231362591,-0.00764396419864814,0.801523895941318,0.177070500320402,-0.904774261403253,-0.256022781720977,-0.0280654277587425,-0.0680413422794451,-0.135417941545915,-1.29990869593856,-0.879122005460695,0.099418431920277,0.114639650941968,-0.652227319209845,0.2707522074735,-0.133319541644382
85.72,-0.465687631159467,0.1803829816795,0.854743645587631,-0.0738710994538572,-0.0757090474239546,-0.270934274782073,-0.994705061512719,0.0991351000296078,-0.169373991623291,0.103074684688449,0.77837303301444,0.186021665948478,-0.891004338347197,-0.259128037785674,-0.070446719043499,-0.133566429519684,-0.189354000314871,-1.27596853017155,-0.876866167818694,0.110482373883326,0.151459271751068,-0.635470779085596,0.343974799604747,-0.135889443214386
85.725,-0.454923283638052,0.156834538947749,0.857876605099084,-0.0378259091970248,-0.0727071530569458,-0.274825884072099,-0.997236966221276,0.0948322884114416,-0.156984909544689,0.219858210161505,0.776283341529446,0.195575537424773,-0.869820969691652,-0.254750479980622,-0.101552782861556,-0.177984360367713,-0.23719893443701,-1.24272275009809,-0.879906097185457,0.116817297924557,0.184495104903799,-0.575805136219653,0.284413974727522,-0.153347871614821
85.73,-0.455026684970262,0.165196642468838,0.855189232657033,-0.0132168231332423,-0.0493583855970597,-0.277123856968721,-0.991377156746057,0.0951603207630038,-0.155407139786884,0.289852532106425,0.795280044171587,0.201037955531324,-0.871036749511624,-0.255144717279366,-0.131061191004522,-0.269537296897928,-0.282786842672244,-1.24037524765451,-0.861324723242453,0.0980905775428534,0.16837039655293,-0.514434193432736,0.209434487139131,-0.171808522087859
85.735,-0.458535813678848,0.163683641712426,0.852250029088441,-0.00548532977700233,-0.0244068422224702,-0.277234825854596,-0.989742921024781,0.117386796687026,-0.14960268302665,0.331557866225852,0.826146969483638,0.203983832574367,-0.885354932165017,-0.26640811858136,-0.14997987746392,-0.26176287302853,-0.258669563428278,-1.18355948169399,-0.841951153966996,0.0841874736532622,0.150858919167196,-0.466206913359049,0.214884225756129,-0.198315232716883
85.74,-0.455533806219136,0.155688045038395,0.854736601149337,-0.00114130501469787,0.00828888692071183,-0.277075500494404,-0.997392980426885,0.146279192530182,-0.14644033495783,0.316175812935747,0.845074972357133,0.199368469046944,-0.908681518745029,-0.265520281930507,-0.157930553964428,-0.2366936276149,-0.216193469799178,-1.09241823076422,-0.824120670097526,0.0632747215062758,0.142875883358673,-0.440453103459915,0.295994614453951,-0.221750339144885
85.745,-0.452186159861127,0.161489870926738,0.85214688392008,0.00813474337122408,0.0489409697801343,-0.265069635187293,-1.00291519870263,0.136713202920685,-0.137073852336325,0.211134310412971,0.884325965201008,0.196117003528537,-0.942296887326526,-0.268080326097066,-0.15469686954596,-0.221423960637314,-0.173360583279063,-0.989402538458014,-0.83898422872344,0.045017293856004,0.150101513110369,-0.419323814438723,0.377052635117183,-0.258877562176706
85.75,-0.442132568287992,0.15448307529538,0.863264992536899,-0.00502225578857396,0.0944132819972531,-0.269618786434214,-1.01098388446715,0.123267273105775,-0.116101815365311,0.13569754476548,0.921972038450759,0.197604111072047,-0.981953700896714,-0.259915653297286,-0.133368877620118,-0.187282069388597,-0.119061327791119,-0.901024570788943,-0.873941088555251,0.0254641183439303,0.171776445405693,-0.367113989801514,0.392871648772916,-0.310451502920225
85.755,-0.436248205326022,0.146306679818123,0.874415450413187,-0.00413293057134198,0.141462055043601,-0.265327621906801,-1.01425258106402,0.0911919876944119,-0.123890178405705,0.0675155925850809,0.953341407090615,0.192219776555808,-1.00784698691935,-0.237784580716815,-0.107203897559506,-0.157984065247764,-0.0613407674765275,-0.890682745089752,-0.91044619099969,0.0211865772032313,0.192652941790475,-0.297740208323118,0.317901053315829,-0.390679241637934
85.76,-0.430471062624567,0.137562153093977,0.880890861802661,-0.0138594304976055,0.199056458475203,-0.255823020814622,-1.02209023609372,0.0636708825595393,-0.131740213484314,0.0350089148366428,0.982974726558073,0.18776099383831,-1.02437243143627,-0.207529896991942,-0.0723177058705445,-0.157820711749074,-0.0182214021644117,-0.927965682860954,-0.937087047415801,0.0491712908697177,0.188897070339415,-0.230029795605295,0.231640152366714,-0.437778548020691
85.765,-0.436215485183296,0.141956668094121,0.884776520603536,-0.00820535724326518,0.248908820983027,-0.24730413383896,-1.0470158958326,0.0610834252415075,-0.132960763387144,0.02563287285521,1.01927120285869,0.187981597770989,-1.04646410620203,-0.190234290873522,-0.0384198781145611,-0.188063729160455,-0.0176956181672162,-0.971435121248845,-0.961820019697833,0.0685997567201039,0.177313825660674,-0.217394621317408,0.195570736179351,-0.45812278597587
85.77,-0.425659713642153,0.164875907757914,0.88469231748593,-0.00277653556692154,0.309584376692525,-0.24565390502195,-1.06574480219359,0.0566772951872332,-0.130317834384087,0.0776697160886335,1.05568761818068,0.195336581514391,-1.0617503194485,-0.175227341901784,-0.0140942630422358,-0.233527334977163,-0.0605315107208232,-0.948975505576851,-0.971017466576047,0.0878544908272747,0.181768536831083,-0.217860946321345,0.209100118451786,-0.447582922225997
85.775,-0.427053149433234,0.156514632885338,0.887516398043933,-0.016114819150265,0.385522282491041,-0.25192799576461,-1.0863228452307,0.0661260218965256,-0.130457283511166,0.143636922959653,1.08925526180796,0.204418097096141,-1.07587471577347,-0.15756056074853,0.009243192632577,-0.323152966309336,-0.126703593596897,-0.907609840338208,-0.980217059168044,0.100694140056731,0.191353218707163,-0.225713414173066,0.231800052190708,-0.403523038871859
85.78,-0.416971226595027,0.130359947891063,0.900260286702922,-0.0215468006379556,0.457131246494565,-0.253907054516798,-1.10138326275681,0.0611386333771925,-0.145549661538566,0.172508511554714,1.11045438114074,0.206591826181222,-1.08244570699821,-0.149189545297181,0.0192633782896875,-0.387293827307546,-0.171387716630828,-0.898392498493195,-0.993684291862664,0.113077841315833,0.205822181057573,-0.255590657433936,0.225289171991383,-0.352810350667301
85.785,-0.418991698199466,0.131966634612861,0.898175669309853,0.0292148427220378,0.54025878843899,-0.245339999738145,-1.11991609017793,0.0759131708387047,-0.175009412577424,0.235324856179407,1.13408040816015,0.191743788807709,-1.09241007802872,-0.151273876972149,0.0374847778950298,-0.437366730439556,-0.215808465470321,-0.884693070438611,-1.00879643171798,0.11862306549924,0.221933348315163,-0.278512578339988,0.188467706010068,-0.314423068609822
85.79,-0.452242292200387,0.143303171124044,0.8899973432454,0.0674266175666043,0.64550810734587,-0.254472280524181,-1.14235269252894,0.0935701325191894,-0.203548473861285,0.276263158655123,1.15502587067422,0.191271033028067,-1.09367454944169,-0.172140460589556,0.0426973512018784,-0.547013240863044,-0.247494629153507,-0.890191587937856,-1.01621331598205,0.109803685962441,0.228286967797737,-0.290774491895523,0.143828094485062,-0.282557457167846
85.795,-0.483140329343965,0.125766495678043,0.887130614939893,0.123197643795766,0.735735598960923,-0.278282202176254,-1.16129536817787,0.103037288851496,-0.22276568368657,0.342422872952908,1.17712156168212,0.201799764821864,-1.09404317760367,-0.198005621822034,0.0433275309018595,-0.664559284969726,-0.274895537202514,-0.893095356345378,-1.0121505721416,0.119369451038521,0.234272588369179,-0.306791465070229,0.0973910798276181,-0.253308271410515
85.8,-0.407540039329436,0.292396203200403,0.890800112434039,0.268996461936537,0.827131446093126,-0.285770220464908,-1.12459809317869,0.172028354273972,-0.153808774567499,0.487566834728433,1.18893284760016,0.226981843145931,-1.10122346366931,-0.245711812560285,0.042401348676262,-0.833137806363584,-0.306813974521333,-0.870901267156651,-0.917020849026986,0.0961418125148342,0.222141251683898,-0.317216358388589,0.0787410221446296,-0.19759835871625
85.805,-0.402302725946293,0.145471879120065,0.891781023217427,0.197479228345766,0.912718074588503,-0.36569240045651,-1.14580899958064,0.140867013064924,-0.111701316635791,0.588802904550031,1.20819383024741,0.246166534355101,-1.07755730550843,-0.279232452731807,0.0280967538116209,-0.915471963887003,-0.30382131816229,-0.812905261505051,-1.02627730639138,0.0805146435304999,0.256665260606443,-0.354464332008167,0.102340425511982,-0.137534472757481
85.81,-0.483099725722003,0.0759288115236594,0.916052466481667,0.198269707893391,0.987056876138389,-0.392482369664024,-1.13955599410341,0.0332451485900846,-0.233996187278716,0.596668028745323,1.20508015477586,0.229252443976183,-1.03716662055586,-0.298323690423052,0.0241366228872215,-1.00984289960181,-0.29688845329312,-0.77521402003743,-1.04126394325504,0.067536819611954,0.271724811208116,-0.363384266969186,0.0221397574764587,-0.132487844142798
85.815,-0.482465078877063,0.141434812323918,0.89456792614682,0.252994213984417,1.07681800065717,-0.351792174954175,-1.10789798895319,0.0298559969615094,-0.244352557451378,0.70382635380852,1.2589768249578,0.20230410071039,-0.992758472566438,-0.300820744058443,0.000441887646902775,-1.16364338661908,-0.32002240232288,-0.785107437741629,-1.09401328616947,0.069902273397891,0.261738727491657,-0.354729659761128,-0.0655007671883805,-0.141532358168393
85.82,-0.471214626972847,0.186221696692839,0.881362163328994,0.26074733593671,1.14590204842893,-0.357039563052918,-1.13138195426895,0.105234924632565,-0.157356330932815,0.707766641788188,1.33166604275708,0.180765658343318,-1.11424437222164,-0.279615908449495,0.0607886788620476,-1.10143999505116,-0.0919080704558771,-0.892742562411214,-1.08818169065418,0.0804891795569172,0.211710552742744,-0.379716903329607,-0.108039226559579,-0.125951074206089
85.825,-0.446207299991421,0.174366725778008,0.898942876980255,0.266189258585214,1.2086861007441,-0.375171613869608,-1.10246827464753,0.0868233145095747,-0.110571096345086,0.707647119986028,1.32580116271277,0.194407901409514,-1.03367949321074,-0.267278048406898,0.0727588827060738,-0.786254330974214,0.0712915705655414,-0.925021994162444,-1.0156199050773,0.094989812216449,0.189344441553467,-0.390252701746925,-0.0321874786156964,-0.101126411632796
85.83,-0.440255894468079,0.13772987259208,0.900032151937421,0.246801209492922,1.29987250048928,-0.37834045290947,-1.07011915883793,0.0554384713775376,-0.109395996734503,0.646769688165179,1.37552699879958,0.198026214652447,-1.02927886665035,-0.264655574232275,0.0714873472161354,-1.0294073072845,-0.0775585161149821,-0.899491292974157,-0.902884592234329,0.0849636211253153,0.19589039828731,-0.366239535803238,0.10658325859619,-0.0841559285476137
85.835,-0.47248616649674,0.131000950882216,0.896613476765029,0.229365396330978,1.36875194794104,-0.372861171232429,-1.07357158117604,0.0647072201209651,-0.176655297915317,0.589190900161433,1.42711104236954,0.174879732535944,-1.05194735146191,-0.276558152445165,0.122068546293526,-1.15764344301387,-0.184266849408069,-0.669228402491615,-0.997070957012683,0.077625345007039,0.218761107731621,-0.325879054458513,0.267917997853182,-0.110917821183909
85.84,-0.487784521487808,0.108779849891444,0.892314844973634,0.203882116431236,1.4359923368672,-0.352562345324566,-1.09012704404124,0.0525412658635113,-0.204788304330543,0.510044280752868,1.47407664891073,0.145381393205058,-1.06486481034691,-0.210793350529559,0.154856033150375,-1.04478946260696,-0.172182062339261,-0.385157416744209,-1.12587324067561,0.0872401534161166,0.23781440811751,-0.275114820637013,0.318180037708436,-0.147308110205427
85.845,-0.488041326517182,0.0920883316289252,0.899018680906923,0.187542393803596,1.52412085740128,-0.320386157907128,-1.09601432821249,0.0167923006426093,-0.220325582479915,0.407531700265127,1.52499164584279,0.109118335203704,-1.03077505275252,-0.163581571998696,0.152065678263691,-0.981197054494368,-0.15508272326054,-0.387356823583169,-1.10617603662077,0.0855523133112598,0.246558780560059,-0.180070104097491,0.280794437580031,-0.176230241850246
85.85,-0.486104217086736,0.099486568838566,0.899305745695673,0.179567654579337,1.60018893460276,-0.285974760118364,-1.10133828964114,-0.0101603241919732,-0.222178880930971,0.33644066984638,1.57964260485556,0.0782517509357578,-1.01203027235886,-0.164593018544923,0.155703667880594,-0.931587657223579,-0.134855116584717,-0.487817540772461,-1.07970777077649,0.076481686491443,0.258020132237497,-0.0536906332736812,0.256588246637503,-0.247063371909007
85.855,-0.498092566173855,0.110729778920169,0.894409885815806,0.152220239067092,1.67753952309271,-0.254489548476469,-1.09120833041376,-0.0129178517157225,-0.215701705434771,0.278113858418094,1.62206601606604,0.0564304166731134,-1.020941613024,-0.183633739442024,0.163487333264573,-0.938943658254312,-0.137393345345871,-0.491228369107956,-1.10927195037831,0.0769137309810762,0.283177518359595,0.0407049278296993,0.299236393689755,-0.309515546006128
85.86,-0.509864314791791,0.128476758572268,0.890003733134751,0.114677655315225,1.76628047300083,-0.231955575060498,-1.103407254747,0.026543305122725,-0.207996855872461,0.208089615611496,1.69022355878304,0.0221692360155935,-1.02960289559804,-0.20371153784333,0.224340657164799,-0.891422880690176,-0.0982732386514809,-0.392637409943773,-1.15214160919223,0.0713221113981238,0.303179168581784,0.0522349729828019,0.367716670243453,-0.341374643139171
85.865,-0.514693463181249,0.14156451881087,0.897318177443707,0.0771339872020899,1.85107526426253,-0.219908687619947,-1.13443095017648,0.0669398937886621,-0.222966707664666,0.17083743824792,1.73141277743643,0.000611181307162265,-1.01083021240925,-0.207234528708167,0.255131639727639,-0.809682980206035,-0.0264159356084036,-0.369607600979999,-1.17854085332794,0.0543396749894009,0.323895532271335,0.0616860932072492,0.361555880387012,-0.321920398125542
85.87,-0.516680878163712,0.150700056872784,0.888826448162916,0.0458118342066708,1.9459477398587,-0.211974245639083,-1.13430678628505,0.0789452082300248,-0.22657808790122,0.0946293122942572,1.76686470633443,-0.0211625686904624,-1.01213627448607,-0.216735547885678,0.249616029368779,-0.792848802933845,0.0254512001331538,-0.408580200694709,-1.18302362106855,0.0481051974349766,0.338051144258525,0.0694893414162295,0.291508805469888,-0.305170237699077
85.875,-0.524022836936187,0.179990175756504,0.876634314659051,0.0304524449558714,2.02494575593121,-0.224192524743628,-1.1466901192116,0.104108133781576,-0.215417178659312,0.0556252520320638,1.80509377740703,-0.0349410343263094,-1.03453649049013,-0.228812429254143,0.261736638812356,-0.841451851770717,0.0526372885745381,-0.480632353904574,-1.16595006405698,0.0484601567895494,0.338311323204927,0.0796596406711372,0.220112858487281,-0.280861455177595
85.88,-0.524033830857808,0.179356934894684,0.869254359822779,-0.00308207038033766,2.14301521440161,-0.25043348576565,-1.14860620067305,0.118046397890319,-0.21543989761223,0.0380908025063037,1.82409103560689,-0.0525059232227248,-1.04988470268156,-0.234578042135778,0.27725037118927,-0.85742705006958,0.0990501177268421,-0.47217195624912,-1.13948589818183,0.0519683217008096,0.325861465770724,0.101596269702419,0.162861367302442,-0.25408729657126
85.885,-0.548363511767046,0.189357730932913,0.85759715280837,-0.00654086388204103,2.22999109888325,-0.282753858042192,-1.15370452750569,0.12781260649066,-0.223548193536421,0.0162421299253217,1.86321578944529,-0.0581953806904608,-1.05354226046978,-0.231063361894236,0.288469553641562,-0.815844794817162,0.111578542595541,-0.456229317614545,-1.09402967473857,0.0324111572074868,0.304628698138074,0.0946841945648751,0.160146916910399,-0.21684410196929
85.89,-0.54732552480428,0.203038242978236,0.860457579980562,-0.026546565094698,2.32136439720517,-0.316184324723158,-1.15804755423928,0.145934391753282,-0.21662500480989,0.0114590459120726,1.89180996028394,-0.0697788725099659,-1.0809129600086,-0.227480571000477,0.306672090709808,-0.758278493850063,0.124069361827277,-0.386898611860857,-1.06747978069376,0.0154025153692768,0.289307804330259,0.129498765487465,0.205568968420519,-0.229867017956245
85.895,-0.554259831052099,0.211365996308069,0.853092706621852,-0.0567121248100835,2.42893614825861,-0.365557286580108,-1.15518577618011,0.15222253132879,-0.211913931131551,0.0186514265886178,1.91775943194993,-0.0761250108480453,-1.07856257149945,-0.223257712100829,0.319783909633724,-0.686525303433604,0.146359037389346,-0.254665269085089,-1.08344415299502,0.029138533411881,0.276247859459062,0.122848446096511,0.252929229081993,-0.233546746798076
85.9,-0.560673328162491,0.225113801292743,0.840749720528091,-0.0883932472555453,2.53267190968334,-0.418321770685636,-1.15171368194402,0.164711111558794,-0.210909830201571,0.0377303174515374,1.95574242993282,-0.0857533509083328,-1.05106687801465,-0.20502307642125,0.32165054774299,-0.659211991967204,0.153061121702194,-0.169388542232023,-1.08278762033894,0.0454308824377553,0.279019742339131,0.0894505687003107,0.280794258606125,-0.233362734318155
85.905,-0.573337659253543,0.243102251991764,0.833322431683477,-0.125404290866068,2.64343849776072,-0.478506541924286,-1.14916149959803,0.174416020391079,-0.210772544656026,0.0588330539785395,1.9832104300979,-0.0913000698887035,-1.04383801438178,-0.186857256853611,0.310431076031612,-0.686311268591691,0.138957270459017,-0.164202070848334,-1.10441791618536,0.060998329700363,0.296235111081393,0.0577264351745669,0.264962517846519,-0.238260077180894
85.91,-0.581675822005087,0.248229133872952,0.824737216433967,-0.180451852502231,2.76013640844324,-0.548374520542994,-1.14859936964901,0.181619566770051,-0.201221204356189,0.0773353292525957,2.01543913806671,-0.0941259176969782,-1.03946942344871,-0.170695359364369,0.294418879435012,-0.675996404060655,0.143661921831968,-0.149589036841662,-1.11013739435492,0.0700383486563051,0.314761607937213,0.0272735074530347,0.213834471073776,-0.254388752537664
85.915,-0.587155586511328,0.239035669041754,0.815283726026258,-0.215670128093736,2.86698286453397,-0.618339077535967,-1.14650192994561,0.193443183309083,-0.186462039806997,0.0675165542687545,2.06960345710866,-0.0864449361339979,-1.06823910697854,-0.149572599397987,0.275080477164341,-0.625896451756099,0.163664348340519,-0.145828679203987,-1.1092711952731,0.073892276598882,0.332126407536674,-0.0160878293821733,0.1508084953935,-0.269602802854238
85.92,-0.61086158962445,0.222524755368304,0.795659996035317,-0.221923158761037,2.98456701214511,-0.709005315074694,-1.13896595365274,0.194667478857773,-0.181668545583341,0.0857159154296755,2.09269469500899,-0.0874047898886072,-1.05875399155717,-0.111737526450988,0.252094446068757,-0.633388088066068,0.163815491086927,-0.145828679203987,-1.07723467863133,0.0808840212438015,0.336273653606907,-0.0362798475836003,0.106734187903019,-0.288808320489628
85.925,-0.625377253596856,0.186627945509767,0.762779255805847,-0.209868996625853,3.08312671763706,-0.769807571656204,-1.13336118310069,0.199309265618017,-0.179674439331193,0.109502820041048,2.14861893358957,-0.0767940357960195,-1.06681434989515,-0.0868069442205599,0.243061255487215,-0.636164300842356,0.186921579937953,-0.130150822336023,-1.06682360810178,0.0842631740619085,0.347759098166871,-0.0885915456010273,0.0855344959701463,-0.299062997200637
85.93,-0.624520975697104,0.224329298080323,0.745463742571234,-0.176066668798483,3.20657567163324,-0.862701910436141,-1.13690070493119,0.208155414541248,-0.150449409337835,0.132004050921028,2.19698700885038,-0.0553238444971959,-1.06897548421215,-0.0553432895591364,0.227021409254783,-0.314262253305574,0.187931181907142,-0.0895582834816233,-1.05747840998377,0.0795928076496177,0.377276081436066,-0.131930618130896,0.0667223514700263,-0.293466618897025
85.935,-0.627462571286517,0.162531609218886,0.720480820087716,-0.0688230192349264,3.36861770259757,-0.972973016338473,-1.16069252917987,0.208942505891356,-0.136720879909066,0.159674600697707,2.2472369032926,-0.0382133103456668,-1.07233428300623,-0.0321307274977997,0.231089657105668,-0.40142853418786,0.179389164055427,-0.014454553234159,-1.06126955566031,0.0719445654348814,0.44498651654376,-0.171917676445552,0.0333203087831852,-0.289391917021923
85.94,-0.572116929102768,0.395527787450605,0.91163023175443,-0.0914018086579312,3.53535606667437,-1.04417730909227,-1.23539001155931,0.194380438513491,-0.104719186865374,0.190934150186063,2.29320886469295,-0.0236950945385968,-1.08104913812139,0.00273868279405068,0.262986937365685,-0.66066966671488,0.151574878209832,0.0770389861562432,-1.14460325308265,0.0216858646456469,0.530942395177,-0.260222938652053,-0.091440759578074,-0.280626598553888
85.945,-0.621177229871354,0.351931470824935,0.904251593735063,-0.329720518153714,3.69227017681534,-1.15084967719734,-1.34058828206712,0.320883566423594,-0.0799505094788957,0.267795354912432,2.33110551973087,-0.0672721914613803,-1.169041795667,0.00806986854220938,0.31506961649024,-0.52040304413439,0.196626701263557,0.192197316753715,-1.28153107630753,-0.0837923310168716,0.472837550301174,-0.457466067374531,-0.156787861098653,-0.242857469454359
85.95,-0.665260785773341,0.345311212607841,0.802742022730967,-0.455330090695445,3.92192155736821,-1.27027659416347,-1.44586899909804,0.370743665337323,-0.0479672014153903,0.287080075017016,2.39353464845859,-0.137975013161826,-1.31115995492199,0.0297777765580128,0.34637682505433,-0.322926732667907,0.245118987919763,0.342615340167881,-1.38648387773501,-0.185168842497728,0.378539458016558,-0.678072285231491,-0.0112079343441321,-0.262739270932594
85.955,-0.634918783953883,0.312371055416386,0.756506002922319,-0.461415117824184,4.2009664871134,-1.43561142298154,-1.53408490512979,0.357643574251938,-0.0903512710142281,0.144025119335963,2.43118897214496,-0.156859570565387,-1.45788401996882,0.0709061989665046,0.374643109211815,-0.132663439560521,0.28003964025665,0.437200662384506,-1.39993444578142,-0.205066013191212,0.307653547288631,-0.735612151708789,0.253498392188037,-0.358792116849614
85.96,-0.61761081024901,0.329298811323868,0.752193684958725,-0.433682759696225,4.44489445900685,-1.60559114358573,-1.52571650755913,0.274778647393901,-0.0332039166994291,0.0252401317238328,2.44566830170573,-0.12309470237329,-1.46981427787223,0.105228164762809,0.389351134702818,-0.0328621849855061,0.304362787355526,0.39288661202419,-1.42844294324431,-0.150881571798336,0.266016248482501,-0.564298399726722,0.650664266595749,-0.439829836174015
85.965,-0.680467626731022,0.243320568496106,0.794818550146994,-0.508735652945357,4.7688340921328,-1.79405754633155,-1.48982091321432,0.133946855522796,0.0856853967175839,0.0784512785823181,2.44486701471789,-0.0122364611242888,-1.42272849349684,0.08982187862258,0.421385038415422,-0.0168822713213607,0.309363630007122,0.457665722418754,-1.40687639615282,-0.0967942444523474,0.155014497351674,-0.328227160663993,0.260286270548277,-0.441861487132249
85.97,-0.781409287212457,0.246440044696201,0.828033957304126,-0.585899367744516,5.01398921368451,-1.89026467699588,-1.39886130219316,0.104693841545334,0.095657242210215,0.234993031891315,2.484996834771,0.0790392362705882,-1.37575557046179,0.0526398141905528,0.437719835269675,-0.0524737815124998,0.34417929860775,0.611200687720241,-1.3123251383515,-0.0478871012391138,0.00396314492741813,-0.147909037352632,0.0537245838750622,-0.400834531212809
85.975,-0.75776960410518,0.291108102055351,0.782294397557278,-0.66713002730062,5.27905206301082,-1.98202227770103,-1.4032787714948,0.0532985202339025,0.092298045012483,0.440705426662076,2.52997279877841,0.145004089179644,-1.35625536880398,0.0534631747055126,0.398266567415893,-0.122320589719461,0.393780365702625,0.799907171774355,-1.21254787600764,-0.00597998691944102,-0.0530980480243368,-0.0606106156602187,-0.0546921273703296,-0.354422076729897
85.98,-0.60466157524712,0.470776442905404,0.761349227949716,-0.74353902401354,5.62460404450891,-2.07203344496573,-1.48921932886893,0.0155738100430312,0.194898521955915,0.68314756916614,2.5742285205959,0.170724075002511,-1.3537146792169,0.0827419108759406,0.300868697808002,-0.307524458603181,0.424596682350973,0.975704720837389,-1.1565266821529,0.0490125100099765,-0.0317560323455085,0.0286446452153956,-0.0445160336703374,-0.263140986305673
85.985,-0.494932185991533,0.219789650005842,0.9476008903629,-0.931099824435781,6.0364304363165,-2.15484717320838,-1.57413686556669,0.0445854874807679,0.294828661427224,0.829856411688319,2.60460372594494,0.18692267101158,-1.37946201626522,0.0855206152998459,0.231930029103735,-0.450587884329085,0.402520870379514,1.08429874310387,-1.16069739876281,0.0760519770750708,0.0511382986770878,-0.0216942206682183,0.0130041757017412,-0.178095641937164
85.99,-0.600900208923083,0.0561999540528937,0.831419040172756,-0.816520565864962,6.42619337276635,-2.30836439313008,-1.61893769424147,-0.0110703939769705,0.30815650648288,0.874359997492741,2.571394617101,0.250098999974221,-1.37397702540353,0.128409544342468,0.161273184828744,-0.58352751601006,0.393910441770111,1.20526329799499,-1.2132257331277,0.0538749075983051,0.0795086139906073,-0.198340857099401,0.0382931008934975,-0.11232741092206
85.995,-0.67990381819655,0.264665788517158,0.860003918318617,-0.886018201099887,6.92021539415315,-2.44476693687968,-1.64064883334658,-0.10043706679631,0.317135949104866,1.08133397269023,2.54914178138096,0.286794176720752,-1.36196255946582,0.185488972172108,0.0800137458628817,-0.724622073834184,0.398976501011458,1.29160994098275,-1.26102187405177,0.0229978649965835,0.0494589004217934,-0.450667401026441,0.0373914736113284,-0.0940215086419824
86,-0.740604139900157,0.189476920778853,0.803985077461214,-0.892280666641067,7.35492392373037,-2.57053223126371,-1.67853647280704,-0.0970990128108828,0.334827389219327,1.25415684351831,2.55244998725313,0.286919105862163,-1.34973287374507,0.324548446581025,-0.0540910611813547,-0.759243447234033,0.4495024566364,1.4105361321627,-1.27475786259876,-0.00784265882315,-0.000883515762889269,-0.635676199277449,0.0442264032918476,-0.115718808991591
86.005,-0.670033985061284,0.330874636566062,0.932628474649658,-0.90204596057188,7.73261586600951,-2.63291771528127,-1.68720915958965,-0.0935798300474662,0.365293736839703,1.56143650932076,2.46686421626801,0.338348113595622,-1.33829764556418,0.585551623629764,-0.297877031870723,-0.639712642489655,0.569467983357424,1.75804181903509,-1.26102829043249,-0.0409284652866677,-0.0485221305350133,-0.691088487880308,0.0507970089234693,-0.141691343154678
86.01,-0.778735782405435,0.233320247113678,0.868403757055249,-0.898734364886416,8.15299720635125,-2.59616000369647,-1.65894604969595,-0.162514194077251,0.353131751024833,1.89319791272776,2.38482898103933,0.353905762093429,-1.31289968084001,0.655335518014759,-0.483997986546737,-0.533598985194459,0.697549041547675,2.08721400467687,-1.22431541502243,-0.0741569101507563,-0.0791248461581081,-0.653854785199539,0.0454303954428922,-0.146430126704075
86.015,-0.903499139906025,0.0435072898667209,0.79225266799909,-0.661892038852054,8.74124980410556,-2.45381285997967,-1.61751962299018,-0.177747460068592,0.310283674581112,2.18119376305918,2.32456424227815,0.338449457527416,-1.28253185984035,0.546216076534801,-0.645006472220091,-0.504428930892143,0.692905140005026,2.37102763134962,-1.15458689796697,-0.102008974280246,-0.0974309329649202,-0.562609701432698,0.050253318299905,-0.138656183587728
86.02,-1.01556572902655,0.393481639199754,0.91161490358942,-0.373893270093801,9.06808342160098,-2.47650091658416,-1.53696011903572,-0.118799006462857,0.238089425000397,2.55153568724374,2.28143973855527,0.311162043007406,-1.25540037440336,0.437639327302308,-0.68739969167678,-0.308342150072444,1.06227689187433,2.65245817595673,-1.08554959505519,-0.12190606182591,-0.115299977228064,-0.448086472190566,0.0628335392076593,-0.126358681976874
86.025,-1.62767200503947,0.122526456124707,0.269319904623367,-0.485561505713127,9.20148192280953,-2.70012938274887,-1.43679374230909,-0.0269789917530954,0.0107539036131623,2.9251919418259,2.28983211949015,0.283506784079143,-1.24062560931051,0.434632449317731,-0.612652018493541,-0.0604401072691671,1.2158128588697,2.99646999764673,-1.03462091244206,-0.132010760914284,-0.121542614417624,-0.375250262575334,0.0510721436966056,-0.0842314959494861
86.03,-2.31690699203339,-0.105828606060153,0.526964633502752,-0.124890012790137,9.18114343758198,-2.85653813361251,-1.33099670912557,0.0749201361932168,-0.362834375044702,3.23431927525147,2.38870483361042,0.245057992709215,-1.23280255180992,0.335987682400949,-0.510215782759731,-0.215709551409193,1.18263244205975,3.25638309915856,-0.962348495126417,-0.139229778976509,-0.12663170758121,-0.342379744829058,0.017895901605775,-0.0181456843805589
86.035,-2.91972107000863,-0.047877537759096,0.978815376131935,0.477905826394231,8.87955088753702,-2.82953114145198,-1.2210562715442,0.165129820468047,-0.816939519826212,3.56328508019139,2.58796918841101,0.17893404220512,-1.18819918999539,0.114950723377518,-0.389961976520394,-0.685160212024617,1.01833479386351,3.38182251478577,-0.914441904268535,-0.151806455406009,-0.128883152075706,-0.329493037035278,-0.0133064744361039,0.0578562096088897
86.04,-2.72268419572792,0.182107887217393,0.899208200817134,1.21548512021204,8.22609304986418,-2.59308747018997,-1.15932515821642,0.206537006016546,-0.828654283615542,3.81068059239048,2.8527387822228,0.110019131272947,-1.19406423586699,-0.0923609625975094,-0.277472538508903,-1.10831786531531,0.850178539963625,3.37858627591841,-0.892619521204128,-0.164857520155227,-0.136777665422448,-0.323704299674709,-0.0248638475362579,0.109817086829342
86.045,-2.3977830378076,0.265684921762051,0.778086538557434,1.9157388493329,7.87153124244441,-2.35075411284619,-1.31266405765813,0.285221238212041,-0.855953428705036,4.17439922410987,3.13206611942186,-0.0799002017638856,-1.17965652694332,-0.309519129176042,-0.112118501244859,-1.65449980643363,0.547419384551607,3.27603370893794,-0.920221455150524,-0.170613591357602,-0.142904507795287,-0.335943235679397,-0.0203621811011602,0.15946240702002
86.05,-2.03129490309849,0.279234568598565,0.931182475977972,2.38208424441814,7.83773575650278,-2.51919791610246,-1.51499032719925,0.344184865231071,-0.597016720692658,4.04807929168812,3.18138973485941,-0.216090627697621,-1.20102026069713,-0.39571253093879,0.0145853177097906,-1.91962436350323,0.308417095482367,3.12427754569747,-0.950178236160454,-0.169936164432476,-0.155271876415702,-0.317747056883945,-0.0211905562648307,0.212484476655039
86.055,-1.78193431160377,0.493062860286616,1.13823058500641,2.18073666985421,7.7370184004535,-2.83611384216451,-1.75803158600613,0.345949479501662,-0.273203468055492,3.72247940802557,3.13529580271394,-0.255093937827244,-1.25039760988878,-0.413678961079893,0.102242085822773,-2.02636180665971,0.0873831696061224,2.95293436389122,-0.996334788546276,-0.175475548794311,-0.171300786772082,-0.277020738812908,-0.0473728469280171,0.245076883717092
86.06,-1.83708724056502,0.770964824802308,1.46169752386951,2.11372842152858,7.32858637019221,-2.97810470482956,-1.8254739358666,0.332872962375281,0.0196582197153875,3.17134201952948,2.92430571578508,-0.211786059955244,-1.16531676374096,-0.495771064665729,0.237373582777147,-2.10536852624873,-0.0845683794598511,2.89552346335784,-1.04539073901723,-0.186150581427496,-0.182378674797251,-0.23834116459297,-0.0981950325876215,0.265420626137524
86.065,-1.69905904890145,0.991259973090777,1.64527445107427,2.21007550977111,6.89514367963315,-2.8986531956719,-1.73287047393614,0.347450394098856,0.113780225794053,3.08646206029942,2.58323340353658,-0.164325621582244,-1.24306569823918,-0.491858511069773,0.248678095624397,-1.72657812908966,-0.402401095092254,2.54461956992116,-0.978544585611345,-0.215470586887494,-0.174732317921832,-0.200831781111226,-0.112555130031002,0.260733085119322
86.07,-1.40215517114519,0.568541262257194,2.03613771670073,1.4865091643638,6.09828616549564,-3.39205101573978,-1.54205512276714,0.483567400676321,0.256247770083775,3.55018028882755,2.15405628174184,-0.0860002370551711,-1.30911561953156,-0.480322884132249,0.195493027590267,-1.70028033059802,-0.598918083458036,2.50183284543201,-1.03532604334537,-0.211767178398466,-0.171645110277976,-0.173711387548367,-0.154690845021573,0.233662851669385
86.075,-1.48815533314144,0.719010672979457,1.96768519151805,1.13836139616848,5.00381523969822,-4.27846769981797,-1.30221362127676,0.480247496253869,0.383739504680151,4.06621179200956,1.88547414289563,0.0685374826156029,-1.21861685034082,-0.586611543744942,0.136968114373602,-1.66354327162504,-0.784433279857521,2.41626352870513,-1.01312595494749,-0.202513609881938,-0.176552872188507,-0.151429358437252,-0.271660849350054,0.219276011285453
86.08,-1.65913722348153,1.10104471770654,1.84297892696828,1.06034624880254,4.1969131584857,-4.29610592399544,-1.11300622359587,0.340028877965903,0.14925584868671,3.56189745084452,1.83822359077115,0.110545067246957,-1.16513958554838,-0.615669702500523,0.0687526320402894,-1.58617624602078,-0.938543930688285,2.1366166758068,-0.997278716559609,-0.19816279179903,-0.167226273601492,-0.0796659125531656,-0.37782943659382,0.194347231140001
86.085,-1.95183061392961,1.05802762230021,2.18087310814237,0.689406777229583,3.50602685630972,-3.86158005011812,-0.912319144442426,0.462605875747254,-0.739578781565885,2.25969888360943,2.21273030338819,0.312529990248942,-1.15916365266338,-0.598933068830782,0.00688180649311941,-1.56594095448771,-0.9593471440264,1.80374404440604,-1.04784755729751,-0.198557244443041,-0.15508394214591,0.105236244448914,-0.594422974698471,0.114685351103917
86.09,-2.32761768936802,1.13057552544426,2.82983690745944,0.899252530102858,2.53477410500013,-3.1215858108318,-0.808418716362691,0.458906802610668,-1.13635933524066,1.71597534549914,2.36943653928453,0.405185960880073,-1.19534563035501,-0.567601718414331,-0.0173693895041736,-1.37724189035992,-0.922822533773675,1.58844934751965,-1.03906695297866,-0.20390215599649,-0.143010709911581,0.260329342740588,-0.735112428330227,0.0349725876916734
86.095,-2.43679934983073,0.894686788173553,3.25807265686451,1.66845138457486,1.29683408413242,-2.01553731211437,-0.800307008440504,0.205337670595402,-0.867476887033747,1.28637555277691,2.13048793184556,0.222582509920545,-1.27501640431128,-0.52744980551846,-0.0572963060134066,-1.01867074886424,-0.921693609797864,1.4478486599918,-0.996535580833419,-0.189607807531397,-0.12329883052956,0.4237584782141,-0.825776269143485,-0.0605041815481872
86.1,-1.91890903563571,1.06950335384789,2.8992260389954,2.39069979162247,-0.416430763243756,-1.24525370424713,-0.82104047113731,0.249394054848892,-0.413795076992198,1.12793124957097,1.77665045523464,-0.0729629773426541,-1.3426027307487,-0.489835395343654,-0.0818210168052568,-0.742950481338135,-0.942389495296517,1.45370421214654,-0.981850553804453,-0.16526789370847,-0.113841044213922,0.474113694567783,-0.805263991896794,-0.0808835493527444
86.105,-1.7093333022904,1.91732673965602,2.52978206072648,2.6778764917368,-2.08473385056766,-0.819121640217149,-0.870608181807346,0.424423130602971,-0.470860212728731,1.13855619344149,1.48547745567541,-0.154343744875125,-1.33226525072877,-0.423799720075422,-0.111083501613745,-0.562310681382806,-0.918949671071677,1.54745252522187,-0.973980334639658,-0.165508360740838,-0.0961459237483997,0.451614082773125,-0.750110066052638,-0.0577552167837967
86.11,-1.08111535717566,1.91731450463382,1.84603718162301,2.15479598109209,-3.1960181133822,-0.544912915351699,-1.01468130093818,0.265023566410672,-0.214742076093459,0.849113699582598,1.20714346986917,-0.0408124646784663,-1.3185052517153,-0.352761097933621,-0.118658781727924,-0.299346889289952,-0.794052946244755,1.64025941886431,-0.917642956549677,-0.173746797218449,-0.0643019281532571,0.427829395217435,-0.66592940098319,-0.0292828067608335
86.115,-0.549754491048022,1.52110769329077,1.38484718030169,1.29822463279157,-3.66563868352701,-0.345454348202868,-1.04355375719,0.302946705025472,0.0444007796995224,0.889592992801841,0.910763721324661,0.0598900933762186,-1.32436102870137,-0.316625716640393,-0.1125441009029,-0.0770605430119548,-0.673214203254893,1.72338821515425,-0.877157488646731,-0.186075655935717,-0.0433325819279643,0.387834527370116,-0.546047451125765,0.0205567970444704
86.12,-0.3146582837327,1.17133803065715,1.11534867653958,0.700433166139708,-3.85136967785384,-0.126334205199744,-1.00995309514383,0.335662799790332,0.135999937951082,0.916871059018962,0.679524961220409,0.165654041439216,-1.33528845723921,-0.294327608720535,-0.140186181875588,0.148121641901442,-0.586700990012845,1.82920318969201,-0.841055020526103,-0.203041363975917,-0.0265125884546857,0.355879245753993,-0.409505560263662,0.0643424533293784
86.125,-0.176208636365508,0.893081767593175,0.891167627627892,0.468788910168705,-3.86555264811183,0.138940021597198,-0.968666551252886,0.273773201655385,0.207409817432095,0.637363563755715,0.462831029526072,0.332276775158285,-1.33949546570906,-0.282740742183967,-0.143158983768827,0.256072503986888,-0.628850729790822,1.96275569119181,-0.829345650479957,-0.206609050922978,-0.0249080610427531,0.373710230290991,-0.294768266210559,0.105233926494889
86.13,-0.046108769157114,0.683274365373321,0.735568792416363,0.588536129469604,-3.7579159621169,0.450821184364903,-0.870226687713712,0.227039074517647,0.228182933526788,0.291323330473593,0.243189049214022,0.45764615239474,-1.32641438313562,-0.28966755039257,-0.120534627917675,0.296870998157708,-0.702557250579586,2.10603226757015,-0.830445134670715,-0.199430815222494,-0.0241959353652186,0.389757614828703,-0.201213012560046,0.134755557851569
86.135,-0.00297946313530971,0.582844044222091,0.709089292615496,0.880385106870964,-3.64251064118565,0.758659518575333,-0.777141472472398,0.117485095294166,0.140426152166317,0.0671271235649159,0.0704147618057353,0.4569845884301,-1.30202250021826,-0.310249855006999,-0.101874369744607,0.272163335447832,-0.818716713160724,2.26598480359255,-0.844837441467279,-0.18752437635021,-0.0323060168692984,0.415278985072589,-0.131912412689338,0.163938129187615
86.14,-0.0181189268591393,0.56084254312103,0.721505102504319,1.21012616630463,-3.56158606561133,1.08032024540118,-0.720215951489876,0.0113883603622744,0.0714345658333573,-0.102788400392288,-0.0933273467354726,0.479717740600218,-1.26037763158714,-0.330737043644578,-0.0704621735451813,0.203483581155188,-0.892645150004463,2.38739559386396,-0.882540964682071,-0.171831251280492,-0.0364866103639851,0.425406924664732,-0.0800036020638295,0.175641549756322
86.145,-0.0419241835268599,0.637001927415127,0.674422383219612,1.5656877086004,-3.54199393968382,1.44773252996758,-0.662132649837071,-0.0357145943116986,-0.0358123069693481,-0.275626188013757,-0.335897331190231,0.457897945513975,-1.2257125733379,-0.336482334787549,-0.0562672497988069,0.0967687762542448,-0.939375757753306,2.44745090369025,-0.928308086252208,-0.151805067662284,-0.0429476332237127,0.451010748205952,-0.0328922859145847,0.16936263183166
86.15,-0.0955712592914057,0.730197018217446,0.632717584874068,1.63849133592389,-3.51673615683774,1.71382895914382,-0.579576499724434,-0.0220341849679748,-0.0240451268013629,-0.380893602244426,-0.609277363235399,0.436666976679387,-1.20549305980282,-0.344388793400801,-0.0337094651340809,0.0394979602461585,-0.948794690188194,2.46515769279713,-0.954642546381912,-0.123616529498514,-0.0393932996519738,0.470324466101559,-0.0277851174252053,0.151253662074404
86.155,-0.156677488250198,0.81655713619093,0.582968883671206,1.52534712138781,-3.47790743136263,1.95954924449831,-0.533633690677093,0.027318670890296,0.00850389867075397,-0.326399217484924,-0.809037677293845,0.408310716037287,-1.183523926874,-0.345723502001734,-0.0195738594227756,-0.0480083898290268,-0.982372418198531,2.38168223501558,-0.968145583659242,-0.0903062329749965,-0.0344552263849813,0.478467521133459,-0.0173094769067067,0.132305496010373
86.16,-0.203239050081142,0.805784523298762,0.5526832207591,1.2907126894657,-3.42773292316923,2.18289235040214,-0.503893731346934,0.0618873126220965,0.0187932867379844,-0.294895759512289,-0.989783468212786,0.399485134568736,-1.14035541976704,-0.354165877179054,0.00257115102857896,-0.115152557954511,-0.974893985579335,2.27656944121269,-0.974705419935331,-0.0661203506383753,-0.0298043814285148,0.476912005026897,-0.00951190834696948,0.131518604434382
86.165,-0.179537214456124,0.680666890169885,0.506380428926594,0.981797905853192,-3.37287417549732,2.38715919656065,-0.491739964228493,0.111177210231137,0.0549205704384759,-0.268957491083365,-1.22460585124286,0.435268788001495,-1.1307978493767,-0.389568771656579,0.0122920215930312,-0.042978609453635,-0.875214087495164,2.24465927421909,-0.973888422797378,-0.0533972916131205,-0.0228350709458408,0.470511786347294,0.00366696416456439,0.134753478899801
86.17,-0.127259280363661,0.55920803074985,0.478931409575588,0.686934617670979,-3.30127389165069,2.50280857427763,-0.474939890470841,0.145423793549561,0.0948207834045901,-0.251667403703878,-1.38460106963932,0.476212041023982,-1.10656811497584,-0.410799136092292,0.00542726696141641,-0.0359048865109866,-0.868208220198917,2.26184079311813,-0.963570815512849,-0.042471823522843,-0.0181533204657476,0.441029449277362,0.0335376496154143,0.16310456188429
86.175,-0.11454068858819,0.393846087548306,0.496464555945498,0.48115666058554,-3.24315176761995,2.55418276470229,-0.468280814039323,0.170898580302277,0.110710591004196,-0.227435508547148,-1.50786283917719,0.515779391030966,-1.08448103370632,-0.406532735434184,0.0113631562023383,-0.00926989008739569,-0.831666007829467,2.26712143948198,-0.963414876211163,-0.0348072222287264,-0.000993089444904817,0.423396875804565,0.0460216256891124,0.194648169934929
86.18,-0.147906684420673,0.233063848659282,0.560621276750432,0.511396753202321,-3.20738993708488,2.58686161054275,-0.472158564715678,0.160546424099071,0.0461298390828445,-0.35625577665796,-1.65235346472312,0.555317078264574,-1.06113862710432,-0.394302108258704,0.014158047120287,0.038202917766386,-0.797983008209079,2.24408490644883,-0.958030497328639,-0.0325880098690929,0.0142364384592649,0.417528747972083,0.0423414153477922,0.232253167094266
86.185,-0.184461769699711,0.086425853662814,0.65716573591061,0.714652437313336,-3.23017912683471,2.59781826189848,-0.492093622000086,0.151359069329403,-0.077442677360656,-0.666763465202759,-1.81923913345604,0.574419152276177,-1.02975378994403,-0.374378337586631,0.0218358074591703,0.10257370161533,-0.765450292338104,2.23039868564077,-0.941684120997928,-0.0455436778192669,0.02844106690696,0.430704814557224,0.00884672135013179,0.286479126176302
86.19,-0.203842424549807,0.0194381768215975,0.75385025346251,0.967687388546513,-3.34340995280179,2.57360129576509,-0.490300432816154,0.190501451231529,-0.102634073700736,-0.878138663470174,-1.99642687389743,0.601374739938378,-1.00750939738944,-0.363521027942043,0.0354210101951187,0.130119131255264,-0.746760515060165,2.22837084376381,-0.932783959162371,-0.0555065024375414,0.0476582555156293,0.433676489993888,-0.0137830908019297,0.326866478107824
86.195,-0.269815367374763,0.0192107395580975,0.838977914528379,1.20384632539724,-3.52131190046665,2.71107548534796,-0.479693173230323,0.166879524754232,-0.141421647996031,-1.01458950865439,-2.16624667653268,0.597332548415995,-0.981415305988119,-0.351372994873966,0.0512998289129827,0.155372667288765,-0.718964038246934,2.23122847087956,-0.909414915562636,-0.0649969337515848,0.0602914534156797,0.426123956059005,-0.0404049064107621,0.367543628689338
86.2,-0.364231991393532,0.020107307235264,0.891546215922712,1.36885153459105,-3.76532328981488,2.46450097744257,-0.492070283764193,0.1133346358963,-0.160863167354503,-1.16991339439634,-2.31280209777235,0.592518814643563,-0.965233544450564,-0.338502813134518,0.0760297737437192,0.168495110586917,-0.71859637549143,2.23045729880889,-0.890553838192594,-0.0820992074247869,0.076909381740138,0.419693164886641,-0.0529742530948976,0.387566848870898
86.205,-0.42045188945113,0.0173810646013717,0.90945585687112,1.44288389794535,-3.98454728237672,2.35028971441071,-0.521696298701693,0.031807660733233,-0.205862686121832,-1.32894274173843,-2.51788884197973,0.584044400268831,-0.951561533893849,-0.32402254142738,0.101526152453241,0.209118069783488,-0.708596850790478,2.20456178453861,-0.872141581789652,-0.103786142058365,0.0920862897767833,0.408375951104755,-0.0610462025752438,0.379753364886194
86.21,-0.446706173657493,0.0255570180988724,0.897859962377239,1.42900364774058,-4.19435301719702,2.26965367429691,-0.557333897391332,-0.0398164849100579,-0.183985666780709,-1.40806082779371,-2.65046674106334,0.579239080532731,-0.950419444594079,-0.313261327527851,0.131728247320754,0.312405221691335,-0.716775467586537,2.15222818526157,-0.858609799343701,-0.118159633934517,0.111777835621822,0.386994647895177,-0.0732089051743412,0.358224876701428
86.215,-0.438228860746232,0.0535136769901219,0.853025598852506,1.32903284429937,-4.38988823415486,2.18444343294076,-0.604901239746077,-0.0636624385858073,-0.132149393613677,-1.42094019771018,-2.78060176617344,0.585287140053668,-0.953589332843733,-0.312891647842112,0.16148992515974,0.429705423355175,-0.73119650363923,2.07933627891536,-0.847873165258545,-0.130375794408515,0.129870701562461,0.363631914739878,-0.0955634035133165,0.322035837493543
86.22,-0.447213264464894,0.0692493894627899,0.844870956312756,1.24319537773596,-4.53065673911862,2.11063775599332,-0.647041203313622,-0.0710276271495011,-0.12683849305239,-1.39426078706789,-2.90348262249458,0.591855871264009,-0.954625814634036,-0.315528230700922,0.201471748127494,0.600277919875965,-0.716523188683293,1.98730294149919,-0.833653580238868,-0.138950356014403,0.146794662212676,0.333186685775581,-0.132061524630102,0.292276992222891
86.225,-0.443861840505346,0.0643610513214992,0.832508948173525,1.22541414078505,-4.66122862741697,2.07327401647974,-0.707053483612251,-0.109735792045772,-0.204345738525895,-1.3399895893063,-3.11311531120548,0.586480331217284,-0.957202084920357,-0.331734725702463,0.225146560192602,0.843744109813066,-0.694664552272508,1.86837421336532,-0.831833351137134,-0.135660938342099,0.149472436478742,0.297598594470345,-0.167707130996095,0.242117622537934
86.23,-0.474636431198851,0.0800235007814086,0.828188723566163,1.23188270658281,-4.74719011534992,2.07719993681795,-0.736603947794567,-0.166960399615583,-0.183622225730133,-1.29169418244617,-3.24210205037821,0.572213914726315,-0.956420666216745,-0.343240360589187,0.239915219128456,1.09090931234181,-0.67361506550064,1.75988803165079,-0.825753791224324,-0.134574958186638,0.151545983078082,0.271796544572722,-0.210183342392706,0.211659327191884
86.235,-0.495269339178146,0.123938345583169,0.836319911491297,1.22762428197178,-4.80625406040538,2.11071353385691,-0.772290060373719,-0.222845093988208,-0.177769128668712,-1.24417274160954,-3.37684613081785,0.545380897111172,-0.951725532939476,-0.36102192586319,0.243552168448872,1.36291520469842,-0.650131605688701,1.65636547719392,-0.823923028715523,-0.127992406757424,0.151453327783822,0.259450151288893,-0.248063708347731,0.180596206169463
86.24,-0.524320570565781,0.152579115498804,0.84560366287348,1.24352828546116,-4.84446926139158,2.167086773899,-0.796806644725185,-0.253213598896401,-0.22659600448268,-1.17212001672273,-3.52718262790667,0.522461384649657,-0.942520296277208,-0.384548588503778,0.22336645880872,1.60980393778958,-0.620506442614662,1.57736925160403,-0.817874675703802,-0.129119651040608,0.137064988098563,0.248624758555873,-0.270279285004439,0.15559983635454
86.245,-0.533916021752069,0.153418653297622,0.823085456088494,1.21921004564507,-4.90032945570621,2.25554819427834,-0.801354779416236,-0.282781771309871,-0.26362397943746,-0.927315499173337,-3.6770023252222,0.492412858261965,-0.929121266551892,-0.402145033001282,0.199016554241551,1.78658365111965,-0.607946529189733,1.54335169985603,-0.818376419077549,-0.129553399639524,0.122102602303857,0.233525883449301,-0.261801862950423,0.129399078904916
86.25,-0.543957078793632,0.148126235646659,0.795360261404803,1.14880924865017,-4.91679692192551,2.31659714716394,-0.819097567179828,-0.290377033593815,-0.240967480089323,-0.662063277800165,-3.79947918730552,0.464381968954787,-0.918002596298854,-0.422952653467655,0.167144099747141,1.98347874092467,-0.567093110305292,1.48721947176957,-0.824177564132294,-0.126021888586388,0.108760005783954,0.22698945329516,-0.235357218999335,0.115793676487908
86.255,-0.533921456223027,0.119994579926411,0.760415592150998,1.07807813700344,-4.88480508652868,2.36483625524978,-0.849922643756915,-0.257869627918646,-0.246769888839764,-0.402253128031686,-3.94181993098949,0.444070088643002,-1.0082757536704,-0.43479535949098,0.0919026391704388,2.34681903146102,-0.630322351486205,1.45269327589145,-0.821613890675346,-0.122158975493546,0.0952555659807934,0.223645801029693,-0.163292032181426,0.0951003432429487
86.26,-0.554071522556863,0.054892109967824,0.769314219356895,1.04830651542958,-4.8338849449794,2.39011182112359,-0.855795257282097,-0.236081166466996,-0.253769549897729,-0.222398657406146,-4.07284140184943,0.430302369643657,-0.74203801953278,-0.451073345700022,0.0761962658393976,2.08706154255138,-0.39150336976971,1.62747300446256,-0.823376592597622,-0.109391615959392,0.0941523263019722,0.230149750971276,-0.0792262058040507,0.0806872057376422
86.265,-0.609499678570928,0.0065675705126077,0.805661939116412,1.0797768989964,-4.78916823977668,2.4027967418353,-0.860730471081353,-0.203832493340673,-0.312757502241794,-0.0241306874633138,-4.209278012008,0.41074018434781,-0.782177380219477,-0.459057935248163,0.0521173077232461,2.46260186167569,-0.396048965714319,1.54288559284087,-0.826969056107514,-0.103812120374728,0.105846251555784,0.252905366781004,0.00508619077299297,0.0793920874039043
86.27,-0.671355657806841,-0.00459579701380394,0.862174647778096,1.17586747079063,-4.76522069005421,2.40723768862349,-0.864134575420733,-0.203279855979241,-0.337316125750026,0.119307843342082,-4.34735929284014,0.404469400558102,-0.753523888172772,-0.502945087769635,0.00745520675373756,2.41362433394195,-0.266672728726669,1.44329976287548,-0.84052127314908,-0.09363027646488,0.116015793929553,0.264520074269839,0.0817653024641044,0.0878634408518673
86.275,-0.738146824215185,0.0205486170473472,0.901958765751244,1.26039039346785,-4.77553360284636,2.4016026317145,-0.865460065091387,-0.162746776510898,-0.34407935948322,0.215514532794275,-4.43974071915399,0.389417608000543,-0.699584804236852,-0.501013608287855,-0.00051869713656927,2.38947158363314,-0.159808720172553,1.1819485740551,-0.858275444158838,-0.0858295153844241,0.122481518314762,0.284591426730649,0.122725095092732,0.093983112220534
86.28,-0.770286596054443,0.0686966066315791,0.912311448515781,1.28829106934603,-4.81269286089049,2.37942890659342,-0.873675777640016,-0.126902739256738,-0.342355521756712,0.335304445497759,-4.53238849996122,0.418381438221914,-0.724208407860833,-0.461452353011842,0.00260656099333573,2.47007436817517,-0.154970712384926,0.99398085407843,-0.864687096325667,-0.0795245546930046,0.127004418610307,0.295647709080528,0.130994587994873,0.0985974519026868
86.285,-0.80507030595901,0.136315985179924,0.924258342643835,1.25689006358609,-4.8368835944539,2.34180825082597,-0.878628549049091,-0.104286051349157,-0.345933865346992,0.439912139237695,-4.59450440086607,0.443928130139501,-0.730312272742928,-0.453633358726427,-0.0349312634973631,2.57501733943841,-0.247479329745418,0.969714767318702,-0.875633292382363,-0.0695539526890858,0.123002704086484,0.309178938363246,0.138876013647947,0.0965131392393983
86.29,-0.849803212791207,0.206462742158004,0.956527411978531,1.21010747588168,-4.8682158538687,2.30182692107974,-0.89658814270595,-0.0663311477245398,-0.353223401956622,0.480973497347822,-4.70706687712459,0.466842712013679,-0.699837763981057,-0.462013292295752,-0.0338144792059271,2.53770820137711,-0.245350571901274,1.05431288252161,-0.885701182732255,-0.0555817170161148,0.117289293378398,0.307581231117188,0.141493432505404,0.0885246150451878
86.295,-0.912669302005296,0.248509026918905,1.00128689063607,1.20331880233664,-4.90854711344784,2.29753616346891,-0.928548599626242,-0.0273702057921461,-0.404881225600295,0.4459712536497,-4.80070145070586,0.464391569491198,-0.619682767586658,-0.461975852913781,-0.0640137664701986,2.40895248626101,-0.157479965006736,1.14073288116806,-0.895558391802671,-0.0449471576064681,0.115144282653992,0.298673280030901,0.141310710417152,0.0861325227152105
86.3,-0.956222831245693,0.306947814286278,1.01823393004663,1.23234410747834,-4.96774626000629,2.36545111414666,-0.96555746686078,-0.00443126453283094,-0.433743840113085,0.31140659799799,-4.89889574423802,0.463765480286872,-0.658137841902175,-0.442307964013376,-0.0779315508862941,2.38965096498347,-0.118590111157235,1.10815934616994,-0.891976244721182,-0.0484904872170338,0.115247714092915,0.279544413752038,0.142082842191059,0.102871346142544
86.305,-0.94933169333487,0.352034298909252,1.00893750315012,1.24819728352691,-4.98623020215699,2.46044940793919,-1.01706581997546,-0.000437930033148302,-0.424757410486742,0.15780120901289,-4.97801532642659,0.506691337481443,-0.601637782205606,-0.384834745096138,-0.0921322837870671,2.1701453746971,-0.0509848122485689,0.983220280408849,-0.884281405634917,-0.0529794617842697,0.123647102560452,0.255539277006439,0.134941337855961,0.111183129833973
86.31,-0.932645449336348,0.387366535883601,0.969447133804332,1.24431150492249,-4.96795666661693,2.57487157519516,-1.10191020690961,0.0165462968630289,-0.420590786430559,0.0144204546588303,-5.08661720770745,0.538900301837799,-0.640575629963902,-0.325154326377743,-0.0950215874276337,2.1023843046683,-0.120386530396482,0.840048556387338,-0.881500610082809,-0.0623751157790045,0.135797768696491,0.222629252687375,0.118571018889491,0.120004490998637
86.315,-0.927499421227511,0.397127091343838,0.960379931576922,1.23514310488933,-4.91243284818213,2.66477361041665,-1.17316243056955,0.026089106439435,-0.4219708653293,-0.132479771377963,-5.1796072386244,0.569013243415077,-0.650742931384875,-0.28997512421059,-0.104912394963344,2.03345148765466,-0.202823946279903,0.741737140569697,-0.877844231752408,-0.0720350044143478,0.14691809142624,0.195736836027949,0.0960493865852704,0.122762569332073
86.32,-0.951557052870377,0.387639490385373,0.965699342681341,1.23863983664126,-4.84131372448153,2.72919320077144,-1.24743439594833,0.0411060056322356,-0.431878979756182,-0.312600940813325,-5.28828585497498,0.583002061316944,-0.631678228899614,-0.279716326023156,-0.125107101795851,1.91883152577625,-0.233643454901242,0.670928150077829,-0.889334409895278,-0.0864427208092781,0.157460118903106,0.17086926668829,0.074243299840534,0.125501775112312
86.325,-0.987226779258,0.409180112255952,0.985393984134609,1.26543424461908,-4.76059011542102,2.78369867829883,-1.27621212209065,0.0435719466743094,-0.394441316200776,-0.49766758720659,-5.36710354715913,0.573691474277862,-0.606509060290435,-0.279301813091665,-0.128959756243672,1.73485705976126,-0.217635296244466,0.577975121610357,-0.88552683191758,-0.0976526181778601,0.171713535150234,0.14311228215068,0.0510296601798087,0.125912230258017
86.33,-1.04480108357587,0.465075062879991,0.990710224127822,1.28146166613141,-4.64926106003827,2.85355728753717,-1.27349734393214,0.0276530496110441,-0.469148545589717,-0.684641204787103,-5.42265571642318,0.580881195218387,-0.594899157672506,-0.278057817473798,-0.123627699014158,1.58299503068729,-0.205510917288839,0.506524113202076,-0.879477018799853,-0.10630107718623,0.184531709187404,0.114731185139751,0.0156285074922522,0.1230177783141
86.335,-1.09432003446578,0.586871027044999,0.944339226015535,1.20740680710948,-4.52098314412388,2.93883211230238,-1.34598472020282,0.0705144980222707,-0.501542698982909,-0.888662947298168,-5.46788368566264,0.567755483147163,-0.596502440648114,-0.272342148042431,-0.117922674329494,1.3828902239781,-0.199553009004211,0.391032426719613,-0.880535925534413,-0.10627676610408,0.185404984322117,0.0608854058832185,-0.016820467866471,0.126986477873602
86.34,-1.13505682386094,0.696019115420719,0.878893555492286,1.03681910655175,-4.37170058526176,3.02985413397144,-1.39374428983344,0.060079803221047,-0.509978206660229,-1.16181347083977,-5.51210080796791,0.556903975841815,-0.597854540468284,-0.270184635996092,-0.111181702960378,1.22798357378566,-0.214166251783125,0.305765635959573,-0.880156173648909,-0.103757164668957,0.180152809799877,0.0299282886944908,-0.0312173174699492,0.11846008457458
86.345,-1.18306803206322,0.740570486733601,0.826820480319822,0.842387509169385,-4.18611620710885,3.13486729071712,-1.42271070189624,0.0369763052210258,-0.516707991974472,-1.37592522016017,-5.55447060451702,0.547806257305987,-0.603513198881055,-0.276456481637154,-0.114645032809865,1.10527685781116,-0.239523205942102,0.243432024930778,-0.877057123934285,-0.0991956406128571,0.16152525887731,-0.000624895198870315,-0.0356190927847314,0.120735242962837
86.35,-1.23844423341787,0.783867536591814,0.802615186214522,0.671985888587775,-3.95194379078984,3.28704953344063,-1.45112736378908,0.0343599496665772,-0.545572692063651,-1.5707089351002,-5.55655959371129,0.531617068676038,-0.595609785409849,-0.29209850286009,-0.12521360959725,1.0069293880603,-0.249306921709338,0.197688182848993,-0.88225350726221,-0.086808401815524,0.136705563227438,-0.0233151587100338,-0.0134856918492938,0.117896697709638
86.355,-1.32548446091201,0.832233489496002,0.814155976658294,0.54272685413514,-3.66362213590472,3.49826311406269,-1.47870932285307,0.0570983207126954,-0.582642203881799,-1.79011876694009,-5.56562091340584,0.491652052993489,-0.580835486218294,-0.307925183582807,-0.141704086938367,0.917613484865518,-0.252994718368038,0.160648413850339,-0.889487850875744,-0.0788898580180547,0.11980099497887,-0.0342710239974055,0.0276297485236804,0.118042734855222
86.36,-1.45194230118492,0.88466355932379,0.849898571611918,0.478393307624048,-3.40320633667608,3.7399529150862,-1.48853910370773,0.0928601327128577,-0.6358270683735,-2.01615938884586,-5.54737212617125,0.455650290924189,-0.5676659704984,-0.314523867876771,-0.156792664784493,0.830706242428025,-0.260826312706489,0.125144830030717,-0.898609226935211,-0.0704724292096276,0.108829236435754,-0.0351902568333532,0.081314566689393,0.125488750306378
86.365,-1.56390799043506,0.93509142547048,0.879439929461618,0.388398639680809,-3.1452885026606,4.0572669094421,-1.50601883864015,0.114190553605854,-0.696903500732038,-2.32415851477406,-5.5342550156682,0.407139161330924,-0.550828012810601,-0.310976687939809,-0.174767914137873,0.791106315568787,-0.288103258521902,0.0847454538955159,-0.904146001251324,-0.0638431416125569,0.113442658310487,-0.0254855369328405,0.119313713035597,0.123600675648542
86.37,-1.69775980316483,0.973047558013297,0.914714516053028,0.221013188418375,-2.95296087641891,4.33503202232163,-1.50633157801974,0.138001803130798,-0.72273144838613,-2.5805925789112,-5.52005446624996,0.362168713241916,-0.532661880045194,-0.312190947108637,-0.184442318869795,0.738031033966954,-0.305692176617758,0.0671179762736024,-0.913761837380507,-0.0649184630490892,0.134140788493594,-0.00414372630140365,0.145091737032296,0.128689343225776
86.375,-1.77640931974538,0.948550630792379,0.925143131192941,-0.00562541510983522,-2.79026500069452,4.5727443962445,-1.50138466701029,0.169500074708603,-0.746286019450914,-2.87173271143028,-5.48163629298474,0.329152159237531,-0.506901366132061,-0.305451100915719,-0.192683323776789,0.656664301591056,-0.331255413438969,0.0292763710918747,-0.928433958981652,-0.0701117197600902,0.160332335533486,0.007421233276649,0.150209740593727,0.136478199865919
86.38,-1.80092359880177,0.804050306854498,0.924903511601131,-0.31138057973602,-2.6143886763137,4.77452039341734,-1.51551195536328,0.191168423421824,-0.732311853443997,-3.07768526237153,-5.43446048793683,0.305938796982813,-0.486924124105137,-0.299560453562516,-0.188083919669534,0.583221344684894,-0.341556009022255,-0.0224751018619072,-0.946756395450775,-0.0802504294485799,0.18467325141197,0.00881034207006409,0.135042927106951,0.136634127709496
86.385,-1.80875279296717,0.685999748985003,0.964262888647143,-0.48200081824391,-2.45524425567332,4.87473512794534,-1.54048359418527,0.220006972561556,-0.731647905107256,-3.18111701656824,-5.38688013271447,0.280860964159298,-0.474262446262377,-0.286691000393196,-0.183329292431918,0.46876218898241,-0.339535457047203,-0.0967673133196579,-0.95856992149205,-0.0788313448707613,0.199509582961857,-0.0149991807097022,0.108233937855903,0.132169027883428
86.39,-1.86718964911393,0.598553352215527,1.04054790979836,-0.51390296061766,-2.35229904515927,4.91949670399509,-1.55907535538039,0.240358820618057,-0.753274673497089,-3.23016831045798,-5.35288592387615,0.237844036377009,-0.482166979627722,-0.268116217643828,-0.179168290569288,0.372839104534349,-0.322602976528469,-0.160742100852947,-0.979234566591353,-0.0731808108540809,0.204373939358886,-0.0312927320521259,0.0887408400608101,0.123357765129854
86.395,-1.98819580662565,0.533913616924968,1.11865499992087,-0.495396944252422,-2.31071047058782,4.93838782464424,-1.5797164007454,0.243353926119868,-0.805012965124763,-3.26467804826847,-5.30658998348466,0.218924547750325,-0.504724901925549,-0.250431214615838,-0.174657435752447,0.279601615102255,-0.298045848510198,-0.234269206308212,-0.993172324293005,-0.0709862803720922,0.197976787717861,-0.0374818817239771,0.0736875748765692,0.118060269685274
86.4,-2.09796166604372,0.492191112190577,1.10981902299955,-0.493375331692825,-2.33966287800795,4.94541062155646,-1.59481953478375,0.218905557457936,-0.838640623796239,-3.37074675094385,-5.21791316014148,0.200311553896654,-0.52609579282325,-0.231065731177889,-0.172983834771454,0.188865152796555,-0.27360008505789,-0.280546505033421,-1.00469229737187,-0.0643832564524268,0.189756489884498,-0.0321857589099509,0.0788788576007177,0.129199993694774
86.405,-2.15651392334386,0.382082165434255,0.996085548269305,-0.547394503938689,-2.37670074745963,4.91557044138032,-1.62489733457553,0.182192828439475,-0.853261898067079,-3.46607636833194,-5.12226417154162,0.184148837621388,-0.583825411262302,-0.194788049658184,-0.147496516379175,0.127745824738542,-0.226049416337861,-0.341850096072772,-1.01276144170862,-0.0514206315302041,0.175501200067881,-0.0384674431893396,0.119344123284267,0.149068808115416
86.41,-2.15660953861095,0.158894007174466,0.828299130052953,-0.624186839115047,-2.31052431154133,4.82762245320901,-1.69089048601629,0.126077527817897,-0.886475579309972,-3.55739599646854,-4.95748987496653,0.139397955918654,-0.630027392911169,-0.182287211300898,-0.141670127543752,0.110683134207135,-0.194359427246349,-0.385583896333184,-1.01809165098087,-0.0483610038484802,0.162776929083696,-0.0378914172988528,0.185666130825238,0.174659951684085
86.415,-2.15351246928132,-0.0658569255523553,0.714391785479071,-0.662588210764192,-2.16479949024676,4.71327639130372,-1.71170476393338,0.0829992059063354,-0.921216527483614,-3.57265816436173,-4.81992177758694,0.0976628411959424,-0.70612607138363,-0.160697689933737,-0.130077906036341,0.131524396792152,-0.155579976447168,-0.458072810393845,-1.01418271582659,-0.0432418004880669,0.157481047522626,-0.0285114574804125,0.23350766075722,0.195917332396378
86.42,-2.18293772588809,-0.271963418609136,0.639483539602807,-0.67872570959887,-1.95976644650526,4.51865836448966,-1.67932547195282,0.0366072940237273,-0.987775904537464,-3.50162319225879,-4.66957317401041,0.0233463990703132,-0.78837533895744,-0.133951910879835,-0.118769288035644,0.181179001672662,-0.116152433589884,-0.57051857925851,-1.01663552381982,-0.0462487448543895,0.162509054185888,-0.0257314056059981,0.294200507350473,0.218823774527774
86.425,-2.22383460302001,-0.387737595570043,0.589310140529916,-0.680349545880758,-1.7708777226759,4.24699136672645,-1.6214646628336,-0.0283285779854997,-1.08136278094288,-3.36986432415025,-4.47693561803706,-0.0609545927855947,-0.901292612108714,-0.0983308798874461,-0.0808454627931738,0.268637688537394,-0.0794641003546277,-0.71437822909814,-1.02127266155458,-0.0369626219455571,0.187819655710643,-0.0124198980289385,0.332709371268872,0.23068370197878
86.43,-2.23668523936769,-0.52378813335059,0.508503232583146,-0.708752273643061,-1.61389424329664,3.93580493550644,-1.58869000853484,-0.0872185298938535,-1.17502817748581,-3.16576337659308,-4.27232703234108,-0.145651209663572,-1.04211718022088,-0.0530154921388078,-0.0475234984785327,0.437661223695744,-0.0129826762651003,-0.828178547385922,-1.03244890520255,-0.030359195111526,0.210999274013836,0.010363770529554,0.341287683327048,0.234466487581106
86.435,-2.22889333055821,-0.573540081321444,0.410819595600674,-0.778411693872717,-1.45945940264008,3.6034621895726,-1.56168621185213,-0.16643053362539,-1.25869525920516,-2.92419179007054,-4.05834289216139,-0.242456539452896,-1.14654173326468,-0.010384849399197,-0.0142569471408394,0.660832777265778,0.0565592014720562,-0.895188203703011,-1.04823135496966,-0.0247679839166399,0.23502209798093,0.0242905916137747,0.31836098888969,0.242152389372171
86.44,-2.23050398959354,-0.644252589322909,0.279927233181915,-0.873296424608418,-1.29185274695839,3.2986142152533,-1.53647610858796,-0.20122812545147,-1.29560507228533,-2.66018410793229,-3.86612688314699,-0.330768712359251,-1.22157913731436,0.0439129861687685,0.00520418382773816,0.902624208128839,0.115843004851511,-0.908245280649213,-1.06726267249113,-0.0165713201881486,0.258562670674345,0.0246120466601335,0.268802607694596,0.250063818590471
86.445,-2.27731419102313,-0.710379335313852,0.131565938231981,-0.994076117588888,-1.08595872640495,2.95947149421311,-1.4780173627936,-0.195418505375206,-1.32887129433419,-2.2396735976469,-3.58645793035117,-0.410305308179695,-1.29674934461259,0.130617859688108,0.0445969395299415,1.27610170134537,0.193558662948142,-0.827863379814846,-1.07130587146291,-0.0189967590892499,0.279819989403712,0.0112343948689322,0.193747887090412,0.256623402252564
86.45,-2.3093633954192,-0.791868688488184,-0.00843803764131803,-1.13226489252141,-0.843155491969327,2.5560406536138,-1.42581962037941,-0.185520576573587,-1.39233481954782,-1.89395767893103,-3.38619056415677,-0.427000170215685,-1.40976257475802,0.288818377259208,0.105407695292369,1.59802978523779,0.267601466596703,-0.682979385774792,-1.0683263058742,-0.0199573316995377,0.293065733699979,-0.0195130670369642,0.108739208619914,0.261788893975206
86.455,-2.33992297303052,-0.950493001777851,-0.0943584179508996,-1.15045294321322,-0.642952833352587,2.1693196621485,-1.30949389901691,-0.0920482180345117,-1.42500108252312,-1.43411339975794,-3.16804830952585,-0.390025771081924,-1.49052575084879,0.435752893233109,0.150273384894453,1.94749460582938,0.350858398008026,-0.500088579937112,-1.06673212105233,-0.0220384415058099,0.297426573648843,-0.0626805566046882,0.0515731078199933,0.269052126531399
86.46,-2.45453438270384,-1.10447119390567,-0.11240262244049,-0.970800840026706,-0.490809517853489,1.76102182588783,-1.1523601582407,0.0428760067624524,-1.40757762452749,-0.815802419578025,-2.94479394018965,-0.323824950347287,-1.59554979805704,0.630880469630727,0.180901131385797,2.34780342596468,0.412420829423284,-0.23437660528124,-1.07077633371194,-0.0274378993584616,0.313530896500607,-0.128954500554548,0.0199182977618258,0.27327121933649
86.465,-2.63554325011058,-1.11493974564529,-0.124646410115563,-0.403363914151703,-0.469459060680895,1.22855827034319,-0.991286582153594,0.116907188798556,-1.4710617039187,-0.331643437092697,-2.66178435035143,-0.216630541620361,-1.67949866707427,0.842586154896807,0.207764208966771,2.74214100942156,0.414021738529451,0.0723059429709801,-1.07620530586342,-0.035382214267756,0.324716831753517,-0.184275631734687,0.00716719810133352,0.278734836128961
86.47,-2.72455082804409,-1.06634026211902,-0.216899046867402,0.182530732393089,-0.578743943848924,0.838339981936294,-0.865574056913953,0.192598541914246,-1.59169909604522,0.0198803747685778,-2.28306780230578,-0.0612990480964089,-1.76356961872604,1.06872698333522,0.232872596721025,3.13863624315284,0.350777307367499,0.493552453451016,-1.08749760315703,-0.0443097465473674,0.346184041405333,-0.232728826018086,0.000767188246946885,0.263649504395512
86.475,-2.81603828132702,-0.993712894224629,-0.373614817039329,0.75845586005427,-0.720384093622226,0.43651723413544,-0.759791368521307,0.202727244649792,-1.6121464631871,0.202421769474201,-1.9016256602418,0.0542758768882567,-1.82018818215282,1.28080187573282,0.255982692016024,3.41002258997713,0.197545476765425,1.07626449927184,-1.10573923700793,-0.0521088930855058,0.364559227177346,-0.257052863509507,-0.0105530427125462,0.237671993641727
86.48,-2.87898598986031,-0.753368487149555,-0.493960143012236,1.04965898676466,-0.780897578562245,0.139672658318237,-0.741334546541746,0.234620409499562,-1.60674073036647,0.435967652878033,-1.44065422558908,0.120188988963871,-1.7669703385248,1.35940225767844,0.270596609003641,3.34814122246537,-0.0499285554498093,1.52947037859745,-1.1120702236805,-0.0502210681691495,0.377802002631903,-0.271250062776052,-0.0164144664085192,0.217102158436663
86.485,-2.89124401533425,-0.597519038526261,-0.559537680572398,1.05542477741773,-0.80299004046989,-0.0350630101241304,-0.752248586897104,0.267274351230203,-1.67479883065567,0.530437578764888,-1.05443897295871,0.165390583833092,-1.52987865647364,1.2560428537057,0.259288808955201,2.80278025680679,-0.41835965514702,1.65644419042257,-1.11775000398853,-0.0464130834774466,0.383689163301598,-0.285799422768174,-0.0409708982742195,0.198493469994874
86.49,-2.81059013962904,-0.579325883393681,-0.616700823346057,0.755747027820021,-0.837136834805226,-0.187720955274747,-0.779519304124009,0.203315861690144,-1.68272317996623,0.509704897639101,-0.634707037212032,0.219619520216451,-1.27832739928229,1.09297671030816,0.222906379660572,2.27436409304071,-0.59176670672765,1.31071962038585,-1.11480593348032,-0.0420055999048546,0.3733195829071,-0.298198552768314,-0.0661124981772562,0.18974454761537
86.495,-2.59777022382145,-0.625742084375945,-0.786627994302366,0.374944642148784,-0.816855286709093,-0.351578815516314,-0.79945672934589,0.156625317781375,-1.59622749103151,0.435382433562147,-0.211637131733735,0.211815465404921,-1.01851973691053,0.908529050382718,0.145552410813696,1.64229485691533,-0.627783276776866,0.622810487969599,-1.10707575573332,-0.0425076032375308,0.361995476880389,-0.313182698900821,-0.0773849923530504,0.193786614743532
86.5,-2.35816694406148,-0.665541317801331,-0.997705838599495,0.0329153385629146,-0.676438192598452,-0.506212899947069,-0.829418631943687,0.126186073486843,-1.50787380852828,0.244120971083139,0.153382326092504,0.165231800251275,-0.787307662772654,0.79469458949297,0.0149041510958523,0.924550454009153,-0.667707205505227,-0.112334691683902,-1.10325937459965,-0.0498404228781601,0.34544402964095,-0.324257258374919,-0.0907250487877004,0.21035825235636
86.505,-2.16741746540937,-0.660104700026663,-1.22005372138606,-0.286947779770563,-0.226492820386458,-0.652895085018248,-0.837410668987296,0.115120760308654,-1.43555054451725,0.0107070868614808,0.607403374867643,0.111393584888145,-0.82555916336303,0.756150024851032,0.0238166927038232,0.472200977299341,-0.439936475735008,-0.879207934323534,-1.10611713953335,-0.0615820852832176,0.322044447984147,-0.321021526818262,-0.0888859232702732,0.22301339814985
86.51,-2.09882674774656,-0.583822003593153,-1.26276164259459,-0.474668405888689,0.265745112432845,-0.726944981759119,-0.82316467155599,0.112969281449701,-1.38411371473266,-0.178037598688346,0.903496302071735,0.0646909015263715,-0.73914554854295,0.675121609075337,-0.104112983763377,0.205118674341915,-0.315789446153846,-1.4320992060079,-1.12546832917092,-0.0830667684596918,0.30231473054068,-0.29375653811847,-0.0639091510486473,0.237457166251857
86.515,-2.03689043188525,-0.468123080988977,-1.23709962703149,-0.601929727211973,0.781849112430503,-0.767681213496744,-0.811627353859469,0.106933237094109,-1.33457067458282,-0.392108419880861,1.26675638943074,0.0331838166218219,-0.758921001704319,0.56419442826098,-0.212635804275559,0.215734835890196,-0.17489000205192,-1.48739958018093,-1.16779685875466,-0.109118609269891,0.285098808196657,-0.242326395547354,-0.0422967571910662,0.206231573693914
86.52,-1.95859096055623,-0.333215580582765,-1.20984667882259,-0.63877667945499,1.41843800725371,-0.77088846547695,-0.813913839494924,0.112657972210128,-1.28323742884857,-0.52218786546383,1.55778933853115,0.0160715802723461,-0.850716632081152,0.480606469895696,-0.256200345559859,0.195525418351885,-0.141516406718212,-1.17596249899272,-1.10697058317873,-0.0697324170173891,0.272206796988449,-0.20281067913857,0.0289513985527382,0.206095889080557
86.525,-1.8864379343312,-0.222829882870655,-1.04571851694249,-0.54577071096883,1.92454357482458,-0.731237991819474,-0.826993075162181,0.107713819277973,-1.21829723109715,-0.582494170552698,1.86142944327782,0.0323488210442674,-0.928081996122973,0.41695700775995,-0.229935749921205,0.114884815097509,-0.160914376378059,-1.02221965559068,-1.04971269075404,-0.081069052347924,0.290146013598742,-0.143526374851236,0.116967806103629,0.242635480929299
86.53,-1.78699040409471,-0.166560267894404,-0.911216416598149,-0.334657041003668,2.50813319881023,-0.684248301276593,-0.885342851547375,0.107458995942696,-1.12446387657594,-0.550460473912763,2.07083576433735,0.0445450453642851,-0.982089851427569,0.344176480439765,-0.2306601465069,0.0684902162827741,-0.159854869449873,-1.05919077113926,-1.02117223094222,-0.0934278376129901,0.320338733543335,-0.0665775194290154,0.208543905295938,0.251564376206728
86.535,-1.26121299365339,-0.093239343137255,-0.677650458596901,0.0310720040944729,3.17899244107513,-0.625130669254691,-0.999943282090394,0.159908526832484,-0.573373704719226,-0.357779381038836,2.2111629551825,0.0827982814719493,-1.00556542769102,0.256495932043996,-0.207305493380898,-0.0404377331637515,-0.182356974111806,-1.21746429951335,-1.02654655551909,-0.0634797987640172,0.342318388223636,-0.0276953186888402,0.243482588390765,0.309765695045915
86.54,0.450451830217973,0.0511972583093666,-0.248252496668952,0.795547009641247,4.43459452542601,-0.648255222783138,-1.3924790520128,0.199826388785421,1.50734866054881,0.370416462493988,1.92669250829517,0.112859858140577,-1.00459132567578,0.135533584105837,-0.14560997395307,-0.114476139401779,-0.223632049713993,-1.37617984892036,-1.04130956320531,-0.0418866492525677,0.369865245662242,0.000677682837325722,0.229762846929712,0.400044559313213
86.545,4.70243123052749,0.345778786733341,1.67113852572208,2.85869997393708,7.82959589219558,-1.35590841666953,-2.31058935599386,-0.226520059177368,5.40485845182341,2.46588449940079,0.569304189722363,-0.198466216021328,-0.970903367283189,-0.0441479625762012,-0.103476360503296,-0.12301769954853,-0.255286775955545,-1.53617475083161,-1.04306517978174,-0.0271025473758542,0.399202263140996,0.0303843711222588,0.172026256256208,0.50704053451723
86.55,4.23024461310818,2.45873573009114,3.13226959400812,3.37429064063462,8.18991945258056,-1.72457162741531,-3.16083209452851,-0.76778899914491,3.03987461140393,-0.319076026258739,0.711844759829938,-0.335817764523516,-1.04299323924724,-0.130823731031901,-0.081307160052695,-0.126017046759631,-0.315900313780385,-1.63144824228574,-1.03928263223633,0.00727395348604252,0.365429350700105,0.139047910557694,0.0378186454961674,0.615255352827166
86.555,-0.740877603589502,3.06453527423383,3.2309083248018,2.0482255610942,5.80515153632555,-1.65035092264866,-2.62588934829731,-0.707474644450923,0.312901270613398,-2.29743691225923,1.32246290970286,0.205920936901179,-1.34454928472182,-0.206803987500538,-0.148154140227368,-0.0770356015806493,-0.395817660206293,-1.75654049733573,-1.08849908032922,0.0362357997028816,0.314300181627696,0.267648065538218,0.0298612428404622,0.681156759120863
86.56,-3.10076728635784,2.75026151736508,2.27604216399651,0.562564960689097,4.16329940018423,-0.684982229170991,-0.770629517449485,-0.306391954020714,0.425673718707127,-0.759689818470833,1.34327557253392,0.476707982357387,-1.67758647771123,-0.37617219307094,-0.338646093882644,-0.149812525710387,-0.454805593113609,-2.07827385735172,-1.22053806794069,0.0786130417762747,0.280323497647148,0.384774108823287,0.150985966313659,0.753110645358985
86.565,-1.61131541270034,1.73081545676316,0.199796460028031,-1.07662760197362,4.04637678400081,0.74550897434021,-0.000733208416897849,-0.491531408938519,0.201680500176377,0.637546837294661,1.17236432606752,0.607196401107781,-1.74921627053675,-0.414276110101567,-0.409319960242031,-0.571977306873714,-0.466274260016195,-2.57078609461892,-1.48940649844382,0.111070675975898,0.21375074885018,0.385968090581852,0.246944080385013,0.811209385450216
86.57,-0.633503465811792,0.298178238989458,-0.812450657576976,-2.72254735672228,4.86254134960386,1.05678599308777,-0.777379203130196,0.0438563732450164,-0.364879001673507,0.315875975555559,1.10101064419548,0.4018330345216,-1.48370225923412,-0.370338148725648,-0.346658711905206,-0.632546411413965,-0.341384954021531,-2.50759342096139,-1.59763328395704,0.0843651334977133,0.167091719465669,0.234998786221525,0.222577362682035,0.813951072301856
86.575,-2.0513988776364,-0.717232571506776,0.107615107712425,-5.03085510975749,5.05229737811474,-0.0173188939229991,-0.73737518986141,0.758543737588738,-0.969176497912631,-0.624493697637591,1.23117088365628,0.445634002839228,-0.981793294535841,-0.373008878677886,-0.422705287470437,-0.0764267954538129,0.0441556047623369,-2.00385597606256,-1.57020065037865,0.0157389983378845,0.155778180257814,-0.0457068632605235,0.0528511256014969,0.740428973345211
86.58,-3.98336693604436,-1.22197758010455,2.67674792144261,-7.96583110267548,3.71291929248311,-1.437284826954,-0.421926338414969,1.14612417258994,-1.30635984110225,-0.693695048925926,1.4733703440797,0.556003911981566,-0.569184889490304,-0.42996693725565,-0.503334148459526,0.53604181766463,0.453702276442592,-1.37500369420582,-1.42082845003572,-0.0296232424882126,0.171317480854015,-0.246122164835359,-0.225757634355579,0.650621693553714
86.585,-4.31924140321195,0.0444037897815495,4.54432030770439,-7.55825651637294,1.67704366423047,-1.31652326856349,-0.551127383453779,1.18171518518753,-1.26070968694488,-0.182721752315419,1.77673034116696,0.399429462618204,-0.469406472256436,-0.424553757900237,-0.497242178574342,0.918327516096664,0.640283663974044,-0.818406958813142,-1.25844423936182,-0.0725515015667027,0.18859939982455,-0.276205194827104,-0.452628968681093,0.526372241521255
86.59,-3.04414886618684,0.150779485036283,3.93318955604981,-3.59077701763498,-1.63027587882534,-0.554228890980071,-1.25187810637075,0.936802307214753,-0.501688792021208,-0.624883596682291,1.67184021464984,0.304380799164692,-0.685761517895512,-0.316930020284436,-0.314648592461402,0.882406573350451,0.568710109257546,-0.436042644868275,-1.10039999415093,-0.0574709589214176,0.168264660054089,-0.19309020282795,-0.479687440954384,0.407393943255064
86.595,-1.02058473514438,-0.840698796707607,0.381877065654927,-0.922665600127968,-2.2925846753128,-1.46628512551976,-2.16375705346473,0.893765934331554,-0.236925525869694,-1.58373724378694,1.58300453570881,0.46057173141954,-1.30754896879177,-0.060786738414864,0.0830988263741264,0.209056039067462,0.322887301301311,-0.541204722495836,-1.04073611170704,0.0431054040484147,0.0983468867697054,-0.0651279694862338,-0.289224151993331,0.355005070683479
86.6,-1.21817580246062,0.526464499529614,-0.241738360655289,-1.10779688526225,-0.938608323855116,-1.8446603733648,-2.85904283115478,0.294095424067594,-0.367172774532583,-2.36874037839457,1.78325803586995,0.885500227620895,-1.82171838855692,0.0584767416190014,0.283671053764626,-0.284575772481092,0.0277893839297246,-0.742478128513152,-1.09842157067602,0.114801932128388,0.0264034029917073,0.0450381397557107,-0.0510709312820862,0.347343667812869
86.605,-1.92849489369326,2.0879005895695,0.145478672394548,-2.03779203763154,-0.464580196393843,-1.34302315313423,-2.67964227336942,-1.00671049952601,-0.327620694312504,-2.35106635952127,1.93876567857196,0.885293057528614,-2.00454238591618,0.0580528936684031,0.431617637122264,-0.563860600753051,-0.675060723202957,-0.92879813816711,-1.29879625140284,0.17614139863424,-0.0427382523401467,0.0802964506647799,0.157213325645886,0.386211288192401
86.61,-1.60348489645936,2.34488583585546,0.442168587859189,-2.22629224970497,-0.187698426457387,-0.338118406357403,-1.8500948245998,-0.151191598280689,-0.560918966771794,-1.3735420595402,1.89979652936916,0.58176555513029,-2.00481245197814,0.0818763228464358,0.455879662041329,-0.182113646726612,-1.22388066596477,-0.656802628519311,-1.48499723350054,0.19728379521738,-0.0721499428717914,-0.0379001967906254,0.252606585565237,0.438229283848059
86.615,-0.804958258761322,0.196125699019474,1.01111953808879,-2.23655825730942,0.215682085753015,0.346398524043427,-1.19187126634749,-0.161503569707414,-0.18077882980572,-1.42549991458535,1.87499768652584,0.778247127930282,-1.95514062644628,0.119033937510896,0.446392701097976,0.272984754127838,-1.35146347651045,-0.0450591222480374,-1.59923315965107,0.172189067331612,-0.0858257653502213,-0.249956259272073,0.208655162140521,0.460388043470671
86.62,-0.233738116521442,-1.7240634571147,1.33789874569542,-1.9418243792047,0.318555019382341,0.383100745903844,-0.897386196791495,-0.529258377252812,-0.0797302795190768,-1.83645767458377,1.96383901197215,0.783150297238004,-1.4976085682314,0.0634884510894905,0.297226350177254,0.268676288886005,-1.22847002458374,0.450345261333528,-1.6113996932088,0.146395168686794,-0.0959662609007008,-0.464114422381885,0.0354158010319946,0.441832500449233
86.625,-0.252687759001477,-1.3775809968129,1.32387300371773,-0.7428668604258,0.00317882563930914,-0.016032073825596,-0.59642189223695,-0.537436854896574,-0.189502349397905,-1.99746716294773,1.88230524457661,0.671420994506845,-1.06387516818228,-0.0657800765312267,0.0679308950036252,-0.239983390342648,-1.07086428416621,0.431942621672435,-1.48068912605269,0.0408835675506581,-0.1190498708393,-0.531388033878206,-0.198253683416675,0.314963753934571
86.63,-0.470681023981309,0.199995065546182,0.940422270442645,0.118128372250273,-0.218468410662474,-0.188938673001756,-0.549108384333505,-0.453469456777488,-0.0646127190003075,-1.11057008430379,1.70055989803817,0.411942153435244,-0.668450375089011,-0.220585663367396,-0.134329868647823,-0.819014596682609,-0.846881582045791,-0.138935131655137,-1.33244521674059,0.0452359120577082,-0.149841632671748,-0.515999606021951,-0.42950598869659,0.135322426543643
86.635,-0.633798772681415,0.973971851376763,0.582924243536584,0.373763954230071,-0.23728344434803,-0.142376892250783,-0.69118832903564,-0.284808177850392,-0.0788548756550512,-0.233947989235938,1.5651037126383,0.400679262805009,-0.365127287013059,-0.342491460658982,-0.253201543635098,-0.72732244884536,-0.435799224921362,-0.91765346331087,-1.12602206943979,0.104207102300802,-0.205096122040967,-0.483647753492894,-0.462553320585946,0.0849659494222927
86.64,-0.698997225148989,1.01098738843909,0.443142163110091,0.173305941293872,-0.0800936463303222,0.0699012304595501,-0.842718180154628,-0.0164232432179181,-0.161338219807366,0.587049376223634,1.45435907476648,0.513944660413489,-0.162821718469191,-0.420901463945651,-0.350302528568958,-0.552405061126201,-0.232139115918246,-1.23597040752904,-0.992092820521582,0.125852445320231,-0.234137442109417,-0.429070243909749,-0.353421884959851,0.0800216742323008
86.645,-0.640195586072326,0.520601282191963,0.677224326073229,-0.179941338977471,0.228110980581256,0.384721547794793,-0.898642638296085,0.0425730240809265,-0.161445831546095,1.13328131930799,1.40592312103748,0.674408774809509,0.091917162869696,-0.495657062745971,-0.362515756299301,-0.39254618034784,-0.0818421401614612,-1.36126744025745,-0.865900540128104,0.147657031774571,-0.222224679421051,-0.346528958765278,-0.163527557862069,0.0936704704469842
86.65,-0.400879224943784,-0.0111966319383676,1.03367335887055,-0.116921684408449,0.232839495064253,0.38575073001881,-0.933456884841182,0.00952665929269663,0.00382920872356644,1.58820949515482,1.35173256515744,0.700673294172006,0.223772628880397,-0.521996448808752,-0.24967264292423,-0.37543815069235,-0.0841853217694389,-1.50644166580363,-0.702708145736854,0.172508356969407,-0.213939992669513,-0.31463072274525,0.0311343876930042,0.156214257593908
86.655,-0.285384765490658,-0.00566554204095532,1.05068556429648,0.214808154331171,0.0938410651461263,0.18957033991892,-1.02611046563796,0.0213264743773653,0.16950749759575,1.9614658838811,1.27870863324757,0.63574518432286,0.214913775612444,-0.54864931346409,-0.0312693508255501,-0.404294170939036,-0.150847658359322,-1.73198174327447,-0.628338674954831,0.168740801018704,-0.187677969966035,-0.281046586147253,0.179904985956735,0.211070830849442
86.66,-0.41441499454738,0.253908458040469,0.856755272162854,0.450603245243728,0.0305964815765333,0.0648526995107194,-1.11371216017323,0.090804879035789,0.114345460200281,1.99423993198033,1.23234975938686,0.566791559794329,0.0846458996022365,-0.579861606003059,0.153306415625327,-0.741022148484431,-0.164858862608824,-2.04962743745542,-0.599406241119346,0.166890725523024,-0.17498317520247,-0.283481777777941,0.265717268091931,0.290787010915366
86.665,-0.581858582134525,0.442001661039698,0.689472989879781,0.476592572108533,0.0821738791236189,0.0952205983452341,-1.09159155978854,0.245795764576295,0.00406874999577215,1.926011029157,1.25272882103874,0.543537805025519,-0.226001336705215,-0.584975243771906,0.378885677750443,-1.16325580658215,-0.0699053897725759,-2.25743360628092,-0.602919051869422,0.15605359042261,-0.175877722535023,-0.326099835073085,0.295583704452275,0.420861968016139
86.67,-0.596071401255975,0.393629501708308,0.746002382736461,0.307223664007751,0.169539153065666,0.193912546716393,-1.01936094959047,0.26674357333198,-0.00800396522650692,1.77929982193873,1.28346325761009,0.538387298583984,-0.735488617789919,-0.548937393988193,0.631371847805219,-1.58372128126581,0.145479113824106,-2.39452494432859,-0.6462115801282,0.133653578182014,-0.17774441907416,-0.340163822152582,0.233182840773624,0.492424195949309
86.675,-0.536464745548614,0.247662132718776,0.839312200022059,0.187458346541387,0.204516263621212,0.240051450150371,-0.997728936259328,0.271823027453589,0.0464449606653263,1.26186165603208,1.29315413217747,0.560055918401655,-1.19385692572943,-0.466462324873361,0.763749321926118,-1.51396585423412,0.305613225659249,-2.1943652546056,-0.725914895780651,0.0801027030672673,-0.170863387826859,-0.367050524962726,0.121503734527709,0.498240303771444
86.68,-0.516789248826377,0.21812397429356,0.826255982691726,0.168244095980648,0.195108771105639,0.221533889235107,-0.979080155492597,0.330759050497781,0.0472607776709241,0.799830075586077,1.28387163378919,0.551855880070959,-1.43722916548138,-0.346475166182024,0.803967029978099,-1.2979976178162,0.334362278140937,-1.93321130122748,-0.798855963949943,0.0530698932323774,-0.161277044999199,-0.398611354244771,0.0144386790938383,0.434876807516554
86.685,-0.520807210282009,0.302434641339839,0.78881982423097,0.147323166265488,0.193444562812916,0.228192857915429,-0.991764795744285,0.454907244234615,-0.0066032456759744,0.197105744527239,1.29124369315541,0.505412209216917,-1.56126517868076,-0.176320241790716,0.723066510182434,-0.720369576984541,0.213454974086102,-1.33419480505643,-0.886303700130443,0.0250811029056377,-0.124058245887279,-0.420652406890776,-0.0788719692436372,0.325359700474517
86.69,-0.471471072258996,0.367727629877195,0.793812005092521,0.118520886795434,0.192169087933748,0.242280349135399,-1.01188057022602,0.605030172077883,-0.00202700955552272,-0.293561447693487,1.2425331475716,0.401121244611155,-1.48829622590518,-0.0816579047776825,0.617834438392625,-0.271986962633336,-0.003796962107768,-0.82672900939807,-0.933823386377888,0.0228870273605992,-0.0903713132146584,-0.427478072373109,-0.178196086494093,0.187961529184775
86.695,-0.393509233809897,0.37484818767774,0.817792020016095,0.0669517265146803,0.178287814144601,0.211884567958283,-0.937491466735251,0.497089866269769,0.0793875477724284,-0.745603394478622,1.17397256482944,0.306262699236892,-1.30464317222282,-0.0646941051591854,0.486818402487887,0.0619913719714935,-0.23775929818439,-0.550828621518334,-0.949133550278993,0.0329805684618788,-0.0485533182774257,-0.433023128887151,-0.259523850764052,0.0444475139362582
86.7,-0.343186994757413,0.381815407343358,0.822653186419272,0.00882748624059772,0.149844561707734,0.16238609801827,-0.919645041686598,0.496209908776189,-0.00637333959972025,-1.24778348621213,0.99206894747045,0.218997763449454,-1.06160518271534,-0.104297580422764,0.340835594029406,0.230804738694261,-0.404722687770309,-0.522340262413002,-0.940159459710485,0.0610717442960659,-0.012381543086133,-0.436767779175776,-0.313800227634241,-0.0716889656523575
86.705,-0.342653067256624,0.371787731684027,0.853040543912494,-0.049014868016169,0.142117795396131,0.0504004297766058,-0.869537850343466,0.311832632150808,0.158480701486742,-1.40423242749165,1.01258444553637,0.113568446109703,-0.880082239357264,-0.170259150497382,0.201049834218109,0.190565861743066,-0.502425639632795,-0.757743486426276,-0.894879550073095,0.0917426973045922,0.0105880481000809,-0.415883258275054,-0.328454057995373,-0.186965981823692
86.71,-0.419743762785442,0.302379305693679,0.86066202589593,-0.0623229396336773,0.125573729507164,-0.0366478805462654,-0.875921854193009,0.122840391511777,0.0675789887288178,-1.25399371849781,0.945669320859206,0.0996709021095638,-0.797820097102607,-0.207812555761972,0.0973983138199822,0.215003244061246,-0.479156989526865,-0.965332597659869,-0.874441491495035,0.112328560256146,0.00965684480373729,-0.396951056899755,-0.320652178381674,-0.224688171090626
86.715,-0.50484487749439,0.232686888163806,0.838506555797717,-0.0349166599264472,0.110013212504077,-0.081212638056102,-0.912663246351587,0.0518004514300394,0.0108822935612864,-0.957813047700803,0.926214481008107,0.0937986551721792,-0.736280018071036,-0.230162408118201,0.0411761293687694,0.135981334336294,-0.441516497670325,-1.18968300665607,-0.86267683251419,0.122694839590955,-0.00758014244180319,-0.388206660747528,-0.288160269036331,-0.230599114435497
86.72,-0.524928248249033,0.250294854573763,0.800999982230459,0.00875449732633099,0.0670799313966497,-0.0899182702836089,-1.00898126427376,-0.0345761163634511,-0.0808037073378189,-0.561027869260447,0.939847210959553,0.193224077986848,-0.680208360732845,-0.242421829922177,0.0390232179392486,0.154372797518876,-0.304135338965225,-1.34110808453044,-0.862825139845356,0.116177066992347,-0.0193766834443652,-0.37766357186682,-0.225410404266025,-0.207583255798808
86.725,-0.507660470570123,0.30206855045844,0.799407126849012,0.0298070560881836,0.0335730065278311,-0.0980922518219854,-1.02750638134756,-0.0418975211089975,-0.0627356610307451,-0.181130404485802,0.94396954476176,0.235531428704635,-0.648712934359966,-0.265437194143294,0.0419354413610183,0.150502270764372,-0.138238634902313,-1.29150255359144,-0.882793611320293,0.0982228988182212,-0.0354447740428954,-0.411103159520038,-0.112507367643651,-0.164504164180371
86.73,-0.465260687165018,0.341560954649009,0.813257326489971,0.063607402723166,0.00648522571292248,-0.122480462060143,-1.05550162685407,-0.0300468141939933,-0.0227623104152245,0.321172440133795,0.932179990349863,0.237295563186217,-0.672224270617257,-0.271758677733907,0.105321942462755,-0.0532937674645233,-0.0205338391793113,-1.19811661650505,-0.907067554629657,0.0764776768800709,-0.0427673792387425,-0.431373234411188,-0.0438655755289186,-0.148241163338197
86.735,-0.440452579909615,0.314533160079668,0.822520015631323,0.0690380334854126,-0.00362622541507024,-0.152846022664007,-1.05798750880955,0.00177015800417208,-0.00747846006591332,0.632834076881409,0.915729273477677,0.224155567469605,-0.763774118795443,-0.26674083912242,0.213786183757098,-0.381423491970741,0.055224927258746,-1.11613697214371,-0.928471928880044,0.0518101009998329,-0.0427860093511468,-0.446605411131167,0.0271940232970696,-0.163278478534595
86.74,-0.441484730688087,0.247836908342409,0.809519105664633,0.0742177111683014,-0.0141171638054477,-0.19317856680247,-1.03707184060801,0.0866250034819807,-0.0283387706828791,1.07643215891426,0.900967986774509,0.219700527689096,-0.889988403522364,-0.271549455954951,0.307527179872725,-0.650513211428269,0.126149217346436,-1.09277289176882,-0.968736165708692,0.0165125620017986,-0.0453163967854939,-0.448330973321406,0.0584546176894263,-0.186393853685518
86.745,-0.459556209149253,0.271079965348194,0.797327647437993,0.0338304002785563,-0.0445875712772029,-0.232848056558963,-0.996218175706534,0.174168556819717,-0.00682903359019118,1.28075595654984,0.891295315972996,0.241838748063372,-1.02090061566255,-0.29169556598183,0.402565514599396,-0.944296212599818,0.197914772669207,-1.08026563810143,-1.01156746835825,-0.000566291079129781,-0.0534835091905571,-0.437147365443298,0.0655289871605607,-0.235355287304943
86.75,-0.470309829334697,0.339553648224633,0.807100854400157,-0.0467975929943825,-0.0811793859479807,-0.276117448335589,-0.967353699831773,0.241896397866881,-0.024594928905147,1.16036722311848,0.910647895921625,0.254168122460269,-1.02260138046933,-0.295121661875921,0.449329053231875,-1.01912819345792,0.235220079620679,-1.06495021780332,-1.05939017143339,-0.0117570430720726,-0.058246943298515,-0.444245650879859,0.0583170679801956,-0.266442079973741
86.755,-0.503389824822229,0.316675750977499,0.808677420520875,-0.0673131282142309,-0.112142260634076,-0.302381251776258,-0.94438770513043,0.339416511545009,-0.0819384521055445,0.881694293057721,0.919126975014124,0.241964562701873,-0.967485508485837,-0.284103632904214,0.464690045009736,-0.956618049054414,0.263110750887518,-1.0386085865276,-1.07949262615284,-0.0102140423329748,-0.0588105323890898,-0.453657451016208,0.0606000518010348,-0.30941344236674
86.76,-0.52631484309311,0.276322125705824,0.793131535944639,-0.0660344103580163,-0.120497450294879,-0.316398169698559,-0.941469909387039,0.331571121049115,-0.122010312675168,0.694660801525274,0.899078070139359,0.194483530362091,-0.906178029828155,-0.266738658373725,0.45595585392955,-0.853883717664698,0.250640869558635,-1.04004405526337,-1.08545381948967,-0.00372187547108389,-0.0448125199040289,-0.213900327173325,0.673458504137832,-0.0328024150570731
86.765,-0.535404255639559,0.233367917864391,0.800247938622994,-0.0391962585684607,-0.106982068551534,-0.316787411742237,-0.974442843843214,0.23039029821587,-0.125006186982586,0.300920165564208,0.876938804128183,0.139128447688817,-0.873937051208715,-0.248800445402688,0.424402544144359,-0.742628163552486,0.193451423107713,-1.0856775627012,-1.05983914005504,0.0200497288870111,-0.024201458186628,-0.440380388460512,0.0937788982235983,-0.3638201221035
86.77,-0.528859431794934,0.229449982046987,0.813219491840569,-0.00479804610354717,-0.0944024056567415,-0.286598909578778,-0.994397279978892,0.180323905770681,-0.129107905466753,-0.0276448041687944,0.855068430506502,0.101132192670904,-0.859962781944578,-0.230297556219252,0.375122212589516,-0.622012812542254,0.120997821947592,-1.17791844337611,-1.02664612237295,0.0399810036823237,-0.00624904113988455,-0.424371439116236,0.100108692133403,-0.36574400065734
86.775,-0.506122919237395,0.287938596786055,0.803067479485395,-0.0337579544265975,-0.097120172294655,-0.262051511948933,-1.00888707613946,0.112557366832992,-0.089667641353553,-0.197644780501513,0.850415771737516,0.0849571371557787,-0.866624271509711,-0.214318370672781,0.307632977475524,-0.467357973977119,0.0527205938031535,-1.29633346803415,-0.991224074935712,0.0537659695647067,0.00759019857405735,-0.400965328192073,0.11558922041526,-0.352974094502651
86.78,-0.479256830133244,0.283916751497881,0.802780469879102,-0.118986761986582,-0.0913056459175999,-0.251241552967346,-1.02808239053603,0.101504529613592,-0.037054290421081,-0.408368750514374,0.853117623111971,0.0571802585745255,-0.891684849204142,-0.209149940655003,0.241079957627012,-0.295874332255653,0.00999986181746681,-1.38842521133008,-0.955399915119235,0.0644514055160254,0.0222664494759357,-0.369923151710469,0.143777921161262,-0.311136942893588
86.785,-0.421325823039084,0.310546230641593,0.808864877698802,-0.242042610590213,-0.0942769813647693,-0.264679406631901,-1.02936621544296,0.107917620129026,0.0164401270226752,-0.46519678349738,0.862406507902218,0.0885635019299452,-0.937390314647803,-0.20866589715039,0.168063607569795,-0.073758902731924,-0.0219059023034448,-1.42172261866133,-0.940301370223198,0.0735241857753375,0.0352051449721463,-0.369828992678289,0.170515206799823,-0.271324234393367
86.79,-0.375049443191063,0.340965920669438,0.822686679328634,-0.321832722042493,-0.0953112199020416,-0.28313058660909,-1.00819223839389,0.0860720597165731,0.0332744627501446,-0.532381837834063,0.866066658863904,0.128475817661191,-0.960832267516082,-0.212087144660494,0.0861624391962764,0.133846602259229,-0.0404435711790455,-1.42822047215743,-0.922378855360519,0.0802382975753712,0.0489355612794228,-0.359988872516177,0.184107385993686,-0.23454914973225
86.795,-0.358207723839785,0.348196670963846,0.812932520559967,-0.390959371343802,-0.123650349716898,-0.33386348645928,-0.963484602708172,0.1134112988517,0.017853289972118,-0.480380482008172,0.863757014529427,0.157421560854647,-0.962092072749137,-0.20697148888327,-0.000922365947481294,0.312017899931676,-0.0439898781502314,-1.42203093702839,-0.916416651560032,0.0777041807222202,0.0643256689547078,-0.359625417111522,0.17845035973667,-0.210488622184036
86.8,-0.362936524929455,0.356229353567322,0.799494361119723,-0.443734999117554,-0.152064980845963,-0.389821294509003,-0.941910161172779,0.159507736926157,-0.0193015974147535,-0.337692048854075,0.855771111147035,0.172850105415608,-0.936891492579369,-0.192119234978672,-0.0807776300265859,0.4110684352629,-0.0375859012778553,-1.43573439770343,-0.909897326504117,0.0799633768644959,0.086681570880882,-0.363772749900818,0.157958289135173,-0.214047809225187
86.805,-0.42257960600551,0.349968419286846,0.815471856049254,-0.479166381714489,-0.180226907950177,-0.436524158822388,-0.904168700662472,0.156144340354167,-0.0316931510888739,-0.313589126647263,0.85999901380255,0.188739861087234,-0.917525600259345,-0.169388491764842,-0.134128991530996,0.353762351860418,-0.0448738329275752,-1.47169748324909,-0.901619756404138,0.0814762343079338,0.0933769099178966,-0.363246521704933,0.143528050428625,-0.224928958507702
86.81,-0.455910602132972,0.322135223104725,0.814377989321013,-0.451353370330932,-0.195349257584136,-0.45374367385015,-0.972510044803538,0.243047006776612,-0.0433064267670234,-0.296038797881139,0.866275284080836,0.202295965531149,-0.889759201086708,-0.137552328696034,-0.156029677877632,0.244610029722994,-0.0553602431638663,-1.51976807594425,-0.890960015418774,0.0793673302166733,0.0963904468840778,-0.358382332652236,0.126923235798832,-0.238959087287588
86.815,-0.458425483888274,0.297441827775676,0.827810172895366,-0.398353221814681,-0.209502556889944,-0.468336145067364,-0.986360260592865,0.251313527134546,-0.0612129257748436,-0.232933933967605,0.837215158208331,0.195996784385075,-0.889331646154396,-0.100493414337984,-0.164623137175987,0.0585499844854211,-0.0717192266662583,-1.60324923163397,-0.866554058504525,0.0850213339762798,0.100212023159785,-0.353999197483063,0.100458828325031,-0.252805493977225
86.82,-0.444340227971919,0.247313498573252,0.844896835343391,-0.31770762230976,-0.226440339560745,-0.487910576467164,-1.01407893705913,0.262326984557926,-0.0328309526588079,-0.166626519615978,0.749426390116447,0.173770447766162,-0.914695425001156,-0.0821185981906163,-0.15075244031796,-0.157442875787174,-0.0981920021145716,-1.65705177245801,-0.853136543162264,0.0934022479193466,0.10648142733527,-0.356310148736187,0.0923125634323223,-0.261324024886118
86.825,-0.454581231231906,0.227482711544052,0.851222811605185,-0.222994065230348,-0.25276489029055,-0.53409721952119,-1.00776277648655,0.256364268340866,-0.0302871490700083,-0.0946856300640632,0.616386810033504,0.13807918801773,-0.961344195406398,-0.0746138620658406,-0.0998345468730698,-0.43025331880744,-0.164216171540746,-1.71612557124247,-0.837002704143521,0.0943604087829641,0.122878276705745,-0.353950870682266,0.100454517154297,-0.255888353995562
86.83,-0.457824878377472,0.272504365694953,0.839525756857157,-0.150602476246625,-0.272034580577059,-0.570364336847073,-0.995526477575194,0.205070426697739,-0.0577135805047381,-0.0668241527156764,0.568971944001078,0.127719634719454,-0.998656766467525,-0.0777592055090313,-0.0392545381062452,-0.614290865023062,-0.219038091130479,-1.75068861524045,-0.834684502821256,0.0990661558526652,0.129380364430438,-0.350974384554831,0.112709750134315,-0.248643351004261
86.835,-0.456762926838135,0.298881574303605,0.826889909448448,-0.0957845678069769,-0.273159470271116,-0.602130058046285,-0.993759241509726,0.144628238141334,-0.0666182816053343,-0.0246676532156327,0.526019832641404,0.124232895672321,-1.01905503207515,-0.0860378659131056,0.0211009221633908,-0.764605217793486,-0.264654555763291,-1.77062307012879,-0.833066478718822,0.097732713202099,0.130981716647399,-0.337197623511053,0.120673965134601,-0.235864457376473
86.84,-0.463294328790423,0.287258673464399,0.82845061787037,-0.0813387599525836,-0.27650401280483,-0.617033997648961,-1.01012128358848,0.0940512457300144,-0.0681245906083504,0.0666148351712073,0.505052993830516,0.12987072021452,-1.00370692690555,-0.11320306717243,0.0962808054978093,-0.842852658810982,-0.290693204095899,-1.78368121011353,-0.83028519308597,0.0890699658714609,0.129920311301506,-0.32154501495199,0.122638344302115,-0.211213819395885
86.845,-0.47949332472859,0.277453446429121,0.811713753618387,-0.0908583892697879,-0.251386452907886,-0.612139856256081,-1.01582626024028,0.0632908467827179,-0.0783127066543243,0.160664642242084,0.497069125817539,0.14316285500586,-0.945530233170983,-0.148944538906263,0.144351989193813,-0.836191875264617,-0.289847105598729,-1.75895475258772,-0.814572760524886,0.0916938057742843,0.12808285396997,-0.318563934433081,0.117595522972058,-0.166944479352142
86.85,-0.501622371854468,0.274013735105997,0.81242508024543,-0.120515978346357,-0.242488927688613,-0.605399381142465,-0.995850783901529,0.0734294365700035,-0.0914725927671052,0.261319338234245,0.50700011144649,0.155132017902351,-0.872602717343309,-0.196341267009172,0.190597705900716,-0.772334604844607,-0.257254708327065,-1.71083563933146,-0.824337488891281,0.0888887768125155,0.133945584209574,-0.328013848072184,0.101898086722402,-0.104811758512347
86.855,-0.527523499614049,0.259939286557334,0.804418549119009,-0.158323818056875,-0.23640306368915,-0.58058192801249,-0.967934546319691,0.0839526201339814,-0.0967094015654329,0.327664448995388,0.533628076984693,0.158948294638135,-0.826351745702784,-0.24210864217475,0.221401108933592,-0.687667529077931,-0.197081429428788,-1.6515800657773,-0.834180188964367,0.0818078007826008,0.139362171135541,-0.318904902610464,0.0683504150709534,-0.0572810470113841
86.86,-0.5119735018026,0.235667859805482,0.806662066969571,-0.187818459343659,-0.230417414236047,-0.533498379211566,-0.944632021747277,0.0997926235959835,-0.0924602362886693,0.285698194687568,0.577511282119028,0.173516887606009,-0.791513846767646,-0.314122906374872,0.266119962678352,-0.527672168833873,-0.0764988181442655,-1.53727900559921,-0.853317564798601,0.0783950417976389,0.143558267456377,-0.319528538688121,0.0459303609379059,-0.0240389025405895
86.865,-0.529094511914615,0.214456319807052,0.797353864075561,-0.241393147054514,-0.217122439016491,-0.492210936129525,-0.937323209782963,0.0903116002260151,-0.105303150690377,0.190861161576845,0.626751184775899,0.184753796713201,-0.801803256978277,-0.343167187940269,0.29410886326881,-0.376594919597712,0.0223313865377155,-1.45553373157951,-0.880220381461178,0.0697576064315326,0.157394444033799,-0.323964614678184,0.0362620427585484,-0.00387760251760483
86.87,-0.534018231510585,0.207166715061179,0.811569812039423,-0.283383168531969,-0.197492433648925,-0.431883755288594,-0.941239115897336,0.0846474840502831,-0.112753786427139,0.0631353636999474,0.690221235453267,0.183557842494795,-0.837068180252142,-0.359139794246182,0.326850581481361,-0.223738125428419,0.120448646886697,-1.35495790441913,-0.898185648358594,0.0654378679105702,0.157221997361887,-0.322844043757555,0.0173135105343091,-0.0110087124063663
86.875,-0.534824527063104,0.18144751621423,0.812807161239798,-0.303747501962083,-0.178074287422517,-0.381345088264535,-0.953534957710289,0.0705757597588978,-0.130457233978631,-0.0526531215833299,0.744407222986503,0.172166636590207,-0.891010616068994,-0.355325471625794,0.358989680212762,-0.0609017670203498,0.218092060591981,-1.27895335352635,-0.909190535159343,0.0572188809741157,0.157675525987984,-0.310576401807305,-0.0103482392422319,-0.0265768939523545
86.88,-0.533793421772405,0.146080829307374,0.829724140145921,-0.304011502714386,-0.147550551989109,-0.310799610572908,-0.965358232663119,0.047191341277587,-0.141149441367304,-0.17891208764297,0.812945559300926,0.177570724482667,-0.935879989666386,-0.330026162011219,0.37535946780362,0.0816982227935302,0.29340812061028,-1.21968673255144,-0.921700401111252,0.0501940509863504,0.160876979900482,-0.283442403950644,-0.0588871092631862,-0.0584730412278568
86.885,-0.527286974221352,0.109162116627569,0.851924618934644,-0.268951213554737,-0.11505268606615,-0.24440934495408,-0.989528878888787,0.0179044347092892,-0.14984752528175,-0.299301754497143,0.854666508355697,0.140786932484515,-0.978784671296691,-0.294929642330406,0.367873609838405,0.235137116744028,0.344449297538523,-1.15806403245709,-0.922602917994603,0.0528223508036921,0.171085905585928,-0.244336611817059,-0.0842342767547196,-0.0828410605035006
86.89,-0.529666913697549,0.128259347300804,0.852927013961764,-0.214494618798399,-0.0967616086646326,-0.200380456505567,-1.00593503855361,0.00167757117190683,-0.157400122955354,-0.352942992888672,0.922783184573883,0.12242785777153,-1.00767167045684,-0.24655463151906,0.325974909559119,0.36480354506664,0.359601941344111,-1.07338771580118,-0.95358614259518,0.0550013233434348,0.180613979984785,-0.174875612632078,-0.129536767828916,-0.112445302038463
86.895,-0.514586336424957,0.150748269124848,0.852911990406128,-0.162102182724257,-0.0648785683593192,-0.151489016784684,-1.02168320119675,-0.0287584332047278,-0.14931300828406,-0.33382326978837,0.96193028569623,0.10700363777847,-1.04214545785779,-0.212760782251618,0.294176002979937,0.495288530079074,0.400858887707948,-1.02186390042026,-0.990469932556139,0.0604457898065416,0.193681401722125,-0.100653552432792,-0.214268323845065,-0.152143589376761
86.9,-0.495591692845574,0.133142108191276,0.857961835573183,-0.135470695097295,-0.0363683732813157,-0.115183052863993,-1.02444009844751,-0.0455835059802475,-0.116809447339158,-0.316546388357814,1.00708250419377,0.101357083027592,-1.02239047974229,-0.198640679980723,0.219459013325217,0.86296804871675,0.538556469228732,-0.948067593827805,-0.959852986909898,0.0442359593844406,0.223261400707891,0.0137442742814624,-0.397191379018521,-0.219613796005513
86.905,-0.477279416023828,0.153402069544149,0.86591021978374,-0.0849212825173451,-0.00218008323565837,-0.0719590959854095,-1.01714506093147,-0.0142390943859963,-0.100906355425571,-0.259825774939554,1.06177532787599,0.11428390862037,-0.981181934131818,-0.194562630976131,0.121190284234709,0.904664498705779,0.490032146799114,-0.892623413956215,-0.927322579290164,0.0989135998759523,0.181302038128004,0.0837692698315233,-0.512573785743283,-0.228685522427925
86.91,-0.448240372146109,0.202846074946745,0.856714811576277,-0.0505847213470423,0.0174341653633374,-0.050676025989299,-1.00419306145606,0.0220001608762695,-0.0889388132411978,-0.144285261977882,1.09721802277991,0.128078006293588,-0.966796643662967,-0.197912621597173,0.0583211287486517,0.776861418329919,0.391916761516891,-0.769418198868797,-0.85594997677703,0.119599366898265,0.14133947213946,0.112764221397756,-0.448288458716028,-0.189500897350122
86.915,-0.430836910301696,0.228067164153299,0.854658662743528,-0.0328295004009584,0.0372563808407994,-0.0483039501558256,-0.997819653225749,0.0536557135031357,-0.0535256255343464,-0.0460258198653388,1.12220887371847,0.146934793067027,-0.955322470726249,-0.190363688953385,0.00643575728181296,0.675706761483578,0.336186937103916,-0.578119825733832,-0.853955671531611,0.102439419246671,0.117844265639892,0.17397773361974,-0.269810164989253,-0.143906637859004
86.92,-0.441869808112086,0.221148844772979,0.850700128531116,-0.0323626063764095,0.0532086478779344,-0.0485860235145261,-0.989890140072075,0.110891733246064,-0.0538146736177098,0.0304746450397047,1.11886903487495,0.146611832936662,-0.944729586505594,-0.155828392803876,-0.0272265472311288,0.658728041031024,0.344305723099626,-0.424380056018426,-0.93818857006548,0.0986320000938469,0.105591925896349,0.248541867732956,-0.0948111614530231,-0.152148668318171
86.925,-0.466240085490172,0.208681959674172,0.850487641655923,-0.0240483008935242,0.073342906377765,-0.0441617599393859,-0.983111745369752,0.136798966667993,-0.0790383213880382,0.0506615005594596,1.14862842181691,0.156158441281146,-0.929101689108495,-0.111407008576645,-0.0522575340441738,0.522493973496472,0.333856858683538,-0.429252172703351,-0.966293404996383,0.0927502349313507,0.131535257002292,0.332406880449197,-0.10251280481075,-0.193271454915174
86.93,-0.456818941858689,0.232632200964362,0.846201047306559,-0.00899346248764334,0.0853240509219636,-0.0368573788612047,-0.994071056761021,0.173730341423531,-0.0889948593734936,0.0856967683405988,1.15751821047156,0.145172766093591,-0.915682319208755,-0.0618463827446348,-0.0809831491324527,0.335397155258303,0.336751095614462,-0.588122994218661,-0.964954736237485,0.111997916851677,0.127765299083286,0.351839031203465,-0.174357371124659,-0.212586584051586
86.935,-0.441695131465164,0.238906687205829,0.84730357989435,0.00800067745438243,0.101351149551866,-0.0432915543505234,-1.01363027518847,0.225066354310859,-0.084107163830902,0.0763546169639867,1.16435478232581,0.130523230691317,-0.911813906889566,-0.0648348227086882,-0.0899404209215937,0.151593192654894,0.337819378089503,-0.79429212764308,-0.931316066559798,0.132523711918759,0.115132084618094,0.358454846384733,-0.198377112996325,-0.206398974279988
86.94,-0.457588987396514,0.236559630735767,0.847196655128783,0.0208479491547476,0.113705515511477,-0.0662500629825377,-1.02468141609434,0.238942161635818,-0.0875752944851694,0.0143093715028276,1.14586272245253,0.117187990418296,-0.933567544668957,-0.106402538096048,-0.097792530117204,-0.078263986438473,0.265669501421295,-0.950968450576727,-0.897114085488091,0.135931962032831,0.113695751452408,0.348560102659657,-0.136527004011037,-0.182284266474367
86.945,-0.473504942302576,0.236622582222398,0.836048523795966,0.0316290018158055,0.12978159131205,-0.086662879783604,-1.02090624748808,0.229112166801139,-0.105143878287125,-0.0151655996694499,1.13573695339018,0.118124417960644,-0.933685505582114,-0.152625245299999,-0.0868511789922804,-0.258025064110943,0.163696857857085,-1.01420553291249,-0.851370081188707,0.135403511161873,0.143079480244848,0.347846333557293,-0.0554819100087805,-0.159080701629361
86.95,-0.466103811683244,0.231827483675982,0.830596963726265,0.0696717140690334,0.159282613898642,-0.100565661693341,-1.01328085556594,0.168323786573318,-0.145781489447821,-0.00355335116079255,1.12855790074487,0.119554329996974,-0.917834325218577,-0.214195818073449,-0.073436181953718,-0.352536142556252,0.0590691061511658,-1.0613484704327,-0.831357054314415,0.12810674913874,0.172987804166821,0.360109863941448,0.0283604236922204,-0.122781264465119
86.955,-0.467029118076786,0.217549924697417,0.842439005225662,0.0957578310979121,0.196898656093202,-0.110547340574177,-1.02630311772434,0.129097031147833,-0.15436664451463,0.0430416002186653,1.13027732719511,0.119439688078908,-0.897458112492085,-0.298373871819782,-0.0598896204839914,-0.394749334279187,-0.0552656298455899,-1.09051279349968,-0.83353270635984,0.117897305966103,0.197086998753577,0.370099745456746,0.0651703774929047,-0.0892722341213404
86.96,-0.48481376329929,0.210974785499148,0.84839993966836,0.113548786938074,0.220575166692616,-0.121300248354592,-1.04516423906239,0.112794151128108,-0.150800781425439,0.117923912088434,1.14921375897156,0.132100940056496,-0.904028775931176,-0.381258886391365,-0.0419524195197158,-0.388596770310761,-0.154256370440071,-1.09508526325226,-0.853365595042617,0.10151373416849,0.209177509583833,0.383787808551759,0.028907773868052,-0.0651305617227582
86.965,-0.479004974209003,0.208053523717261,0.852837314636016,0.123880172784263,0.236838027584861,-0.130880262846547,-1.04981781656642,0.126043297276658,-0.166451738208621,0.189401408819813,1.14531577148854,0.137404751206238,-0.898852167162881,-0.442885142671234,-0.0336834180021007,-0.383950851252719,-0.253935930226319,-1.10574228616729,-0.874075898428155,0.0921134630374532,0.213618013134546,0.360579145907643,-0.0520024424919161,-0.0548219527834099
86.97,-0.477283912584878,0.19601060704007,0.854194824354418,0.148540301153893,0.250273853775751,-0.136490411799652,-1.03955706814595,0.106938213310754,-0.183648763553676,0.269767967945111,1.14786815074221,0.149152333335243,-0.904715663349425,-0.483662695833386,-0.0238497404985232,-0.380847296381109,-0.282022452977998,-1.13056418719321,-0.877979013339717,0.0806969657985991,0.197855668542852,0.313061019591983,-0.172945645419349,-0.0407757778093211
86.975,-0.490441414227285,0.200938094999513,0.848744906447772,0.192488128515193,0.260892751435883,-0.135819359345163,-1.03912959091167,0.0930054598218526,-0.175085195832886,0.355031073710686,1.16827383104752,0.168875910564346,-0.919569171453353,-0.493243068711792,-0.0179733980013888,-0.386062178530282,-0.284226985141907,-1.1228482277956,-0.860861173792396,0.0701225809380695,0.182582057893552,0.25855626030561,-0.259020485815518,-0.0326115700621656
86.98,-0.498620307675139,0.185584635432925,0.855491614278519,0.209610453595118,0.274015923131028,-0.147136363333036,-1.04758990326855,0.0825049098519259,-0.166460619258961,0.451898733300533,1.17456275537092,0.1819362253447,-0.944196530149614,-0.469337341746908,-0.00934893897990369,-0.454807101252454,-0.266136589069358,-1.06696935978584,-0.841545325899314,0.0479116683295885,0.18784636941916,0.195831481980421,-0.332435864011285,-0.0202978215285447
86.985,-0.487105573021937,0.189724430072188,0.853869831044595,0.247181537066115,0.290920791976396,-0.136836659665675,-1.054853334818,0.0677235620862971,-0.169737284226849,0.574151340842025,1.18865250792262,0.190806582390117,-0.973153853163155,-0.427309432440219,-0.00282378785341945,-0.581361863970322,-0.233069632130847,-0.989277916941453,-0.843074449461988,0.0356396400147151,0.198005572468258,0.171566420535713,-0.378832206598262,-0.0478753829448364
86.99,-0.49974740449499,0.220481476779521,0.848058912029711,0.272080151202424,0.314022276866022,-0.130354092620542,-1.04070645478671,0.105311504793875,-0.117343919866998,0.67949648526347,1.21994177469143,0.196963380708958,-0.990138611202992,-0.361043664351494,0.00806791814419751,-0.775774388182481,-0.190299389727667,-0.882060672083359,-0.859871683216412,0.0284206190774642,0.210698256912,0.178625048072383,-0.424073331153542,-0.11594894057775
86.995,-0.48883126846835,0.228582764422214,0.836806957656519,0.26590641270146,0.334059902203717,-0.149444676902788,-1.02973723066904,0.142827809999931,-0.0667921559761571,0.711272189603382,1.2563123747199,0.209942105472125,-0.996399235454826,-0.297371491613008,0.0310092124081267,-0.985406266451788,-0.182491128292116,-0.829091425807023,-0.868794245047051,0.0428994076408049,0.224650605745584,0.174354478414592,-0.455471001773689,-0.182253474922103
87,-0.480383161366149,0.247768975505988,0.839450455919384,0.257688257026803,0.347952479691065,-0.160471424616647,-1.00538455657476,0.193528291625143,-0.0369118329157941,0.661493561764798,1.30899057344631,0.230483326306023,-1.00208686708624,-0.206789115083799,0.069754185995018,-1.21823521179308,-0.175889991293904,-0.785444899275804,-0.883545577514733,0.0491787481336667,0.224711197596494,0.130163179043477,-0.474239288469364,-0.241302190635931
87.005,-0.470696090691122,0.262435995537643,0.836423554754027,0.24624062012381,0.368008852005005,-0.181392105545496,-1.00578335811116,0.241284023271845,-0.0390090718121333,0.601309012734338,1.31798692591817,0.233634864338071,-1.00660519722182,-0.154907744710176,0.0966906538092299,-1.30229297823147,-0.177844143375626,-0.765284425902742,-0.909673541863946,0.0622320617449125,0.233952401295901,0.100815001744023,-0.477109217609253,-0.316210909441452
87.01,-0.420188335979804,0.303416958432189,0.853810265863483,0.275803787613227,0.3760127902989,-0.237049134156379,-1.04999486907098,0.298979810572833,-0.0586399727738219,0.493604842325534,1.36674362972492,0.252903401928696,-1.01119436674813,-0.0806431317550253,0.13850341052862,-1.33708086484327,-0.197699383233461,-0.73247610288906,-0.934800281953074,0.0703031989309866,0.233512491312181,0.0682321532304611,-0.484743688547533,-0.36324795555368
87.015,-0.471842432576713,0.495263472585821,0.769355407023419,0.365365215925351,0.352873437083229,-0.332758926031238,-0.952476366918079,0.540664306465348,0.0751706296646258,0.496422544276863,1.38981358730458,0.285668567166794,-1.02012493558975,-0.0456814349058174,0.165864282520162,-1.29595314130533,-0.234214716537829,-0.713259184057317,-0.961689365848994,0.0865164364216801,0.236841780677633,0.0347284363504073,-0.466581867281737,-0.39425001704858
87.02,-0.475911664641572,0.387883915225085,0.783549313604167,0.160666755336688,0.420504816920479,-0.473976532645581,-0.934999527933134,0.486551210656422,0.107293396369563,0.312128532146402,1.35742592252611,0.322384678936079,-1.02116812836327,-0.0203327762605217,0.178480503054607,-1.22523720488262,-0.263129793058833,-0.686326281927094,-0.975968413425979,0.0934545177344644,0.239832773393973,0.023497015879801,-0.398557521369105,-0.404563921277726
87.025,-0.532265032250666,0.0825456410313201,0.872360201300726,0.0191004744809958,0.464294730039207,-0.556819003708198,-0.993185391832874,0.195678202992915,-0.219419922279013,0.0364729722223633,1.33322219286501,0.240391851698512,-1.01942595360555,-0.00514687186848318,0.206202750458109,-1.13413692582725,-0.282747391702303,-0.663394518939829,-0.992548586568476,0.10240098121768,0.247350920923419,0.0243983021764225,-0.280007395134292,-0.394266491706259
87.03,-0.554653150997642,0.270696841940562,0.812252473101707,0.148552961607353,0.499875597856435,-0.426677205424684,-1.02843051097946,0.157107921454536,-0.305540468364685,0.237266310141139,1.40773372359218,0.145026887273832,-1.01052830072242,-0.0166620478733995,0.238288376548247,-1.04797648403962,-0.306460724816247,-0.639112718451988,-1.01883220125253,0.0994822056339655,0.253888971928352,0.0460272443887522,-0.132368753144499,-0.372089195957243
87.035,-0.505391756431634,0.292237279216118,0.814927112920576,0.0970657754855647,0.563684610382975,-0.449711788501486,-1.10269767437635,0.249342567739697,-0.207227724091939,0.235571454969532,1.52962888830085,0.107442942448276,-0.99632538166585,-0.0504680958354818,0.252277920500976,-1.0177298216143,-0.339963259826872,-0.654201668009182,-1.04499245433755,0.100089723411516,0.264332161963798,0.0810112004227373,-0.0128046325425839,-0.346589202920812
87.04,-0.505306387624088,0.191967098842497,0.867803770344905,0.0468172339424388,0.629703323713598,-0.512278841298191,-1.14324060272302,0.126816136645046,-0.172706319456176,0.0927058474624939,1.54524116432822,0.128165619707008,-1.02154722429237,-0.129842787598401,0.319050544399066,-0.994525919040731,-0.317670602182464,-0.779746987169472,-1.08642402703447,0.0983702051824753,0.265592891407207,0.110264123054294,0.105523000401117,-0.300728850302075
87.045,-0.485261860992967,0.198856794889573,0.872142194332229,0.0846990024532785,0.68313549605341,-0.482553703542477,-1.06378289342866,0.017395725129535,-0.213016388449397,0.207512388111265,1.47236294949073,0.14656130477447,-1.01267869909636,-0.209506443825546,0.366895885017041,-0.928512349315055,-0.260900740411194,-0.829224446971285,-1.11457960275752,0.0923958505557396,0.264792117740226,0.135286060405538,0.151905292167898,-0.274079527033619
87.05,-0.496746394686362,0.204546043168241,0.861835277948198,0.0921040567643232,0.766868713552072,-0.470728712578819,-1.04657495926107,0.0573928058028567,-0.221550083301026,0.319053094203825,1.53481829978556,0.130841122384083,-1.00561872774675,-0.290314237308777,0.391227845075653,-1.03566214743286,-0.25608494293891,-0.810358904963745,-1.11121250771637,0.0904249605965441,0.255146002551385,0.161040996594349,0.185776921122005,-0.244191907875152
87.055,-0.521196918681529,0.207873020594644,0.864470346000704,0.0636182319544677,0.863057770916375,-0.4714188063531,-1.09181603775925,0.0954348926180402,-0.20682912989485,0.302021893883841,1.61409585628376,0.131084854894851,-1.0128793348018,-0.356958858939769,0.37064545796964,-1.21354092028214,-0.268823663287004,-0.760087470841292,-1.10275936269662,0.0932055159714952,0.250684075517082,0.190079632491864,0.194144771449704,-0.226609630690509
87.06,-0.495668371898846,0.20871349960602,0.872507177865664,0.0487926395340189,0.949711527730714,-0.456266804384866,-1.12713842274739,0.0614640703443187,-0.212964498367659,0.293894522031629,1.61677460765524,0.121325221047548,-1.01648591932991,-0.39296159742075,0.350669082567451,-1.30805283223247,-0.244990803019585,-0.668352805759797,-1.11305821843206,0.0901097268360662,0.252149342773498,0.243248135885355,0.179178042291285,-0.207246265246636
87.065,-0.496592917258944,0.204967057978859,0.872087146383413,0.0329854854445721,1.04061951379021,-0.442880803476646,-1.16448794676587,0.105769926549884,-0.229544954079035,0.277256897384725,1.66144040752657,0.0858897547145902,-1.00731875199093,-0.385248187304036,0.340668335950589,-1.34738518397224,-0.165904069775719,-0.585826728234674,-1.11159988248145,0.085040909780566,0.256816877084565,0.287901684755163,0.17310683008601,-0.190225320891088
87.07,-0.515172000173613,0.21738387325897,0.859500206459842,0.0204677477104644,1.15974379977752,-0.431922874788776,-1.14356356382491,0.132004865845985,-0.241490165083695,0.195684025471368,1.69988033512974,0.0782375295819766,-1.01497294715285,-0.342904443088559,0.30505414594819,-1.32644187997659,-0.0652319591111515,-0.507939492100687,-1.09824103223852,0.0885107972745816,0.262259610630305,0.331655097898225,0.183456647989737,-0.153281235052906
87.075,-0.51628405552272,0.205756814160241,0.872625652937115,0.0123894475223818,1.26474036725256,-0.429849608732212,-1.13770113614872,0.125172871841814,-0.255191868539346,0.0970930420921618,1.72232081096092,0.0526495817505191,-1.01943760437397,-0.308173723293416,0.311820026349638,-1.19191205865505,0.0292138998613344,-0.418712645658543,-1.11644511974854,0.0743179954278197,0.284525172643773,0.387771454555971,0.181173092669019,-0.119681870281535
87.08,-0.52155184030447,0.215025495350329,0.862823520413274,0.0150661149454816,1.36974207596503,-0.427316925801797,-1.1479098293459,0.1260662259887,-0.278784905760294,0.0225148157479737,1.75687701464618,0.0145854400856528,-1.01326443922813,-0.267897499206108,0.309512439110797,-1.01897926578715,0.100735571067599,-0.35878153729998,-1.09898403586292,0.0727086001581321,0.29046965554648,0.421950379421167,0.157895171184976,-0.112534027179299
87.085,-0.519136812441177,0.196709106021797,0.86668380299919,0.0128282416312232,1.49527119296412,-0.425008000297375,-1.1656409673056,0.128152762506007,-0.297822331225464,-0.0422454106047123,1.77826728043984,-0.0107007798617735,-1.01839042122275,-0.266080394325072,0.322816244027859,-0.887732104709095,0.12872196288953,-0.398560638998521,-1.11912339085257,0.0859991790086811,0.293761545815821,0.430328667163849,0.154891193094812,-0.105068675609842
87.09,-0.516124954164348,0.199511288081975,0.867750352977326,0.028322974750606,1.63263106511879,-0.427543638312377,-1.18202199625618,0.127299151759698,-0.298322768798642,-0.118183212201115,1.80820736563956,-0.0373010922435141,-1.03119333158458,-0.275010675626517,0.333345690116857,-0.702604700905923,0.16037896420174,-0.411115802028193,-1.14268762460288,0.0968110271715371,0.285469192235386,0.427436021931774,0.14503614410135,-0.0820692293146904
87.095,-0.534334576195625,0.206367265540271,0.859186831308002,0.0368643475653431,1.77432954448461,-0.433711943808677,-1.18188662704898,0.109396937509474,-0.297963102344476,-0.124830053083031,1.82004058765079,-0.0591302344386257,-1.04224092006417,-0.289386064512732,0.332666351078051,-0.561706639773347,0.170642741323016,-0.422993416606049,-1.16919248224563,0.108098339339017,0.280553092854444,0.422493265320342,0.109132816825042,-0.0689856447044841
87.1,-0.541952208707731,0.212274140296331,0.858664107079175,0.0383338536649941,1.89977049329843,-0.435760110616684,-1.17840321077572,0.0995619636232692,-0.307825342368377,-0.117396667536174,1.83994603649656,-0.0626863688230515,-1.05144846956786,-0.295507718620003,0.321506478862319,-0.466777303292073,0.16229953083379,-0.426732583230345,-1.1920653709512,0.120482606819965,0.274839073834852,0.406830710957511,0.0674022001856781,-0.0513819095682679
87.105,-0.533701295344406,0.205667469949121,0.857145378198846,0.0234323860183424,2.01655480801662,-0.449013311488167,-1.16481184458222,0.0997575461243277,-0.283682476349555,-0.10361318390965,1.85417490439689,-0.0758922247440594,-1.04958508789713,-0.291236368193334,0.305659080728109,-0.41301893408329,0.161800796830436,-0.427147533106629,-1.18492051107869,0.12737074032171,0.287605389328151,0.365691771882687,0.0360913383248246,-0.0380850471556187
87.11,-0.53582842528861,0.205123135102685,0.857544694743761,0.0239181154357225,2.14046960831142,-0.475514103878418,-1.15367704877905,0.10609143822257,-0.256131418438523,-0.0776352440252182,1.8858914995589,-0.0754310609160081,-1.04367803083835,-0.277427306096827,0.275536583622174,-0.424957410387308,0.157399138385315,-0.423049154837302,-1.17296104984229,0.137644059210331,0.299032179569166,0.337067425984259,0.00535882981833578,-0.0459513522681093
87.115,-0.546160367560026,0.208599310986015,0.850826980637305,0.0143769203542743,2.2674827096839,-0.495912370047264,-1.15835648824128,0.114938383058992,-0.258110429848204,-0.0580891183783372,1.90468590219201,-0.0831222715726007,-1.04627578443232,-0.257356170350511,0.248550025195227,-0.471756111867824,0.157520017154945,-0.397441589197318,-1.15110891345714,0.143576217794236,0.310127246586907,0.287837937015163,-0.00935625603213611,-0.0706428820362112
87.12,-0.559120539004719,0.255683864916075,0.844955125241653,0.0138705243549422,2.37598473092645,-0.530913678932382,-1.16937992306818,0.133129964105416,-0.246381016614443,-0.000888649917327112,1.93797229484605,-0.0894633275057995,-1.05321392075092,-0.212226059665151,0.216209961049298,-0.561521584708233,0.168717058582693,-0.356663531433796,-1.1238289776188,0.141728404832839,0.319540929973268,0.219432216543825,0.00398185317333098,-0.0893028039983588
87.125,-0.573676695604212,0.2429075836131,0.83447720367234,-0.0309299947341072,2.51726004950066,-0.577239446486548,-1.18303361963441,0.14797062328315,-0.235517402328458,0.0242643176901628,1.97277003726823,-0.0895636454224586,-1.06508705496078,-0.16708855839419,0.191027561633625,-0.605533062400828,0.183782683910976,-0.320731810069035,-1.1063487653255,0.14365137032216,0.337552510627118,0.159505483041617,0.0376931845659913,-0.102918055778009
87.13,-0.57424486655866,0.251920977409457,0.827721238412034,-0.0391682871842177,2.62965797291466,-0.611823692845428,-1.18672744914224,0.166190015340281,-0.222526007639126,0.0334893766583615,2.00639206855976,-0.0880735117030399,-1.08545892781678,-0.118880658142077,0.170443724503154,-0.649669723955165,0.191033086044644,-0.273609437122245,-1.08043295908231,0.132388441651495,0.357186117515849,0.135680873316369,0.0735190436897212,-0.130308036261149
87.135,-0.567457276915834,0.255765517333884,0.823063013446448,-0.0678887939007243,2.79708702037616,-0.67191569505625,-1.18683080588618,0.181091733583436,-0.203643975678742,0.0479236443349715,2.06148347902092,-0.0879639316925068,-1.10118970036413,-0.075390950985307,0.15672665249376,-0.636170944539668,0.199183268603358,-0.244319833484849,-1.06662608783665,0.125877363902219,0.371378447925883,0.131440627404682,0.0934577312136224,-0.161972325738406
87.14,-0.579779701463543,0.269121526377137,0.814646068877076,-0.0897093826482914,2.90668326654122,-0.728172042914791,-1.18763759764302,0.186577496510337,-0.188185387344569,0.0508219947558945,2.09050540296919,-0.0809959408430727,-1.10192148383554,-0.0454161995258031,0.145695582707141,-0.599239277564283,0.205926675995086,-0.223463547102195,-1.06197216552754,0.136051218052441,0.391921145398672,0.140208533443367,0.124719556597251,-0.199456469974703
87.145,-0.599420320443996,0.275401329375443,0.812074571908327,-0.113652515340276,3.06335122049766,-0.791555886348646,-1.17962892076406,0.170858573363567,-0.184636936748088,0.0741009300383346,2.14035946539826,-0.0657509898752794,-1.11845518802251,-0.00908831084669293,0.138428909700766,-0.52263750672579,0.218594897540997,-0.213185101768096,-1.05929338111605,0.128773956851637,0.407411064719908,0.176299001426557,0.124846389401804,-0.217091663020373
87.15,-0.601854699057426,0.268888862538605,0.80284356271562,-0.130450378061504,3.22291257189844,-0.848853248191463,-1.18512695916609,0.156547037867441,-0.1622097707991,0.0932914133045161,2.19727196255295,-0.0490005005609041,-1.14225248151952,0.0251249195487502,0.133039411770506,-0.454845937060745,0.218067346558825,-0.165114185062613,-1.02986344857104,0.11315442003135,0.434400906817249,0.199979089653751,0.107258680026448,-0.235299362648754
87.155,-0.592453982854739,0.245261534048075,0.796596622895482,-0.134036707903998,3.41754160863269,-0.923763577314157,-1.22991268072537,0.144340127597583,-0.136312138460054,0.136129018755266,2.25549087064553,-0.0330552898214358,-1.16922941796363,0.049842359690712,0.138038926346211,-0.349821532557378,0.242188996777181,-0.0299910139198642,-1.02808628543897,0.105637561040894,0.485909448478368,0.183421644428189,0.0907012476114588,-0.231857959924479
87.16,-0.620696747003117,0.260111014657694,0.850984751622451,-0.119606358793503,3.60680247076192,-0.980878885280114,-1.30021008275418,0.13168382362619,-0.144301485465462,0.185345583124364,2.30383754776195,-0.0266899198349858,-1.19706815031733,0.0741709994298838,0.152282886714331,-0.237077293469867,0.269449781593506,0.120116683454272,-1.08829781956407,0.0719142802358911,0.568689621082485,0.117335991214474,0.021323735082858,-0.185999665282064
87.165,-0.652489001542845,0.231310629517786,0.810064801610413,-0.113897795540841,3.82895480096366,-1.05461828563556,-1.40059248774538,0.188371030063269,-0.155000009855612,0.27074705180909,2.35796169414015,-0.0436222668282963,-1.22944481939856,0.0999772030922259,0.15411722445338,-0.243033090760696,0.23619169472702,0.187495097884042,-1.18319153738774,-0.0250270046186266,0.528093724573305,-0.00765014266193157,-0.0530112674952469,-0.141332308436753
87.17,-0.67594902854195,0.300783226593888,0.790735134687355,-0.00994281190338729,4.14523612629019,-1.14793462607436,-1.51035563007798,0.292801363797771,-0.0881527059339711,0.326727264215318,2.45736952311873,-0.0720940962757324,-1.33003728148319,0.127291690718109,0.1641580621166,-0.207367244049442,0.243009769337918,0.213635532835064,-1.37293006899915,-0.146969282731358,0.4280229780529,-0.168074240159596,0.043615322987869,-0.119010874595049
87.175,-0.664311939443083,0.400841974784753,0.784666653673654,0.00800153355056795,4.48409145498033,-1.23888511663763,-1.57162768085964,0.309624824076646,-0.0413991990838874,0.258665043179115,2.52022478297891,-0.0551630176017041,-1.46731724314578,0.15782987395325,0.162468021001371,-0.215033448010064,0.242244809865952,0.228495210806524,-1.47293743257873,-0.186313921438643,0.350246868639296,-0.192747858203304,0.218579535934988,-0.17376722007193
87.18,-0.606186180777705,0.419785957893976,0.827732212554402,0.052706044206138,4.7644560250705,-1.39613962857377,-1.56359844497005,0.248976466664736,0.0214902938736303,0.237005054950714,2.53013249137123,0.0128245033357657,-1.55080586608265,0.197985605414924,0.180137180521549,-0.227767331950184,0.250279410235401,0.274069630798193,-1.48301635087892,-0.145372650886602,0.27757678752486,0.0168648586334704,0.351320556062748,-0.244179027542388
87.185,-0.646390789752002,0.377296069236392,0.77428540553511,0.0884669235201665,5.05352003411184,-1.59785801901495,-1.52460702312885,0.153473498509003,0.0822970805925715,0.348429870145524,2.56009218381987,0.133522696774229,-1.50506335332861,0.228182209019889,0.193857527561785,-0.388855569549451,0.246918838586729,0.427197274083363,-1.42101277576142,-0.1155898836751,0.21725195080831,0.256858303170356,0.270915041112226,-0.280264731019697
87.19,-0.762254186790839,0.379722151317304,0.808931269890407,0.00874966231787587,5.44137714978128,-1.7433110152219,-1.51113356999542,0.106861001116557,0.155540009777671,0.584350037447247,2.59148414948511,0.272042369467371,-1.42831501528738,0.221629945210552,0.190244005724178,-0.55802881423192,0.246588125307745,0.545293193203818,-1.31083808425636,-0.0939043516964715,0.115760020152773,0.510325658908596,0.00697268712178394,-0.304335340540436
87.195,-0.724128732262834,0.367713455766788,0.801776898120492,-0.0547135463629517,5.84480613522194,-1.80489929546484,-1.55300207221592,0.0719789771814609,0.224436567609771,0.877506037912168,2.64985181153067,0.354189727267737,-1.40682626078002,0.222784839878587,0.155741752821367,-0.88863507621592,0.207202157139531,0.743660909027294,-1.22787659697252,-0.075790475803035,0.0368901637683497,0.545242697696233,-0.230194890817104,-0.292436127661241
87.2,-0.654612483642058,0.3356712987329,0.852587111299334,-0.0101013340491771,6.28027986718499,-1.93063244885483,-1.64055890654744,0.0392523844589505,0.306627258274374,1.20334449401446,2.71015550007887,0.445658494166796,-1.36518218041415,0.251045839086067,0.113729916979595,-1.16341669230888,0.148450313807794,0.933913447425979,-1.18869386725239,-0.0594732435874405,0.0374973388985008,0.465761491851782,-0.314123057420108,-0.270472518967843
87.205,-0.595037650501189,0.394848229117879,0.891232200952145,0.0764936300984215,6.81042812179799,-2.10724718966474,-1.72745472833239,0.016214652560462,0.394741942030692,1.43462806465849,2.74947704554532,0.512498821271022,-1.47447707475115,0.281962198460764,0.0774772144122481,-1.22183341046697,0.150952871969425,1.15473826114443,-1.19672101588747,-0.0640699273556646,0.0950580098784945,0.335163350503558,-0.277143697859138,-0.23278792146103
87.21,-0.597609529527497,0.459425167414577,0.941906683385148,0.110001327795878,7.25560666090852,-2.21741204156862,-1.7990552887671,0.000987507360253908,0.470236261396993,1.70040338083963,2.73172003958619,0.54938280118345,-1.53829272704614,0.326081080903569,0.0183888035780389,-1.02093229345348,0.239029221798148,1.55158746906132,-1.16767100770483,-0.111507306041197,0.126321096493139,0.151109917272804,-0.202660195055646,-0.246020780546472
87.215,-0.614070281854101,0.53686334951342,1.00685338838764,0.020154044031561,7.67126744322777,-2.39580543684143,-1.86055914898325,0.006013862991582,0.56185944002872,1.99009781449394,2.69336979164203,0.582996521984632,-1.50048190282123,0.437169367703287,-0.0824255864329276,-1.07706482363207,0.208067010796396,1.71397807562696,-1.21172417359904,-0.19820461590609,0.0843752415305938,-0.165726503619365,-0.0435113702943355,-0.315376130315869
87.22,-0.652840521685581,0.51577494258844,0.931674545475328,-0.0334904764808677,8.14801637474035,-2.51749926417894,-1.91925568405219,0.013697268070002,0.630138390752468,2.27884141407345,2.64350407673584,0.61182312948421,-1.48056979816745,0.577870833304449,-0.2013113855621,-0.979014388088666,0.285445179169222,1.80333916096181,-1.37526045841896,-0.256258479981621,-0.032977617499137,-0.497804143636713,0.140501434587862,-0.352296973421306
87.225,-0.613070907914768,0.450755420228332,0.999356862847604,0.00753152597490807,8.72642516452386,-2.63745110779809,-1.91485800534785,-0.0230191835277984,0.63821023156612,2.57545179997751,2.52342764281191,0.630649980566975,-1.48140394684986,0.613031563531709,-0.322961631514522,-0.736385994597223,0.487010678334969,1.93324857325179,-1.47660655086064,-0.269504026864937,-0.178075955061818,-0.692375329136611,0.273971638338028,-0.347425243714101
87.23,-0.660792356607309,0.395182465926124,0.910829587303646,0.0510859737069644,9.20399537493041,-2.77108308521911,-1.86740255886145,-0.0863749036154323,0.633738456304948,2.72347539001025,2.41716206210416,0.630559676334167,-1.4576675142606,0.567561389431736,-0.486088795258089,-0.600199487878452,0.649738779207976,2.70629759979198,-1.41744377163893,-0.263393951172343,-0.250770761700711,-0.487867605298976,0.238096950184411,-0.351528647903754
87.235,-0.799937463348866,0.547008974454821,0.804301218712668,0.225459352029565,9.67498320994598,-2.89213399992816,-1.76768089866265,-0.152538255936394,0.605985901992389,2.91401366475554,2.25032697856971,0.57403136011158,-1.41935538831564,0.476267375362145,-0.527109124107145,-0.719829011897928,0.792697854407655,3.07283962347366,-1.2529700102384,-0.215320957213551,-0.229716307393102,-0.0537764365523845,0.0321035425228906,-0.356608054468075
87.24,-0.890698383813443,0.692551404326303,0.836944253621089,0.264257051030649,10.0080814914172,-2.91440595845372,-1.61150760787611,-0.127026584800355,0.492184583977505,3.24463461639538,2.11832962479207,0.447438244429725,-1.35069429471683,0.425446010469722,-0.497182095463627,-0.968698174377759,0.891877152051066,3.30180129865733,-1.07568384577983,-0.172719347482999,-0.213040329331803,0.308956287943451,0.0508722869154606,-0.331791479747996
87.245,-1.28564620630016,0.356549534495427,0.706297351447782,0.38575227917215,10.0527002653075,-2.89476737423613,-1.46661247877119,-0.0787303196567012,0.335444562469918,3.55249481278151,2.09391308787966,0.355631290976181,-1.29668454737827,0.391319256674497,-0.429185182382985,-1.21632414185734,0.863284382877936,3.52523079634634,-0.92808938181437,-0.16784733315446,-0.206659221208931,0.570960834667318,-0.326659174452996,-0.292719380130685
87.25,-1.92930910232924,0.0773722552543454,0.60193222404149,1.08316030871757,10.0409362155223,-2.78085045095027,-1.30795473172847,-0.000918186505461518,0.00671378063455184,3.893044453822,2.06067657520477,0.251783910151065,-1.24445836381287,0.263244998209799,-0.418122424487797,-1.65247752222381,0.784683233048057,3.6574101268033,-0.900764337812119,-0.157655747302501,-0.197983950921338,0.675948034214678,-0.365264084120355,-0.218892480623186
87.255,-2.66117960787261,0.3941431006871,1.06411660588051,2.17445415858387,9.92265330034019,-2.28454672348663,-1.19525192976304,0.0816327872830125,-0.432241763603396,3.92334383366913,2.20606257065185,0.163416763774182,-1.02371387321601,-0.0424349430178158,-0.197513688999784,-2.37917027227173,0.6593192728316,3.60279402865465,-0.868854561967671,-0.134534041098475,-0.176928046507284,0.670932461569838,-0.38936998305827,-0.16045529018349
87.26,-2.83616658572671,0.940057461815282,1.34721231252127,3.60359330056386,9.50239502767353,-1.67083229571811,-1.13522731132053,0.205178345756665,-0.785011470406185,4.24206586340002,2.63806411251071,0.0545346692679434,-1.3236185191774,-0.114973642235178,-0.117136949590554,-2.36560201252598,0.140553740346753,3.27182395049466,-0.755757344373566,-0.14284999623229,-0.146565781318198,0.620525822138405,-0.31633144185938,-0.150423823929776
87.265,-2.61034272914256,1.25057052354147,1.47363295667991,3.95228813233792,8.73371918308251,-1.81290511840499,-1.22225820810884,0.37630087322426,-0.787271910872221,4.45135674965513,2.87393814675799,-0.0113522426914403,-1.33500924254164,-0.304745142175847,-0.0991646147608796,-2.95944984406708,-0.109368667090163,3.70388223487888,-0.977568856632714,-0.12496071709457,-0.0983433425297083,0.558973806064512,-0.294878299874443,-0.155904150191437
87.27,-2.29427741947617,0.690506606937462,1.84394205726888,2.32372436760619,7.75883705392349,-2.72088330052906,-1.35271936424457,0.55202409073321,-0.59622110319774,4.34150319878971,3.01823842488931,-0.117604196799476,-1.17304539028671,-0.484618051781618,-0.00976799478597945,-3.0140404726267,-0.36326071966289,3.59374576294484,-0.956302194570549,-0.140137382393681,-0.0919423074447547,0.440663188884293,-0.413593624989314,-0.101753410415437
87.275,-2.35601278274686,0.463884863072663,1.94025246572464,0.461114929263892,6.58537745221119,-3.80991591097318,-1.48161809628087,0.56299964496584,-0.67082621238272,3.78216378854136,2.92876446490988,-0.111972573083312,-1.1888102454715,-0.5524873919577,0.0508461754118836,-3.03638430275853,-0.542450661090128,3.23347740434816,-0.977289726284702,-0.18320563108088,-0.0777593584996314,0.390590683042852,-0.403506737523382,-0.0951608690724441
87.28,-2.56666051376342,0.296921193463777,2.25075636239837,0.169772920917753,5.72511332826701,-4.15187347139699,-1.46895172459565,0.613146762425398,-0.558918445828544,2.75031522757304,2.91242453118929,0.0213017475684305,-1.25209709621219,-0.656167693976269,0.0844438109678935,-3.00530961201351,-0.655796849245193,2.95556983656158,-0.982766429095232,-0.227256309571172,-0.070876453823374,0.394360299115287,-0.43049555240193,-0.116524600165222
87.285,-2.40330999695514,0.0893858779108412,2.62884986117891,-0.0885220660477738,1.89096421970133,-3.22850578774275,-1.45449989494862,0.439420689437444,-0.698321997456357,0.831395358062395,2.01376749572315,0.479257158676156,-1.30232858266317,-0.703912900493378,0.0583207049118791,1.03608226556581,0.0356460801853957,3.13851198599663,-0.9892917935729,-0.249930857013636,-0.0712005459165428,0.534543856896218,0.0947192158637286,0.0391608355985296
87.29,-2.56836580011674,0.601355872775696,3.37224340549363,2.29242771786458,2.89251695262499,-2.9570493065842,-1.34196981038394,0.529152603196447,-0.867219722670133,0.868621041356734,2.81711919913549,0.264685646333144,-1.36878542148011,-0.703547191387373,-0.0138285497939582,-2.02863265317409,-0.762795662805086,2.17578677922725,-1.01567624566025,-0.261673786712665,-0.064657223267007,0.446336741205804,-0.477388049122446,-0.152745183659423
87.295,-2.31869278467431,0.695767663876645,2.81159703659906,1.88510985020339,1.31287336998541,-1.74517278634521,-1.26940887803805,0.313854140205532,-0.717956038894761,0.202957592083725,2.79227600327342,0.333456913785187,-1.42853451458581,-0.709316532106544,-0.0762809266365575,-1.6283779288737,-0.882135685426501,2.03429904018983,-1.01430786923546,-0.252234700117814,-0.0650410741569072,0.497477711290933,-0.561855002992116,-0.16025940732488
87.3,-1.39267108952793,0.478004276989868,2.70726636493142,2.22759577882557,0.290774959132331,-2.18897384797455,-1.27057482579248,0.239601351011993,-0.461755190300497,-0.126548155051539,2.371315987964,0.277643526016426,-1.45525385694956,-0.703828172981359,-0.0920003640835866,-1.35695710109557,-0.964691505795761,1.99650771010263,-1.00056753014208,-0.249539816037933,-0.0758741094563149,0.531827380956635,-0.695719620211591,-0.15437075355033
87.305,-1.06266019625735,1.23368698117165,2.41711069156808,2.84805515263457,-1.16281261386187,-2.27523910108577,-1.18607341883034,0.384969165503058,-0.287748937817919,0.342266978158269,1.72579152729622,0.290076017445456,-1.44180360740818,-0.674901266947338,-0.064119070672962,-0.946119719472488,-0.982790975828495,1.90611341007481,-0.958564319267143,-0.23677422251469,-0.0759609715716569,0.560203754518805,-0.789066708622844,-0.156085313708828
87.31,-0.980586997817629,1.44655854121493,2.07801044799328,2.61352565689645,-2.03790816303929,-2.15621218152633,-1.15800571440068,0.330544375257224,-0.0955403425839375,0.673532599188159,1.51076784231934,0.441726906116729,-1.43797052198856,-0.643771325527713,-0.0565968643174127,-0.367547855605146,-0.535043336266762,0.994045154915915,-0.919282554578332,-0.217881785563345,-0.0581385044749466,0.591014035220826,-0.836078751550276,-0.165929270598448
87.315,-0.740241414193499,1.12237490742404,1.68637038901063,2.24967042231606,-2.71853852642708,-2.09867509924489,-1.06178594795158,0.246323151800459,0.0828308537825731,0.889688055383121,1.288240347785,0.561533055288356,-1.44326142314221,-0.590891874431935,-0.0848685693083953,-0.207360157603227,-0.694254126932064,1.31750049647542,-0.854356478019973,-0.194630472429896,-0.0377456435619758,0.637018406875736,-0.82383104547002,-0.187954167321446
87.32,-0.343544708501052,0.740264022423516,1.20988633246676,1.9435714915617,-3.12328851999889,-2.06282935669244,-1.00306645150002,0.165696405453611,0.0946381912536754,1.19628084135912,0.988365743485212,0.640105553128998,-1.44028837808611,-0.540443488278567,-0.125955056471302,-0.0998906596835323,-0.944038094708809,1.93532841856913,-0.820250833906457,-0.168765299946637,-0.017693139011636,0.678863100712732,-0.747705299993666,-0.202783393833289
87.325,-0.262638207357034,0.733900093113789,1.0418478416702,1.84525785013025,-3.17734861373901,-1.87955718498094,-0.909006834883344,0.0754546625273277,0.0571802234789781,1.13104490591515,0.707911289847137,0.692172745299195,-1.43321107015768,-0.497208294989674,-0.176030283087442,0.157453295101455,-0.900725400301616,2.09260004301235,-0.807366016502731,-0.157777269550315,-0.00728066445133424,0.7217114867805,-0.637918527194428,-0.208900824134697
87.33,-0.196119098427917,0.738827855922297,0.936046895131014,1.85962214872915,-3.17500587886845,-1.55263645000112,-0.769701864045621,-0.00189712683789418,0.0649536024434815,1.11220465535148,0.545448599354934,0.707662137060061,-1.37390120852187,-0.45543414746778,-0.250696258372501,0.298920720619428,-0.881487377793274,2.33408549734426,-0.799345117625378,-0.14029170688246,0.00509732027643523,0.78613622584432,-0.467710336805831,-0.176947386322465
87.335,-0.0555699183773285,0.678698496199414,0.802430325220116,1.92506177088921,-3.14587404848082,-1.20077700612445,-0.682268641008189,-0.0827289182934379,0.089074690399477,1.07616049245092,0.363188544649892,0.668902344574673,-1.29448210064782,-0.424175289734234,-0.280779319869401,0.252967596916576,-0.837172985752985,2.50393338309464,-0.829304513889473,-0.150169664577417,0.0294018123662515,0.839781014040007,-0.382956650689587,-0.151585219718687
87.34,0.0825717519041261,0.651658045759309,0.69939544729738,2.0032432295291,-3.08024473537985,-0.930804630996126,-0.626472438763215,-0.135064222347094,0.110800162995765,1.18642548205835,0.181644001798585,0.629665318090105,-1.23420093563688,-0.401762387513515,-0.312800416702554,0.11556808998488,-0.77307794045999,2.60487346887441,-0.85143759076192,-0.165995985306264,0.0367837891503012,0.885514299057704,-0.408340673060813,-0.150428552747751
87.345,0.175983096158703,0.654454344285122,0.578814774115669,2.0154402913117,-2.96839730322597,-0.660723077676701,-0.596966661340319,-0.144887632535283,0.0963805065967448,1.3561726701482,-0.0869377165148629,0.620102734481596,-1.19665858609934,-0.364620479618341,-0.305579383314985,-0.0941134370224836,-0.69499084536407,2.65569189742954,-0.884927485821584,-0.159496302324376,0.0509129277510451,0.960126572963399,-0.490998126341071,-0.164858168578295
87.35,0.191944527341955,0.666074876621911,0.500122372752021,1.97226751809625,-2.80404606313813,-0.396686751822714,-0.562703831705559,-0.10954086641477,0.0936582875289378,1.45598290583008,-0.335814430150877,0.633350811343663,-1.19893333942191,-0.32713088239883,-0.278126039238224,-0.20077630186957,-0.645657699570474,2.66665319448733,-0.898105514183558,-0.148991600493646,0.0534530533485805,1.00122376917882,-0.538057331488305,-0.173219351019062
87.355,0.153054630046366,0.670225844258249,0.47256689871569,1.78274207206722,-2.59958874608804,-0.12939541725822,-0.533933325074182,-0.0653945576074209,0.105552613542833,1.52355247339479,-0.56412473199144,0.661951795214082,-1.1696181485914,-0.272076544665553,-0.247405893204009,-0.434404780259287,-0.692517586130056,2.59359296224554,-0.913223094779062,-0.11629331854126,0.0448265078666573,1.05398252155056,-0.547157993820399,-0.188315764070342
87.36,0.0853578904322773,0.660431895951375,0.533213072042846,1.5489526925634,-2.42610079825229,0.134664283632375,-0.499158615758342,-0.0351097160941043,0.132905868016236,1.61330808119548,-0.815739697223025,0.685664920115571,-1.15813424715737,-0.268327015124179,-0.203812674956523,-0.511054768522552,-0.644091626116276,2.52957219335406,-0.926594332355786,-0.0835949463088047,0.0387408264295275,1.08181812887171,-0.521588132596375,-0.192018553614616
87.365,-0.0225954791000565,0.627353196111098,0.700397359867625,1.47231716613574,-2.32604872181011,0.4012775327941,-0.495746076124993,0.0221757157316635,0.173426610430137,1.89707921199349,-1.13303681212362,0.721922179989152,-1.1305236251791,-0.284084848026075,-0.158273537350607,-0.612002924905493,-0.705721940272219,2.55970528767768,-0.947000595678364,-0.0427758226107492,0.0361930912852172,1.07494037085382,-0.395318319374556,-0.176012408169754
87.37,-0.16995614313274,0.569905784004591,0.904503264107915,1.69665982153825,-2.41334092482063,0.721980232132681,-0.436756662418538,-0.032580933515087,-0.0525277911296929,2.1052976579719,-1.47161578491883,0.789606163333713,-1.07859991447053,-0.294833587723333,-0.101843170245154,-0.724213142295528,-0.770238434390806,2.5854199994626,-0.957758670408694,-0.0250762056021407,0.0490068723602,1.03899036205391,-0.276854797642501,-0.151949858196575
87.375,-0.292497123788384,0.490271110242054,1.04321888891833,2.2093077625177,-2.72300542405227,1.13732012359786,-0.364488400727789,-0.183090456498309,-0.372702659528785,1.78944487161219,-1.51661807586935,0.845707777722933,-1.04583378557385,-0.283561304608213,-0.0552074525797742,-0.768972988528631,-0.853375310826891,2.58936796033657,-0.972424757508784,-0.0107263146204685,0.0691579799499417,0.976551825176249,-0.183547940866686,-0.11612705401896
87.38,-0.345566177775217,0.45154972350605,1.07063154808777,2.69599486618904,-3.14324479913268,1.57343926425073,-0.364879011390546,-0.219926302035694,-0.307997106209087,1.35798774692717,-1.50182897352861,0.856214560978077,-1.00494615472291,-0.261629727445747,-0.0058823390214338,-0.786882444961768,-0.905962446094994,2.56855991292172,-0.981114949176706,-0.0115432657117768,0.0882411835638396,0.896058563269805,-0.151329909066079,-0.0667327603212606
87.385,-0.322008440135495,0.53235460510697,0.914569601118495,2.92848425787695,-3.55890805776066,1.96120383281659,-0.38283389505089,-0.108800073158951,-0.135693334942546,1.23874362199421,-1.75934197093864,0.77528403420069,-0.974255655809178,-0.265046777667261,0.0248235619578684,-0.773006547367031,-0.921981039024722,2.55985443848981,-0.983990767077324,-0.0186732552419041,0.100557850423919,0.819082223156349,-0.171602098118109,-0.0214980835348742
87.39,-0.247888684879079,0.630609490396689,0.745007908012088,2.81208025258825,-3.78463567469,2.13795049770182,-0.375508776150749,0.0403593281284761,-0.00533451931147852,1.23660323015769,-1.89271424403129,0.760565833586582,-0.951679558100021,-0.27705703513872,0.0453198792294252,-0.764319841549661,-0.895549603469705,2.55233763654819,-0.974134478849394,-0.0372339525729198,0.104822474987491,0.727533984672174,-0.226045524483398,0.0368567249092026
87.395,-0.173967626733496,0.660196028211738,0.639729083128924,2.48364253117475,-3.88794958334177,2.2188165215254,-0.400011687094613,0.129754901904207,0.0983838266104252,1.21890541459588,-1.99254755993405,0.789782495820933,-0.942467364505789,-0.290785276863752,0.0712924801420655,-0.776031057231662,-0.865223826493598,2.53643421414282,-0.961890550927008,-0.0580568248852797,0.110097844170575,0.646855872929475,-0.260543019148308,0.0854978459278106
87.4,-0.148796641898105,0.615872237202276,0.571995237963153,1.98991690012758,-3.92254146327724,2.24209127318489,-0.431719711407758,0.227597036148489,0.117891397958532,1.16774788451398,-2.21864319912139,0.874325426564083,-0.929145500705154,-0.300083034074779,0.0916213911142735,-0.76811186861911,-0.823515384432683,2.48393637117586,-0.945987855854522,-0.0721620590517834,0.119822316961773,0.596065837405549,-0.277109573821896,0.119721310779037
87.405,-0.197215183550281,0.447762683822707,0.57915122479737,1.38634828708976,-3.87042915496232,2.25595581133631,-0.487324374872089,0.239649850642832,0.0376125971577386,0.930544908169845,-2.38705527276158,0.978612621565589,-0.919779077126934,-0.313777132725805,0.115013891550355,-0.711087084757194,-0.78095506088399,2.35300279522187,-0.916824399381747,-0.082990008436935,0.138323882211544,0.551609064290798,-0.292549989988244,0.129634106014001
87.41,-0.277367721270903,0.250929481904094,0.713793427994862,1.27178696161574,-3.8372761176801,2.33876190589443,-0.482837912925104,0.177225377925304,-0.0491145826623849,0.602850293188748,-2.57601729223647,1.00392921708456,-0.910050297098601,-0.319951893699074,0.134239843825144,-0.635901551508196,-0.74496323578471,2.21104354435779,-0.894359966264166,-0.0843516613042074,0.153562837711692,0.510820160529704,-0.283795815975951,0.125304896633564
87.415,-0.363631197673671,0.0409003503007153,0.878124355324977,1.49570993235591,-3.92371150546744,2.51437450035265,-0.52407133385651,0.0562423244365588,-0.18237667632506,0.109797824585061,-2.75441301396688,0.977539193920547,-0.901502609656365,-0.32576283150189,0.145684925581006,-0.546053432181743,-0.705854291588839,2.04459005090082,-0.871641562365506,-0.0881586162726824,0.162552765715199,0.470839015763357,-0.274509286413927,0.104192123794432
87.42,-0.39610927827063,-0.0162351547092594,0.921666442542364,1.73915432253879,-4.11155378761051,2.66971592285771,-0.573251049694637,-0.0101043014951976,-0.173408543412779,-0.361187382029534,-2.84352965823708,0.976135338201238,-0.90504583641999,-0.326686799366821,0.159914897491512,-0.497436499056425,-0.691060008112472,1.92549242121583,-0.846246593174667,-0.0765692215280675,0.17811895698175,0.436820077773997,-0.286100201272669,0.0664417637027475
87.425,-0.397161082037965,0.00423743037014758,0.881079726955703,1.84069484498456,-4.24446632372003,2.7350483727766,-0.62736832852167,-0.0288079497549591,-0.113680567692754,-0.62385752546525,-2.95609222046518,0.960746224776998,-0.930122992496026,-0.318815534397286,0.183242690961411,-0.431881443897161,-0.676593618184158,1.80563211396966,-0.819589536702088,-0.0677360304108359,0.196058093005535,0.402634243634474,-0.302290352818936,0.0384725617619158
87.43,-0.380467855286734,0.0487845665745697,0.823771009557387,1.75748408907916,-4.33947748183367,2.7231670655712,-0.688277699659866,-0.0174298695507891,-0.0620660473814673,-0.838192129140944,-3.08794008218734,0.943910255338546,-0.944032044412191,-0.31211101024207,0.209167768506864,-0.343976172205962,-0.698960901388251,1.70852565608605,-0.794902764233453,-0.0598519039333138,0.214716774938261,0.368567020726562,-0.328176559390186,0.013513011477549
87.435,-0.37289524731289,0.0484580606866409,0.798597071590686,1.47442669326397,-4.37338733673096,2.60812036742505,-0.726575789262276,-0.000425436779174679,-0.0420741130532944,-0.919476629810867,-3.22925866994581,0.932067808297353,-0.954904916883536,-0.307902096453985,0.242377711597276,-0.225231912885479,-0.74268984525103,1.61549449474623,-0.779040536010623,-0.0550786456575427,0.236520425561202,0.326846346461226,-0.345537369809648,-0.0133030875102709
87.44,-0.3929539630493,-0.0180330927563821,0.841530812195022,1.18825549729819,-4.3851796370249,2.43517733120693,-0.773404755782433,-0.0194973282366838,-0.0679155826582097,-1.0368055416932,-3.4214720650229,0.919721712965377,-0.953629753700317,-0.310087202006203,0.278543860787696,-0.0795578116450856,-0.781698735871698,1.54230555868141,-0.757664815261718,-0.0501545066362519,0.255780959718868,0.295150463970892,-0.351303715378698,-0.0212040202897307
87.445,-0.453670977717103,-0.153409025486694,0.979069789332714,1.07381023444702,-4.4269331737253,2.23261328470526,-0.807125591858543,-0.0652589229864847,-0.100756702427307,-1.1576887068545,-3.55844865263155,0.934816058166972,-0.938026603840073,-0.321145745890401,0.286626913775958,0.201035517038243,-0.829221115278024,1.46959231428166,-0.754207213034722,-0.0521135301055329,0.273889996815962,0.25456716277241,-0.345318973064423,-0.0359681028709727
87.45,-0.513094361919789,-0.222260675477592,1.07922911225016,1.22286979103973,-4.52155541711456,2.13293775956054,-0.836902486775897,-0.13035975621365,-0.166288065922035,-1.28178923397168,-3.70378427858835,0.946895196088095,-0.911172154220246,-0.338106497766498,0.276473999617271,0.490782759496575,-0.84579458178376,1.42398779548408,-0.755889445868461,-0.0533970276588733,0.277591728966244,0.24555159341768,-0.340750318779096,-0.0516184440656918
87.455,-0.57276601485554,-0.230308469388921,1.14234411621522,1.55001741387094,-4.71222229304861,2.06362566113897,-0.867784713811983,-0.205589192352854,-0.230077019840947,-1.4100717767134,-3.83072120615688,0.937018958973978,-0.875315258624599,-0.355857840666276,0.260144185080525,0.828019809820985,-0.825724805723856,1.37905467214676,-0.760504582430353,-0.0464525288414806,0.269786310195118,0.236530379533805,-0.317126189045966,-0.061207902123322
87.46,-0.640783329930368,-0.137383226576732,1.20374663086097,1.81159859000664,-4.87834143199488,2.0373989478472,-0.892946073872537,-0.241360296790899,-0.245719507221294,-1.39029647663669,-4.00357650055374,0.894107764063142,-0.830163032498628,-0.391420529801182,0.209720254890329,1.25518645300114,-0.751722921686666,1.31810110923329,-0.761320655392669,-0.0374723209645198,0.246500335858959,0.265244389195771,-0.277152434379263,-0.086318154024889
87.465,-0.72611182736648,-0.0533762252284715,1.20590908505951,2.00473351046745,-5.05161472909045,2.03317523899399,-0.904150552336763,-0.290716826757289,-0.298579406390517,-1.2939370183433,-4.13161589562775,0.848682610796819,-0.79399878395348,-0.437146993215735,0.154756541886224,1.64209312705019,-0.673389610085203,1.25290180972899,-0.765305841938639,-0.043551037918527,0.228687110058916,0.304479019470938,-0.218780146437538,-0.0996607278887956
87.47,-0.758259632224982,-0.000537013050844087,1.14205662904668,2.03788170684613,-5.23592099959666,2.03894110590913,-0.91444824942158,-0.33486411689944,-0.294374313311392,-1.14682646806971,-4.23413892522422,0.807522368910659,-0.748062829858445,-0.480371543670131,0.117359872007568,2.08073845370699,-0.559678127805026,1.19048193918673,-0.76985627545807,-0.0384823916519141,0.191300565315682,0.328129117993655,-0.156062718370974,-0.0900835948559945
87.475,-0.745467373526248,0.0192333940938419,1.05028660457278,1.9512149143338,-5.32668196294619,2.03007829586778,-0.934087234831674,-0.333195875595344,-0.229240615356444,-0.919075801192713,-4.34309607979558,0.767419970792497,-0.705851332292458,-0.528632412993698,0.0732513470188485,2.52972875236719,-0.430959291726973,1.1357147373249,-0.778751627782434,-0.0496790419960392,0.165655348264362,0.331411092791506,-0.0572296722308898,-0.0592110313106124
87.48,-0.712422811598545,0.0252679921962816,0.955075042030605,1.79831015715311,-5.36424051191971,2.00435279644058,-0.95271989653345,-0.31852318979126,-0.23752642918574,-0.745867528755993,-4.4265604004063,0.749052667519727,-0.665025557888066,-0.56732950711174,0.0308993942231142,2.95832258689131,-0.291910374330674,1.12589494027222,-0.782553876317717,-0.0504515899718968,0.143922206544445,0.326523737833386,0.0400459394228138,-0.0321459569999751
87.485,-0.683223175794758,-0.0128533683368568,0.877656076231166,1.643347483381,-5.31119486450519,1.95738806247999,-0.964116639169353,-0.318471229841198,-0.239602624293566,-0.602395938299635,-4.50719577181989,0.742446616092922,-0.643875587080733,-0.579646189511788,0.0143420400300242,3.18726656584142,-0.193990763522522,1.15310733133428,-0.789105831516422,-0.0523113960775283,0.143546139585622,0.323762755350345,0.0968266719027234,-0.0192668339637142
87.49,-0.689564466899293,-0.0267142741908625,0.86329205136538,1.59847499319907,-5.2160809700775,1.93756837259229,-0.972955233780987,-0.339923006215958,-0.266382053939602,-0.456086106351959,-4.60804721224863,0.729499374149335,-0.623771367442704,-0.570637388663892,-0.00026688470093584,3.34142878345273,-0.0906633107703426,1.25560553898361,-0.811008795021681,-0.0541383733776259,0.138808997591034,0.304811822298901,0.130983038587469,-0.00347325521130111
87.495,-0.718997824402775,0.0192709287826061,0.873780382798234,1.61171754283429,-5.11233778965189,1.95934132899286,-0.980219418238977,-0.36908551342405,-0.296372956554488,-0.323811809980906,-4.69772877024874,0.717236544985514,-0.610040476867503,-0.553275027219714,-0.0119612503876484,3.3706118771098,-0.0101713558957027,1.33704045790018,-0.830155815156587,-0.0587223296990029,0.141577579868436,0.252537595171681,0.152469776091048,0.0173571082832774
87.5,-0.758125764266971,0.0991819349416293,0.889712098109824,1.63745863414437,-5.01023585113251,2.03120863922369,-0.979887092318239,-0.395129340479759,-0.331032130207677,-0.191059095134645,-4.77598359711285,0.691928119151628,-0.606113998616623,-0.493206794448927,-0.00939102322958848,3.28070070478172,0.0879464695940909,1.42236258781514,-0.857087952577177,-0.0775804741185177,0.142621294009763,0.180543433710057,0.152307145019279,0.0345558675766038
87.505,-0.794049920303751,0.187770878692816,0.905294248811488,1.64177309376937,-4.91576141898922,2.14887169107825,-0.997433422942134,-0.394974198290557,-0.359494225089507,0.00152415188993045,-4.85596095219591,0.667334199564106,-0.605326629515722,-0.422174476598308,-0.00920494446170577,3.13494168372787,0.183316420849495,1.42429344857264,-0.872988859763377,-0.0855103381302385,0.158617209528295,0.0700076416024911,0.10768415542739,0.0367909888604835
87.51,-0.827589239207204,0.273759017821578,0.91483381455597,1.57577238738368,-4.80734409908616,2.30571739574482,-1.01385290549849,-0.372271867889017,-0.368055744821438,0.150844752710158,-4.92269041685705,0.65455792977253,-0.605808015533652,-0.344182511859167,-0.0286570093098482,2.82705390107117,0.272504765074813,1.37307246707521,-0.896265734167259,-0.103729122555478,0.181921589688152,0.0174937178756622,0.0711323421940187,0.0302076890656924
87.515,-0.839768514530668,0.321337822226897,0.933374798568616,1.48058101540707,-4.68564460651364,2.48575317800449,-1.05418417441721,-0.326000300983972,-0.380852937591736,0.282308655166521,-5.00913961793863,0.639432425850441,-0.608472760537812,-0.282805683083808,-0.0390703563213917,2.57330845429506,0.344099474352369,1.27882881992187,-0.915953329645601,-0.119879603966722,0.200349194649569,-0.0147120738622447,-0.00433855021939245,0.0163278349044248
87.52,-0.836755528352919,0.33566629011696,0.948574778564242,1.38799257699424,-4.5511867822493,2.67446317784967,-1.08226477867136,-0.282707478156316,-0.388164095414696,0.360513971734278,-5.08822692482006,0.630372098113828,-0.608639935323568,-0.21966181913058,-0.068312339660237,2.33841300500167,0.433692479982219,1.1156459695078,-0.923518010341909,-0.123687304256392,0.210086640849348,-0.0262677059497965,-0.0680890855152931,0.000422246018582874
87.525,-0.825473827516591,0.334453454999234,0.934812683129083,1.32988557397721,-4.43261886674251,2.82064981467197,-1.13473815326408,-0.241595890626164,-0.39346484004747,0.393299357462197,-5.14790616329941,0.643100471899571,-0.611281881514552,-0.190246440815887,-0.112539758705076,2.17336779129918,0.485536375390055,0.96530545408993,-0.934754535976597,-0.141026340502821,0.223419433369887,-0.0348410232095065,-0.105043560105937,-0.00473888254287716
87.53,-0.814158276650677,0.334445367259289,0.884932221944847,1.24212079512994,-4.29316903816705,2.93390220618584,-1.18234768005444,-0.189231672710486,-0.383435194752361,0.329236364061391,-5.21296204095628,0.651966050792747,-0.598269452086903,-0.164347844290793,-0.140682630552532,2.07272421069481,0.541705913979348,0.808922652449726,-0.943190294604896,-0.149503298485661,0.243284285563034,-0.0420348169248481,-0.112514119931429,-0.0141899556226396
87.535,-0.800313380413629,0.356688857320955,0.842015045049916,1.12681891857734,-4.11222323538312,3.02446071932881,-1.22725508440092,-0.137508573772691,-0.35965306512576,0.24451336102807,-5.28832150202683,0.645012406190556,-0.585566221698523,-0.154870091441435,-0.182646690001762,2.00840416966841,0.580772630024954,0.659779228815626,-0.953763322675952,-0.157203851601224,0.258981342376652,-0.0513571901079583,-0.109713695862139,-0.0218395033612951
87.54,-0.818556725499448,0.407044501683769,0.840364640151866,0.999669990544877,-3.89812970098625,3.0800942719758,-1.26855153079642,-0.0829963951837732,-0.339056160287575,0.123481686110003,-5.36178270191441,0.636560719198871,-0.577086871961852,-0.159169866656787,-0.214911966269173,1.93183492371833,0.591408086439309,0.547856396915127,-0.951755828030616,-0.1612099226864,0.272289184112213,-0.0665274561106462,-0.10593477498037,-0.0293973523683117
87.545,-0.916946448867499,0.493248094645339,0.963056562690995,0.818307872311726,-3.64987339889709,3.13416404570342,-1.30429328532909,-0.00918546758554424,-0.366610493156705,-0.000731061815745993,-5.39706397994193,0.637613655459466,-0.556190230342052,-0.16909139973284,-0.222710295300828,1.78602521792941,0.555182668848463,0.454526485094656,-0.957458088191622,-0.161667628060356,0.286160500087635,-0.0763800485338895,-0.114756869005342,-0.0298422496164121
87.55,-0.99639098723341,0.561333756540188,1.04786068485867,0.671198966103292,-3.51244028783837,3.18407040295801,-1.34959314318914,0.05753727410728,-0.41304124310037,-0.218866627140635,-5.46436022454074,0.641087400306144,-0.532636152815209,-0.181680658441351,-0.224975693907299,1.59811864494235,0.502615048863705,0.360665325127623,-0.956435825370965,-0.167527801447103,0.292448931873949,-0.085106891622432,-0.121881676417786,-0.0312993314354627
87.555,-1.09305332126072,0.612022261403541,1.12821043186781,0.555536345551277,-3.38608026745891,3.25684943334402,-1.38715391091872,0.114314747745016,-0.423782560577161,-0.514787614545275,-5.53263333436243,0.643063077039023,-0.512929390022203,-0.191135660636964,-0.215629433103867,1.4072378729616,0.442493903586707,0.288935807165216,-0.966900755877575,-0.174665721767018,0.291559169479599,-0.0883276111652874,-0.115452410125014,-0.0336681686860731
87.56,-1.22162089382597,0.64185005998346,1.26371589305753,0.531010596536353,-3.2852173055944,3.36216341452249,-1.42482920261601,0.172811903835417,-0.466663571276456,-0.811600912048108,-5.61419364692357,0.62378408932682,-0.488130736265746,-0.199695685282936,-0.200352378315111,1.14218633000383,0.334613311025205,0.192277554810119,-0.970958452620573,-0.170461403666908,0.28711209072748,-0.11388134112766,-0.0949082151229542,-0.0287047131041487
87.565,-1.37887756185538,0.708443569078718,1.38681251865148,0.568577351899144,-3.26105177305879,3.53950172663314,-1.45433852281474,0.200295756439274,-0.546722532373109,-1.19836423941268,-5.67216578032268,0.601894939093841,-0.47238103036099,-0.214222097117202,-0.200722892997025,0.896873800943884,0.232544418913442,0.10085355146278,-0.976598034966014,-0.173976833231581,0.269415580330469,-0.168301740294378,-0.0456048450009646,-0.0189867048630346
87.57,-1.53395550128028,0.787686230073261,1.47332683688032,0.565214784101527,-3.32135864942581,3.75878226525003,-1.50754827073988,0.221784946883471,-0.606554275363721,-1.64155346590828,-5.71620630393524,0.57649644175357,-0.458385375819359,-0.218336186273822,-0.199013845170247,0.630438404815108,0.117129572940947,-0.0309636157044682,-0.980910816752493,-0.175961827957226,0.247642290760854,-0.243364990941133,0.00496708052709768,-0.0090573950323284
87.575,-1.63175627393898,0.827551185657667,1.49065374908507,0.484786459496849,-3.40962405388041,3.9368221290527,-1.55080167365331,0.237551568018001,-0.633977446909292,-2.04285675244118,-5.75517234965568,0.518521064053354,-0.444904027151021,-0.224056665399345,-0.208658615287212,0.370898721935428,0.0021702362167366,-0.181864950829725,-0.981456139326561,-0.183199659674394,0.235627068920684,-0.341973479188752,0.0783218877008712,0.00401187349465961
87.58,-1.7205739455062,0.790482521137515,1.45030386570064,0.32507995067994,-3.50477602557861,4.13715380488266,-1.60342849994667,0.214675880168656,-0.639608932668626,-2.40668533339408,-5.78809190128505,0.482679950177084,-0.440859836570935,-0.231393532507992,-0.219552544391241,0.170565524014534,-0.104055980403262,-0.302591968375128,-0.981515143183781,-0.180894595234597,0.23363111687943,-0.433031352582305,0.13630239487623,0.0154917675093659
87.585,-1.78406332435862,0.672734128295494,1.3963986382052,0.242442928224967,-3.5314237741464,4.3001876773167,-1.63120586110043,0.17508503661455,-0.648387032206824,-2.79928209487327,-5.81030821143545,0.415485369353574,-0.435019090109133,-0.230001480493547,-0.229054605270042,-0.00569189545542496,-0.202777782386586,-0.424077594124028,-0.980055359441911,-0.169909858474071,0.239014572046118,-0.465358109211278,0.190176371349907,0.0166528488973218
87.59,-1.83149808660822,0.535985192365904,1.30995663908748,0.208488236710138,-3.50874685234181,4.45812886988208,-1.63364540417371,0.0982507217357247,-0.687926212285622,-3.06744365882888,-5.78810627096557,0.367390131381943,-0.447971338632664,-0.224780084220969,-0.227920516225978,-0.183727626955496,-0.272471782104902,-0.551395205168677,-0.990676949734501,-0.1599055083544,0.250616710862448,-0.475269170957491,0.254224411535841,0.0120044276118279
87.595,-1.84524160047375,0.451209813087958,1.24412628984562,0.216611784191759,-3.44724414542647,4.56744521255996,-1.64559932943691,0.0110852474320687,-0.70496053312207,-3.31520004647217,-5.75228771311174,0.289292543946883,-0.471627710573637,-0.216491916205005,-0.218561565822271,-0.318889540250742,-0.321488808210524,-0.687436388851362,-1.00288215735335,-0.147769468265645,0.258466188033604,-0.449436638604363,0.315850621449059,0.00749576279644114
87.6,-1.83945989101073,0.329857150994828,1.140490155202,0.221571499566485,-3.30461843707644,4.67278697821749,-1.65487798762727,-0.0391823177146194,-0.691207292393191,-3.39034976861285,-5.69435237883881,0.20644578859898,-0.499981693271705,-0.200515219710799,-0.193833161478217,-0.463076636850439,-0.352615814708757,-0.813032163529683,-1.00102423031306,-0.130281345462245,0.267361905238158,-0.4024033169745,0.376848283156627,0.00230422766744591
87.605,-1.85905877129757,0.26149786064079,1.08405406936956,0.182861669254485,-3.1197067970698,4.6917896909003,-1.6907400031829,-0.0919988105150501,-0.677823754962891,-3.31794970906762,-5.64948124388302,0.0866572539051472,-0.527946749908876,-0.189083398452179,-0.170193654967889,-0.567193073621327,-0.360360285216278,-0.917526754900456,-0.986836831975673,-0.11452670348269,0.299305173194274,-0.292676503605564,0.413156570858464,-0.00161666941508283
87.61,-1.92790728639745,0.249425418935191,1.04991804138185,0.107857362651631,-2.92132104701187,4.66564069998827,-1.72992853517332,-0.119616464643259,-0.710551975531243,-3.09602429563687,-5.5546313078932,-0.0581774508341351,-0.565617425402099,-0.163779568276144,-0.151164396437845,-0.655122165936899,-0.34265441115945,-1.01000113992048,-0.967995374759685,-0.109414852713531,0.327652457439308,-0.218886137287024,0.427805098011003,-0.0030340974742385
87.615,-2.02601465313906,0.263954037783739,0.997901890981816,-0.00699935830057529,-2.76759153794195,4.60802592159556,-1.7818048452755,-0.143268749727872,-0.738815113597762,-2.83217009901965,-5.43547445099049,-0.170001417711932,-0.61613547851227,-0.126275817370712,-0.133993369674798,-0.715088958699045,-0.311210029550037,-1.0966942774426,-0.944752640263433,-0.101564905128492,0.354905407339671,-0.132369682106103,0.447719094453857,0.00444104858795311
87.62,-2.18487642785204,0.298059337574477,0.895362062332214,-0.19631784900552,-2.56765652909092,4.52677281103678,-1.85278911183505,-0.203478651798478,-0.785347081094556,-2.55915608064919,-5.23327515084306,-0.315858257364756,-0.670195353651185,-0.0862785530878959,-0.11704062983758,-0.731595882687552,-0.274737528261281,-1.14980241246224,-0.929019902306684,-0.0998356152844918,0.367617736891073,-0.0814354048598005,0.47702753131548,0.0255135925037045
87.625,-2.29080687129696,0.293738071015102,0.823148881359724,-0.395786618224309,-2.40990497601201,4.48306925564049,-1.89371972027053,-0.212663430216936,-0.862705560620246,-2.40604606314917,-5.04787574467546,-0.409918302007108,-0.722190251285602,-0.0428971345540424,-0.10504406413022,-0.680181904757113,-0.0363387417113658,-0.0780420776857893,-0.92905784706079,-0.103468644063038,0.35991905987566,-0.046377589513228,0.513319560687535,0.0441611865489228
87.63,-2.3407069166655,0.241395813229706,0.697034953891434,-0.675985946030071,-2.22708342779482,4.45888817451291,-1.89261203931714,-0.148925882403998,-0.934965462324056,-2.18832167053716,-4.96092528274841,-0.509731855441993,-0.798920423722089,0.0376576582155346,-0.0718727619941659,-0.616261118222246,-0.243844111535856,-1.13148904089247,-0.92792503367819,-0.100114033822819,0.354767631413117,-0.0206974879118212,0.534532287824332,0.0595435247312816
87.635,-2.32557041466981,0.109951434812236,0.529923794618188,-0.971822046691373,-1.99236524634521,4.40040292435907,-1.86220601878336,-0.0874295035724925,-0.955475977638333,-1.96848806944399,-4.72696786456147,-0.582189506197727,-0.872516557446664,0.0957021284196608,-0.0390698440275434,-0.523166570916173,-0.244410074271467,-1.12326374625829,-0.941461720893468,-0.0986897308051476,0.3423623316821,-0.0188546746007376,0.556312520463553,0.0714881744113657
87.64,-2.21314552677727,-0.13585019078906,0.2874318973561,-1.21735111981794,-1.70495282988438,4.2568321140686,-1.78673757065123,-0.00773710403282692,-0.970361138780347,-1.80851497057691,-4.38749560641708,-0.631454303917421,-0.985403651415426,0.185086660337993,0.00247861689424085,-0.306333562923847,-0.242819828810817,-1.10670367252827,-0.954272197801461,-0.0986615656443223,0.328272664638866,-0.019254919141531,0.559909663369512,0.0718909613112808
87.645,-2.06949712785383,-0.377256775835094,0.031982789012377,-1.36894337981909,-1.40157142677987,3.91873445181346,-1.70511002903345,0.0994692829373609,-1.04124782693969,-1.76546075486112,-4.13949186146275,-0.633388996502546,-1.10207184206136,0.262277504187488,0.0589064679188299,-0.0303482115158599,-0.249507106022703,-1.05409349974097,-0.95745843558468,-0.0839594048457199,0.334346287052421,-0.0431293525932087,0.545810496590116,0.067404362254819
87.65,-2.03142109263969,-0.61015823996619,-0.248881908506509,-1.45714553642794,-1.13221013975468,3.32045406723213,-1.53224174939593,0.230571385221667,-1.05672219726473,-1.64638762231658,-3.91357802097031,-0.611422114767989,-1.25955643724047,0.357232654788274,0.119683291723962,0.350339484999472,-0.245984175720331,-0.958078078851863,-0.960905097957885,-0.080067625850909,0.350566326715844,-0.0808658930194761,0.509397314948365,0.0676197287016546
87.655,-2.07000376060309,-0.609415667113879,-0.444102913688458,-1.48900599309498,-0.921929956469891,2.62665817673641,-1.33452534052765,0.352858412542004,-1.07382465542021,-1.48580842082457,-3.59979945131974,-0.560154002542637,-1.46426927351255,0.480878845103511,0.177755349605675,0.755816267548385,-0.220317102862539,-0.847031630119289,-0.955230666952308,-0.0710715835031172,0.375591079300692,-0.105835747174904,0.450776809274946,0.057750613370588
87.66,-2.25460178615133,-0.636775140425491,-0.447362383428253,-1.4046946329479,-0.662982311169254,1.72581213800617,-1.20613453722304,0.480972655215938,-1.06409927262231,-1.37991838831966,-3.34039127660482,-0.427281911586191,-1.76612880562635,0.688729245480264,0.251600616006679,1.25124085831375,-0.230559912744579,-0.683383392533008,-0.955942455317534,-0.0606802225851824,0.398320038324323,-0.114315879761171,0.392453220714612,0.061804890976662
87.665,-2.60816652458439,-0.789026638680214,-0.184024239375351,-0.797882606408035,-0.49257804723155,1.11612577690843,-0.863864853178852,0.632968926315583,-1.2585446301199,-0.99474088180015,-3.14577308274773,-0.194564323526689,-1.99939844385643,0.866700415983418,0.324475793518971,1.66928083291079,-0.281856909747231,-0.484482815356031,-0.961905000120772,-0.0428966505388833,0.422907064593413,-0.10987045694632,0.328041223499263,0.0712797949329998
87.67,-2.94660671016633,-0.911601904620931,0.021412063881507,0.14669466471538,-0.562794063409132,0.807775971410043,-0.812341336956327,0.37840386359521,-1.59809034815876,-0.868966358745293,-2.793679852441,0.0546602936407258,-1.99963161390811,1.03815153402629,0.387853732366176,1.9623427125064,-0.408193909407278,-0.1969625826469,-0.978942908545028,-0.0252456000669731,0.430663508453733,-0.114456566207782,0.292122011701586,0.0916981088287921
87.675,-3.09974110379932,-0.881843328725141,0.0967855007617415,0.960752362013182,-0.805110867231515,0.827122073706603,-0.639590966548621,0.26445798601753,-1.75817398839899,-0.773420586250535,-2.38758334230602,0.278927063511165,-1.9999284511975,1.18867405900757,0.449483532109293,2.073379964591,-0.556554161359749,0.124620447182393,-0.998797183354371,-0.0168049536392756,0.420661698109321,-0.142737416771908,0.279147524844652,0.113043866964849
87.68,-3.01376895677469,-0.744188966485587,-0.0691700615518386,1.53972349920604,-1.2360919979905,0.48911296783059,-0.639962489613509,0.0852587615270309,-1.66861712889642,-0.371097441351193,-2.06115023850291,0.429568509776802,-2.00012177676532,1.40361040907851,0.52248846855566,2.04786680871885,-0.754039830012374,0.717976628045886,-1.01310197639467,-0.00733649800493192,0.401747342076235,-0.181722887095004,0.274127785956982,0.145390015463841
87.685,-2.80438765309157,-0.720138276188067,-0.315864301940258,1.62982453143778,-1.53203058513817,0.231297299606549,-0.694589024099157,0.0692740380703356,-1.63481466785063,0.00816562911363795,-1.71269942420094,0.441998097888158,-1.95898604735236,1.48907871445306,0.52331771858207,2.11846267423163,-0.741989596460563,1.19745939430587,-1.02699828792293,-0.0146886430109174,0.387948168999214,-0.219874893588921,0.278966933488846,0.165560101598209
87.69,-2.56163447987954,-0.755906957320034,-0.633732905397959,1.38069030988366,-1.66067229694324,-0.013158520349403,-0.778500466918281,-0.0552690764910096,-1.46908644664214,0.433628709545309,-1.34133789316552,0.451044386448156,-1.54334331565041,1.40446023893929,0.402673969557939,2.09801204836439,-0.606725850739629,1.35862699007003,-1.0298690306643,-0.0206394720864371,0.380945927192924,-0.254355645970104,0.279952778738473,0.203113535921176
87.695,-2.27081661434525,-0.871568527948433,-0.947197828529191,0.834927009200877,-1.50877999981283,-0.29306850905319,-0.779327306534165,-0.127256794853339,-1.30684512325286,0.724963518536538,-0.828613539417094,0.355371089389528,-0.932198026468728,1.17643021995158,0.122602170400519,1.63088803365349,-0.362777952835398,0.92773275186693,-1.03778900529883,-0.0366659096362502,0.377797784265775,-0.283006039083957,0.281455282882553,0.230085655307815
87.7,-2.06592735088912,-0.95200572710561,-1.1732100650891,0.342456189116014,-1.15580438304775,-0.523081599825489,-0.770328564144055,-0.155485828081547,-1.20012646025363,0.824448334841324,-0.279223499416461,0.187633767296261,-0.86909343197153,1.17670171662509,0.155815434951289,0.839052960897824,-0.24093071406443,0.151287774438691,-1.06322867372058,-0.0585194845654305,0.375640311135549,-0.295882719023314,0.265438958805204,0.243516634723175
87.705,-1.97549681188637,-0.956414039697455,-1.25539650547376,0.00504950134139489,-0.636753919607781,-0.723354698636161,-0.701259295383098,-0.115652523198927,-1.16302813169133,0.81262665481335,0.164788440794504,0.0732269646318902,-0.843185107431137,1.06933287155927,-0.0327566075993922,0.529427953492921,0.0543781489012545,-0.937517417726411,-1.08456725981681,-0.0900746534843829,0.368776506409032,-0.299525118348496,0.260026924941894,0.258404467739877
87.71,-1.9132830992019,-0.937201122049455,-1.20659342734323,-0.0797075610005518,-0.0127556135521465,-0.927400911706497,-0.715029098855107,-0.116055421137203,-1.18108647465808,0.742324924902912,0.567312654951261,-0.0232701696691853,-0.918555049710502,0.86841889183108,-0.11484023505134,0.516321979374553,0.179259230267196,-1.02270704025164,-1.15202719036834,-0.134269533087809,0.374952127726428,-0.283343913668435,0.233196154042783,0.219193352285224
87.715,-1.90463255004819,-0.779284281100607,-1.02542580228412,-0.0448505179613866,0.558401169540915,-1.10573522266548,-0.744991993470435,-0.0657551484233688,-1.16620643435086,0.659081134124235,0.964519015361452,-0.105093876115436,-1.04267334143702,0.699242075945128,-0.194813802905399,0.67724962137626,0.224658462929959,-0.53769541401449,-1.12491336660077,-0.110763139186878,0.358799870643813,-0.257476323200254,0.165565425483935,0.184029210264604
87.72,-1.91039094059753,-0.583236212963149,-0.818306711986585,0.0381086627895988,0.974339048637723,-1.26675763944826,-0.755018266616815,0.0339385775671766,-1.14744010761937,0.685504749374212,1.26879673710277,-0.136531680357032,-1.11544212923998,0.609475062137456,-0.187722078206304,0.722309038876769,0.141720047773765,0.0193319428362588,-1.02710354555656,-0.127100804041046,0.368196252428704,-0.247962752897922,0.184110439356686,0.252294842767432
87.725,-1.76326291887764,-0.357152628003684,-0.693238306157309,0.0791072733803876,1.25448002316013,-1.49199066333295,-0.814898039968429,0.132138707563445,-1.03980016633855,0.828151903723528,1.60399580983895,-0.127547138990208,-1.05652857509949,0.543819683741358,-0.146200759846307,0.89824588095897,0.175600575196031,0.0357021950612987,-0.977650777573522,-0.169517636063439,0.401455853381192,-0.21407849094431,0.182439927793764,0.23678310279287
87.73,-1.72385134166019,-0.368230859970612,-0.707796685374794,0.00748828070752318,1.58957649989765,-1.75487440392952,-0.893108775383381,0.204066924272059,-0.811012809483084,0.913713128105734,1.76888061365294,-0.0996459432229078,-0.962339663888086,0.442307658712059,-0.143228981657352,0.968151812495011,0.157205020413631,-0.128399521014478,-0.964434161495954,-0.148479645156364,0.441006990055449,-0.179902824483369,0.149543492369195,0.231432573666466
87.735,-0.956834362886044,-0.454304070331354,-1.01918876148372,0.172411678547586,2.21935739993175,-2.16828277987642,-1.02592843861851,0.32252171613537,-0.194777943646044,1.15634062317118,1.85042563416751,-0.0573725078778182,-0.87234784161647,0.343653389925586,-0.0578373909615182,1.00437341276317,0.0942273674696992,-0.439428988751554,-0.997456646008035,-0.124109451926699,0.472931532154335,-0.159082752483157,0.108020310874819,0.306806201835475
87.74,2.3147070365819,-1.33272953022153,-1.25362389184439,1.35000489311671,4.3231834013838,-2.94678362805517,-1.6101519483425,0.451629756097551,2.55636439488806,2.08755793352226,1.27756408891734,-0.0748143563386457,-0.819822251482907,0.0969816391515219,0.0114754350938389,1.10826600252999,0.0867191201632776,-0.79579408526481,-1.04145188399277,-0.107651175343549,0.532135929687989,-0.127751421580148,0.0414895601086484,0.379165479250624
87.745,4.08729592718885,-0.642329292414341,0.12358471113789,3.2318270553794,7.38000317120779,-4.01132251327023,-2.45612593288615,-0.250932152022271,3.2787142712869,2.16177910650068,0.687375885016221,-0.352965722614594,-0.854793029185175,-0.0558220319292921,0.0886965532533577,1.14531250721261,0.0458067180380392,-1.11619395136769,-1.09933420344623,-0.0995136532084435,0.607551300134997,-0.0350925910376171,-0.142049203181424,0.436390189701592
87.75,0.220039305348407,2.07879410398934,1.07060116566124,2.98849743660179,7.42007874303653,-4.35023181814837,-2.99714755570632,-0.405024104169563,0.094637009010832,-1.63314948356893,1.54962373938766,-0.326030491114599,-1.16294652474314,-0.0616634769461351,0.150637389369038,1.26316420598593,-0.0196405346889314,-1.38901962112657,-1.24673964248842,-0.0771811339784233,0.581333215559267,0.153253941407236,-0.351744064812837,0.417428899129118
87.755,-3.47144954790885,3.24472677470438,1.8323994761537,1.11045165703359,6.3154891973891,-4.05160543572854,-1.76920366806232,-0.0356574834235958,-0.395705117316541,-1.68738952005582,2.07290821748337,0.202711287207348,-1.59705294543061,-0.160800288753607,0.0947473740911198,1.24689566674689,-0.0562226031782699,-1.66824467106625,-1.44941755682114,-0.0392091865750993,0.498646223167265,0.33509910988968,-0.246106605622722,0.411306039792774
87.76,-3.3674350853657,3.23806355877122,0.817832636771266,-1.28007571351929,5.3247583081374,-2.48386047962468,-0.809930984830155,-0.19092581248987,0.100354424986346,-0.529328619728722,2.18133775956783,0.367566081274382,-1.84728685260337,-0.26194566197493,-0.0834161566313048,1.00977555102716,-0.0710646929331764,-2.01546553290667,-1.55629195092047,-0.0646362145799743,0.434175722995841,0.406764560557409,-0.071427089806148,0.424685974359874
87.765,-1.64963220475995,1.73012369822182,-0.255270049237627,-3.24651832553326,5.75582982480702,-1.15689540815729,-1.01878051544243,-0.312707787313304,-0.0953997243081646,0.0688084668698921,2.13777472095724,0.275965328119549,-1.95075593268585,-0.25802200544462,-0.297866799586228,0.401500521276949,-0.0485756442501893,-2.26743878068512,-1.57662663291688,-0.129643316457219,0.401581162934398,0.295025832054897,-0.0828865192651463,0.369286765778332
87.77,-1.39467910601756,1.05894402239633,1.03005674456124,-4.07465686871548,6.0529259287666,-0.74298152514418,-0.943762443613401,0.676502913847264,-0.634183314002471,-0.518843639248849,2.00975437365617,0.313981786397212,-1.75490650656926,-0.169461585372502,-0.363583163774255,0.233808940069465,0.0351385677305822,-2.02234388809713,-1.53575332401879,-0.183684899444559,0.407143741366831,0.131350300540031,-0.303435814420755,0.250573242919441
87.775,-3.15089289713847,2.29060678885875,3.52012177941255,-7.70680961790386,4.41424819801783,-1.08306697840679,-0.675901617057735,1.03652368652835,-0.509799106487998,-0.394685417774769,2.15631805660746,0.48472915466675,-1.27810985970504,-0.0401043334351728,-0.401047026072641,0.386251442374406,0.33399686739065,-1.34579529540117,-1.37716110236427,-0.215036850897215,0.398766314492701,0.100550164235838,-0.629282196602971,0.168115708663288
87.78,-3.36137415338356,2.41565482958269,3.68056164534012,-9.2530781447396,1.71905370481277,-0.742590727520279,-0.820743537587273,1.28134709858115,-0.362098845365401,-0.419961544488174,2.30611754652879,0.651372169751996,-1.01909902951719,0.0855610745375213,-0.39182878784917,0.597767563861234,0.567686653653717,-0.73477835235382,-1.25391118984787,-0.237826302431287,0.375391191923855,0.140561128742398,-0.865877744331532,0.141067443601821
87.785,-2.19802213354848,-0.448327988090536,2.73733007053794,-6.45592958453128,-0.105213292095964,-0.0952848221170212,-1.22425704917779,1.2611099358595,-0.27993428485804,-1.10033766724522,2.36951229689569,0.620187548813141,-1.01880601887293,0.244740715146196,-0.207352807416005,0.79799816795281,0.620876106867218,0.240433011068427,-1.15768511398924,-0.232012241308619,0.297795816173686,0.242404568279388,-0.961444641290839,0.14090009546333
87.79,-1.50342628434169,-2.22984444884799,1.30194081873053,-5.13614509078984,-1.39951187365011,-1.13330078407411,-1.65623892568264,1.04400810343896,-0.424027240468517,-1.99751680535084,2.3728358987075,0.594300504808451,-1.23507110926554,0.264774043233853,-0.072059187433212,0.381019213090635,0.389024369713262,0.600678159931564,-1.19217852024883,-0.175817651619732,0.222142999093397,0.409979107604507,-0.766887043043639,0.129631980038541
87.795,-1.59605297861781,-1.98922098124937,0.530677945737761,-3.99414947132265,-1.17323157591445,-1.90425188162104,-2.05704097249671,0.60738687311934,-0.800106172065438,-3.53137863031845,2.44321078429761,0.674086905933484,-1.48569137477626,0.195722852557389,-0.0566885872006148,-0.587331182431545,0.0209419000391949,0.389743966817713,-1.2992201144561,-0.0933648034121049,0.137508406028705,0.670661806702343,-0.396509111077202,0.129598358609784
87.8,-1.88974848029409,0.290498657673089,0.71572414471268,-2.64072340457887,-1.03635376673261,-1.79662591988987,-1.97484671025568,-0.192297268282262,-0.931435247533898,-3.99858272318683,2.52372043950546,0.790887704851719,-1.5721122970221,0.113148409490191,-0.142089096656547,-1.18018163899417,-0.363132814681965,-0.208183438071479,-1.42724052362101,-0.0372380945072111,0.0650369053576404,0.878795416874045,-0.0629463441588435,0.145578951814753
87.805,-1.49673730629361,1.67610895594323,0.583082340422007,-1.87359953455752,-1.02152101900137,-0.95792600911889,-1.77666561431847,-0.766114043218557,-0.813687171414788,-4.1301333773495,2.44722626687853,0.458911918820855,-1.41911514802262,-0.0457336822130619,-0.171341066740719,-0.484442221390997,-0.814696896960885,-0.873960895455384,-1.54173397120027,-0.000576129729830565,-0.009427371936248,0.976308656359479,0.239778665536504,0.17474822330244
87.81,-0.814004790622674,1.12822482087012,0.791826381246832,-2.27010122631023,-0.588981491681137,-0.286268328941382,-1.48530257905696,-0.731235837534644,-0.292087624556183,-3.84562326925234,2.42026934404186,0.458453831694739,-1.27928721512452,-0.196016311906005,-0.128818579504064,0.61265803702555,-1.034567385795,-0.95141602447618,-1.54757647649374,-0.00110347034787923,-0.0441224796628761,0.9178964796597,0.326215323802225,0.197844960317324
87.815,-0.307545395136122,-0.285243780780664,1.03155016884783,-2.88924680939659,-0.248783695811604,-0.0814250108360337,-1.23494558333169,-0.667277209537804,0.114565663527375,-3.4109837198851,2.36112117147283,0.575840701589958,-1.19702711301671,-0.272863597967238,-0.0635610135157595,1.44427801455527,-1.14489947115021,-0.756588120199562,-1.49958051112001,-0.00958176340667369,-0.063695639108131,0.790016993878159,0.295954455686004,0.229613260168406
87.82,-0.238846926266721,-0.905954894648045,1.21507495069389,-2.71142017320813,-0.107646906533839,-0.25107009026514,-1.02805183792666,-0.670412780102529,0.0427097751985549,-2.93256124943594,2.37658978608751,0.691531424394108,-1.06312703636022,-0.248677000659668,-0.120131202301295,1.63025548121228,-1.21279617933929,-0.653734239722259,-1.38802608456635,-0.0329544669331819,-0.0734705960153339,0.657422370959948,0.148068780457622,0.258935079466013
87.825,-0.409481837664495,-0.72615346920596,1.12024723800158,-1.53397483147115,-0.187212150328581,-0.457876116332711,-0.769864327013424,-0.454023006707319,-0.227933493629211,-2.2753195058533,2.4002872954329,0.791220570273475,-0.821063318025455,-0.275078949421967,-0.269562652459596,1.00821026506327,-1.32256026411998,-0.556426375915616,-1.27193040065722,-0.0472863298400734,-0.053578370540259,0.494429098111552,-0.0464056577435739,0.276833792821773
87.83,-0.571865645469319,0.0550955541609885,0.853049997604669,-0.609541615672322,-0.329682207483985,-0.565549757045147,-0.679184896404547,-0.295414627480739,-0.382900827115788,-1.32456719204305,2.27042558850455,0.755995820858027,-0.586098124084576,-0.386392775806731,-0.360369752575996,0.42689751224908,-1.29852327578655,-0.522813857191129,-1.17671727380497,-0.0235928712796465,-0.0543125846017189,0.414885289228577,-0.155031292161424,0.279021803526839
87.835,-0.634964834573023,0.622720625083124,0.708772861154478,-0.263295281117139,-0.338113251274212,-0.397067591919951,-0.678670466304655,-0.160672887133437,-0.347927968749994,-0.31285905934219,2.05532764444768,0.685251194170926,-0.295562203260255,-0.534779208247249,-0.399317307496898,0.0138352213244013,-1.20757584614693,-0.726426223422593,-1.06205041205336,0.0129005160327263,-0.0708527078078579,0.320882570842392,-0.134658843814875,0.318688276236726
87.84,-0.61516419880362,0.706505494193769,0.746414010551205,-0.286514273096336,-0.216381798998994,-0.0754002548424307,-0.836068221955939,0.00643975616707254,-0.200234954444475,0.549816886890253,1.85907940028345,0.633027410956321,-0.0173184378786715,-0.707181717241018,-0.435373367381875,-0.492649646581606,-1.02519661042029,-0.974639751580513,-0.926455100688035,0.0387735734931766,-0.0871514856853072,0.254299686354241,0.0107281394825809,0.344273386742622
87.845,-0.507557458119972,0.43367072819231,0.847552548477387,-0.3393475336374,-0.113377574701487,-0.0415197320931559,-0.954663267999833,-0.00542571739240893,-0.0561232273422633,1.14827982709046,1.75319725762812,0.71073463627959,0.145982731391439,-0.840871609146061,-0.433548393637484,-1.29214608837196,-0.75241008484932,-1.23701936796014,-0.848432147600435,0.0380295011876143,-0.0938441688562816,0.227182413517493,0.171105455203969,0.330273872707458
87.85,-0.387818892618578,0.0804482681795429,0.957282326671448,-0.316502037839728,-0.0238589415533395,-0.0720311539389639,-1.07996854754271,-0.0892078919472848,-0.0186303347008478,1.6597932831371,1.72051278018606,0.812004974980133,0.183818376192543,-0.88215602575074,-0.349220219515202,-2.07568069636292,-0.50071286048098,-1.53293539219829,-0.77719693531445,0.0588696890365718,-0.0969866968416365,0.23512897758004,0.305610832803577,0.29452626877076
87.855,-0.401376405266006,0.0257746002209933,0.924804847541607,-0.176720465699773,-0.0363610358631957,-0.0970411667270633,-1.06639524361998,-0.00981963666020593,-0.0222577108266503,1.8388568263648,1.70939070196021,0.832798179854343,0.131024982813631,-0.886110674976103,-0.240138908002669,-2.51199896122837,-0.294195143775822,-1.67215624694022,-0.729937258759768,0.0783058188427173,-0.0980884240016897,0.245695798162678,0.394206516249678,0.275551495719322
87.86,-0.514848119240669,0.130260203669679,0.897107103238681,-0.0213049054457411,-0.0748788466467478,-0.110995577739472,-1.04646464534701,0.0645011688951908,-0.0462968819542919,1.95726083575372,1.72421023613013,0.811945865195992,0.00695222184788512,-0.856330649515925,-0.114568047891225,-2.73238294824914,-0.113760746294357,-1.67402379583622,-0.714822170400497,0.0886418983655163,-0.0976765295733071,0.253039334080772,0.452144452178835,0.258744109550017
87.865,-0.561045881212114,0.321686479528528,0.837594127690164,0.000604612025446786,-0.0974372186635851,-0.094691192326052,-1.03721955927511,0.273713905153111,-0.111516311623175,1.88521824778655,1.68592664896595,0.757195504525632,-0.518098297339663,-0.68009613978221,0.259210010188749,-2.71263426348889,0.12788761732281,-1.38356018336068,-0.720545447156579,0.108270298446322,-0.0920961320662674,0.244977349102206,0.549836835205846,0.201523569010388
87.87,-0.556570307423266,0.340752240187695,0.832198610657371,-0.0980117580764603,-0.0866982983176553,-0.0542631047228757,-1.02153091220264,0.354146614351355,-0.122882207745074,1.60709655840397,1.65319356662362,0.731669991379234,-0.961119119339089,-0.55463746474099,0.578810757936796,-2.31655781441994,0.152180337031686,-1.31902475101149,-0.764064042071831,0.13542907739402,-0.0899735578281768,0.204702182066812,0.57464787300625,0.184881917973853
87.875,-0.552447913955597,0.236296867932077,0.866828135564458,-0.196631504976447,-0.102901961260504,-0.0672178636194795,-0.984944397931889,0.209426168947616,-0.108490332671599,1.243940904049,1.62983230517697,0.667549865976186,-1.30647833932222,-0.458895092128408,0.885854411915846,-1.93833788975096,0.0340120951469294,-1.35434320612057,-0.815392514418609,0.153234793935023,-0.0866223682435571,0.150141375626013,0.539063577410861,0.189192055650328
87.88,-0.551062839963531,0.25131756867427,0.821835045167101,-0.25447132717192,-0.113203833464759,-0.0793138587181739,-0.986257417577596,0.463975981526,-0.134488169356378,0.439811476794714,1.53639532052397,0.557005465121649,-1.40186534479031,-0.384278168304808,1.07153192675792,-1.71130113575691,-0.19852200029532,-1.43983751432479,-0.851669382301586,0.149588121523312,-0.0745237907573279,0.0494580523616203,0.395307508474699,0.179284211109162
87.885,-0.49318484037308,0.296127003454833,0.822559890557479,-0.314628050316434,-0.103371957269068,-0.075669485030054,-1.01371706065122,0.692312777291176,-0.0358886541372713,0.167629753382063,1.56397570781699,0.496086065657851,-1.32562765536764,-0.279072038280498,1.10901869007192,-1.36822442031289,-0.538746810541366,-1.38965975294032,-0.850521996442632,0.146192180104866,-0.0603263694267508,-0.0454077319184275,0.306374053276549,0.168727298247694
87.89,-0.448798732597327,0.272358236283045,0.82553400017963,-0.359025801481387,-0.0957825423890138,-0.0841292393837905,-1.06078478348868,0.555306995348756,-0.109068484164039,-0.646761438750067,1.47854070739131,0.42121053149059,-1.19382032960559,-0.212987436050215,1.04489503539908,-0.86306910364815,-0.687892804651976,-1.26310328240777,-0.826678173915717,0.133152960887452,-0.0316141933035672,-0.192670885168497,0.198610313481404,0.138876396669514
87.895,-0.469405147956164,0.262100732326512,0.83872144732225,-0.368762345498924,-0.0875314164834677,-0.0770156659597565,-0.999394564238463,0.41893397691317,-0.0330158131390201,-1.14815292796614,1.42908483731286,0.381315654222838,-1.0577633961473,-0.181535690054348,0.9178561897803,-0.352498877688406,-0.726987901149599,-1.19219630567865,-0.802493744351467,0.12048192338381,-0.00322714111865487,-0.316314561781704,0.138955038972183,0.0893982720761258
87.9,-0.416997151450582,0.264595247905952,0.836987104493209,-0.366561752955405,-0.0707305170802622,-0.0672221401654651,-0.942159191419025,0.217780260248755,-0.0338542433348409,-1.52948536199696,1.40809178242223,0.344743330072969,-0.891953686063392,-0.176577241079787,0.731010471990031,0.0554620174528236,-0.751891021902429,-1.27956251899177,-0.788787066179418,0.111558686985287,0.0222331163297553,-0.440184667329408,0.109250169583132,0.00747492112339759
87.905,-0.361045424754769,0.260452014454427,0.849489821348351,-0.392219698633772,-0.0461456030607224,-0.0329040882755502,-0.922102868209569,0.157736068598047,-0.0459793765319585,-1.64305574210583,1.39332053241249,0.307550200323789,-0.82203463348049,-0.210517105283544,0.597751911656902,0.351968217471933,-0.708965584272068,-1.39442829272312,-0.801189402369596,0.110019690484083,0.0310994365362503,-0.475352997957978,0.125752440290321,-0.0470840563287348
87.91,-0.358321331536532,0.221499495422705,0.863234961865697,-0.408092846748896,-0.0443384174686592,-0.00301285112246241,-0.93634183744539,0.145966697743605,-0.00614057069622431,-1.70027814029396,1.36107659736097,0.274603393009774,-0.773270200118031,-0.258359424618173,0.432894594972189,0.607149110354185,-0.566197796832701,-1.47445645612248,-0.823819335491389,0.110158553853117,0.0271694699224683,-0.470612499981885,0.163926796547741,-0.0979313111021283
87.915,-0.383943566183587,0.217980185580533,0.856881619616065,-0.364654089263353,-0.0356979059141943,0.0034011019857283,-0.923402909126581,0.141673562399372,0.0183647509571713,-1.7425188318147,1.35381463547008,0.283309830977896,-0.718712798403134,-0.296293410314491,0.284999174653451,0.572633175126369,-0.449966275953473,-1.52235049291928,-0.85875528618368,0.106331259346393,0.0178561340811235,-0.431631121891987,0.170865550470299,-0.136969387477254
87.92,-0.401390733455002,0.235374435424618,0.850908722395832,-0.299801705166082,-0.0261599036525202,-0.00587581070829041,-0.913874973823186,0.117457445966213,0.0228921101717175,-1.66702788535955,1.34358221901827,0.320518693554455,-0.699822016079503,-0.274087788758522,0.210761876292654,0.483295097467015,-0.160855769354,-1.55405808362814,-0.885714505920094,0.0952814673237532,0.0172983842517249,-0.394029644262115,0.169050094096447,-0.153049226343217
87.925,-0.425444702409638,0.237576744125991,0.838548112374346,-0.241467708970715,-0.0150753980699201,-0.0330407812145666,-0.952122316324554,0.0346973606683095,-0.0050814386507997,-1.2168702931126,1.34951834402957,0.338397592393016,-0.73925497310792,-0.261792443002346,0.14414791980499,0.463765083714525,0.105565228440738,-1.50772863030724,-0.910162826096979,0.0806497323393681,0.0221538081519319,-0.369298360677626,0.163414189211461,-0.163728406533001
87.93,-0.441412567070934,0.203088723313937,0.85548594584424,-0.189286262562971,0.00638726353645325,-0.0546338597414187,-1.00670961132477,0.0128496242131486,-0.0373686801808253,-0.72935637415472,1.31410789160389,0.324699195477186,-0.808388951567611,-0.254883238506075,0.138777016910719,0.298316230062444,0.312195487094813,-1.44673172480827,-0.936893174978671,0.0639165085045885,0.0313781847502282,-0.358346886101615,0.13222006508353,-0.171891357961364
87.935,-0.433685815955419,0.180358231912188,0.839484452541732,-0.138938686149834,0.0153019736957666,-0.0726429151556932,-1.06363106419438,0.032838476609069,-0.0785659217982989,-0.0372200344916472,1.24070694658733,0.305541007666572,-0.873755294201046,-0.249207999479584,0.164870006597698,0.119240454265461,0.466982939492479,-1.41840373972335,-0.96409401585704,0.0506289368606301,0.0365979434900301,-0.371864615068372,0.0977337898451598,-0.178349914806656
87.94,-0.449911406602181,0.14580064542666,0.853690779561767,-0.0700367389554187,0.0450679088380054,-0.083061380129202,-1.06718429403632,0.0850266762028197,-0.101399433652682,0.318829728554907,1.18351707924243,0.300156891345978,-0.946591819923372,-0.256281810524123,0.221200566010766,-0.112844596317988,0.582757737001468,-1.40051158714318,-0.995476761446378,0.0320993709229228,0.0331252636834073,-0.395864000836055,0.0302267546436813,-0.184565692984728
87.945,-0.487960158965941,0.168967147064056,0.856734560969769,0.0416000683960625,0.0785825024981048,-0.111135160734129,-1.01895057209261,0.178519290214777,-0.10091363201962,0.614742040232028,1.10363353704861,0.307805885651005,-0.99497935667236,-0.269124745971592,0.26894429220028,-0.301317332545218,0.605231770755689,-1.36989018922958,-1.01893510223363,0.0203990765850874,0.0238090083069698,-0.411541752753994,-0.0207464883345999,-0.182510505395202
87.95,-0.478951113972325,0.207275014753202,0.850225849203206,0.109539102980042,0.0879701879033316,-0.128652688763421,-1.01827352272096,0.235435124363424,-0.103938902978464,0.747826474041076,1.03372491722149,0.296274110967092,-1.00592408751592,-0.272413936371037,0.314419340034747,-0.466758877895295,0.56272618320522,-1.35026679935655,-1.03485777494504,-0.00132628247684629,0.012674980322457,-0.387444616655023,-0.0460432659516737,-0.199992445818429
87.955,-0.475477001374909,0.217474988827561,0.864801444033614,0.140170613115436,0.0887081777743087,-0.159121186001614,-1.01598119599078,0.257385026577923,-0.0957262167289454,0.802265508647291,0.963660001628656,0.276643003716695,-0.992868211676576,-0.267193662101861,0.331394316486092,-0.526625652900795,0.457329203354008,-1.35089548223232,-1.03957552045325,-0.0210847795168902,-0.00650932571987725,-0.332593003845508,-0.0505996650639803,-0.216044416114636
87.96,-0.488214785304358,0.210354165021007,0.85919979600637,0.132678757382786,0.0648506178208579,-0.183687834767627,-1.01154439531371,0.253473740044959,-0.0961489749534885,0.77041704816765,0.892987264823381,0.256159912282439,-0.955340400306204,-0.261960275779938,0.333030483371635,-0.50997192772805,0.264905368402992,-1.38112028272838,-1.03402755185495,-0.0376690574242272,-0.0158503617790721,-0.29272696925724,-0.036059801799582,-0.227618152978144
87.965,-0.485756551343335,0.184615527214631,0.865533898258032,0.119867228584452,0.0413745998779745,-0.203919300207035,-1.00283288031622,0.282459757333856,-0.111514461841333,0.684253238782757,0.824991657150476,0.229213764504211,-0.909681747788309,-0.261168489979906,0.302828999123849,-0.4434108798719,0.111592975325348,-1.43357193501281,-1.03577526311621,-0.0437081231748359,-0.01740811141253,-0.266837793565592,-0.0279019497458733,-0.244849483533828
87.97,-0.481082859185723,0.165776543912108,0.856840714388958,0.098910883609819,0.025666568149569,-0.212190002202988,-1.00476083497096,0.282860949547002,-0.119195770822939,0.528364313145425,0.711136957129616,0.206820818202793,-0.859065042902412,-0.272854478111731,0.265762373625171,-0.323164696685124,-0.0306051069554293,-1.52147570919334,-1.0328540859785,-0.0502598823966087,-0.0198461328347437,-0.225630780868526,-0.0485920402678585,-0.262931149757681
87.975,-0.486868246403272,0.165066141678529,0.856718770769509,0.071038696655923,0.0173271689451192,-0.206443348086153,-0.996825861875063,0.253158017730175,-0.150076293198094,0.296358329380603,0.646263136559741,0.19560956990026,-0.821577237391576,-0.283511815460974,0.221028733502813,-0.201757076585283,-0.161885872224061,-1.63479919784616,-1.03170548961634,-0.0499485177052171,-0.0143603339493395,-0.211237345018314,-0.0731105044895645,-0.27491739362045
87.98,-0.474035264626339,0.186250622053599,0.875478069727026,0.0298085966915854,0.0114697481546498,-0.191812616140964,-0.999814675936594,0.18047635792176,-0.139269902795955,-0.0384467336409952,0.644348718359879,0.170672991940049,-0.809117084358491,-0.297369995703901,0.172951970753552,-0.118964844821171,-0.24604347893201,-1.73715026880647,-1.02034806239575,-0.0424613422367823,-0.00871907917123065,-0.202875232183361,-0.0977726500583063,-0.274796315280877
87.985,-0.455905344948498,0.20596940456658,0.891833700625508,-0.0265418033690957,0.000878985692966804,-0.183342869867147,-1.01248085775993,0.168363648862287,-0.0939658379543451,-0.302775197129713,0.649943099039065,0.141314391794592,-0.816025701186901,-0.30845438857059,0.11085047000283,-0.0624861588470168,-0.298464533307634,-1.84198529851305,-0.998497192355583,-0.0335718603958603,0.0138321659985298,-0.223655426052959,-0.121748887002468,-0.254094263842165
87.99,-0.471770006920309,0.189937286627249,0.896169885476271,-0.0968099805985456,-0.0309201791092711,-0.202754705836293,-1.02029455683459,0.172371561464889,-0.138352438263879,-0.477054928526173,0.622814057151008,0.136773418183496,-0.84425453153505,-0.312390362717767,0.0353584420668896,-0.0123234234605348,-0.304922455034409,-1.94094673513612,-0.97645031187171,-0.0241747436235072,0.0268608255029822,-0.236834725266879,-0.111840265147035,-0.227898160742648
87.995,-0.474855553923551,0.182008880293471,0.871096466737431,-0.156799100044398,-0.053075711911492,-0.202997187830899,-1.02434697741685,0.101081306751384,-0.183469149003622,-0.565661317907098,0.593159718296694,0.152334034581056,-0.870632304353013,-0.311241401135215,-0.0250835890969794,-0.00936259592112876,-0.297284260819438,-2.01259211562965,-0.947937901956077,-0.0145202177035816,0.040541768721345,-0.254572857894474,-0.0640535434631368,-0.189469561906195
88,-0.488695975504835,0.127610281323344,0.874120662175696,-0.205643015090308,-0.0618362666002636,-0.19490378523156,-1.02020991578836,0.044433792428655,-0.200616229223763,-0.566917125848047,0.575862352517359,0.150654804826775,-0.890835503179236,-0.299962179266804,-0.0980044390246395,-0.0521903637209514,-0.291880717527084,-2.07862089322394,-0.925750651698981,0.00265093131928942,0.0636145129009415,-0.267412359713445,-0.00612318317316984,-0.155118379924682
88.005,-0.484148564806864,0.130965791805736,0.854089398078742,-0.216768286322717,-0.0610516064190675,-0.181261583276538,-1.0227069485056,0.0106759401172223,-0.203067729468386,-0.434083355521917,0.565044518376765,0.15724328648873,-0.908809479286207,-0.287668375887605,-0.143288148333602,-0.114150589400231,-0.292497173971934,-2.10585751612174,-0.915533530074669,0.0131518365988253,0.0893054971750917,-0.279589076609253,0.0537259049499855,-0.136929086154093
88.01,-0.486836519791692,0.158195704330443,0.866092183869269,-0.214717462812632,-0.0712920169576163,-0.165952410092765,-1.02461199649428,0.0201260410549911,-0.1876327575009,-0.237584201985223,0.548481588521046,0.169443330240785,-0.922271580375439,-0.26776098415676,-0.175245118435417,-0.216451750033556,-0.301014076916551,-2.09589244656213,-0.916674923648087,0.0336426261539106,0.104130766540239,-0.288605829397359,0.0984942042038082,-0.128512262214223
88.015,-0.476638702187795,0.168397585564439,0.868911686158462,-0.223057715582064,-0.0841288925215966,-0.15841698174887,-1.02745147224362,0.0390210765357686,-0.156921912225024,-0.0918885348171666,0.537347322041698,0.177600940470037,-0.947748262298553,-0.23728867390743,-0.192638739808098,-0.351772746383905,-0.317250796129569,-2.06476094650634,-0.912654431691547,0.041780472125063,0.114808543522032,-0.294161910235694,0.118651664445042,-0.123577943027207
88.02,-0.462483579429086,0.147963137481663,0.877363001818832,-0.226515511314499,-0.104513939478501,-0.156273350798342,-1.03381940619015,0.0579966787682783,-0.135596571061792,0.038663401502413,0.545539581067368,0.188867517444326,-0.978245970179928,-0.207410180846406,-0.191085372247284,-0.487659701411018,-0.319896389061413,-2.0418089359565,-0.90227169608076,0.0426338328532197,0.118780378758952,-0.303257503716592,0.115338403705453,-0.11861871081077
88.025,-0.453707262399511,0.147964183022752,0.876149421347658,-0.203950374036089,-0.117857516491066,-0.155905459047898,-1.0254658295569,0.0682497706152997,-0.105006685199493,0.227745413977541,0.50385343346936,0.193987718907584,-1.00457372315624,-0.19002070576836,-0.176662764196064,-0.654871166343514,-0.317736895837655,-2.00454163619084,-0.886213221544681,0.0494646634414608,0.123301054561971,-0.343893005565871,0.121109268760732,-0.110041387025379
88.03,-0.456535916804607,0.161958709826961,0.864306742692135,-0.157267470508963,-0.0946474234094238,-0.152861123015282,-1.01366041336523,0.0851448201368791,-0.0799873171452462,0.359335883136481,0.502320574922806,0.195091173052788,-1.00573703753689,-0.178620955771982,-0.133874424553505,-0.791564270231179,-0.281739953093932,-1.95189891764387,-0.871861555607264,0.0555116692198701,0.1261893377274,-0.373248196082041,0.132572058035449,-0.0947002603285993
88.035,-0.456617922590962,0.164463096502517,0.866045070326739,-0.116202298504843,-0.0909352477071111,-0.156563345867269,-0.996921415529978,0.100180728475064,-0.0622551895581389,0.491681310621428,0.505043784387524,0.196574585026043,-0.970412860511836,-0.172481695689764,-0.083326168706119,-0.860078256590997,-0.223226795792236,-1.90405945375711,-0.855799010892845,0.0663816754764502,0.125465932259462,-0.388560945011229,0.14651080169687,-0.0729644217240439
88.04,-0.448869291782817,0.162147694656458,0.85869214010595,-0.0942007622057933,-0.0928521535916812,-0.156931589297454,-0.985394996605012,0.0986087811088917,-0.0368445197870773,0.569344967536414,0.526356026496631,0.207854798042614,-0.896010886972316,-0.169835814139498,0.00324950019236736,-0.852861076600812,-0.116156560910165,-1.81532181652609,-0.830362949755326,0.0713522064348443,0.123333462104087,-0.390722268713521,0.1606612039771,-0.0458964989830566
88.045,-0.461273026891231,0.16563253795943,0.846731277889029,-0.0747549337736326,-0.109783820372601,-0.150921789437113,-0.957275591226232,0.0990525009187073,-0.00731157351474183,0.630746507136691,0.560721365096434,0.209929418309861,-0.851386752266635,-0.173152911954359,0.0862857720135879,-0.751690148247975,-0.012438418224424,-1.70367535262923,-0.821712261119527,0.0690849830104537,0.125146999695944,-0.398094423252003,0.171663286888994,0.012084512632162
88.05,-0.453159573742814,0.183799353349501,0.845368576832557,-0.06019838412743,-0.114692090133877,-0.146350098828526,-0.914978140523655,0.126978744990006,0.0312554232755043,0.657389796465472,0.606295513069044,0.221540905420571,-0.844022973324823,-0.176602898983234,0.201726585033717,-0.620819919234078,0.112431819366243,-1.53734162042413,-0.814310318179621,0.0648227709337285,0.119557253903495,-0.41583050997865,0.159161011589669,0.0599539219495779
88.055,-0.43944299323638,0.201014617847739,0.845931137929105,-0.0557186085539312,-0.11757878046428,-0.152470775082729,-0.880185716093537,0.175668385179061,0.0677979473384705,0.625934785903659,0.646406739189695,0.22518184964575,-0.865702127847006,-0.183379528415714,0.32493769602495,-0.440645551678946,0.236912563741193,-1.33084592524508,-0.811288235295034,0.054761254570872,0.121420263000022,-0.431679313884617,0.145665554143719,0.0968630073931047
88.06,-0.434089453194034,0.221037869425899,0.84157213706902,-0.0694083461447381,-0.129343214156753,-0.163312979684224,-0.853337030267136,0.245015716493551,0.0783576310244217,0.466414474030655,0.714601486814882,0.23118861778621,-0.905135899282054,-0.177491006548835,0.412919117363828,-0.272910266810868,0.329106417484449,-1.16145065495661,-0.814641634224852,0.0417332012666994,0.112317011165817,-0.443126783564557,0.111332818116175,0.143137369114503
88.065,-0.432727623179474,0.219095141450386,0.834173095547485,-0.0916569745071436,-0.126404277778774,-0.17069903512718,-0.837527745098731,0.287091350540445,0.0753079707547804,0.257952561000954,0.765441538578182,0.228483352055197,-0.963783452284181,-0.145432378114572,0.506815861373894,0.0108114140985375,0.081140423745511,-0.163574943546972,-0.820387353435706,0.0246015396369754,0.107915958582892,-0.443103132748589,0.0967726073230195,0.172536453237834
88.07,-0.430660951841524,0.207244209070267,0.834297304448627,-0.111163417422466,-0.114627195879864,-0.17323219956704,-0.866523366906888,0.290319582806731,0.0600843694137925,-0.0107078085470602,0.815783395888741,0.226603410925354,-1.02016162334285,-0.0865806345409764,0.589322051298204,0.125063721533156,0.451215035952069,-0.851539784373845,-0.821159981508106,0.0121226876092272,0.102763195029868,-0.447984384495064,0.109258016017981,0.187434884719279
88.075,-0.414609920279047,0.209170865454135,0.844861568114463,-0.128000382400554,-0.105274354864682,-0.179302997906152,-0.904410847819693,0.273578440246134,0.0438429372831764,-0.290805422221859,0.871087683188482,0.206157774171538,-1.0603514716374,-0.0294090596443136,0.624089054751246,0.33652904791712,0.476891035900727,-0.746964522562735,-0.835915625615199,-8.8802337290513e-05,0.0972545591240358,-0.436701118524071,0.131927330566061,0.201444673751892
88.08,-0.405933632440246,0.225782623634246,0.843091896861277,-0.149816262832382,-0.0943378878011346,-0.183248774759491,-0.933950004205764,0.25163590670433,0.0321661765091124,-0.465700723662924,0.899848422433258,0.190844417479675,-1.08666269623258,0.00848958356786643,0.638299475558359,0.533683402508105,0.478104568620985,-0.65481279326405,-0.856126560156683,-0.0149172999367039,0.0875192057434262,-0.41493035600064,0.164476698314649,0.190148424358273
88.085,-0.414426283879774,0.220539084996215,0.835619695274319,-0.176341073809262,-0.0738187137687039,-0.186129517810496,-0.949775813648226,0.242564515089559,0.00480574490567096,-0.647875867881999,0.964507100438702,0.18332066299766,-1.06073504090141,0.0216598419705343,0.620529785233611,0.681877851486206,0.455539026603536,-0.612698654908478,-0.892667840533656,-0.0311360605342789,0.0882059545080574,-0.395487561892838,0.194669991731644,0.166153319868661
88.09,-0.430125715660239,0.175359370617515,0.855881166729315,-0.211442885821121,-0.045334869309833,-0.184130171303158,-0.958518144775432,0.240993942226414,-0.057162139910519,-0.741361752067528,0.986276265129034,0.168807470349372,-1.09878609740648,0.00965235301358155,0.597060368421266,0.710163222246319,0.405436571121368,-0.641416005254576,-0.953840345256962,-0.0515380439921534,0.0914162095189443,-0.357337292910992,0.190383648231149,0.131700737955525
88.095,-0.424806966198506,0.180859708469564,0.860946473645568,-0.216059469570076,-0.0286434627677082,-0.173095777630806,-0.961423324182195,0.206150552894111,-0.0898547713425686,-0.808731883945317,1.01169957763834,0.157672572903615,-1.05405381704561,-0.00880346829351906,0.56020884836367,0.885100079995682,0.482886887147971,-0.701775531628057,-0.964731998194908,-0.0782348945295666,0.119502655592792,-0.307096473679387,0.0685898073670385,0.0550211163179209
88.1,-0.433874849594639,0.190209763262914,0.864445299917143,-0.227132625832508,-0.016994953638016,-0.175549691912784,-0.990230791841286,0.162027880613188,-0.132247435135195,-0.79765197119159,1.02141074912838,0.161082842198857,-0.988442552132868,-0.0734919384175808,0.444173655283934,0.895760922237302,0.385891507730936,-0.841188678197554,-0.791063155977389,-0.0318158714971428,0.112542081881732,-0.245711537365111,-0.194441605021086,-0.036420224261204
88.105,-0.438986792289947,0.159126096187021,0.865297066365972,-0.220315402586737,-0.00648719006789088,-0.179392115076895,-1.00656880468437,0.120192907568798,-0.171873348383216,-0.692861772944948,1.00421179071163,0.16717138814739,-0.990716974280728,-0.148671873973342,0.387784133696935,0.686314958404411,0.203917493368665,-0.804109167676012,-0.723473357767966,-0.00369230970134138,0.0308046104636568,-0.253966456736188,-0.0765999609626819,-0.0225592784287588
88.11,-0.453938851649455,0.130803644263175,0.878750836073009,-0.215017067136862,0.00272218137979507,-0.173651001414366,-1.02025618726472,0.0744034811631839,-0.199172520677726,-0.536588097565244,1.00166788832158,0.179042036893933,-0.959062520237104,-0.224902901667737,0.336565194121173,0.560611061168333,0.0935897895078887,-0.613579507322407,-0.810577844977342,-0.0250384906234005,0.0657696088297743,-0.179927058459243,0.126011022286347,-0.0241624207408404
88.115,-0.462924740504612,0.143172213935437,0.88262185243563,-0.211596911272861,-0.00933746620878288,-0.164622563689119,-1.03764909001915,0.0576132195932289,-0.188984194316687,-0.273300517351984,0.990891040735692,0.180081398927937,-0.904055736660602,-0.28812004056144,0.244055735778736,0.444094311075114,0.0017218590909169,-0.544816884585227,-0.813509996641658,-0.0580680156900481,0.0988697964298221,-0.10579846923959,0.114182416555169,-0.109082019882752
88.12,-0.447585519224324,0.163098509740529,0.877098849762108,-0.201920278730117,-0.0200641163252513,-0.158861347997679,-1.03970142913789,0.0842106930554998,-0.171927153217271,-0.0336504578822568,0.968052561705499,0.183893854167785,-0.866924352552317,-0.342192864426271,0.142707555344034,0.1776626999507,-0.0820288920072304,-0.721599102150906,-0.796482194888408,-0.0558651895266096,0.121414169366644,-0.0319136993599777,0.0628920095600825,-0.264362923256909
88.125,-0.444218322559996,0.171679393312553,0.874176246626803,-0.190841617779335,-0.0266271749366116,-0.160736886591307,-1.01537204253657,0.119870686002091,-0.162459110267643,0.108138140253267,0.953042666394802,0.197426422662165,-0.798897977278964,-0.385865986966949,0.0378527771783388,-0.107642650940569,-0.155583438488925,-0.999700998182052,-0.945523090703147,0.0163012710088031,0.133706712669734,-0.0650128169568616,-0.0109953583665215,-0.328526720010304
88.13,-0.444935093256788,0.17007895907738,0.865182476112449,-0.173180974205453,-0.0311379209800789,-0.170843965776945,-0.973559545769626,0.159367424890356,-0.160782437433378,0.186449912164041,0.927222848577305,0.219774244200387,-0.796755422423221,-0.421047078274657,-0.0303745501682831,-0.437424174352608,-0.204811123220952,-1.28290455337681,-1.01092834289735,0.0817779434760181,0.106910638593469,-0.163470811878729,-0.113252967054273,-0.277332376493645
88.135,-0.457401330553879,0.167106139293575,0.860038491100728,-0.150720127800813,-0.0337188660079422,-0.170442593251672,-0.954953468833995,0.178773822705091,-0.168972275249616,0.19851886076004,0.928578968001545,0.230418343562882,-0.826297822098239,-0.415719612529969,-0.0767294567066789,-0.43580491507864,-0.159240605881136,-1.35426860215154,-0.950971556730369,0.094953541056743,0.104618531869608,-0.18820512066509,-0.155673726014348,-0.185127261160602
88.14,-0.451788041147331,0.161882549124066,0.859963267551379,-0.138927189094717,-0.019928586418982,-0.156652328307982,-0.968092263510573,0.169010770424908,-0.171923700045293,0.157359162888798,0.925219774246216,0.227198163869693,-0.794672492108995,-0.363118163922102,-0.149760015325895,-0.386695772550877,-0.167826815469808,-1.38706168422054,-0.878119887178125,0.0748589063482932,0.125202805946286,-0.115886871467429,-0.152613013076574,-0.135033795018139
88.145,-0.432237798665474,0.12825615070665,0.862891712291888,-0.114596584441,-0.00555171983767482,-0.143402044305514,-0.984882391573683,0.164053355244239,-0.168105225542628,0.0660403809561579,0.929452108182787,0.220746755599976,-0.784087183828417,-0.306812135625558,-0.224793389355332,-0.418126772187312,-0.274138593824215,-1.46648002516385,-0.81581514732542,0.047799929033016,0.163079159535797,0.0257181780268109,-0.145281568331458,-0.15083551445132
88.15,-0.422582316764037,0.111676152405185,0.871198262543975,-0.0933801961509519,0.0146667993354765,-0.129590403648227,-0.996914628084964,0.157112834259237,-0.171623880171232,-0.0253268414118586,0.940627347918023,0.224607525707396,-0.823837473825551,-0.292835305069697,-0.26193776184806,-0.357075359160721,-0.291118384973257,-1.43363994808507,-0.774835078292037,0.0343673195193838,0.190930236182892,0.151109306198741,-0.124371448196931,-0.200166170453265
88.155,-0.433854774166596,0.100149246123041,0.880824014384699,-0.0739691345032856,0.037759756021978,-0.12178461253643,-0.995647661623967,0.134778054603542,-0.183131258431422,-0.134504705936803,0.950847066280394,0.235776569306972,-0.864754414806431,-0.288676287312723,-0.301815860139118,-0.142967102273266,-0.235844261838222,-1.2947333402403,-0.774118057066393,0.0238157453492834,0.21869255626708,0.209033098411548,-0.106505102701223,-0.257009708261176
88.16,-0.443641338098795,0.0935935290441187,0.882242817423346,-0.0677917450666428,0.0558160666420994,-0.117191466521557,-0.990153387704437,0.0814919058128195,-0.202507204806252,-0.184444301713462,0.961999527830296,0.251482503359299,-0.896572039384979,-0.279872946783653,-0.320847871720046,0.0243645653585528,-0.165776137874522,-1.163450219961,-0.802020883206891,0.00697414084333933,0.238377688573638,0.21544364855757,-0.144088558003673,-0.335521927108399
88.165,-0.450817584841356,0.094447956794309,0.882645692714346,-0.0467912153336621,0.0650128357816219,-0.111763566876266,-0.99073521334165,0.0534225845346677,-0.198476750995579,-0.097539563898325,0.966757416725159,0.273812624359526,-0.912797952701212,-0.255895635893178,-0.330907425781221,0.092219205373091,-0.101280554426211,-1.04293446504044,-0.841880444517779,0.0117943133328277,0.257790536626586,0.223061056103961,-0.227036559573618,-0.434315866960526
88.17,-0.454475992597064,0.104598130961639,0.874670489010042,-0.0305227519562194,0.0634029253659271,-0.114863304760934,-0.975466942921964,0.0371030286667793,-0.187721569944212,0.0429779740731638,0.968901432938157,0.289505477720127,-0.91587718994684,-0.228445555526666,-0.348176730042406,-0.00684215895478217,-0.0759065333177282,-0.978897915335883,-0.859236456850856,0.0354634871794911,0.26725561737688,0.181770276485316,-0.322228565567581,-0.48561979642127
88.175,-0.46026883739854,0.136267283563013,0.856254360240213,-0.0133230320513965,0.077661469576723,-0.117434124633183,-0.986346824051871,0.0821782191873624,-0.167287196350558,0.206362767414044,0.988811493021894,0.314623460735249,-0.916762858282509,-0.206284591327433,-0.321653609293402,-0.194721970020397,-0.0774071648151403,-0.955346387610549,-0.870370728142302,0.0629880916172372,0.271239600645265,0.167568864414063,-0.367404942735309,-0.498251267202696
88.18,-0.436837146191876,0.146511450555394,0.864966755679542,0.0085697201412909,0.103125248809745,-0.124754757753415,-0.998072794112131,0.142134122384009,-0.151776277486704,0.358814855584358,1.00096487998962,0.347367810925599,-0.923461586142271,-0.204964882281249,-0.272370242040456,-0.470331629984571,-0.0853630317242301,-0.924062592769216,-0.876917101618577,0.0729671844907686,0.286166760841447,0.136764644899426,-0.371391766764726,-0.47086316377218
88.185,-0.421969270914937,0.142995809920485,0.859216260016444,0.0380024970202869,0.126110117996883,-0.138153384049092,-0.991022585944599,0.186338043072388,-0.138181494790583,0.408701916943024,1.02169061972286,0.371253234500584,-0.935882241342384,-0.236388464997506,-0.197231266917777,-0.712399116519359,-0.0911015099481128,-0.863680610350156,-0.889189854905572,0.0723887897614376,0.302436466051963,0.105908946974713,-0.36975285410881,-0.439351874089047
88.19,-0.419272528500523,0.173417112986749,0.852809567789208,0.0670535948741249,0.160678459330755,-0.146218508481979,-0.969502802301934,0.219437889646216,-0.131842125007982,0.411309150314267,1.05835750971485,0.376101090339003,-0.924745329828336,-0.286065341943558,-0.125001019515451,-0.866413700188611,-0.107237612273222,-0.819394765833927,-0.897314258152998,0.0622586045787203,0.31705930360894,0.0978037095409562,-0.364798394725743,-0.403215360432585
88.195,-0.421155908436514,0.189634604101795,0.855772313126009,0.085922394027434,0.191595668358539,-0.154711121597189,-0.973205697559224,0.261598960507717,-0.140547711096926,0.39761383108465,1.0705954416503,0.37268549367206,-0.911402344029486,-0.350031742430804,-0.0326291390234525,-0.999305948004491,-0.156858785988343,-0.821398403852053,-0.904752978802996,0.0570760650972743,0.317208581291517,0.0895554014523822,-0.388549961789411,-0.368851601632473
88.2,-0.421782398912347,0.196807604210424,0.86833214068046,0.105100319321014,0.231107707611187,-0.169510956281803,-1.0007267510828,0.280325036599508,-0.165987037437131,0.337329776047912,1.07716028019357,0.365807470871154,-0.910917799393435,-0.391858544414795,0.0571570263521929,-1.08011275669756,-0.22530216460761,-0.853595072172692,-0.902232185265833,0.0548798374372536,0.315308643067009,0.0748039308333317,-0.394595533311657,-0.346346907291569
88.205,-0.46205780613704,0.162662857550397,0.898943357470119,0.13529545548398,0.29503208087138,-0.208719868514621,-1.05668707247133,0.257477703417772,-0.229124550104349,0.301003679360245,1.08512740026611,0.379522220296086,-0.92114146399225,-0.419088453121575,0.142078859232477,-1.08412652728112,-0.30210034134994,-0.891192923659058,-0.902547294797823,0.0515233664393737,0.30813239551785,0.0489822726455735,-0.382006229530465,-0.341839169007739
88.21,-0.469195794926784,0.141918084280531,0.865148444532816,0.169519594052394,0.336567121682386,-0.229219137292028,-1.08510296172334,0.223905199236579,-0.275926424405478,0.342275544677283,1.07684099454829,0.380668193324247,-0.944588518605238,-0.450037002349362,0.216551260171415,-1.06230488011292,-0.396094804664964,-0.891178903909491,-0.917148274073684,0.0496041282859534,0.294434980141043,0.0154931895752582,-0.320704601849536,-0.327546434388569
88.215,-0.469796095553716,0.14091630017329,0.891333025216964,0.208495335841623,0.399023223206884,-0.243994237436779,-1.12249008745226,0.176194391632911,-0.303846792018297,0.443195346130284,1.07190743009117,0.397555195146205,-0.959884171377263,-0.469948370474478,0.276229852939727,-1.01404101942749,-0.455066308811605,-0.872352214469348,-0.932372972172259,0.042011498197103,0.28578700899142,-0.0149400375455203,-0.263519161756765,-0.302604755375311
88.22,-0.416294646272444,0.15706033480474,0.896286825978006,0.252295202094883,0.466630885921049,-0.272496268529445,-1.14866507307703,0.170378535512681,-0.299742317656705,0.55224620146483,1.08260874498659,0.413928885060199,-0.958784328419201,-0.466910022876415,0.295067711952364,-0.973941166188407,-0.510013382803992,-0.856255856661475,-0.949329788096046,0.0643682306194202,0.288637120797706,-0.0461310666817185,-0.206781531290691,-0.275176664785694
88.225,-0.35160753067095,0.0309421311315888,0.920352295335027,0.317449655937396,0.523289032438153,-0.314546661432301,-1.20233020882299,0.23561361695467,-0.311356696515943,0.658056002754877,1.06707876405065,0.433859653776982,-0.958419564356305,-0.445824456304896,0.278069295267505,-0.994015416514163,-0.525774348636833,-0.860093287977311,-0.864317403767095,0.0105232797713325,0.273600859541236,-0.0743421556302666,-0.120416377917764,-0.193184968730247
88.23,-0.559788358910129,0.515006075640234,0.805636572851713,0.513144589575911,0.55838161374932,-0.447526168781052,-1.02764104545041,0.531176732395973,-0.115051099134431,0.977035134706575,0.990184430110736,0.518834706028691,-0.933444805142612,-0.430740329477838,0.20252541365117,-1.05268517260646,-0.488787310682237,-0.853488297089761,-0.994273230576283,-0.00528281992467112,0.301420426098524,-0.0880092701752742,-0.0209246383843263,-0.167743188302812
88.235,-0.49088232852078,0.0394703000973361,0.890713104345123,0.279169517681281,0.67840408705913,-0.645212781360787,-1.06587364949853,0.260379290382121,-0.28860538981242,0.989216549503741,0.947373854740934,0.582355761651155,-0.906487845086176,-0.398296618117305,0.122096877919863,-1.17662516403466,-0.442025748864854,-0.903923596731521,-1.01299963960689,-0.029291408526555,0.32706902027641,-0.0866215833231366,-0.0957314455763743,-0.164150864737531
88.24,-0.45842321219416,-0.0468887698470235,0.900440619271881,0.369647312981778,0.737722485711049,-0.604439695884079,-1.0965466484228,0.0853847950668296,-0.411613325347605,1.14799830941234,0.981017052060763,0.527047590334263,-0.884637193167204,-0.337001789510163,0.0464642137770839,-1.5212475549219,-0.461398282268659,-1.02939255969214,-1.10944933634143,-0.0442202145467676,0.330024536965048,-0.0856508053692954,-0.180469941555697,-0.17326876150044
88.245,-0.502782374487623,0.202944102876943,0.885849744857841,0.467810497603151,0.802961011771334,-0.479903813344266,-1.15925306691644,0.209398192684289,-0.26517175125651,1.28538746669889,1.07726688979737,0.441955363083202,-1.08684258216267,-0.325125458407783,0.138083534373286,-1.5456062894147,-0.190924385894455,-1.18800761979026,-1.09594343143501,-0.0405683933151466,0.306850326045149,-0.11796881393464,-0.275117436717345,-0.172488831944023
88.25,-0.458971879575224,0.210584387195939,0.878014241555652,0.402350517566651,0.878505488734272,-0.539241630337717,-1.13866244403495,0.263567284842519,-0.17074561186677,1.26594962287426,1.04431651129358,0.441549498441994,-0.958632191847184,-0.344392571005221,0.076773235709077,-1.32357684014015,-0.0323194897607908,-1.11830676272415,-0.934850514557935,-0.0462219260716739,0.29574322221246,-0.106116480105177,-0.198657046615259,-0.161476194858551
88.255,-0.426048960776693,0.159103227050367,0.896106235881857,0.383186270893663,0.939137937255119,-0.579773964888456,-1.06157364404394,0.200456033555275,-0.169098159524443,1.15765550939825,1.05606107746525,0.46169257959111,-1.00570365299022,-0.368174155027333,0.15685841633233,-1.68468793489772,-0.240083064377366,-1.09785739127309,-0.786285192522441,-0.0601904168968943,0.318739182911064,-0.0433893826655106,-0.0603628058491,-0.187698967905425
88.26,-0.424068234872015,0.174829088153613,0.876695865903714,0.415459484035641,1.00932000027448,-0.573228304494355,-1.0347145709045,0.197865053981673,-0.154296959148372,1.1037900741108,1.10786843137041,0.455309186681846,-1.06661022698717,-0.342716736129589,0.250758283978183,-1.71092067328812,-0.306878353652241,-0.805616462730941,-0.851275151038469,-0.06390373433376,0.341648629018679,0.00698132311547235,0.0827974988591844,-0.236453270824462
88.265,-0.468756080384293,0.174677747557013,0.861280705311634,0.378854829725803,1.10000262674194,-0.581930143158263,-1.05481044050499,0.202980569990625,-0.156737278427513,1.01817060320392,1.1286988733262,0.45047065183048,-1.06916503897938,-0.249830704160788,0.258878428164645,-1.38413976458603,-0.234468504276027,-0.444931981905895,-1.02958047804873,-0.0568665977307896,0.326548361748596,0.010065745562315,0.150192121582035,-0.261474472123729
88.27,-0.48040513247694,0.117615259628243,0.893340089157481,0.342144624357679,1.19292053846068,-0.590478044514048,-1.09255141782979,0.131150526330185,-0.174739231242775,0.875196689983575,1.18206716598524,0.428387250464884,-1.03461752616175,-0.216753423080629,0.208165504527764,-1.18838657080536,-0.209718576246072,-0.435881241895321,-1.06243978915939,-0.0664576600096606,0.335507985422226,0.129729403569922,0.108705496362844,-0.34566672578716
88.275,-0.454440555313541,0.0737244044978816,0.903713016316571,0.317554305143304,1.28730123898972,-0.534480839123816,-1.11888732185472,0.092305906131442,-0.186277885916184,0.763893977291565,1.25999153150147,0.375497013932028,-1.05471735298002,-0.188678040857951,0.166355027062037,-1.18312637468966,-0.257600778826725,-0.550698586433931,-1.07324611986955,-0.0468416610569572,0.338178327811598,0.274883507116672,0.072500541806221,-0.475207187694686
88.28,-0.449078532655881,0.0765223529963834,0.915667473554963,0.301159977912903,1.39222441606156,-0.47573233476756,-1.14126485494051,0.0701499522188148,-0.184175587766606,0.671927652047508,1.34102914372988,0.326193901652879,-1.12938979165039,-0.139039075115216,0.168063074208356,-1.2985544481263,-0.325199715219858,-0.645175384486941,-1.11341128637827,-0.0264829545256036,0.333105822980181,0.345413518231499,0.0836512945323197,-0.540701305290754
88.285,-0.477360026752713,0.127258778634493,0.910478828826639,0.27103131511509,1.50751595932479,-0.430191098933715,-1.14745290469301,0.0529170548225411,-0.16166934474265,0.619755659440493,1.42198416911857,0.287994007861055,-1.19088150835385,-0.103315809308855,0.204816577925112,-1.29781621583447,-0.298567503362953,-0.577621625440575,-1.1596705695335,-0.00389639410710339,0.310586356111622,0.346100885337765,0.113733981460817,-0.530593845588009
88.29,-0.43514465557045,0.152207417191483,0.916461715762232,0.276028874776086,1.6200337269761,-0.405217736959457,-1.13943048351957,0.0695243157305197,-0.138265008366405,0.620219299815064,1.49039928373333,0.28863481428856,-1.14923537641008,-0.0786592293603733,0.226404037848781,-1.1734313626709,-0.183117503311006,-0.496843440315245,-1.22596129605093,0.0047255278699417,0.288012152700436,0.337835492909078,0.142137140035629,-0.485981514104697
88.295,-0.438693718300074,0.153995356680901,0.918758338344996,0.253797098118103,1.72432503132307,-0.40576017697473,-1.16091861253569,0.118432563936694,-0.141725820143395,0.617685766352745,1.52564447922759,0.281597651296919,-1.13730788920182,-0.0700881778683498,0.230395340390472,-1.29660704934498,-0.17501999789917,-0.548060061592876,-1.21844894188923,0.0152572172788666,0.274111851002533,0.39005242191955,0.132689655015465,-0.469038052583703
88.3,-0.473556273760874,0.151623148555722,0.915254428849577,0.228120769331761,1.83160851729143,-0.409741823386449,-1.1900833602998,0.135682433298156,-0.172696909579472,0.585584763017403,1.57128730645171,0.284274876117706,-1.17688842286082,-0.0684194980567818,0.242602618340996,-1.51682106314465,-0.173311210430969,-0.560568824852782,-1.16589185031118,0.02259655071689,0.266539133449572,0.459901905456138,0.131336940270887,-0.453446805029797
88.305,-0.493958791630071,0.131166377159599,0.902968001152421,0.198591693017242,2.00354168587764,-0.407669246704637,-1.22978713608524,0.133903889385849,-0.216096558217034,0.566820192832631,1.63048516401857,0.268350440759343,-1.20600652785074,-0.0855381209665885,0.233315159577058,-1.62239377254784,-0.152428100551313,-0.474079237172943,-1.11800638406039,0.0190586963802601,0.27444862156175,0.515255451483576,0.161873811191258,-0.433185676899539
88.31,-0.498653473652971,0.13313459027166,0.91274131956931,0.176508945887195,2.14177601310802,-0.41279607405798,-1.24532381337762,0.121135266598254,-0.221440021590542,0.564629715552673,1.68849498776165,0.260217381647311,-1.20774978005582,-0.122426278416797,0.217216923577998,-1.67341387624298,-0.155620673626527,-0.408761789656202,-1.11940651145876,0.0222672167209921,0.289817038977815,0.492541606565964,0.201190339929428,-0.405801191719061
88.315,-0.503524785802612,0.155936290733212,0.905238706042377,0.154502183929437,2.30426985605502,-0.426041013114873,-1.24551896697784,0.123118746627718,-0.211685495996166,0.589289253464931,1.74881607503969,0.250809187132715,-1.21974015456557,-0.156258323378998,0.192390841863179,-1.68712722244137,-0.166634568176928,-0.35781901241407,-1.14604688206368,0.0231270426403352,0.310763059697138,0.443472808433685,0.206933241287066,-0.362637829195147
88.32,-0.518872445960683,0.15011420199149,0.89146313848587,0.126601220086263,2.47300768194633,-0.45809668488279,-1.25240960433078,0.130577635791408,-0.212567936155284,0.62213268498214,1.79801447423544,0.250530751147586,-1.19688201383498,-0.169666161882768,0.171701807263042,-1.67325070324702,-0.162782054458105,-0.271942358897331,-1.16492747714606,0.0278852429584672,0.322180786943962,0.380627182580665,0.196247991058357,-0.329739084177036
88.325,-0.534043130861925,0.133137217133831,0.883881918532051,0.118082632137756,2.62087800438783,-0.485568289963066,-1.2510947679765,0.128701217873079,-0.209548552949822,0.63961957064495,1.85974619429927,0.266159590671869,-1.17628060449071,-0.165645669162771,0.151930012472526,-1.59677551838469,-0.137631134740338,-0.235689238326853,-1.15446832123286,0.0197561726245252,0.331680416010816,0.3129724454348,0.170067671661651,-0.298190226315559
88.33,-0.556035571615979,0.144784580478574,0.871677849207495,0.14598647549202,2.8161383306543,-0.528572277117769,-1.24797433858514,0.147324474334587,-0.192685089913047,0.693674318791307,1.93800393513981,0.276665405570748,-1.1891970550601,-0.14096981792935,0.159450625287069,-1.52524695828907,-0.112009345298657,-0.21697799040445,-1.13267758616933,0.00553735107746899,0.342122329050222,0.283176111230615,0.156946110267142,-0.296890333550315
88.335,-0.578638984752988,0.154350711824362,0.843531541761368,0.163281994972851,2.96769455177374,-0.56316331607943,-1.24755402811131,0.191115900554846,-0.183840792850227,0.705190822499299,1.9975227450604,0.28067897590952,-1.20946579480169,-0.117523000620335,0.185250987812837,-1.42730367035094,-0.0845721094228075,-0.187760684341463,-1.13119659235644,-0.00957937231608379,0.354418657758954,0.256826337531079,0.163868209594957,-0.30020880185536
88.34,-0.576240049669261,0.207171875897118,0.870850673408681,0.205468058850242,3.13811737293199,-0.597474427599001,-1.24734825069491,0.241572977421155,-0.157747079989519,0.725616592197109,2.07765687289688,0.293253985041591,-1.2003068929857,-0.0909427844790594,0.220150901585744,-1.34679228683197,-0.0649341609097633,-0.157000346881996,-1.15190063587905,-0.0207147224978614,0.358540327556,0.221254389849209,0.17921502880595,-0.303458794889387
88.345,-0.557523737114747,0.231607404245023,0.887048099871213,0.279661181441917,3.28690633089936,-0.645825146727687,-1.25274691890179,0.250295930372521,-0.126693015435059,0.704343351275297,2.11358892205123,0.2977135181427,-1.20244415810614,-0.0786137322088099,0.260194142078501,-1.290040505145,-0.0595199825187212,-0.117814281062091,-1.18458683305589,-0.0321617889973551,0.371610718377077,0.169790908892387,0.182273523630357,-0.301971077919006
88.35,-0.530410152010775,0.210212112648075,0.843768984780583,0.232996599802578,3.43981382686417,-0.692746539195175,-1.25945081180994,0.249515602429709,-0.104262436290574,0.67123020541594,2.17998726118338,0.301378577947617,-1.19999204368266,-0.063996520181909,0.308165978653473,-1.30947621298319,-0.0569139920311106,-0.0805067058226598,-1.20990317663251,-0.0417509898123248,0.392238508363095,0.128827849417887,0.147507815612786,-0.306310801305392
88.355,-0.563275679982777,0.237879504168273,0.827413173814588,0.221926013743511,3.63038295580497,-0.754695928003636,-1.27777018566574,0.254619620776813,-0.112384431527344,0.675632656866381,2.24124024271799,0.30510258909404,-1.23014322336368,-0.0478109132523748,0.371818699191004,-1.36076395040084,-0.0625171888175289,0.0415176027510636,-1.21182556211961,-0.0619762269458785,0.415400898300937,0.107966198539775,0.0806884826633691,-0.335485645010775
88.36,-0.599260340852938,0.252890423609916,0.831027272699036,0.194408736648959,3.83531738198544,-0.834308773131331,-1.31189141054307,0.255592649031004,-0.12572138052664,0.699728224368743,2.2975384420392,0.323169740499292,-1.27239422491864,-0.0264408192618737,0.422330118604418,-1.368856192503,-0.0717306658625603,0.151911821013799,-1.17784770573106,-0.087294532952492,0.439808644149401,0.129193087752991,0.0335285833408244,-0.379540420592687
88.365,-0.589138884516616,0.267892420267415,0.846820519482113,0.182587256224473,4.03810191087932,-0.902880358254502,-1.33997477748844,0.239270647041702,-0.11349049841306,0.75975355988642,2.34308658172557,0.345676735320777,-1.28352209448519,-0.00589315126271256,0.438289559625116,-1.35711260814999,-0.0600769502083426,0.272512136090436,-1.13799734790917,-0.0925849105787624,0.465625388545785,0.164206882479767,0.0309663709948752,-0.450367948569024
88.37,-0.602753101329633,0.274231267738218,0.834060246740572,0.166677172423434,4.28049732106094,-0.982788650372282,-1.35952272207663,0.211179231605537,-0.087803444614588,0.848170288391724,2.39894438526011,0.371801082071799,-1.27074013932616,0.0260581915570421,0.425625883078095,-1.30805439214748,-0.0341213263133292,0.320874339238541,-1.12777973422387,-0.0817323993999294,0.499186250683307,0.196726189290868,0.0650143943402376,-0.556848604558013
88.375,-0.611422702828374,0.278228509571621,0.818065805704418,0.120443681144027,4.5101636035582,-1.0700124408956,-1.37078938150083,0.21502359103688,-0.0523902034610965,0.935502229449905,2.44187181538139,0.399254961270038,-1.26770264870718,0.052703765296136,0.393687390019312,-1.24036105743283,0.00285063304708448,0.303151967346175,-1.16115721720077,-0.0626040873114218,0.507426086758303,0.190746423364241,0.104092860477956,-0.607190446106366
88.38,-0.685215371608895,0.282586551208587,0.821152534232267,0.047916090747113,4.74754682637757,-1.14497865947322,-1.3801507615205,0.183935935585479,-0.0114738848048693,1.02922648497577,2.50019119993377,0.445818708407463,-1.27396358878603,0.0916624872551933,0.354209502293243,-1.22222078618118,0.0249585969552968,0.353849250456027,-1.18408331788098,-0.0654547629984277,0.522779842382301,0.169076873297398,0.116586027208035,-0.629176263683906
88.385,-0.695422529479786,0.303251252160981,0.804392765823616,-0.0687249796977828,5.14079587227673,-1.19088807768403,-1.42177805931338,0.153479373242734,0.0530187421282883,1.09686070972893,2.53721280805567,0.479140077610502,-1.30249586949852,0.136099457958738,0.318994045764482,-1.25922300604196,0.0442533184082366,0.471869009169125,-1.2261590706064,-0.0933595366032883,0.596536673735597,0.113117694354563,0.0734878503172086,-0.631901348504271
88.39,-0.48028073387444,0.277578097670155,0.681353634757817,-0.156492684854822,5.54779102399438,-1.24230260493948,-1.50944652115316,0.145833434776694,0.0903046624536364,1.24456919735091,2.56273949913129,0.512877395104941,-1.31022952005666,0.180004203387357,0.285821786411797,-1.24577614361159,0.142363668130998,0.664514862740737,-1.29199423322383,-0.189956412805833,0.629770013857093,-0.0560761414642375,0.0404919689576067,-0.647221555305394
88.395,-0.710169425636045,0.334641727818463,1.29775785052519,-0.354102502242665,5.82148546202082,-1.31720990914257,-1.5982307180245,0.170225008472119,0.0512210193329929,1.35617409715228,2.58193449506642,0.517863358417126,-1.38311843069326,0.233861932705982,0.229122196344357,-1.18697116459556,0.235348672478439,0.829867208131263,-1.40170610234681,-0.314295811917,0.565484858000619,-0.382581944098971,0.104586033429674,-0.675449345344171
88.4,-0.671340419798967,0.283158512921728,1.00681968010142,-0.28442318902556,6.03249412788066,-1.47442450025556,-1.66637516801577,0.275830073086638,0.192054221585922,1.51262982357336,2.62646833221613,0.494165253421801,-1.46083804901471,0.303373872660844,0.17908947505083,-1.03001984149543,0.37333123150103,1.08450657826391,-1.45340227420276,-0.352161995794591,0.403360513556286,-0.657880784295163,0.312540763907653,-0.716121679088925
88.405,-0.483519868084929,0.338228992647382,0.770020510463459,-0.2851042782422,6.67699474357625,-1.55080045456162,-1.77953291690276,0.173615478364276,0.214303836100744,1.56926858923042,2.6549712898071,0.455323520444051,-1.54008953582564,0.418894681342661,0.16792127702469,-0.820960590040151,0.48119847990372,1.2803760694576,-1.41237979432824,-0.277257320319822,0.299835375983195,-0.528444774411401,0.538060989956793,-0.762047768554219
88.41,-0.490981427867965,0.305155527045496,0.991559096005976,-0.236685517570073,7.12178150150553,-1.6610888002347,-1.75247219772268,0.181207908960927,0.353890948101563,1.36661591591703,2.62973468470136,0.481233857906381,-1.56001375003865,0.514159046780151,0.152433247956253,-0.958248626200472,0.576218078871681,1.41357045282096,-1.33957803220566,-0.190275519651871,0.251331731679449,-0.0760241384362988,0.673541917714418,-0.737629138350952
88.415,-0.577493774164055,0.237516645679794,0.890499284351007,-0.285043787896375,7.47700347297358,-1.80683889443176,-1.6269880286063,0.0461184265296001,0.384287556701129,1.48477410301132,2.56521304169092,0.557906686156031,-1.48272447355672,0.557772499632302,0.12042482672286,-1.04006894125121,0.704684538304572,1.52106004161953,-1.27310949251776,-0.1544863501914,0.152347446792489,0.187912286345726,0.662121640042578,-0.651051765037669
88.42,-0.798666879692758,0.123738473935337,0.848107731231205,-0.129337842383964,7.8706657343443,-1.89337803397239,-1.53415756058546,0.0170833365241709,0.325001070607655,1.74528563085088,2.54478125653022,0.617058565291637,-1.37990117989718,0.658162812123248,0.0281283071227838,-0.840756116425057,0.896333520844918,1.76299429372315,-1.19493470028334,-0.101981409515482,0.0341088618776071,0.316116708592222,0.612653589124469,-0.529804259747867
88.425,-0.744404490455258,0.213624402339889,0.829099017140344,0.26018989225704,8.21646880342596,-1.92818944998759,-1.51808714400365,-0.0534806195192268,0.378397444918361,2.10049025281833,2.5280883935892,0.66453850526938,-1.32972425092298,0.764466499622778,-0.0672676474050997,-0.64968183481061,1.05093737111961,2.14384518259882,-1.0955410700649,-0.0205809045917038,-0.0626663227448561,0.435569635510962,0.608492778778366,-0.372635355302162
88.43,-0.529850546644255,0.236605207379895,0.719904290815697,0.825982381472073,8.71419161115281,-1.87510120483227,-1.59030620946971,-0.0831157464128084,0.50091985885404,2.32444137502801,2.51379760818311,0.657129562587571,-1.32005278116173,0.73501868587864,-0.164734960498086,-0.56654525062979,1.15705189144913,2.5395868075013,-1.02213534183549,0.0231590243879257,-0.0474697238560561,0.538089434658662,0.664767840954924,-0.28187820681091
88.435,-0.466285483769807,0.529397184111363,0.804002563093114,0.717748652735627,9.23463430398492,-1.90464544321843,-1.6204154729151,-0.128844363151815,0.653260337556969,2.59651015857593,2.44639836259859,0.669108629226685,-1.307698699346,0.560888742976132,-0.245908793327506,-0.536337322637947,1.29559598895394,2.83694120542949,-0.970857055383832,0.0315689794290177,0.000638812561520083,0.545206484707684,0.756253208148465,-0.199171273494559
88.44,-0.84021396748785,0.255411974751161,0.580685374141735,0.485391507104793,9.59545780170746,-2.04386166229615,-1.59869727363823,-0.18407588524877,0.631165400959521,2.7934529652018,2.4143329513684,0.662051741719101,-1.28915875642915,0.368734892109975,-0.243711170150072,-0.677818227115102,1.39935213112677,2.95317726323895,-0.948679016684165,0.018765999906327,0.0412045125282366,0.423506453738318,0.807989193960057,-0.133745404787757
88.445,-0.741570468428066,0.408763561895531,0.343665447912503,0.372349281819746,9.96580261450972,-2.10722469633777,-1.52164861410425,-0.22018654439878,0.517783784536762,3.0669049079716,2.36325775657665,0.640128824037814,-1.23831816132937,0.151119831227729,-0.214045914637292,-0.984819854285321,1.47336610941856,3.0869753510559,-0.991600509490987,-0.0320238720326609,0.0357665179693215,0.230024570206838,0.727355708594004,-0.0809616186074059
88.45,-1.01321494158413,0.0528191473993106,-0.464776040324544,0.605346740390363,10.6745509227334,-2.06308521650075,-1.46860288462122,-0.252367945527226,0.345440388124467,3.1870632671708,2.35387805035623,0.582234281652326,-1.18257322396585,0.0117554782375336,-0.201322417326083,-1.36318788989303,1.45403889803495,3.24290031005178,-1.02006271194092,-0.103389180206499,-0.00872096795047853,-0.0333919037605724,0.568843515145936,-0.0492510789300092
88.455,-1.24007154850098,0.274833079424027,-0.0756120377156344,1.1991711685544,11.4626695204028,-1.7551698524148,-1.40331951878913,-0.266398660490924,0.0969764713368388,3.33753483119167,2.36048207502811,0.470210584113746,-1.11673677143226,-0.0306592580680801,-0.18363714967324,-1.71545241341565,1.35655824802689,3.39862377102266,-0.991876631178197,-0.157639922721836,-0.0499941307691978,-0.250817329658464,0.520203931851399,-0.0363933028208068
88.46,-1.69641617966642,0.0926804720316769,0.607612667118205,2.01149224780513,12.0312785571482,-1.21743693627254,-1.35991143970188,-0.315070534917588,-0.0607045276320813,3.52439979460361,2.35924097165625,0.337800798824349,-1.07557508326675,-0.048078005172652,-0.150551309782481,-1.82892404278474,1.21643239484398,3.50862188354135,-0.920364773039503,-0.180969043214085,-0.0320730314309432,-0.296927431075675,0.504140491463839,-0.0298810447514074
88.465,-2.36284098428756,-0.082874208885588,0.84256048832769,3.27172760175719,12.2050933674108,-0.648610770157746,-1.38181966648508,-0.184359233849649,-0.185650907433353,3.70116182945491,2.38168798366491,0.173669527448078,-1.05405590914815,-0.0819091435936667,-0.0987593850269691,-1.84365654388308,1.0933101357698,3.51708488613545,-0.894710231730956,-0.187021630633311,0.00879830305789147,-0.197536467238536,0.508472972683603,-0.00683849651443153
88.47,-2.91291990965925,0.0690980853075798,1.35103884680041,3.92328770681233,11.9832590052014,-0.243959307539236,-1.38847772873236,-0.0262094297339311,-0.336255095785578,3.89352436552252,2.42006231085373,0.152613325217505,-1.08388743620176,-0.127617818686784,-0.0141903570659527,-1.90730734759247,0.902253668295761,3.47239660562413,-0.915975851871058,-0.191741393081557,0.0254462835251466,-0.110360946324427,0.451437155086167,0.0385020043951607
88.475,-3.31501349506172,-0.0281005493107232,2.41923002771679,3.7414583811191,10.7196188632337,-0.826347441340747,-1.35838437183982,0.24088121126394,-0.644204358094614,4.45870997386268,2.51858062704222,0.192706757655559,-1.1131223419848,-0.172169981924287,0.0796263358755032,-1.95963411700512,0.752803762227361,3.44478549632107,-0.9740267776526,-0.188912236304402,-0.0403620508548788,-0.0266138389158224,0.408195901749484,0.0877751690109032
88.48,-3.414568449243,0.190525851739187,1.9542105848786,2.92396629426267,8.90608927353459,-2.01333591307206,-1.36624277737166,0.555887694809097,-0.671557570987684,4.97064013095282,2.706904895116,0.220608524347622,-1.16039713881308,-0.180950920345327,0.119875355006537,-1.98794514620783,0.624155890977381,3.41148562280553,-1.04089837064401,-0.181685805226296,-0.0883138345638359,0.0450865929299029,0.407583829759355,0.145507715640418
88.485,-2.96211370303808,0.449443474568205,0.949696845012065,2.04713362936717,7.66716536396304,-3.25735416742621,-1.45219889648558,0.697094400651035,-0.650087240486099,5.52825637932875,2.66080315097541,0.112404812150932,-1.17823212726068,-0.265967482436332,0.249881965334563,-1.99708603504493,0.471495391006637,3.37135456743696,-1.04975550366377,-0.15565058965507,-0.107995141440339,0.146098436437395,0.432445489701608,0.199150199319011
88.49,-2.45623093294057,0.613532002559224,0.726670726858414,1.97556402820828,7.40602954496252,-3.68316773269685,-1.54580091988873,0.605086571448106,-0.544775846576441,5.6306545010319,2.66709127873499,-0.0488455000324568,-1.26996092002878,-0.252030781906094,0.281679101190099,-1.73582606363722,0.324560828915965,3.22146718325675,-1.10714353091684,-0.13829785989658,-0.0775962168175464,0.277095643772435,0.428491547723959,0.225968258954682
88.495,-2.11604242156751,0.987818826261709,0.837554507098286,2.65572957022395,7.14189128342348,-3.26079163164593,-1.66047120382925,0.536336112169991,-0.431934396001308,4.9318304948297,2.69169069022828,-0.225470002420755,-1.34849282905451,-0.243572890144176,0.35615201164309,-1.50672104895436,0.161805596948631,3.20742895875559,-1.14702090290084,-0.128198914949924,-0.0727010234427224,0.328923256477581,0.272285084303208,0.245959140978402
88.5,-1.77445710606564,0.839058137222121,1.35124364993794,2.61531775933317,6.79081185426035,-2.44421703327281,-1.69973149440465,0.395858188507213,-0.212908877957601,3.56821922725537,2.45511789004967,-0.382064098066338,-1.38238552730724,-0.298789721983012,0.445884592847953,-1.32095757722501,-0.0512969066233178,3.06054145490376,-1.1182844202018,-0.126536191046853,-0.107578484446111,0.337042271706803,0.0228126240383538,0.232037117902778
88.505,-1.67727580869405,0.376322005166018,1.84970645575532,2.33647568708465,6.05394180961879,-3.22544890409069,-1.57557936086866,0.761077719241717,0.451631810493547,2.86539627135686,2.29947653041176,-0.38201864102767,-1.35576791783152,-0.357137929166087,0.480001940532383,-1.1363065076505,-0.206591606489778,2.80973292389009,-1.0815071796955,-0.137190200118638,-0.172082575852371,0.288978934055833,-0.222659518597807,0.210489170615769
88.51,-1.87580588813414,0.898909636518098,2.02625378792089,3.12552040011369,4.56183551117884,-3.66430253010567,-1.33186911187853,0.786298712977965,0.487140757240484,2.06208232961323,1.9280261185563,-0.169637690416846,-1.2865697974142,-0.468116001323106,0.494434438703114,-1.11852405271617,-0.359862508581671,2.47837117672333,-1.04754910139914,-0.153357688831533,-0.213789031853348,0.219001405159716,-0.483110680832795,0.162662723021394
88.515,-1.97344871975264,1.14695478168119,2.12495489399325,3.37380967270312,4.02958552397441,-3.42705306355672,-1.04483906289941,0.939360780008125,-0.427282569401764,1.22462858901773,2.27638448229197,0.0220069097378648,-1.25605042435681,-0.551890165875818,0.453530540439292,-1.06439669506871,-0.502989876363899,2.19013650792225,-1.0302771564573,-0.178948565627626,-0.23155018010678,0.149994505043333,-0.679055673235693,0.129358694613112
88.52,-2.64333867085817,1.29101871707774,3.29629474768852,3.16111576582888,2.85334908050022,-2.95189733371692,-0.824858120103429,0.92349027982613,-1.56769298253927,0.371120548884695,2.7768075989809,0.201367013758537,-1.21566354591894,-0.602629136268664,0.380295171244861,-0.917232622661854,-0.645035985019748,1.93283502959915,-1.02922460228966,-0.19106416943727,-0.214545970579898,0.159063465597618,-0.882233227593849,0.0945227149221518
88.525,-2.72081513384566,1.12670605971432,3.41525863544466,2.91944353901153,0.754438920276013,-1.69195990825591,-0.82262169486699,0.347687125970517,-1.22600389073506,-0.384825912337007,2.443658624417,0.049439207636856,-1.22620982131365,-0.631160407356235,0.248402835183516,-0.75755008877236,-0.921371717437219,1.68210098191475,-1.03216079462999,-0.190416135780404,-0.186017614676141,0.226337197272439,-1.13768656634811,0.0410135303479468
88.53,-2.5054604109918,1.70171440294457,3.07939163475562,2.43611775921635,-0.745897486699796,-1.23244037089013,-0.786812346728601,0.440520518073443,-0.596602924379574,-0.371812862470745,1.63027506104009,-0.355964384911758,-1.21561160202643,-0.613018490514578,0.187562178230328,-0.553424523213591,-1.0822440546719,1.54891802755648,-1.04581478683651,-0.182803762182027,-0.18760540143239,0.322238639949945,-1.3224064860519,0.0104672173940608
88.535,-2.52217388988002,2.49878011824786,3.14277074550913,1.76312169476832,-2.55928059660423,-0.829247353885236,-0.862791699526206,0.665545453364705,-0.687037393624555,0.0433912411147413,1.53241570881327,-0.399727323257411,-1.24174879532208,-0.535201825722263,0.11223008719887,-0.105372093741377,-1.14817896339685,1.42080335167717,-1.06104216056401,-0.185417719699364,-0.19042660834742,0.477242026372288,-1.48114947358604,-0.0557610419177058
88.54,-2.24687479546647,2.2461401258708,2.72429016720662,0.473261400895332,-4.39501056678478,-0.359146587177481,-1.00770043594032,0.552550936281583,-0.508651126048737,0.180462667520035,1.2153888287555,-0.193052601063791,-1.27534384101598,-0.442948939882873,0.0110094916838805,0.382402624764932,-1.16208898256368,1.29245985903158,-1.0323092948671,-0.175166868148603,-0.180239358181283,0.716809517651503,-1.64641601713464,-0.183633260290803
88.545,-1.54354606124416,1.4512604133479,2.09976192342533,-0.24674277797817,-5.45481753426492,-0.148946555460175,-1.06352830254294,0.398742524670182,-0.12291440141229,0.380067138505022,0.785302057352168,-0.0103951949503197,-1.32788094175437,-0.363791869587448,-0.0469971058235178,0.673544609839065,-1.1580102556528,1.1991325590173,-1.00005915845615,-0.147415748555819,-0.156487741106228,0.816542308627329,-1.70690073774634,-0.215129478657801
88.55,-0.661696311318193,1.16359163444886,1.40872708070335,-0.145895249792007,-6.11166337856004,0.0775281651141923,-1.01709781824284,0.262450026814048,0.0996659487528237,0.121909023983563,0.402904056056209,0.143878700729627,-1.42342941519477,-0.307144293340037,-0.0487073487860556,0.952023852714034,-1.13241515870614,1.11128925193148,-0.993057893314979,-0.141527833548301,-0.117477117305291,0.870687379964682,-1.68266214243693,-0.227177192334827
88.555,0.121895467580285,0.783649165247067,0.875311058224303,0.104175796586562,-6.25847368300857,0.152694842698621,-0.955174098958999,0.196878482320884,0.266614853617532,-0.59701118947821,0.109339740520683,0.290566375903133,-1.55910031978052,-0.264611646143053,-0.0294862734349531,1.12652358233737,-1.13213598880548,1.06434883947864,-0.961512569169533,-0.11904341132525,-0.0737484352785751,0.910215356649267,-1.56522753442973,-0.201458718204631
88.56,0.319276453713203,0.33258634702622,0.572557921649992,0.607007979387629,-6.28410164569413,0.256780157949706,-0.868770809798733,0.188875942357273,0.352955178909568,-1.13555300428769,-0.0687764460220728,0.329608717189091,-1.6336135656401,-0.281293376085292,-0.0133220646869977,1.22044179816308,-1.12163974390059,1.17844497582971,-0.955397856946036,-0.103180556529467,-0.0418939197934333,0.871862814347342,-1.40764630168018,-0.128902443698495
88.565,0.278757600589471,0.0474424465786487,0.341969812893048,1.09055159273063,-6.22728360482194,0.382193500726983,-0.737473241017479,0.210045167149571,0.383158540251018,-1.11178277838038,-0.241778006008546,0.243173193820424,-1.65212736948266,-0.317865107310881,-0.0121905902720948,1.12265886474131,-1.11331058277879,1.42090347876018,-0.961828039412042,-0.099576917728029,-0.00213746430529002,0.808496393660268,-1.21357422161401,-0.0451324233257537
88.57,0.0852231738345043,0.0467168727356476,0.150296365948964,1.83301222869939,-5.82518642454648,0.684169636813788,-0.749990916915321,0.120433382602867,0.275524521432819,-1.01321834933723,-0.367021256647587,0.348221759960276,-1.58870190106148,-0.346111109110168,-0.0177167617214154,1.03143184051892,-1.03798213011913,1.67698646152595,-0.94380539278875,-0.0816928330685961,0.00981635830722844,0.67278836588104,-0.919885156940585,0.0564060133197837
88.575,-0.0629346981364277,0.231224916769212,0.164493112325798,2.29464739302933,-5.37405424910546,0.990026028565619,-0.605315331095631,-0.00380825754704607,0.0742660471625205,-1.17032575820099,-0.630116595862976,0.469927307989059,-1.51416929077247,-0.366230694404251,-0.0108188664709906,0.90385166950371,-0.977425402151536,1.9236104278352,-0.954699999749617,-0.0820004182382114,0.0130141934351838,0.575923246801903,-0.675890010739032,0.110569403969476
88.58,-0.16731213599161,0.474861225627656,0.262515689284132,2.54729210969032,-4.92001287491954,1.37063702466139,-0.484383628386158,-0.0829332198115795,-0.0645114085378673,-1.23128635689577,-0.864337645874784,0.383825899654217,-1.4181993485445,-0.388974512347117,-0.00595570809491402,0.799720981358135,-0.92778234898138,2.06457242162177,-0.973233310978744,-0.0708314198205142,0.0296713629871539,0.479784865072058,-0.476102876128832,0.147046854779311
88.585,-0.237852602730267,0.680870879978623,0.330118611259122,2.51752753092097,-4.63244640070841,1.66210776212971,-0.398041405164155,-0.0801145958808551,-0.102903035279014,-0.976293751538231,-1.06433761083029,0.256941354558233,-1.32938488634832,-0.40835685426922,-0.0141718669886702,0.640167258275158,-0.911329433795287,2.14059527075057,-0.992104510350215,-0.0602563950999742,0.0405278208131659,0.375353242332887,-0.294009223631835,0.1830413690822
88.59,-0.340849815704332,0.82575786692331,0.418588695164347,2.20643068234005,-4.52147596415311,1.89355521562142,-0.396710190466067,-0.0659183965859533,-0.137246023454678,-0.479486239519586,-1.24342708788501,0.126697712456288,-1.26215512429794,-0.421042707585796,-0.0230672069021291,0.526799411249822,-0.935795839239361,2.19172480388254,-0.998042255062054,-0.0474372972480654,0.0472022757919189,0.3022517110139,-0.180922120191907,0.210760247366715
88.595,-0.463239388017773,0.857959008278863,0.500054932773521,1.71921385548928,-4.50921373425065,2.1395207433179,-0.438194835788266,-0.0233702970273603,-0.0907171675480045,0.0458856844219048,-1.45688763060028,0.082880840146394,-1.20576718032698,-0.41853486961901,-0.0282123196133469,0.482316149237542,-0.945553226619809,2.13035728780161,-1.01037238423477,-0.0425123094820283,0.0558977703884173,0.239428754601922,-0.146787057288488,0.239134618484483
88.6,-0.521789396243812,0.809647970301963,0.573285700208486,1.2798339029105,-4.5422417619673,2.30053680184528,-0.460423976238127,0.0481778382081453,-0.077496887727927,0.296535984003646,-1.69566501406275,0.082287648198221,-1.14776181393126,-0.409415929666311,-0.0342286254930211,0.56708852556391,-0.8593763447376,2.10208422882031,-0.995961183296121,-0.0425813269928177,0.066467919912994,0.179833186383389,-0.168924445305279,0.262112283850211
88.605,-0.555706235330214,0.729000232443039,0.625151512635398,0.819863167608916,-4.60470891696159,2.41597385608104,-0.452699714582325,0.110729900517723,-0.145058639280417,0.355104322752219,-1.85367382201957,0.100701186288338,-1.10454607438817,-0.410917949865873,-0.0646265379229318,0.688813424301594,-0.76479027366913,2.13093396578798,-0.967005898666885,-0.0456546171312698,0.0794788650718962,0.139530433155858,-0.20843283428184,0.280229475691991
88.61,-0.583124066233926,0.464490091665218,0.687856185760253,0.254503883080297,-4.74916096330075,2.51681693426773,-0.46577650687807,0.0599699212196307,-0.210264215233578,0.455880076543448,-1.92714161033953,0.120342391739568,-1.06821650852872,-0.397318591197091,-0.118924066448427,0.746310532930148,-0.717274294836138,2.19611281567564,-0.916067148888374,-0.0567598807974129,0.103979014608761,0.0899002053177534,-0.248846564323626,0.307695958645067
88.615,-0.530007415645375,0.115053549887801,0.695273713631094,0.124760768268447,-4.90302517686588,2.55270828782409,-0.519267316395415,0.0229868942362272,-0.196949817497719,0.296248981424698,-2.01471426671816,0.138153932657911,-1.0422239835701,-0.369494754456521,-0.163616017121023,0.744614330374148,-0.667898063176928,2.20492645315462,-0.868209060321688,-0.0759418871675204,0.123558489030527,0.0637243424512282,-0.248986831500741,0.320027984934263
88.62,-0.39044831687799,-0.198330509522135,0.652671453509756,0.252609971573854,-5.04445779087051,2.53564655581354,-0.581022799994892,0.0731329696809228,-0.170611449326808,-0.123724675941691,-2.18997699412539,0.181136972797583,-1.0481563735718,-0.340410859368023,-0.223928733106651,0.723035735630539,-0.643469758234077,2.23222393438519,-0.818482862339126,-0.0998804043589517,0.148031455381076,0.0440270101355932,-0.235462164342288,0.33492382241099
88.625,-0.246778513394199,-0.371261552133789,0.597443647753447,0.541409691203315,-5.12038706989565,2.45548830316109,-0.609283879759919,0.129991471963318,-0.120781184562844,-0.461570532094993,-2.32141004086794,0.236762225238809,-0.929392266255701,-0.294810758805624,-0.172342007149152,0.621507387034535,-0.586500151803793,2.28640524440468,-0.770308602572425,-0.138311766397081,0.16925747394171,0.0525862183126545,-0.193371433114136,0.351348885113327
88.63,-0.183362881652805,-0.430050675444883,0.52930454102325,0.870982499465221,-5.15026660335522,2.30435686491742,-0.621130260116175,0.114565953678519,-0.098140977746778,-0.643517158405656,-2.46230646866448,0.2709232728733,-0.990117096631829,-0.282331190866105,-0.177088115054654,0.710717875754656,-0.635561134868141,2.20625393802429,-0.750521939202587,-0.161687644564846,0.182739200601529,0.0787704479978509,-0.139639576404782,0.364320897529938
88.635,-0.197789235178168,-0.389589055965711,0.506789499237057,1.15069090202239,-5.15273746670996,2.11254934755052,-0.614519230276566,0.02581640442734,-0.123293390726408,-0.835563188036147,-2.65115917270717,0.259907736803175,-1.02203635041676,-0.305504070023367,-0.162259530828429,0.604996422916062,-0.639290238349627,2.21665350646086,-0.739531689324715,-0.190082089332416,0.195388090356338,0.0991455230349375,-0.090462867458584,0.369402036591866
88.64,-0.274256338444973,-0.314599788580276,0.550732443999598,1.3964451185061,-5.1389493075591,1.91297303777446,-0.586210588878366,-0.0399961855338968,-0.147743936911425,-0.918401597937931,-2.82051483349674,0.211337114529642,-1.01885842163166,-0.320071142727218,-0.127791983360254,0.529858399672387,-0.63305645937868,2.20921674970607,-0.740358132823497,-0.209727006734026,0.200815734756327,0.108016088361327,-0.0450507825853975,0.366295844316483
88.645,-0.38714369831078,-0.219529571205595,0.645600388107003,1.6170270278936,-5.19212208161023,1.7251114145263,-0.575338062307275,-0.0801608852481253,-0.210220772762359,-0.909890340310006,-2.96310528462155,0.183012090193953,-1.06488970057606,-0.324094590773313,-0.0494587731786807,0.611742447680148,-0.663480606706316,2.13859539893794,-0.761425730113763,-0.226973511063334,0.205986470848879,0.117638616486943,0.00131321634802568,0.333776897471689
88.65,-0.508259135712969,-0.0659447332215764,0.727360071140915,1.63709013481534,-5.25917924645177,1.63764044142498,-0.605862113763187,-0.126463817098656,-0.254274409488921,-0.884593997341768,-3.12953438030557,0.190413605534352,-1.04850413052114,-0.335838515373202,-0.0275496822795949,0.731868140192948,-0.738419476222537,2.12500736316187,-0.777425115897716,-0.228838978118259,0.201190537214274,0.120998916154013,0.0172489959591496,0.288796211818501
88.655,-0.581220480583424,0.0733870278128845,0.752693007354398,1.57517637667576,-5.37309141620259,1.59706618035995,-0.656331982571823,-0.16602922581021,-0.313354346701789,-0.719953770969271,-3.28956446693285,0.201530980724291,-1.04545454118519,-0.357704389984534,-0.000232296024042542,0.831040987877912,-0.772808057088458,2.06141897721551,-0.799723052963415,-0.224003192369859,0.192099446631195,0.123602654275468,-0.00232536639121566,0.235832393084358
88.66,-0.612597716255759,0.217145359631773,0.742687863917852,1.46264433870187,-5.49547114364197,1.59836304572089,-0.691364262009113,-0.218000882993833,-0.334490832374371,-0.474700715676622,-3.43624878054494,0.172027834973299,-1.0228659370644,-0.376173515274313,0.0119513993208898,0.915669951062536,-0.791975324685951,2.01817877430661,-0.811652494173046,-0.214781056790834,0.179922236145784,0.121675048043902,-0.0472142169372913,0.193696731480957
88.665,-0.615890394089616,0.308497034254175,0.67574350577382,1.33245608686652,-5.61357989688849,1.66087218710181,-0.717286436978378,-0.26213343148653,-0.301835302926676,-0.0961193648651035,-3.61278489735893,0.115689439131095,-0.957716996512916,-0.386791960686647,0.0175634324680796,0.978441864002888,-0.777956007407742,1.93396063330959,-0.809812976080019,-0.193582603661749,0.169673170717183,0.136215583213714,-0.072848491763911,0.166920431712096
88.67,-0.600315082166182,0.310972595809705,0.584882837594677,1.22925827601939,-5.61322871205766,1.77735172477576,-0.735363856977148,-0.25627062307212,-0.251294176027038,0.156419823235497,-3.69747926348726,0.108677840935248,-0.932251858611329,-0.382779789557062,0.0274093653621437,1.03556467918228,-0.749569306044093,1.84957765683583,-0.809139739278647,-0.17533794043919,0.168010816366861,0.181018289771713,-0.058143026485847,0.136129976661274
88.675,-0.583119634512827,0.325960826387079,0.506773160799953,1.08665394633897,-5.51629106738419,1.92389989531324,-0.760125113813671,-0.210977749012278,-0.251867119002,0.386306466403685,-3.80153704019264,0.123013278631646,-0.895430865799897,-0.387822022387038,0.0302555384479351,1.07590861124044,-0.706148052993338,1.78250058796722,-0.813736222481793,-0.151949406942542,0.174064841760031,0.219077266554452,-0.013637816475533,0.119146169369029
88.68,-0.596292435037522,0.321525717540069,0.484049548622202,0.98615321814497,-5.37930398135613,2.04097697868703,-0.795714527070106,-0.153064687326247,-0.280787640515395,0.585806169978451,-3.9430829352519,0.154483891021882,-0.836105334494669,-0.393484304891202,0.0245747996544274,1.05782058952424,-0.626757412919493,1.72843774770148,-0.815515613369671,-0.134991728639093,0.174108522661244,0.245210080127266,0.0441503316856367,0.110402725463774
88.685,-0.62087670701523,0.251713499610619,0.517709600816234,0.970057688335449,-5.21174028253232,2.17181331685299,-0.80311931417152,-0.117261575986681,-0.314138938580924,0.731780593533775,-4.08351083623849,0.203806372434384,-0.796907471682187,-0.403059373379618,0.0288291706631453,1.11008352762975,-0.554415923657722,1.66158437168612,-0.811761844897083,-0.121926348973108,0.193721196310654,0.263494721399086,0.0718740053062924,0.109739989042282
88.69,-0.629426299666902,0.212770311752229,0.53962242507011,1.00378692531471,-5.11319452331961,2.25526846761707,-0.807113500624233,-0.0484818016882487,-0.343408155441416,0.714235298739481,-4.19223466292221,0.240116480651901,-0.770805637872999,-0.413608711629244,0.0220486469510686,1.14517927459624,-0.506890179716612,1.62193105103541,-0.81219222680855,-0.111558135214653,0.205755611540949,0.267094319894608,0.0803429464663347,0.116833799774842
88.695,-0.657605777853809,0.209088165527275,0.564162782741271,1.05565257628959,-4.98972664560563,2.35341935095447,-0.827166118784808,-0.0157850895078308,-0.358875171114242,0.600613758614068,-4.29744404241832,0.279749069743612,-0.733345163731267,-0.40699510759766,0.039148916695758,1.22261372427876,-0.460001908462038,1.53836873435059,-0.814839407550095,-0.109362970364867,0.213309319519099,0.246130781214482,0.0568138447208734,0.125566413632821
88.7,-0.724609620171482,0.2468580281957,0.625754171967112,1.08579836913887,-4.88295198166595,2.42104444554753,-0.824667861798132,0.0200723915936926,-0.366144467101193,0.450190559183591,-4.4208995576393,0.316739321080373,-0.672412718254447,-0.395541805203099,0.0306706320684349,1.32920655260859,-0.426600358476725,1.48887933259139,-0.817941655514441,-0.105943548934308,0.218548193659235,0.224534809123649,-0.0109141107002616,0.124159682696751
88.705,-0.80444578643863,0.278114796229744,0.720005620922827,1.10758929079017,-4.82160695688243,2.47307825022737,-0.818837812037121,0.0688538711486709,-0.399756719775183,0.287703671384731,-4.52391584808641,0.335101109428384,-0.685420296360012,-0.407488012351529,0.0448856889154891,1.51593141579328,-0.444922216016957,1.36226913089845,-0.824221375540999,-0.0974513789184022,0.211572014728822,0.206900788710478,-0.0820289151465408,0.117141261058642
88.71,-0.882871538858902,0.302739617296514,0.806430610513283,1.13322961378592,-4.80763495969649,2.5240987098248,-0.814475569785993,0.0964457157470366,-0.44698281123321,0.0763468158145635,-4.60980287051285,0.360867857112035,-0.697963267683892,-0.393270998926183,0.0369549318938965,1.54440908092035,-0.470062886935724,1.28782969814741,-0.831106932726594,-0.0867122314880868,0.203124317772793,0.20035074180314,-0.145640130576379,0.108890623651427
88.715,-0.953924219657571,0.314340439324264,0.865101510921312,1.16089424590598,-4.84065999073463,2.59828945069886,-0.844044921405181,0.106543919913584,-0.490429624560557,-0.216053922760553,-4.70188453150744,0.372472760457691,-0.70236252854411,-0.385352536883929,0.0393799554413391,1.57466192644046,-0.567200551201189,1.22197906283299,-0.834273898325061,-0.0757190420372501,0.190715608514293,0.204805084655827,-0.185793787437541,0.092173216757747
88.72,-1.00703819580471,0.327307246926884,0.887866891433521,1.16355595764435,-4.88682021626057,2.68138483150789,-0.904041497009426,0.1052714984157,-0.495026288044243,-0.489726874934841,-4.77940367734487,0.376285155861899,-0.698515010025995,-0.37300478686272,0.0208502965380342,1.56084560494257,-0.645284388905297,1.1841642000782,-0.833356632415415,-0.0624232759346072,0.186719503518432,0.213938708686566,-0.190163761377335,0.0844273296483779
88.725,-1.02313121646433,0.328594537299154,0.86718343123348,1.13484008089996,-4.91000243083888,2.74716232415922,-0.963396866038017,0.104793479957162,-0.518887271244206,-0.800616673782399,-4.89662814085836,0.359748720097123,-0.679499578998746,-0.3662633780372,0.011719662533015,1.52797254995601,-0.666312153654771,1.16442482092061,-0.831968381956119,-0.0601437909094985,0.180532485356872,0.198580592102915,-0.160289068419303,0.0960342865933918
88.73,-1.03735420433681,0.315760179310347,0.862277442900555,1.11273979064713,-4.90063817470293,2.79492180378217,-1.04246942082981,0.0878250862759301,-0.501102362693674,-0.991298180469572,-4.95333588415204,0.342913578664878,-0.651615412862073,-0.348315954188022,0.00162534265427783,1.47156449745442,-0.618688013240639,1.11325701375562,-0.836727194485496,-0.056100824794233,0.178039214571622,0.165422924365198,-0.129607732388018,0.115523728486063
88.735,-1.08300985642941,0.29338362150604,0.882655897851826,1.10870015621185,-4.88122052578623,2.81481933377286,-1.08185224466018,0.0582549734094734,-0.536937094580426,-1.14633995146889,-5.02862901433407,0.32244012102599,-0.626235902355574,-0.323217291133041,-0.00187252699243063,1.39630939583023,-0.537698094692836,1.02489632229727,-0.843616137667925,-0.0630264915968261,0.178003797178342,0.126417564232051,-0.111778713799843,0.135347442006925
88.74,-1.11379642561828,0.291587284665409,0.894442793463001,1.10189455388523,-4.8577479942823,2.82882511299973,-1.14208646891555,0.0715324715595414,-0.576341362740948,-1.22072373249565,-5.07338007359157,0.357339894746114,-0.616505512225522,-0.294689540251157,-0.00514204037895964,1.33300016768959,-0.461620960484789,0.914351618099834,-0.851762899558279,-0.0838812534493661,0.174827376443169,0.0754582419990945,-0.101286438627366,0.14516538618377
88.745,-1.15322085181397,0.313160106640825,0.921694717112789,1.06742396625041,-4.81373370721283,2.82755092598309,-1.15832116448691,0.0719121840688221,-0.576385281252098,-1.2539901089871,-5.16450859944814,0.320173599488016,-0.615430343138342,-0.266916266123844,-0.00749956259882181,1.2630829721877,-0.345849029179216,0.757942512861274,-0.858253661204053,-0.0917933252742268,0.174256424725919,0.0479832981343137,-0.0948876822658846,0.153701694670791
88.75,-1.17365926996549,0.331843416050124,0.940432634254449,1.0309232435565,-4.78464101277865,2.82744527574122,-1.1810308597739,0.0337156001648526,-0.590917200773024,-1.31807419595884,-5.20321329294928,0.321197349207855,-0.623761869962624,-0.255678306046531,-0.0142515662277195,1.22583514934677,-0.258961817955259,0.63291922767585,-0.866479669659214,-0.104615086078302,0.164708648133353,-0.00656143729980766,-0.0939398332296592,0.142415148520711
88.755,-1.19661309765569,0.346630024711978,0.958996227769204,1.01938222896062,-4.73226917334463,2.84640356482024,-1.19184019858064,-0.017519784572854,-0.587299277655289,-1.29692932983677,-5.25824375796129,0.317665064392095,-0.638150229663507,-0.254899521432376,-0.014176363501761,1.1916949915584,-0.176313814251243,0.508938465563021,-0.872936524319675,-0.113879983826249,0.164626501414255,-0.0440729121551548,-0.0894035516354081,0.139100095467813
88.76,-1.19808915397627,0.391042234864868,0.961479565373776,1.0120275170615,-4.66092473287526,2.88667352867367,-1.21008501539053,-0.0486829452707241,-0.590585000866977,-1.26996659933674,-5.30354121887339,0.28581921459775,-0.659510950470082,-0.258620357292945,-0.0184433790699317,1.16457045758136,-0.138350020198554,0.408805030560833,-0.872179787879442,-0.12766265286148,0.169552240804748,-0.109331774834575,-0.0708562093719973,0.144032925519362
88.765,-1.19546602531931,0.452465143423855,0.93734144356588,0.978589310095083,-4.57762119305994,2.93853707100037,-1.2438464818077,-0.054733571102969,-0.591723759557755,-1.21310163870252,-5.33029662980405,0.248907011639075,-0.68757263224605,-0.261275010742031,-0.0112892157053569,1.16892422869732,-0.168237111254171,0.356522820613295,-0.868355156470558,-0.144752435980025,0.18788060115965,-0.163045616220747,-0.0413552773400351,0.143971260902017
88.77,-1.1720739965122,0.523246361555267,0.857120257201447,0.826602530174506,-4.43975332300431,2.99725395616928,-1.29902561847686,-0.0508156928338134,-0.589298808634888,-1.16990320702096,-5.34279866224806,0.222742799846369,-0.695711183997065,-0.266877927556782,-0.00533234881385064,1.19530531616579,-0.230496260890281,0.351250029547674,-0.865447322138454,-0.150296052239478,0.205322250251421,-0.200477736882681,0.00849524596429279,0.116943672621228
88.775,-1.14788100656522,0.562155456765788,0.775104101863477,0.61410577128002,-4.27190821411966,3.0374293170226,-1.34593845138097,-0.044699485303758,-0.566714752105597,-1.16001550872746,-5.35427585684667,0.193279490778707,-0.688275871705996,-0.27656817419344,-0.00611074260120581,1.20918269325884,-0.320070839939463,0.355710298863583,-0.870359443475332,-0.146442899031434,0.218848644822047,-0.213781763971356,0.0526466583545508,0.0999762162257241
88.78,-1.13244983288523,0.584174487730791,0.722883317990659,0.393712097207035,-4.06751882914238,3.06600041559617,-1.4008022851168,-0.0151325212960189,-0.550728202134448,-1.14223973354289,-5.37534215588698,0.162572854640352,-0.673465230418155,-0.280509128951329,-0.00705938943161881,1.20201074621668,-0.378601794044859,0.365415876660736,-0.874818281512353,-0.137830655349771,0.231061623736617,-0.21061815686832,0.0899967713365578,0.086084993604403
88.785,-1.15067377587399,0.596559938810086,0.733381577248172,0.166717730677639,-3.7734827546618,3.09718646516755,-1.44962784026973,0.0057723069843599,-0.557598321375392,-1.16901348377459,-5.36241237648007,0.148983742183778,-0.637008889964335,-0.277201092163511,-0.00623021589569467,1.16295015605616,-0.435812810413468,0.378048854631951,-0.884133394568196,-0.126377175617795,0.237188928748257,-0.206195718041223,0.109032918495436,0.0816625565202649
88.79,-1.1817818600227,0.603164058857319,0.768812908490331,0.0617132732208769,-3.53587644259992,3.16252556027055,-1.45537559424711,0.0111911622444435,-0.581853996506938,-1.19083757586971,-5.35660020411483,0.137087208676206,-0.601765455251226,-0.27617302356441,-0.00431692015928127,1.10805114913594,-0.440850535634296,0.377649128114708,-0.899511809817583,-0.111655225617075,0.238099955999119,-0.199085209881647,0.12649629128161,0.0936167700868552
88.795,-1.23685016923807,0.619433392802387,0.800059041510334,0.0210947298156323,-3.29675002753874,3.26388844828344,-1.44757602679078,0.00569819437733486,-0.609539353881935,-1.25401463605977,-5.33470797718165,0.133593407730119,-0.568270059670507,-0.273389213056768,-0.00646649847133961,1.01819342661163,-0.401551135200708,0.370125417329448,-0.916609439424918,-0.101144585791264,0.245609947248397,-0.186418349316544,0.123811714351177,0.102173273250395
88.8,-1.31576545877777,0.66993183456889,0.796282199726832,-0.0621656589272248,-3.03978806739576,3.38240075721404,-1.42360887532874,0.0412367822782391,-0.608934082946259,-1.3668972099488,-5.30872045485472,0.11862061129446,-0.536446965509367,-0.269222425063894,-0.0186294367446102,0.898132043564013,-0.323481785661832,0.352973777168474,-0.930839574874626,-0.0893154530423666,0.260711619876815,-0.171110814389539,0.116578106834157,0.123889697309536
88.805,-1.42468969079679,0.72008700599426,0.877164692886863,-0.1708584600491,-2.80698657382691,3.4841137451255,-1.41972996305495,0.0752853260593322,-0.609557374571909,-1.43089187091245,-5.31132543674466,0.106083318692346,-0.510538240840835,-0.25691350771982,-0.0279491788205229,0.730773695961295,-0.200029785901484,0.315978502436893,-0.944199016776378,-0.0760318835197654,0.270957350295407,-0.16323986979834,0.0829270119805324,0.142160338198071
88.81,-1.54828943860077,0.741099916646285,1.04812229688712,-0.295484104952648,-2.61278380365878,3.61372900187809,-1.40308144344881,0.153425535260221,-0.64113171913094,-1.53568214026272,-5.30542432466497,0.101754172632739,-0.509145216731516,-0.246313380388844,-0.0340304781176061,0.642077174664408,-0.11214784100166,0.286422459023686,-0.94288439415055,-0.0799501233594638,0.274963042490165,-0.155118559198968,0.0619312133239936,0.163523123653626
88.815,-1.63607105084397,0.714405053773141,1.22714761474016,-0.360231714172295,-2.55550599098206,3.70905553645939,-1.3960170254987,0.201013607395063,-0.644821059501089,-1.61485818046541,-5.32855925267517,0.108641542230695,-0.511900615786097,-0.237277325949488,-0.0369029222176494,0.58481623667006,-0.0404297599876708,0.245816904010871,-0.944524316132907,-0.0816578898736284,0.284915308079242,-0.1420596702685,0.0238936089234417,0.179930355994945
88.82,-1.69996632629704,0.636764980573676,1.37157153966654,-0.272839157551749,-2.61202119576167,3.79731731928107,-1.39390932259594,0.232520417847609,-0.694494116500809,-1.74547914670752,-5.32110675438481,0.118701133017501,-0.514833044392756,-0.237336211266859,-0.038796561517666,0.57846505157472,0.00581105735471116,0.18704702540823,-0.941269288621867,-0.0866164766138339,0.290070128349907,-0.131590869781253,-0.0131379679927447,0.190961426793366
88.825,-1.74160138812191,0.548254714411513,1.42263489968053,-0.16331147175263,-2.74905715903177,3.86706572980207,-1.39165076825275,0.218529545748839,-0.704546204142648,-1.8975234127402,-5.28816800188257,0.140544628323665,-0.523880006858264,-0.240772420575618,-0.0430741667611516,0.641641999442669,0.0365076761281323,0.08315253848765,-0.941185400871873,-0.0864792313448257,0.296673086320049,-0.106138876100764,-0.0361168616019194,0.189172805723628
88.83,-1.73627517503936,0.458147497968546,1.35311567091085,-0.114651277166042,-2.91832548978133,3.89384158346276,-1.43660899306207,0.202465563037945,-0.66560285554097,-2.08360553894008,-5.25472143428517,0.148280113112887,-0.534331836648241,-0.237111626616895,-0.0470875070412129,0.761617267424246,0.0651073826020573,-0.0183077844430704,-0.943344895847221,-0.0922974133919792,0.295854566092239,-0.0771060330251895,-0.0510195567016436,0.191133924994755
88.835,-1.6456671352352,0.354538205110095,1.24385974926642,-0.13844638803164,-3.00491782771109,3.82826576978413,-1.49613334817398,0.184738212175283,-0.594695522365872,-2.26954166305784,-5.21262599881139,0.167337541287163,-0.552066552943304,-0.23835323036418,-0.0632288669260045,0.8813111513559,0.0902496944711385,-0.122776173651292,-0.946456172601893,-0.0968976631595134,0.298824788405858,-0.076152262348319,-0.0441811234805303,0.198283318056271
88.84,-1.56476672031711,0.248787641831771,1.15827289725643,-0.204155803256219,-3.02108811849495,3.68646620137991,-1.54763387342961,0.17629040847891,-0.556688618474291,-2.33714804762023,-5.17783030595231,0.157797422107936,-0.564296799766103,-0.24049363035015,-0.0779621721492202,0.96633693822292,0.112842865908158,-0.197286176760062,-0.954211465788498,-0.104900000107622,0.304972261337619,-0.0668895894558199,-0.0389648091210421,0.205660126466905
88.845,-1.5652085476456,0.180080115554134,1.14095105557325,-0.274111539868269,-2.97391092413234,3.51629357222224,-1.57586580653359,0.153626085616386,-0.55142990448967,-2.39439067313906,-5.11645273655039,0.14211374448907,-0.588141946565906,-0.234448779767212,-0.0882848942936659,1.0716828776787,0.155889778033388,-0.267510268589282,-0.95769006276029,-0.100235009703746,0.316325488803736,-0.0703894040870344,-0.028031775476997,0.216895727691586
88.85,-1.60363812270799,0.102587294001795,1.15347566560664,-0.317070860525554,-2.9264739445004,3.32758303469623,-1.60085061547275,0.0817317852140938,-0.581604456157592,-2.46331559070775,-5.0347352977414,0.109603281519358,-0.607066216659595,-0.225176686909753,-0.101705104132546,1.12408971880182,0.204770939930452,-0.310495816508664,-0.966365782037911,-0.098219784997652,0.319617823920076,-0.071112588829898,-0.0242142963767846,0.230285795855363
88.855,-1.61582205688349,0.0701193312853828,1.15392149669146,-0.329722021649892,-2.87611181369979,3.18034042184334,-1.62059671593205,0.000908392621557185,-0.616362752506998,-2.544950897358,-4.93350800828579,0.0555606702362255,-0.631885164224832,-0.20211197655465,-0.106807485476648,1.1385965077021,0.251783709413966,-0.339676243364678,-0.973264587909057,-0.0971506645243975,0.320277063960819,-0.0778962597250938,-0.0242633886552425,0.245598155442429
88.86,-1.59536449094638,0.0995240907786109,1.12031532430342,-0.361693384733663,-2.81813496899793,3.06333468193939,-1.64607659975379,-0.0667252598368174,-0.642786000913784,-2.6039169952929,-4.84888677339479,-0.032981391243659,-0.669327667795456,-0.168096286582146,-0.094026839435155,1.11197748801719,0.295728521556306,-0.363413653078575,-0.98370127526695,-0.0943805626192495,0.324027613814587,-0.0877819912134183,-0.036988427544066,0.254728380934814
88.865,-1.5996340167148,0.181587433277178,1.03642837256256,-0.439634715723812,-2.6996604964614,2.95599276680362,-1.6693242675868,-0.103630109545352,-0.661136186236884,-2.6000553308363,-4.77419193386152,-0.124557219196853,-0.711797128885386,-0.12415834915611,-0.0691229712652233,1.09117566712656,0.349658008431527,-0.392558886757838,-0.985672156372758,-0.0904604561393281,0.333407050212372,-0.111221739613149,-0.055709433292529,0.267440491771486
88.87,-1.67313648678867,0.188106312518837,0.943662962932995,-0.54491295272566,-2.56242794042369,2.89807251742362,-1.7191514881774,-0.1579266115657,-0.677784453338295,-2.59174759357876,-4.68806237410032,-0.166253711448103,-0.765723393740179,-0.0767713250392305,-0.0432870168621259,1.07858143028369,0.399596264594463,-0.407271295785904,-0.974983185657928,-0.0860581762533129,0.330273550306313,-0.156825408969512,-0.0474515832365204,0.283311998930647
88.875,-1.77534670169328,0.175818840322925,0.861926062617327,-0.661868048495586,-2.37469305847442,2.88468260141689,-1.75582881537382,-0.222394120444825,-0.704066175746759,-2.53323685812221,-4.57148462515197,-0.177212202436194,-0.853289650590415,-0.0144715306135728,-0.0213771361514366,1.04930242534055,0.438604440148322,-0.403772811008598,-0.962095975220858,-0.0808719488920444,0.330325564941106,-0.199475187353269,-0.0362204596776321,0.303386275052002
88.88,-1.877033828591,0.145816151014668,0.820049446033631,-0.764419134477162,-2.1772571196947,2.90476090543166,-1.74685852101254,-0.255834569288036,-0.755089777871091,-2.32799455284975,-4.42160015536445,-0.437548864786271,-0.939655919981523,0.0517589799749434,-0.00181914880626853,1.0582580817424,0.451594587784951,-0.404380120455462,-0.954980593564215,-0.0732114234934906,0.325374535022798,-0.237189881150955,-0.00674794058174222,0.325568226938791
88.885,-1.94171217728497,0.0807231450571787,0.781373090620635,-0.852175939075513,-1.95901876994555,2.93720696027841,-1.69493274005429,-0.243636229531391,-0.80492836436709,-2.15191289005357,-4.27818122376563,-0.480867776777245,-1.06358835392191,0.170248433842363,0.0242303874890647,1.12888422857329,0.430433706027432,-0.387762036438282,-0.954410168174165,-0.066736639012242,0.329465914206771,-0.267623710055645,0.0520281374189504,0.356818689915907
88.89,-1.95038060685711,-0.129744124928301,0.6988922518247,-0.88462948141556,-1.82913394409642,2.91419036680459,-1.57749792635074,-0.153568246365115,-0.90188988544926,-1.89495030483455,-4.137432969973,-0.501000888119907,-1.1664816371152,0.266937433539298,0.0586333595816854,1.27810998432544,0.401305855744488,-0.375180262535963,-0.95909578383459,-0.0606157932594632,0.333344002818872,-0.288863254490286,0.0781938376608372,0.376518781786739
88.895,-1.94825242914664,-0.294666764548576,0.544723585447172,-0.856776353457708,-1.74132082973131,2.74980136961492,-1.47988428411032,-0.0438072809727107,-0.852542213205834,-1.58475071006655,-3.99683962846648,-0.521731883718602,-1.30690385420208,0.393747831884193,0.0970112712244036,1.51702175835764,0.355188783165236,-0.354837882093396,-0.968902390474316,-0.0532903914022635,0.341196541239965,-0.294758439557491,0.115191452483018,0.392505270477505
88.9,-1.95973971569548,-0.360983080531512,0.398647433818746,-0.780920961554531,-1.68274807444053,2.47103910832618,-1.38310048417832,0.0910178736634692,-0.876070298605129,-1.19541344137639,-3.82046211001713,-0.511350200273188,-1.45918830361125,0.535335097144615,0.122990929618554,1.86132234620187,0.309929586084289,-0.312151119865093,-0.983852653801168,-0.0442882976943545,0.349827918338244,-0.304757993590233,0.128661596385981,0.401812555343506
88.905,-2.04337082198085,-0.473825604819839,0.282474752963015,-0.530144564596021,-1.67099928855896,2.02656782272032,-1.26000489456171,0.180025770367832,-0.996677867993661,-0.939209769816624,-3.61100087363328,-0.451586642829793,-1.60204662362952,0.666057304207057,0.140372227830528,2.22931793695589,0.24855820042443,-0.221941290321081,-1.00687331993733,-0.0433364331228602,0.351577706344701,-0.309976453877168,0.13826326077975,0.401808480850913
88.91,-2.1893726432324,-0.600513744404034,0.216892693673862,-0.113908522900962,-1.6663095032162,1.68305598915651,-1.11509038035413,0.179227900443571,-1.05606556808233,-0.74969904358946,-3.37574267820473,-0.328570834276407,-1.71128046757141,0.844346846523644,0.141603478530085,2.76686511773103,0.160932692639131,-0.00275508601539539,-1.01525787303308,-0.0367235420878095,0.350359657555498,-0.296788772034269,0.12906164838519,0.40832881304331
88.915,-2.30151248536819,-0.671883098919118,0.13285738402068,0.441733593631812,-1.68412230002632,1.43534489119888,-0.984645145737706,0.160741206134016,-1.20193063729114,-0.622374838380461,-3.08807479903371,-0.176066708463971,-1.81517493076463,1.03925330374336,0.153718798792103,3.05447248752742,0.0569271568624157,0.237504046727994,-1.0295925566582,-0.0359339713517147,0.355910628333612,-0.303251255168592,0.129229948812215,0.414536884759528
88.92,-2.3505533540781,-0.643366159508768,-0.0288839895882204,0.907635887463375,-1.72608732437526,1.23224950200471,-0.894982247551614,0.106334143261223,-1.25340206537229,-0.447950400690695,-2.78981289715128,-0.00525468347753539,-1.82377770775745,1.16837200411775,0.170999678661911,3.18047042655925,-0.0732560260073563,0.465549455243744,-1.03212136901653,-0.0411298451164447,0.351205706677093,-0.328994211765239,0.124103388477673,0.425259397269469
88.925,-2.35511152603159,-0.576480619808865,-0.245616023419919,1.13583635710817,-1.75186008943364,1.0031123335446,-0.850632856827048,0.0462654190645707,-1.2991567092962,-0.365880698678335,-2.41325950082021,0.103070132934313,-1.69952202139152,1.27742230612317,0.163846640688043,3.07168853715019,-0.230183741342127,0.543043563050967,-1.03417565758194,-0.0532711594855717,0.340970943455491,-0.36911117261133,0.110629769686227,0.432181774560399
88.93,-2.2735420229489,-0.588157785007196,-0.641205962473742,1.05479895700227,-1.63680855377745,0.845526741325358,-0.827216609270287,0.0417931832531906,-1.28581463237335,-0.0869883437569517,-2.08127491483942,0.15523583801884,-1.45433686330768,1.30016300901543,0.171620716963726,2.91272419516929,-0.241176106080137,0.387998973453827,-1.02134425647357,-0.0670717430877306,0.32644798132182,-0.398538307844596,0.107003271154468,0.438671087433256
88.935,-2.26007075824457,-0.619372349163366,-0.896461837966782,0.73964617134795,-1.31222775801559,0.712101752270528,-0.783494028914857,-0.00640133011402797,-1.25909531027555,0.0114298151370122,-1.6682089275312,0.14527959182061,-1.18043605938272,1.21711517493964,0.126761782900703,2.60510668997643,-0.118955327408966,0.0234924871618701,-1.01252613707467,-0.0769813979236203,0.325098941994627,-0.426449341959901,0.116782941052813,0.443262577056885
88.94,-2.29836334271828,-0.627248053541335,-1.05137620185132,0.273216997438292,-0.867074245171413,0.617752771848421,-0.726595126897067,-0.00461521322062087,-1.25411740096654,-0.00537398676945487,-1.21120398870204,0.0700705682918213,-1.00562000885401,1.08291289964971,0.0471926856516806,2.14636941560989,0.0350952789531447,-0.364019123430794,-1.00845199216578,-0.0910892236155939,0.334918739993431,-0.437094741922609,0.147105137207176,0.454644606681879
88.945,-2.33240163796236,-0.653385433543918,-1.11371707127488,-0.185982877387874,-0.461141665844316,0.564952138423789,-0.626980142371878,0.0125762398420199,-1.26878314620553,-0.133000272777469,-0.76876596394218,0.0110430957251387,-0.943308219054352,1.03092686100379,-0.0996690952357486,1.50479599478013,-0.0100647779210328,-0.522436373825305,-1.03439571555076,-0.115135378232846,0.356735760687421,-0.434688168720309,0.20509406933219,0.467596529413764
88.95,-2.25433924553973,-0.751791824273809,-1.13109231392026,-0.623680496038826,0.000184209975019792,0.512109778401639,-0.605131695547686,0.0101573976869409,-1.28802234363349,-0.410114741492396,-0.229656024231077,-0.0775770630356628,-1.12109962398442,1.0561975698551,-0.0368402061370232,1.1535801271069,0.226309927692027,-0.728180928103888,-1.04572838602631,-0.124203163603763,0.358737972795716,-0.422513298456351,0.216038016813606,0.47747004032135
88.955,-2.16794529029703,-0.782873373659109,-1.13614581631175,-0.858890470759125,0.363041664702383,0.432777409805004,-0.604725596364853,0.0513461883309304,-1.26678520040555,-0.597179357448572,0.163035928845498,-0.137046097063801,-1.10613966386672,1.00495458757061,-0.135212297205394,1.09408854783988,0.327840641656313,-0.898518089950396,-1.0901575657928,-0.148926462502943,0.358027660968079,-0.388042129196794,0.233755075612567,0.467623362819486
88.96,-2.06536723086287,-0.782407104352041,-1.06056978222562,-1.01967756041318,0.881044676714769,0.286714335293387,-0.657985790213025,0.10292755129415,-1.19816482817783,-0.804569967932887,0.649859320424553,-0.190720061960504,-1.17228035533884,0.872818665113721,-0.208602724931965,0.875711629008577,0.322603766618672,-0.7869842337119,-1.15097563971795,-0.172464122641704,0.355900180766218,-0.3197144988172,0.189550429001121,0.417562991122615
88.965,-2.02898034007319,-0.667450163497987,-0.815288054486985,-1.05690281817307,1.29963923095954,0.114451554399427,-0.701743326507068,0.175807860178698,-1.15427092603007,-0.898622736391337,0.930713688685463,-0.221287414554472,-1.24940862403002,0.7273710696826,-0.249844145138611,0.724679968011826,0.288681055840031,-0.539311804629615,-1.10276676805694,-0.15611848289958,0.349627995949712,-0.272002734723847,0.159526764095968,0.376283826867933
88.97,-2.02741431983256,-0.50903939201937,-0.567942555845741,-1.09909689555427,1.5472442233585,-0.0470971508447858,-0.744834385336003,0.233768230785711,-1.11698937445555,-0.947603962989619,1.33272186966871,-0.209528038433352,-1.24788458623475,0.649092020297543,-0.252000881899114,0.725722336142047,0.290584760000391,-0.432695604048106,-1.05627132686214,-0.176065066203206,0.376816912138998,-0.259028060913982,0.172378181494482,0.378231153463561
88.975,-1.95747109520465,-0.349986953193505,-0.406759608216221,-1.16752621581857,1.69696928125158,-0.206388425722513,-0.785205883278226,0.251856493523162,-1.05938257963308,-0.991449195708577,1.63350058405649,-0.175779491269813,-1.20507739484641,0.562121577562481,-0.235011535699071,0.880268103631074,0.304551243782043,-0.483768025298086,-1.03529707264925,-0.188086154718178,0.40024833393712,-0.230421369279675,0.165929052650046,0.342317187998191
88.98,-1.85617301089653,-0.222869425191041,-0.303472042239657,-1.27458292826,1.81747877529951,-0.336466129879336,-0.821612819354548,0.281631555302961,-0.968643831949678,-1.05607991035713,1.9277047331451,-0.153723477531852,-1.16441500324393,0.459941877093937,-0.193230750984018,0.990534764696013,0.283400699484089,-0.621784258416219,-1.05363668581479,-0.163099636257655,0.417674680603757,-0.208037719792616,0.130229104427137,0.338270835799868
88.985,-1.74569791117496,-0.128921830923979,-0.174877324145913,-1.40083471243157,1.97146510167055,-0.458099424357114,-0.879940577829338,0.272666768486676,-0.882232157860404,-1.18556811799991,2.22612170804728,-0.109866059076306,-1.12393510364352,0.361369952784274,-0.129839392794887,0.978462578220893,0.237152029798936,-0.77526476179658,-1.08161549790645,-0.121530038752439,0.433652010355908,-0.190275902501537,0.0742934464071143,0.37297348011822
88.99,-1.63696827173409,-0.0933082892417099,-0.075472806182841,-1.40888297546903,2.11676079391327,-0.516499758297233,-0.930883346704045,0.266205541807553,-0.802955313100216,-1.25799878151896,2.44085020730978,-0.0962183825588142,-1.03291846235341,0.300111114408154,-0.0916132699850199,0.849389315337204,0.147770848894339,-0.883512786820334,-1.1001713356337,-0.0945808711315761,0.451097387229592,-0.189070463180542,0.00194929273016087,0.434465096127192
88.995,-1.58117314949545,-0.0564832671513701,0.00904392424777272,-1.54354975632342,2.31730164814332,-0.61005280339737,-1.01641595838925,0.293789045296819,-0.651767051557844,-1.26956360083932,2.64452020909593,-0.0744125211064973,-0.953734991033487,0.289726848332221,-0.090839668866594,0.696389535347432,0.0730819509602229,-0.922228604627597,-1.11547783785497,-0.0792497754418962,0.489583739438111,-0.185396882405935,-0.100449970560396,0.515404871687865
89,-0.970225156017946,-0.230493175412515,0.231913650803961,-1.47939254984914,2.84289135696952,-0.807934056525749,-1.12716947062425,0.369412680495958,-0.364956342173903,-1.24709385085916,2.74586978492456,-0.0302074347537137,-0.869674462531536,0.292053625686489,-0.0914747259188434,0.436915524262134,0.0236402904301464,-0.858175920326019,-1.12651660523796,-0.0905709486501793,0.527360034716927,-0.151673140393018,-0.217430015359114,0.580245951081639
89.005,1.01414722288984,-0.558781189230329,0.291527854660703,-0.526064341485507,3.75187468260045,-1.28193249812317,-1.60536126628713,0.881435354112898,2.76402508686342,-0.0372976314980827,2.15416558625653,0.0507454716509417,-0.76839903850763,0.272228156810125,-0.107991085253706,0.0494464601848484,-0.0149451006263933,-0.709029853343964,-1.13444418283132,-0.105378463505891,0.566188264122995,-0.103519797954218,-0.292929071647959,0.595791194187911
89.01,6.48096709723356,-1.36959642973227,1.85058419276568,3.58374961645746,7.08069957362702,-3.16628755278601,-2.72906052785234,0.951640265400699,6.25582236752174,2.35824697002817,0.541887851975495,-0.094673776238243,-0.724602922601286,0.0828606471343889,-0.0953649011551297,-0.375695820474823,-0.0460750795900822,-0.757514069037389,-1.19646143952746,-0.144873738922769,0.676975581052839,0.0489893524070222,-0.452313041652927,0.530294271391604
89.015,5.31858137505888,2.05612195925623,3.55424443933719,5.24172226976179,6.85267852832769,-4.94579212930641,-4.0870857318555,-0.671796803761717,2.77410672280808,-1.8670522112979,0.839928064772536,-0.173538417060455,-0.950896021815567,0.190301010106808,-0.0113200549258092,-0.28000884415591,-0.0129663860553131,-1.10255241541665,-1.32545859648363,-0.135625737923471,0.675435352069773,0.263874494282658,-0.641542775247155,0.401174191796538
89.02,-2.15136484359571,3.24451977537505,4.00281837004621,4.32503346936035,3.50123423873111,-5.09655060042032,-2.27249000965928,-0.34873486593183,-0.312889941118584,-2.79392750122563,1.46028546425537,0.298579250494191,-1.39709535151876,0.226789510668629,-0.0690592978486551,-0.00668612241112409,0.033127747102524,-1.32973206840218,-1.49201568813127,-0.058212877757221,0.598819509080725,0.523609138307823,-0.628871793168154,0.255962213435967
89.025,-4.74538501939266,4.38762294813438,2.09718150805323,2.736844858357,1.49913976000229,-2.9170036989737,-0.425555083486261,0.119565430581591,0.342506117970814,0.547278825163752,1.3342500675537,0.8768936799797,-1.72970856474751,-0.0320197976513624,-0.380119677427041,-0.364395033723785,-0.0493034306272372,-1.54009395873982,-1.52726442203499,0.0199338643790878,0.524628444141571,0.651752474095448,-0.423858911388992,0.194136611148311
89.03,-2.74188363563145,3.04162643726958,-1.03815302192029,-0.613908191928767,2.05299337705784,-0.803461418237576,-0.13325996836774,-0.976607130464016,-0.183643311047746,1.53755536361221,1.23658280007711,0.370625489279269,-1.8474926390116,-0.38211375387285,-0.860714367182185,-1.10883597663398,-0.411526592103048,-1.96634603557837,-1.54582996079452,0.0362520301236514,0.509253667022985,0.498135749839333,-0.314234348134041,0.207784085557251
89.035,-1.14205869891722,-0.646310060683522,-2.37428671225993,-2.25232528612651,3.63647060771466,-0.571306671757517,-1.13596886828947,0.198628368170772,-1.14701615712177,1.12004311123353,1.29135510814061,0.253803874852628,-1.7406370771606,-0.522754728072873,-1.00333265361543,-0.892679230154336,-0.502119916609404,-2.15435145660017,-1.52661952799015,0.00582785010612424,0.4449123859271,0.271147122825017,-0.441443154474358,0.220733130337148
89.04,-1.81677725101174,-2.50372930908538,-2.185897305407,-0.394101592222107,4.48950476413372,-1.09851501210152,-0.843501402175764,0.731628854867924,-1.68998090779266,0.978447685700124,1.80577856715168,0.252312691017928,-1.53639025448255,-0.566319167302221,-0.922018955861407,-0.25629468039052,-0.201171033259639,-2.00925620623644,-1.42586369590657,-0.0320448344379367,0.32607469090691,0.0149333614067921,-0.651436034821251,0.259355002943006
89.045,-3.0703807139648,-0.715901548041836,-1.65581256418946,1.94872051127445,5.56822308455121,-1.03330449515158,-0.525930156047396,0.497361456521837,-1.69498350764544,1.21351704578451,2.27782631943543,0.382906061468489,-1.25882689037505,-0.469902455544473,-0.772762564341477,0.0368231236934662,0.186491128059887,-1.46306766025667,-1.29153809047381,-0.0802139358135143,0.22797002533112,-0.0994400451874257,-0.763050521627084,0.312429597314188
89.05,-2.53489879515122,1.66366785722746,-0.109888040361554,1.40530778860094,6.67094190230344,-0.113907259416118,-0.849802030816652,0.0149401904834141,-0.625637150580751,1.20133248448307,2.29996073962626,0.222064652747378,-1.09645100510482,-0.17548603103358,-0.660199460031577,0.0446171123554117,0.184269267817657,-0.533584638707943,-1.18827126840407,-0.111594740922756,0.220123553628926,-0.0713858065246887,-0.646069131078245,0.303226957080333
89.055,-1.18806152159673,2.49125164542028,3.02343463898112,-0.556039549962556,6.15080798223068,0.824699576548873,-1.23672006305055,-0.00695860747464516,0.228405567038573,1.30479595030175,2.16636267776527,0.0957411214247833,-0.957427409764415,0.166954137912647,-0.564769343207828,-0.0420456721559369,-0.14290375410579,0.726553387886827,-1.10779721160707,-0.11864238593765,0.244235439436605,-0.0010075054393729,-0.434534912480891,0.260727360077611
89.06,-1.9894540391331,3.02762822578232,5.55264546806374,-3.98560565534293,4.59380274745475,0.317579956834208,-1.35598519199418,0.450644711559954,0.942748370229229,1.68485334388366,2.09470672858527,0.26873382216252,-0.848823105231844,0.307430607726187,-0.378042156086109,-0.524820502095662,-0.38594034384132,1.28420565779563,-1.08202902066929,-0.120827488440476,0.240572195707931,0.0697300212468373,-0.269826425595849,0.210208959176831
89.065,-1.39836817186335,1.23854322017507,4.91621531386369,-4.30816095130673,1.11609393167858,-0.358187957865671,-1.58404986594922,0.314916640258933,0.811734987909367,1.64057930159965,2.08918588827382,0.212116848737529,-0.777535142574029,0.385799881394279,0.00433029701456124,-1.60035848317186,-0.681640737247902,1.10084710732392,-1.05470812765662,-0.140364504469065,0.191637328001068,0.124807551163824,-0.147651652999274,0.170901300927424
89.07,-0.601062991770415,-1.8566844331494,2.05687991749985,-2.74319921962816,-1.08483450921012,-0.718243694496232,-1.61287162784066,0.628122191996041,0.220632830086031,0.587308601419757,2.07289606626205,0.774098949862951,-0.92692037415987,0.400468413758275,0.24654326272493,-2.3657072742113,-0.976481166560598,0.317208191994033,-1.03383419668696,-0.139463380219123,0.10885470074888,0.120232694897077,-0.0649223557163748,0.142840941969351
89.075,-1.19953632816532,-2.41153699835875,0.0931822286910231,-2.4737117395574,-1.33385522686121,-2.18852070557068,-1.49083483102883,0.769267046832047,-0.700769866190541,-0.0463116957057939,2.30270319847169,1.02382640256206,-1.17004526162518,0.306131233996293,0.341705765992646,-2.82499523575299,-1.2629287770379,-0.635709638842178,-1.02573919983159,-0.086768475833147,0.0131354636029165,0.101301288616892,0.0988857195517925,0.107051260730184
89.08,-1.92199429112509,-0.237598492724236,-0.18177887445058,-2.44497855719875,-0.491572384885945,-1.99600837449888,-1.32595305329313,0.226926461462499,-1.06573572125902,-0.653595890725626,2.39895135996258,1.14619584405676,-1.28100786188287,0.0874617288295905,0.290219460887427,-2.5706565352315,-1.3785233704204,-1.44432625805966,-1.05746592449374,0.0252516357455413,-0.0557532952250537,0.0994002493223666,0.30587416531461,0.0923496928314507
89.085,-2.01730432734214,1.92899914106632,0.490200136349808,-2.72421960407148,0.0448538280796145,-0.494313367804364,-0.973773597554726,-0.360026619392835,-0.943767137153832,-0.362375686518175,2.21104704487665,0.903419572468559,-1.13405380966283,-0.151099188782808,0.137492292727028,-2.07465446725202,-1.43184447621936,-1.67046156599956,-1.09787280251547,0.121503741195822,-0.0759591417598093,0.110217917685993,0.475231379064359,0.0962898725904599
89.09,-1.1441174950774,2.1318907527509,1.08953909548269,-2.73323087137074,-0.0804846179938651,-0.00289556573483769,-1.08991051439234,-0.269506220756375,-0.0654042547984451,-0.254830657117204,2.23982839606025,0.430470481653018,-0.973889902307722,-0.373040409299752,0.0975223326378688,-1.80827800481729,-1.46540506149691,-1.26486681173889,-1.20646909256413,0.172287249554104,-0.0423624851488144,0.0975579326455758,0.495384171459502,0.112929602846232
89.095,-0.411457334939602,0.661425337851212,0.875350282728273,-3.23518780643435,-0.0108319501654851,-0.124096670979849,-1.21177666638174,0.165071899431853,0.0858794635076815,-0.262983148238209,2.16267526583928,0.439258279943586,-0.874436415553955,-0.5385142547964,0.167776678950646,-1.76277870857047,-1.42808589935712,-0.709304181761459,-1.20729363299582,0.195928529069927,-0.0102499884176332,0.048326925023456,0.318755129051686,0.146029909172222
89.1,-0.210047799680507,-0.55312891508677,1.08814398658459,-3.2484878667199,0.202296894729745,-0.318780776149448,-1.25565887914759,0.170944109888149,-0.115952544008714,-0.782200378107362,2.12560360930836,0.669030354304253,-0.806239566426966,-0.612361393102043,0.197970994692631,-1.94443547493776,-1.26547030215313,-0.43541878277706,-1.12356717538533,0.174871386739921,-0.00202997607297024,-0.0644298024066408,0.114349752536617,0.196082750449277
89.105,-0.531482130111229,-0.715291909148026,1.15732267752101,-2.61642429019857,0.1041622564592,-0.399091877900469,-1.1189663767606,-0.0270000923498891,-0.186044186892021,-1.23670443160846,2.05754861805592,0.691272120989929,-0.626328329226012,-0.628717954343939,0.171446939989883,-2.07481518554917,-0.971827533189467,-0.379500514036439,-0.98867741227074,0.132014844011626,0.0257420778693514,-0.23232219795397,-0.0781216624989259,0.19857358551863
89.11,-0.732184045061661,-0.298891443245766,1.02288916812113,-1.74838744129847,-0.154331368813882,-0.46337320353253,-0.972849400396073,-0.234352166997981,-0.181814656167344,-1.27508324734758,2.02485202895109,0.710337332506935,-0.520284918986493,-0.55228283980563,0.217360469818998,-1.82170580064559,-0.735430466415336,-0.582808062300499,-0.894217485233331,0.138125770011326,0.041793159342688,-0.360118000407093,-0.12317591318479,0.187384308724635
89.115,-0.673841008503061,0.155752457429993,0.89631972601794,-1.06734023232996,-0.370796484254691,-0.396414189946705,-0.937286620790737,-0.226210095709047,-0.184655123230877,-1.11708367444467,1.96563801158867,0.666420023034418,-0.48540437373212,-0.464186805836662,0.316828766938318,-1.25161215789332,-0.538225175666515,-0.880874836456174,-0.837794117183122,0.175527858098933,0.060460093907282,-0.427417957856045,-0.104206695562048,0.188945805808289
89.12,-0.613803812674784,0.622165605584656,0.766443211437226,-0.655157299767724,-0.439133574753391,-0.278891897288388,-0.956038445120128,-0.0695343577687372,-0.15727574242199,-0.551942535463207,1.90339684839706,0.584717847200216,-0.510307214630916,-0.42234815379739,0.533565392776825,-0.455426821292731,-0.386854501397888,-1.18506109112785,-0.811369493089868,0.208587358968303,0.0744253030021615,-0.415157664339959,-0.0199270019264736,0.209406376238342
89.125,-0.58131637991106,0.789325613310853,0.749133816728993,-0.635018731202803,-0.252976505597677,-0.103997693853486,-1.08797250525222,-0.07461691360483,-0.0477780340174094,-0.418142076335117,1.81302828574073,0.635012982002774,-0.581944173809716,-0.442616830323249,0.742199453601684,0.101222107611467,-0.280608298568672,-1.41582364747595,-0.795265169230187,0.219191826329091,0.0751488703583158,-0.325911873858566,0.0224816798458166,0.213333784698175
89.13,-0.532924753096544,0.376482383320213,0.816339389926465,-0.723011207066287,0.0216447416933798,0.100646159245081,-1.04151864447796,0.118974494341476,-0.0358097223192838,-0.2196320726336,1.77842687376267,0.672948298123917,-0.645564913465095,-0.492098242207125,0.876891986102576,0.235999186152412,-0.231098920807914,-1.51102369295747,-0.800534887912679,0.210832165469395,0.0604932070175441,-0.207852225447172,-0.0388369043021008,0.199496631905861
89.135,-0.519780151682277,0.135973981887131,0.918496059918684,-0.695165325288705,0.124657058950253,0.14412128537565,-1.01883260303299,0.122740036186738,-0.0575797768970423,-0.153623887765748,1.76369853164106,0.777443130602995,-0.753747625774502,-0.515527955058484,0.889275248336444,0.144408171962748,-0.179342699703163,-1.43697223858919,-0.816571901543586,0.181170727608527,0.0365211372415331,-0.0846760521144962,-0.211178545471571,0.163482043218858
89.14,-0.53359549935312,0.13236033312464,0.920506948833466,-0.530902004240121,0.117981025564449,0.120234606792311,-0.949602238437612,0.169951164444544,-0.0370202779581865,-0.0851526025685614,1.74032351165442,0.736999216170739,-0.839314274358314,-0.48070068415892,0.789960143385397,0.0124848588469788,-0.133906988789978,-1.26962652453099,-0.845142350866101,0.153172329877518,0.00759005282749445,-0.0418263833773891,-0.4058140665198,0.127176933228015
89.145,-0.528103162634919,0.265693311669356,0.857306296862131,-0.150300232010125,0.0689212397172066,0.131702641881214,-0.964015318505624,0.192368259070466,-0.0280794892733432,-0.0588490037472019,1.70130639191415,0.611503481876243,-0.922293710191754,-0.393863279217646,0.672056183854891,-0.0111421171767505,-0.0763832691020625,-1.03526797624043,-0.885407845277353,0.123379342690636,-0.0255429065657308,-0.0525990798428853,-0.608210569311544,0.0927711658669282
89.15,-0.520371928629325,0.389242915334127,0.755847180133542,-0.0582337350700746,0.100448475664638,0.204203225118083,-1.0134881896781,0.203001404346378,-0.0410464939172837,-0.0968323590332521,1.66851327976006,0.553313175558458,-0.953557694738248,-0.314515183216617,0.589180653905065,0.171717370295906,0.00486580735979209,-0.854124558744331,-0.925860641194928,0.092895787020072,-0.0816445064707163,-0.119740020403661,-0.791820757815692,0.0660361452485954
89.155,-0.521116302285322,0.428634496852122,0.780276642922889,-0.139273241645003,0.159707583367629,0.258585875983976,-0.993700476888237,0.252436892728411,-0.0369692911501647,-0.199091504543308,1.61000376048273,0.4974803512778,-0.92787717869613,-0.227072779272968,0.523898649173542,0.478850155686072,0.0944211003561302,-0.752746153399832,-0.950182013680041,0.06927922106222,-0.106173943575189,-0.203737698100398,-0.855414810497009,0.065686853242149
89.16,-0.458432371880977,0.384985515091488,0.778881061380625,-0.182166345655858,0.197488755676448,0.250315069463551,-0.960460222352904,0.284879683875839,-0.0136897429993208,-0.276978280567022,1.56253251093634,0.473292626029152,-0.878067651389238,-0.157584741213743,0.437662165651032,0.815962990254864,0.166329157317318,-0.736231118940529,-0.971282291027914,0.0573808967302026,-0.120448158734861,-0.257150996545496,-0.846124191325585,0.0556115339406388
89.165,-0.374381395477587,0.281386372629213,0.819164366598085,-0.275314929085015,0.247733109178644,0.171899039027261,-0.931875148065212,0.342555886189272,0.0140880252198325,-0.495757104965506,1.52585316638973,0.499584537194749,-0.810278159785146,-0.110997866038083,0.332786754987332,1.07975450759446,0.202981618409729,-0.79757382479152,-0.989587832868039,0.0532388124427624,-0.12214179239568,-0.272137863237989,-0.802039066131293,0.0474061814801418
89.17,-0.366543378428944,0.2771006519601,0.852333897033863,-0.273196578089925,0.207388239392834,0.064271507000707,-0.901607838857685,0.414046660702611,0.0267458400096538,-0.700984233712422,1.50644412298106,0.528094845222981,-0.773544274378372,-0.131125635355154,0.24543903343405,1.11196095792312,0.190150322062825,-0.90037133954644,-1.00425946803873,0.0621390638224109,-0.115728260657552,-0.262116470798186,-0.656480243961867,0.0254899007708576
89.175,-0.400445528420585,0.345051792093003,0.833884264139093,-0.216340846372257,0.153283937640802,-0.0165109814643015,-0.889213377392659,0.421730144684401,0.00644719374872007,-0.824319929889089,1.46676630147594,0.506812795480623,-0.762464015622263,-0.197259909556269,0.167312084936815,1.02874745622792,0.156626073115404,-0.977643965679929,-1.00877323049934,0.071676212037604,-0.104033908217966,-0.227632738818945,-0.532194726057259,-0.00159241431800659
89.18,-0.410900818440634,0.378377973380548,0.822022784986173,-0.18207700393791,0.138614386607069,-0.0573970574364543,-0.895713952766389,0.351578717350563,-0.0181712824948222,-0.837479223554173,1.42161401392856,0.453448031572084,-0.779259107087473,-0.299052823268343,0.140604008820438,0.808155446577485,0.12705004731104,-1.03269669867632,-0.994547841376792,0.0818948491678876,-0.0851441919255492,-0.163960673502821,-0.390062490310912,-0.0324317653503205
89.185,-0.391530648430584,0.357156265313555,0.819696654643753,-0.194905149345719,0.129484689976302,-0.106016910511175,-0.929445371216467,0.294440857673991,-0.0502973921896974,-0.730116363614731,1.36175087577607,0.380657769210424,-0.79771427253327,-0.387197020301933,0.148401582617938,0.582432221082208,0.121360666269898,-1.06815781699952,-0.983727607930154,0.0924635643696249,-0.0640300559449882,-0.130055946709838,-0.270973794740614,-0.0568335575981207
89.19,-0.40968994728502,0.341463095335239,0.858722334642655,-0.254247687662069,0.0900706403424775,-0.148258258880899,-0.982994452724065,0.231298179532667,-0.0550711205673696,-0.487968117680165,1.27341901303296,0.329742478809881,-0.798871921638104,-0.436035045321831,0.193363816769352,0.379479150324394,0.167266391742794,-1.10734719089969,-0.967563184486564,0.0884861758509456,-0.0343433898169116,-0.125211060832573,-0.164818553773081,-0.0880710735428613
89.195,-0.428963152540541,0.319005447991442,0.829427359699999,-0.242365813863377,0.0592029415049799,-0.205463293594785,-1.01431665333536,0.179058050859498,-0.0693341998611736,-0.296598777080237,1.22557549406685,0.310777215346833,-0.800544691856833,-0.447820117242174,0.251597617980685,0.208026210726683,0.244604819195437,-1.14028712571893,-0.96556447096623,0.0799005537584562,-0.010160832048693,-0.13852738894068,-0.104582661300988,-0.107368844899225
89.2,-0.512991600128266,0.246294389117318,0.865961258504031,-0.213826937714899,0.0490537288711359,-0.233835167136068,-1.04582204898555,0.148192912679091,-0.103319908479895,-0.11489817645898,1.17041111195578,0.312860303132721,-0.810734425621108,-0.413609033033007,0.312707737051111,0.0983538608964434,0.313298504166321,-1.17910816752057,-0.967378453346012,0.0602890717732844,0.0313256368470106,-0.16300625632779,-0.055345135141619,-0.133646857371593
89.205,-0.555644247287163,0.127339763163105,0.896566762116718,-0.135286499416173,0.0326479259179864,-0.248235758836385,-1.06393559164079,0.133219850835134,-0.138784238485624,0.0459734787314784,1.08243150352509,0.299657519911735,-0.835784186981676,-0.354260589083293,0.362996894599812,0.0315676552778757,0.361270190074502,-1.22971859542284,-0.993495839554651,0.0413303789045946,0.0666640893174336,-0.192414241184386,-0.0496367769784576,-0.152763673338714
89.21,-0.524470813450519,0.163997162520476,0.861433868494681,-0.0580251488554121,0.00261804306798312,-0.228467728135966,-1.07850349860805,0.0341655913916096,-0.176106911315387,0.198147631114264,1.02005015768601,0.293996800814451,-0.886611163722595,-0.285747297657484,0.376947114514179,0.0350810654683943,0.334033906727605,-1.30094258844628,-1.02010402905251,0.0287321204501467,0.0898094523621129,-0.215682091961601,-0.0576362012435335,-0.175870883117416
89.215,-0.508864247072392,0.230388321067211,0.834209866877328,-0.0383520905227492,0.0347242181538746,-0.170479210838356,-1.0963222513333,-0.0746063607570649,-0.144573426432093,0.404091630653795,0.949974189323188,0.26198798014432,-0.940575735844359,-0.243570888819654,0.352664408065898,0.0740908800077648,0.261877026481027,-1.36266981660529,-1.04666862515,0.016861899707985,0.112431303939631,-0.227152236562844,-0.0799641357104135,-0.181541480726855
89.22,-0.50032385923943,0.213901001887119,0.853536858308468,-0.0339367861417744,0.0628391395846894,-0.128508371292779,-1.09258803397928,-0.0849806727313301,-0.112557836778598,0.575038266417004,0.910159768821299,0.252892015695382,-0.984554635658609,-0.219186030775115,0.276593514367281,0.135224070078905,0.153746234515143,-1.43772680613322,-1.0668049435424,0.01669335925653,0.126995985747086,-0.224000888606904,-0.0895187982454005,-0.186119149169246
89.225,-0.481973560900205,0.200348377683766,0.847686935607173,-0.019992269355,0.0893106531590881,-0.107963655951919,-1.0857451121804,-0.0199641645476228,-0.0996923773152165,0.757695390066399,0.879816166955185,0.257142396669102,-1.00076897995534,-0.211933936644773,0.187420419808081,0.177773802920389,0.0408641153006898,-1.50530290342516,-1.07347506730917,0.0164256857089764,0.136705624743981,-0.205207058076171,-0.0984094099178743,-0.189532738049145
89.23,-0.480486984212577,0.207974547851396,0.822588608437766,-0.00938601766947534,0.129121780145444,-0.0713591628994737,-1.06495693369953,0.0661601875344859,-0.0912910768266618,0.821101411058972,0.862155086536888,0.279556590819153,-0.992514867014591,-0.217011678412061,0.0935166362744731,0.228740515040996,-0.054802021778333,-1.55836181508289,-1.06239889510955,0.0185507576224282,0.147774185437936,-0.189325435549794,-0.0935482315798253,-0.182575846057692
89.235,-0.506789857636276,0.217143708507566,0.832846999517505,0.00912869773731642,0.185664097824501,-0.0451455480954272,-1.03691491328424,0.122900027593992,-0.110168120607535,0.745257215865573,0.838295710304509,0.294592225665608,-0.97419976218032,-0.230423388945072,0.00899621242144793,0.264152438565895,-0.132211940282386,-1.62395907219013,-1.04581934046078,0.0208297533906354,0.15544810017977,-0.172933808935597,-0.0821454222705482,-0.178427082123475
89.24,-0.511948714114657,0.230093113660376,0.839997438363498,0.00933654301376593,0.204358467868755,-0.0177704798659171,-1.00826233256577,0.157191252450869,-0.116799792062764,0.570051609710285,0.830578148428315,0.306539061054574,-0.952351820699907,-0.23939495454672,-0.0516981161868484,0.270705812595216,-0.174173888912466,-1.69037492875548,-1.02259453838661,0.0390863255505065,0.159665373850853,-0.179987799672043,-0.0674874971953793,-0.167077846926365
89.245,-0.503009478183063,0.214608043725643,0.843944212695435,0.0100627665632469,0.203213660519768,0.00189321668548709,-0.993180962194563,0.184099476351577,-0.130647238671788,0.297569354918496,0.798670424430762,0.273844086606171,-0.925435216262934,-0.247825578391865,-0.0941497534197164,0.269012911864505,-0.19118547771494,-1.75816135920279,-1.00128680311302,0.0446441586922175,0.163354472064229,-0.208218325760989,-0.0643492061874279,-0.151922225802821
89.25,-0.511168377073313,0.198404009413402,0.856652449664873,0.00353494861096743,0.204820838086057,0.00789856377494529,-1.00723227691839,0.204476220990519,-0.136160226417691,0.0205392255515229,0.769707441052677,0.254333946625771,-0.896663019317548,-0.242764322623301,-0.120411909254439,0.235268553427503,-0.183781173750182,-1.82297081426293,-0.983814263887882,0.0506360573938612,0.157575591407607,-0.253304465237111,-0.0728379424551735,-0.14233700050553
89.255,-0.510511584046375,0.197810036812917,0.856647035010499,-0.00517066419836645,0.193847947120687,0.0196978039913607,-1.02571472722719,0.174473641073044,-0.131026335183642,-0.234616004910217,0.755251627082547,0.241095647897512,-0.884492658206136,-0.232737782870918,-0.140010829915014,0.16875639763704,-0.168984025170525,-1.8563401399296,-0.9529795267086,0.0499606454954233,0.160154961575899,-0.302652117536086,-0.0831249029528038,-0.120746276891551
89.26,-0.502264800667563,0.208423265859431,0.843573202011923,-0.0636197009438418,0.163866844393568,0.0263682072177649,-1.03645403364682,0.129303709348066,-0.0795135814840567,-0.425137770281349,0.746218546018707,0.230249403131693,-0.884886214466871,-0.212377587125853,-0.159818122880921,0.0246256663508212,-0.167022839188576,-1.8635311126709,-0.934268913934671,0.0512300953075744,0.168267995915985,-0.337200350355088,-0.101445060700425,-0.107765513691715
89.265,-0.461609986202945,0.280298784948537,0.811174030733254,-0.221213604824222,0.128177394295986,0.00942808532791295,-1.03167519063716,0.106314353459398,0.00170626482837632,-0.521476983495069,0.766016594646952,0.236485195189186,-0.898405406096346,-0.189034686516111,-0.171843883103609,-0.132996827322472,-0.178019110963347,-1.8647528886795,-0.899110188820404,0.0433771810921371,0.173903143102959,-0.36893133704469,-0.129174167344513,-0.0906043210537441
89.27,-0.428960814431778,0.320511380316443,0.822137370822156,-0.290053377218083,0.14072641616246,0.00468054466337131,-1.02943871266092,0.128917198625872,-0.0197159257873322,-0.705164139253381,0.803841422299352,0.278689591139835,-0.919283889369871,-0.164627877835142,-0.17597562821565,-0.314440413918779,-0.218307413034563,-1.86873664009981,-0.893631991388804,0.0457541912589546,0.179445171769528,-0.396120414346464,-0.139144401453052,-0.0904052158892179
89.275,-0.412792487405649,0.283667077125211,0.833145078435334,-0.314304091078567,0.133443489670753,-0.0164489319122928,-1.02334398828038,0.198853198550177,-0.0900096686170767,-0.710399318704802,0.805679122075612,0.284452014583541,-0.943932433567335,-0.137404083933074,-0.163256321791097,-0.568261416670417,-0.272277529562138,-1.9094475816939,-0.881400399894123,0.0460964440921024,0.169343349357484,-0.416787267834111,-0.137734275342113,-0.0930785331576342
89.28,-0.421052397695477,0.254228407401759,0.846167995665953,-0.337074882049254,0.136738835844612,-0.040867398944225,-1.02120628063057,0.126143196007157,-0.0970579070378549,-0.544513964964178,0.776935025945019,0.2682250457798,-0.956062787263089,-0.121985344460477,-0.145199404610935,-0.775028763508061,-0.321874046428743,-1.96953476635029,-0.881411627255042,0.0480381350015186,0.162192460067821,-0.442809341341031,-0.11533164696052,-0.0997644258154116
89.285,-0.436967830426205,0.243611797181691,0.848352906694376,-0.321793256473403,0.127353519487404,-0.0754434405013781,-1.01276991028841,0.0508013564972462,-0.0713196790826373,-0.401204489443215,0.749392309778881,0.280568412896488,-0.9660762086834,-0.118124716868567,-0.128514137214667,-0.991088107224727,-0.384259739538803,-2.0244888019813,-0.877640292364309,0.0608819621308739,0.15266072132123,-0.450231701668837,-0.084207064994703,-0.0990759879221428
89.29,-0.443824269633451,0.267269859595727,0.840913778144623,-0.285620480182068,0.134103714246948,-0.103561033223704,-1.00482627142331,0.0578306397262623,-0.0476730516213832,-0.182416130067029,0.756820134300686,0.273656621169648,-0.997876283942513,-0.124367107038793,-0.0776232475980292,-1.19780040333711,-0.469149242317037,-2.05685840472613,-0.86646553546379,0.059127853822178,0.146484976492131,-0.44372652534068,-0.0548188810883419,-0.0948237398577583
89.295,-0.460497392198297,0.276144525673349,0.853487214708262,-0.229283638956452,0.14124511878237,-0.151505689996773,-0.999762855966823,0.144793577871328,-0.00851187094702286,0.242185469924242,0.720107956901783,0.250307838345569,-1.01963901044378,-0.133640843285605,-0.0101010699089199,-1.34715857214449,-0.521617618437795,-2.06037710682809,-0.853363376012606,0.0584926500717237,0.147923164981771,-0.451060114682312,-0.025895491608154,-0.0724768286691993
89.3,-0.459843059170404,0.236681166709121,0.861867789582049,-0.179710757856752,0.130575461226681,-0.202096303141947,-1.0158990859365,0.221418645633109,0.0656544405200897,0.716328627837802,0.587902076141521,0.251477585016112,-1.05124097630148,-0.141987083291722,0.0735107516985062,-1.45990210073907,-0.55266258656988,-2.03544051532389,-0.844750695131581,0.0502216596538901,0.159600072292912,-0.462819371147502,-0.0251115401444934,-0.0422440410785244
89.305,-0.461274951294449,0.220213249405497,0.858298473812582,-0.109000746604077,0.112614871369044,-0.255665000315966,-1.01370849467639,0.236796439524174,0.0658510332055625,1.04648799114479,0.380988223488502,0.251582585881939,-1.0511458465138,-0.146893163413156,0.171968871807405,-1.50835791403239,-0.554352526998307,-1.98613387565442,-0.841424014138768,0.0448370729489905,0.175362910457161,-0.459058050689562,-0.057010866690129,-0.0246434565669713
89.31,-0.452231289873311,0.25588888781812,0.836288776542365,-0.0279801972080876,0.107783548538991,-0.285969907057544,-0.980736029974638,0.20675384325943,-0.0487969058956814,1.15173494428663,0.317500281577087,0.258913278365018,-1.01502569591547,-0.153682218358264,0.2599147050984,-1.47304023797721,-0.517678281415783,-1.90647330513775,-0.84617345989807,0.0327796471406649,0.195511520298186,-0.439460302927469,-0.100074675316205,-0.0107513856485868
89.315,-0.474375722934946,0.235890219479068,0.836002534835578,0.00431093905021608,0.11005271186119,-0.30557454817364,-0.943570178498409,0.209033407960225,-0.0738805434442348,1.1646883846683,0.327503353135458,0.24425192944822,-0.948334163277502,-0.171133683507385,0.350964955363723,-1.38859573673669,-0.445554445544079,-1.79801198267512,-0.848793805428506,0.0269918659038141,0.214406645879663,-0.422680735627222,-0.166812496251338,0.0113102551427336
89.32,-0.475820177021787,0.231271611795619,0.8381981019694,0.046515656470322,0.104946191075748,-0.315224022978187,-0.938097584366223,0.229084668442059,-0.0641013549284218,1.0754073608726,0.362132788824451,0.203457539856796,-0.88657971293477,-0.19870250161846,0.423238693512444,-1.26368474219729,-0.344664511122765,-1.68210383425386,-0.865506397654477,0.014305964966799,0.232296515698749,-0.403176219671284,-0.237209783036793,0.0221913516390224
89.325,-0.476030578675627,0.236199918635317,0.824243970290166,0.0801800124784502,0.0878111832821774,-0.317142580114132,-0.948333649351571,0.249040829091257,-0.0838556505704853,0.902876369285208,0.407109358128315,0.171279658785419,-0.857662910441436,-0.217813856350108,0.462701076099187,-1.1590875631082,-0.266775304142762,-1.59683489893133,-0.884926245966265,0.0102471952189213,0.237552227971297,-0.393117156920617,-0.292639057266263,0.0388295239299117
89.33,-0.478548175626785,0.24478552592507,0.828292203676342,0.0879469197904148,0.0724812435176271,-0.327545049887759,-0.955134686739469,0.228910430937538,-0.0903658148694221,0.746597085909296,0.435665007938648,0.154278129460345,-0.83908677321274,-0.246001908123382,0.490395800911203,-1.00369986840714,-0.153076072815012,-1.46695719558337,-0.899396361085822,0.00964627480130818,0.234013272580472,-0.389114386326771,-0.307439616999011,0.0550913427494848
89.335,-0.473933044173245,0.250259155202543,0.820247097655633,0.0924449549862368,0.0621204105577337,-0.331721351867058,-0.969820114172536,0.19647925269376,-0.0735238769738469,0.585279693433764,0.463156617517296,0.143779993057251,-0.842214443117025,-0.258030170179255,0.489955206344439,-0.878538164155921,-0.0735756676129894,-1.3840045467226,-0.905643495748069,0.0123574460611631,0.219658927859572,-0.373489447137436,-0.29518526227689,0.0669806823134422
89.34,-0.483697678626423,0.259118278813537,0.808102868048081,0.0758924542026334,0.0454089455865555,-0.337633438942385,-0.971565683370631,0.15546551088661,-0.0767494220571012,0.421262825185746,0.499602271243302,0.147918970164774,-0.856988965066463,-0.268532397774491,0.467059321511095,-0.758154532985546,0.00934106501362018,-1.31328148968553,-0.895853364064672,0.0109578524599862,0.19811997408932,-0.319717335509424,-0.24908885592963,0.0643582101626399
89.345,-0.490306875591615,0.260147067893109,0.807826156154343,0.0321828226988833,0.0335444167401082,-0.339246243238449,-0.959346588916084,0.122547668903451,-0.0930448107084249,0.339200926824528,0.529604025452938,0.146401341908382,-0.880169588550303,-0.275799962227927,0.426039221860449,-0.660210540909078,0.0748575989603479,-1.27050911919358,-0.885785485959608,0.00374579442965234,0.175089614736482,-0.273834542639706,-0.195673428066766,0.0597089102722263
89.35,-0.492160695146506,0.236175374664074,0.810279609549224,-0.0377089498894719,0.0219882969534401,-0.34228262767405,-0.950639582909529,0.135273865267019,-0.110641610646911,0.282027208979896,0.565987459060252,0.154555584044522,-0.882855036722788,-0.272820810113573,0.373763796735346,-0.602414825151739,0.0968009504140201,-1.27395001372802,-0.906984901584283,0.00230018079979535,0.164180098536459,-0.22709117399346,-0.1410781803746,0.0374962286912894
89.355,-0.48620471027209,0.254382878524215,0.805383648022426,-0.109817628951288,-0.000525174120389133,-0.339246243238449,-0.949096165888966,0.147293165768867,-0.0859081885687293,0.185114471914385,0.599270953728824,0.15944056359926,-0.937012524603127,-0.242809506489123,0.402095694051105,-0.333478925906175,0.322838435241849,-1.3094411021825,-0.889188507227386,-0.00432274664227182,0.143076002480721,-0.142235726791272,-0.061510060268525,-0.0318682674945976
89.36,-0.476103146711848,0.285587501258454,0.814510921436304,-0.18910300426075,-0.0218150458191273,-0.342708319086013,-0.9514067235018,0.164734841114443,-0.0745507736155461,0.0314297742403858,0.655025504546665,0.190739441010203,-0.871291136329098,-0.223400052732007,0.306968347169446,-0.0144767583583526,0.4501070098126,-1.51258189278898,-0.87186643403004,0.0147750124930026,0.140629770610646,-0.0829733637210596,0.0253491820820747,-0.0684827705161162
89.365,-0.490912460860332,0.258796059132918,0.820703908200676,-0.254152954796575,-0.048381416124507,-0.370588338774494,-0.959931739788086,0.219831097932707,-0.144692407840753,-0.147792705967666,0.691974177794058,0.194181597704601,-0.85795475179918,-0.23195894894314,0.265556356395826,-0.0131888677970662,0.396846360130045,-1.57359582106216,-0.789240692362265,0.0250716442507892,0.171081529911711,-0.0538714094783495,0.0729552893650714,-0.059135069875081
89.37,-0.503864111938476,0.256723868562926,0.812071443137051,-0.266365897721681,-0.0605126216484195,-0.37074153882198,-0.965606148693001,0.200634671256324,-0.177969524403047,-0.200877041749549,0.712328835209381,0.182489775164391,-0.873344333876129,-0.271965914595027,0.261249835486072,-0.0717273476045827,0.258814276886226,-1.36799290596937,-0.693309105278275,0.0217731152674688,0.200862399981577,0.0196893382331443,0.0362191428067554,-0.0790337632690618
89.375,-0.511406914648786,0.236572673189923,0.817209388469782,-0.274084855933093,-0.0686603137945646,-0.368215952893414,-0.988027448443774,0.14239451800154,-0.182819438040417,-0.271675120577519,0.735473938583457,0.179400744740916,-0.883355259512368,-0.284803612849001,0.267589582117305,0.0224609083790519,0.233484383698282,-1.15870270577223,-0.722853110911278,0.0354624292712632,0.191635746479184,0.0711198414644065,0.0302935588210796,-0.0849250568722068
89.38,-0.509661221690192,0.222215991666729,0.822591242470098,-0.265060493867628,-0.0717622596574318,-0.349292311762366,-0.997647281598991,0.0996969999769295,-0.17401731774882,-0.298456435891326,0.782748608518786,0.171052534182428,-0.892443675777759,-0.289067431148778,0.251605252327162,0.146231055268579,0.242933947562895,-1.06338415268199,-0.735195266021085,0.0862282969835424,0.193885323784332,0.139868941727836,0.0988094916050096,-0.0920119331148262
89.385,-0.499646845784872,0.193427309528027,0.83201450417653,-0.239970847435541,-0.0656847253302525,-0.314652680098487,-0.988343873400966,0.0784852451904387,-0.170979945538393,-0.248832048718144,0.815837315513837,0.155876028603027,-0.872673122990726,-0.308249233930967,0.220535652263613,0.280369153958287,0.248791656250862,-0.992503313492228,-0.78516523743014,-0.0521927256828514,0.142246850875176,0.184411103916192,0.256017796515205,-0.177452637050995
89.39,-0.494019567634322,0.197851916429045,0.839104220280256,-0.219541473012445,-0.0630413178921738,-0.283801821973992,-0.989825116928384,0.0955555368222018,-0.148513783198647,-0.218181436896152,0.858827032768484,0.146855293564111,-0.81903874609993,-0.333438307999736,0.177193241230115,0.344803931192244,0.224094641238981,-1.06061711762436,-0.862209886660924,-0.00640211800044265,0.19306361243756,0.220270289882286,0.192995030101717,-0.327737228202683
89.395,-0.488615979585673,0.192997954209585,0.837645986640679,-0.181541356083142,-0.054224166912534,-0.260727586289561,-0.975169422516305,0.109480552824212,-0.126605157160901,-0.192049846718335,0.869021832942963,0.148690605335741,-0.826634185288569,-0.356293592602712,0.176577983089941,0.331651792353637,0.245602461748996,-1.21147509129978,-0.871249495502769,0.0412728245413261,0.212199531651275,0.167214510065386,-0.0162072231234543,-0.382389340178328
89.4,-0.488915157110496,0.186983002501337,0.830384868826734,-0.148353912003849,-0.0478225242367584,-0.253249150635586,-0.974188009639285,0.106618133626807,-0.115122076471778,-0.156375372606588,0.858741262976997,0.151181115217465,-0.860592938303215,-0.394155263086462,0.163463094299255,0.416538748098195,0.29827371691752,-1.34071851071607,-0.856222810137844,0.061980119324204,0.193966467251183,0.121201366973273,-0.158995538140095,-0.378950688329097
89.405,-0.486440688906764,0.190952920481937,0.841440069595821,-0.120221862061687,-0.0336021102713927,-0.239738647724796,-0.974434802851049,0.0925231990468482,-0.120683497813651,-0.130497939363812,0.855458861108925,0.155686121683281,-0.889833828871711,-0.408977385858638,0.127919886026789,0.380909227447659,0.239444188628406,-1.38073826245366,-0.831003420898691,0.0778781771780862,0.199414247364121,0.11517722031707,-0.138362954019775,-0.382557147809398
89.41,-0.474183386222871,0.183609836318695,0.847265482736814,-0.084389893767987,-0.0230316781717183,-0.228310743061909,-0.985786194467843,0.0925154494393744,-0.129708191667413,-0.108182336818772,0.860294714450179,0.164543544924473,-0.911749920641823,-0.395321050220174,0.0894454541802633,0.298705178098455,0.141358303239449,-1.3207295763239,-0.80879294014246,0.106901274396322,0.219962032933811,0.124500888013325,-0.0243988738006752,-0.345942793028712
89.415,-0.486871789261239,0.189831095444452,0.836973899898826,-0.0502059330203546,-0.0116488389503249,-0.218555707604367,-1.00147043998351,0.0985904580730148,-0.139022673046116,-0.0667476701272572,0.860362201921847,0.161117387143938,-0.916308683234702,-0.359316866740372,0.0355335555444973,0.270627175768603,0.0797203288251004,-1.21275010543253,-0.784732298048527,0.116419721905182,0.245827858353311,0.150769546205163,0.0766430354462397,-0.296934901295575
89.42,-0.494507385991146,0.188177009785597,0.835447427358662,-0.0308812985097459,-0.0039844101186409,-0.211566426376819,-1.02170558754008,0.101839310611034,-0.161267949606947,-0.019307433838527,0.860817718328125,0.163148609418651,-0.913522719638405,-0.325681903304165,-0.0280665305817934,0.257299321309063,0.0482545392686122,-1.14292003071633,-0.788572289978278,0.115694865291653,0.266868296749921,0.197590156266339,0.125698127541462,-0.257898367001135
89.425,-0.498820739204135,0.164017005272178,0.836939087392469,-0.022084741928125,0.00775457787919018,-0.191010390884194,-1.02663967177508,0.0882061967402087,-0.180633592864584,0.014854980632515,0.883441878900569,0.177037159789756,-0.918340357422442,-0.302072585291157,-0.0810908307098412,0.1978365010605,0.0254506657127315,-1.07754066339357,-0.793144577904839,0.0970837384779849,0.284992045181226,0.248361916664404,0.146594560530856,-0.230485583677926
89.43,-0.496252906023843,0.166052833401139,0.833555072258978,-0.00820525583164741,0.00488903153402756,-0.172271374312459,-1.01079906063734,0.0742414782271018,-0.165092577110447,0.0412668195003885,0.888935740414772,0.180459986771141,-0.896604111777736,-0.26665590593927,-0.120976732249014,0.066903733375042,-0.0195497308356934,-1.01236652344668,-0.788149746674322,0.0869298466124726,0.294804339415087,0.273613814246812,0.101830349344555,-0.225844667650416
89.435,-0.485603408992594,0.201708236821659,0.830047890994018,-0.00994466105219513,0.0111030610789351,-0.14900385391921,-0.987507448068069,0.0963700984989667,-0.114949980605374,0.0823280460682765,0.921175666626967,0.19478792748944,-0.882230338719463,-0.237478565521903,-0.140395433852927,-0.077064903189241,-0.0521137255283995,-1.00891801280701,-0.806424203399777,0.0804724337309814,0.315954035699573,0.28141109301881,0.046729365861437,-0.244874297435978
89.44,-0.466355337434819,0.211519846901499,0.83062814142649,-0.0190863618541746,0.0145860218104054,-0.152461059983899,-0.967093362986487,0.130553698034471,-0.099204061465568,0.0733499159567483,0.930201855980753,0.210219413640481,-0.889752080957342,-0.218096758268392,-0.152138455920099,-0.269412125668546,-0.0840635564914863,-1.02233464274677,-0.816525884195177,0.077076623595286,0.330862289220018,0.297327061436088,-0.00699831009790696,-0.263277411302907
89.445,-0.485944021947318,0.214982426448923,0.832347129437458,-0.0271285511109185,0.0161029361408548,-0.160647317855198,-0.943156216760894,0.158982563344402,-0.104299317397359,0.0930556447586157,0.944140918082572,0.227450958326835,-0.900451620640221,-0.204862989367984,-0.147737739312194,-0.408287546197016,-0.0852695236355148,-1.03140686746496,-0.846174900026403,0.079421638878114,0.344318105690187,0.311729287764439,-0.046951063179845,-0.273798215012882
89.45,-0.494675455389376,0.213562955075434,0.835203619539801,-0.0286975242197514,0.0168418105545905,-0.163322225213051,-0.93276862735144,0.169480483631413,-0.10713421212697,0.114909217141352,0.956806444982508,0.233924323355203,-0.898670338524408,-0.201198643700052,-0.132483760067591,-0.434358834094254,-0.0607807240620417,-1.05461556317902,-0.874003917913485,0.0766098995242779,0.343479721550339,0.308944484907366,-0.0781865782914254,-0.277833861871477
89.455,-0.497859017701583,0.218223246655132,0.821403957341124,-0.0271317849023301,0.00744278016407599,-0.162278399001437,-0.929657381671765,0.175919304534189,-0.0955453232061118,0.150461233514813,0.971461594391381,0.228638645206795,-0.885183173926003,-0.211866954040363,-0.109543949718919,-0.41132782038945,-0.021261779839953,-1.08967231876797,-0.880561024756894,0.0714964445391016,0.337255723064112,0.32281956076622,-0.0997069492115237,-0.276418370172648
89.46,-0.499554741880868,0.2255915685221,0.816771006527595,-0.0314791400655206,-8.53157339535538e-05,-0.164102186109826,-0.931065053309067,0.200206769862991,-0.0672174995778052,0.170614653721946,0.99656699351133,0.216627767266822,-0.886044360993261,-0.230434036624829,-0.0844249326112567,-0.393969115334483,-0.0115778096818489,-1.11067754682356,-0.872070173728671,0.0690323723988038,0.338417655694348,0.303943621936487,-0.0984060852000678,-0.267866124827901
89.465,-0.489698423089591,0.242130359810662,0.818457431196245,-0.0447049657565929,-0.0132016599177068,-0.167168464715972,-0.935107932114955,0.220622695706027,-0.0342422057384608,0.144302806534886,1.03705740374674,0.224388954451328,-0.895410959451092,-0.238958602803631,-0.0638097040079459,-0.399408901334767,-0.0167544111609459,-1.10080193587962,-0.8609055513836,0.0641587775860454,0.337446798337303,0.269590512320987,-0.0832187898279503,-0.261381169176549
89.47,-0.483538233961897,0.240445534135735,0.821021046507699,-0.0561398783988062,-0.0172016485269152,-0.184941290714411,-0.913070588277918,0.256463650199022,-0.0289521568511028,0.0777790865630674,1.0766133631076,0.223988515913175,-0.927455751747095,-0.223547051534249,-0.0122550175448293,-0.404964263462229,-0.018582447948945,-1.08745647943146,-0.861224690524347,0.0500832286430927,0.333159751787572,0.219746768903637,-0.068215766762352,-0.253796243633334
89.475,-0.474865935225571,0.251613865923995,0.816087901274608,-0.0597954210025124,-0.0259346926999937,-0.202974345762814,-0.897083478903269,0.262281978505688,-0.0463192796748672,0.00515297889255409,1.10911562264866,0.229215749414612,-0.951303210367251,-0.196314042085217,0.055846928638514,-0.438201085434618,-0.0343816576377062,-1.06103913093626,-0.88225518923295,0.0481527651206441,0.318413601063798,0.157579796629816,-0.068122954560921,-0.241304246102538
89.48,-0.46857244518338,0.256150231329906,0.818332113718794,-0.0628876929380245,-0.0395895715913163,-0.219055335579505,-0.898814186428841,0.255002648816353,-0.0490569774618502,-0.0420463420119476,1.11742969779885,0.219070602030132,-0.961903554449501,-0.1519911968763,0.133929087537487,-0.506719016638933,-0.0785566005599622,-1.01343341728848,-0.885841333972008,0.0363397984114041,0.30275717971433,0.0936622237355275,-0.0750881160470516,-0.227427796007473
89.485,-0.473258335039448,0.231521057417762,0.824343228649073,-0.0771676690841331,-0.0389238866399376,-0.244525074845789,-0.925296549437815,0.256289886473701,-0.0586759764480601,-0.0920223880879727,1.14572390424038,0.218199609682678,-0.978198651905655,-0.109633466033293,0.207434217843132,-0.569135855533954,-0.131592359414782,-0.93871062108878,-0.894937709475907,0.0253731552162603,0.280798002631901,0.0045631935909987,-0.0652592476591912,-0.205311354169004
89.49,-0.477780043339896,0.245053382746375,0.823189000987724,-0.0766409617517111,-0.0242519961602579,-0.249765178030223,-0.956819574720926,0.248367513257098,-0.0622512750664473,-0.111803836297334,1.17690613132399,0.208823350637467,-0.994889380379084,-0.0769292368029538,0.243125816904169,-0.608213337015827,-0.207156437064342,-0.880285868891473,-0.878356443648836,0.0310987759461968,0.280871859355278,-0.0487467287214439,-0.0346952569719259,-0.193439049533798
89.495,-0.458952365398879,0.242972768783175,0.841499298131689,-0.076510579582685,-0.00630408654918035,-0.251477667461737,-0.977494621177181,0.25763199509556,-0.0979824461363385,-0.126230534700479,1.19800528920001,0.199832263448454,-1.01859085847843,-0.0570019691579881,0.26229444159451,-0.659140239787591,-0.287568132710946,-0.817798215937213,-0.832126063334343,0.0475755186433258,0.278400364207917,-0.0669509798077356,0.0579209939008442,-0.17146347548539
89.5,-0.326002306833698,0.174743163816615,0.938998588932294,-0.0645001818942037,0.0174292039339709,-0.265571051342472,-1.07948427318176,0.226664817971623,-0.117009099852965,-0.15128190336557,1.22835796167656,0.209718273830398,-1.05555525550042,-0.0320935844915538,0.302183412594798,-0.771524573485383,-0.346180087343094,-0.804106096083055,-0.954842097780115,0.0121632001142308,0.319764182634548,-0.0529110401168644,0.17280209700711,-0.103055941541176
89.505,-0.412998279893864,0.534054805740248,0.718011419119219,0.175228165416165,-0.00993777090769873,-0.320496982201669,-0.950284875963648,0.482010236110886,-0.0147975930080844,0.0196199037793875,1.21463331815711,0.254262104624255,-1.05735364375984,-0.0402821291526459,0.3661616158864,-0.545250735906721,-0.168226340129809,-0.827071992954355,-0.968992434715821,-0.0186579183450565,0.337988642223087,-0.0124207203009236,0.0318573544880997,-0.107440594543411
89.51,-0.647731082444838,0.371604741014179,0.798350172349271,0.00901272923666815,0.0790431651464604,-0.429562523096352,-0.987117516644083,0.389937863042339,-0.0254707942593222,0.0508234599661611,1.1889462331838,0.302600294351578,-0.984882591080649,-0.0969627737839122,0.262422572570569,-0.587647496763444,-0.185521363688334,-1.01674794960191,-0.845389496852737,-0.0143484741249098,0.314996767332142,0.00883182229210964,0.00416888101520951,-0.135288290659251
89.515,-0.491973295868693,0.111235292840194,0.879366105755184,0.0271640393599246,0.121940291063746,-0.511993732628385,-1.03018441388302,0.109049633655471,-0.28901217645989,0.0102627761374962,1.15919921099337,0.290610996558531,-1.04154923448028,-0.193289989200239,0.282764467695386,-0.945199239548927,-0.326862599968585,-0.9710267709711,-0.744154828623425,-0.0300691053027886,0.330927487402335,0.112919456274267,0.177378755444718,-0.225427014620108
89.52,-0.506877136620832,0.296238525519409,0.824043630837769,0.0953368312601223,0.167578913481602,-0.442481247847907,-1.0242261252383,0.193541772671255,-0.213586845417647,0.292466341238481,1.26244728082701,0.267059837582146,-1.06749379521078,-0.284244371090068,0.282159502123973,-1.0149032001959,-0.330747871007102,-0.613423445631247,-0.865111186317766,0.00937133990622178,0.352081190170977,0.15412180252966,0.236994012443065,-0.277329387825662
89.525,-0.494089912075342,0.199567900989737,0.877997745656246,0.0183554545314621,0.210726481663388,-0.52959694514948,-1.12525887871835,0.255067829492952,-0.144808244776909,0.344572008268365,1.32180797846007,0.246807055502866,-1.00669033359851,-0.304687818870351,0.265517184735218,-1.0625998267026,-0.323408762383844,-0.506219556091094,-0.986491039369184,0.031201243559065,0.378450394501634,0.135113380051283,0.121426655718887,-0.214009076356888
89.53,-0.485828653535768,0.213469326584345,0.864005124287179,0.0807601727007114,0.254592668529323,-0.52724182224464,-1.10322164066783,0.177710421427294,-0.213619886645884,0.409465758324245,1.24274578346423,0.256852149024978,-0.952561482528901,-0.324867877500717,0.232440950791958,-1.04743903443337,-0.314311371041608,-0.62755631335525,-0.967397230144714,-0.00747666686774613,0.376527349938636,0.196895421122009,-0.0124227585237623,-0.226032401846463
89.535,-0.488384694812563,0.210300679328402,0.855051433521644,0.072319465643122,0.32106022569244,-0.537684076472975,-1.06277310686189,0.152173128652494,-0.210191772057812,0.452246672156147,1.29407400990085,0.263091326427667,-0.918238590303822,-0.359990288502751,0.226958986827345,-1.05658412985523,-0.354533323888535,-0.803046099965925,-0.944107187641036,-0.0380530351447984,0.36014369299953,0.299844335546484,-0.0734731131576018,-0.320318252742609
89.54,-0.480386691137763,0.163054311299335,0.874133462866348,0.050077532360097,0.401396362230698,-0.544698759495459,-1.0788165327519,0.170176303263462,-0.205877533447049,0.505358359326646,1.35594383757025,0.255323247946467,-0.950800693097357,-0.374619266812056,0.221006839333966,-1.02849150207479,-0.362994787901491,-0.837652260392585,-0.970248602910355,-0.0369227769491475,0.336549499396106,0.320242155528652,-0.017590462364573,-0.403979926745411
89.545,-0.457155382153351,0.118603034140032,0.869534029626685,0.0529589972973999,0.473823675054323,-0.518401687061996,-1.08293204647046,0.15955710834747,-0.233945591155698,0.471319311913801,1.32676754056982,0.235850785914528,-0.975138386487299,-0.379450731465353,0.197922480158437,-0.883312589784683,-0.308818920851324,-0.816570430333383,-0.989314688333827,-0.013202249302629,0.312311372840574,0.302158805430386,0.0582604650749716,-0.436381482816603
89.55,-0.514909766870643,0.113533225654784,0.879369951986175,0.0528272180883558,0.542877182804537,-0.509589614269087,-1.11222731457689,0.11450829804535,-0.259991785525746,0.31984101233921,1.39435466038759,0.199083714714919,-0.969429558575984,-0.343127681608476,0.152420992787025,-0.7339381900413,-0.235619855051943,-0.849634185103091,-1.0104212581061,0.00944155686707727,0.319439388571024,0.325282324097821,0.108485145724123,-0.441520025058615
89.555,-0.468798099171773,0.191867788832009,0.904692646770121,0.0603877421574619,0.623881414231931,-0.459661319023711,-1.11068918921384,0.0463095063748731,-0.249563756841551,0.286869778053439,1.42845036742889,0.185982216607516,-0.98939753853699,-0.30085984499783,0.104978149397005,-0.704892474966694,-0.198213222000523,-0.848951058957501,-1.006414833303,0.0352340746312317,0.343318773450136,0.387284170643137,0.133762549451241,-0.455550008918682
89.56,-0.490562845774478,0.0599710792905633,0.92271322391794,0.0483357614281279,0.720869415062596,-0.384200105821183,-1.0903564103451,-0.00886239558575535,-0.23731387779444,0.268686734914575,1.46501440313591,0.165646885752371,-1.02186767617021,-0.252744725492397,0.0806455178936059,-0.73588114791241,-0.174340629943689,-0.786975133068196,-0.996319790792507,0.0582264363498418,0.369112521616685,0.435439711196645,0.125965911485314,-0.464242013781378
89.565,-0.503058050195733,0.0705157841945611,0.904040971737941,0.0650097214184878,0.768649578500263,-0.418863451874716,-1.09939631905794,0.010341148474914,-0.236766932664,0.324212743141635,1.5180326842691,0.161920928029028,-1.0301127708833,-0.213112683788314,0.0645743747217251,-0.831638064500206,-0.16117140042797,-0.690574251688647,-0.999267357594908,0.0827393201529183,0.397107976891006,0.448608018756643,0.107030458764133,-0.463280790379134
89.57,-0.46276965732225,0.120810613372421,0.895001115499075,0.123258118584611,0.887297401517104,-0.342556010745109,-1.10994380033646,0.0276501527148631,-0.236579945675892,0.35059326158934,1.54596228616978,0.159662023186684,-1.04457059439726,-0.195050321682617,0.0505911211616713,-0.980253657305507,-0.159130629445043,-0.594724917247164,-1.0288960828654,0.102996056254129,0.422804052989189,0.433103031528623,0.0806045831076536,-0.452013138229755
89.575,-0.483361525765271,0.12276623002982,0.894981889112281,0.10380949098504,0.964901297732061,-0.339238262597503,-1.12535037826211,0.0369009521580729,-0.257564207428138,0.357115486148041,1.58715030172567,0.157399837400639,-1.04809428970223,-0.197278168328963,0.0356217309299547,-1.08012750396945,-0.133773920595692,-0.487113651739361,-1.04343513061567,0.116548284531668,0.433876259180498,0.423612569641039,0.0621386007661494,-0.428451755461083
89.58,-0.491833410921145,0.152332597900881,0.897538790861468,0.107699864804394,1.06230883729449,-0.316345643147995,-1.13889410681347,0.0557714587102048,-0.245453918640365,0.380324731222411,1.63803974741419,0.15228419016163,-1.04867400966999,-0.209365986287637,0.0304695904623253,-1.15601938807433,-0.110380062649049,-0.438035020393065,-1.01348695775313,0.125460964315908,0.441457556389293,0.436880243156646,0.0908093205189664,-0.400006927921264
89.585,-0.472794003486662,0.152015917489851,0.896638931875646,0.0923799008103378,1.16012766505826,-0.306485721585022,-1.16806725196469,0.097607637579667,-0.257314631923292,0.375889538846507,1.66941220955719,0.13843509020546,-1.05692356940837,-0.226909482914085,0.0330388125352411,-1.19885273329776,-0.105900381279941,-0.439955238683666,-0.987388843070917,0.109596379862147,0.437916350854595,0.449736686523446,0.147410912590735,-0.382765201236055
89.59,-0.489228217541671,0.162767763559137,0.89028450511768,0.0822416149210419,1.2578024810409,-0.309479150789676,-1.1790241832554,0.11475994328449,-0.265149537323708,0.367336034743594,1.68975332197401,0.133700330891386,-1.06503696249401,-0.256156119077432,0.0661649782942551,-1.29462892678415,-0.0759234182707869,-0.459816964727605,-0.993393240429784,0.1133541714866,0.42603814415671,0.43835610928126,0.245383620429427,-0.345632094185449
89.595,-0.503082694987085,0.186046763308344,0.887365530663108,0.0596848166796151,1.37469839162341,-0.312240890091733,-1.18429848705322,0.155851665621681,-0.273391661590434,0.327035237068416,1.74768748251274,0.116328725380267,-1.06265374702824,-0.274466867804476,0.095205096418451,-1.34136184867998,-0.0248090642991023,-0.488305625594544,-1.01179281570797,0.110812999317202,0.409607271075666,0.405017052924929,0.318001262636297,-0.28981401750084
89.6,-0.508436639591903,0.185764399810643,0.884520901944774,0.0377945834409576,1.50860570957144,-0.325705564530189,-1.19778661051939,0.158413566212185,-0.285722172327829,0.289022717038802,1.78201407037251,0.111694586250515,-1.07382217712117,-0.304232569287012,0.137689873132016,-1.12427376306577,-0.00204362007150567,-0.471598621614893,-1.05764778380361,0.121731445278252,0.398901549458289,0.367866141398725,0.375867211233922,-0.201210564786697
89.605,-0.505306443704406,0.15769311837806,0.887141637081513,0.037117423916412,1.63556576820596,-0.34467629442701,-1.21108581484033,0.131144993357366,-0.283686897857006,0.239620482452349,1.81847540935774,0.0978885067248337,-1.10152261843842,-0.328500029915522,0.185206955561838,-1.06811839772049,0.00279270112514496,-0.444227048990684,-1.08112683516594,0.129800682330853,0.391923081783751,0.341176281035089,0.403552941226371,-0.11760251530138
89.61,-0.505477576657392,0.16013495252356,0.894013380392056,0.0494233007162173,1.75005798216133,-0.342830989534864,-1.22625398717128,0.121491687612217,-0.278100080684877,0.201906660319183,1.86286388152935,0.0915208382426969,-1.12809962589865,-0.325823401584687,0.236324058363004,-1.02255106288525,0.00827853814483206,-0.403195752824226,-1.0645432750616,0.123069694995226,0.39540267816674,0.339732410549805,0.431579538319431,-0.0722313880296306
89.615,-0.507009745930958,0.156231567741258,0.891367891746046,0.0369248114922612,1.89513112555567,-0.351463443302208,-1.23016007193276,0.0981644172086933,-0.277550272567298,0.222721066329022,1.88343927197451,0.0742361038230346,-1.14300359932548,-0.297979112617011,0.274278926821755,-0.983924598932163,0.016804156852409,-0.358479573608238,-1.04411984215961,0.111184164255644,0.410337848827515,0.347066544644771,0.481866407917144,-0.0643900175857868
89.62,-0.523637766196741,0.156394696367464,0.887230658262372,0.0272387259331866,2.07116606430279,-0.358037035433131,-1.22046929392897,0.0853031634134128,-0.273703765086958,0.236767670943345,1.92531282987993,0.0594781230729403,-1.12819819602836,-0.282765842787137,0.292500429657088,-0.973860579425465,0.030012329798463,-0.326834110734861,-1.05162400523102,0.0943248271288082,0.423860813986181,0.332754692380399,0.558580716670898,-0.0664288482519089
89.625,-0.518644399266319,0.150202570897707,0.88847035348353,0.0295224039077388,2.21284954522663,-0.361068186662051,-1.22871260116551,0.0878825433395397,-0.273085594177246,0.263687790224882,1.97341733416608,0.0592594604998423,-1.12727644083001,-0.269824234525148,0.301396263705142,-0.992362475741599,0.0379708350767549,-0.308816071519902,-1.09686217290252,0.0815590703581918,0.418190394569911,0.2992393831156,0.588916132216161,-0.0650279992338228
89.63,-0.524824974069459,0.148294079405983,0.882292707629159,0.0397587670701759,2.34582857995112,-0.358110001229161,-1.21941878671566,0.0986227437276326,-0.256161460680552,0.250536616034154,2.0165864187158,0.044979132309397,-1.13399023145118,-0.238041033161453,0.303062568120904,-1.04371295175769,0.0441312446425683,-0.285878604149277,-1.12670232239484,0.0590489339860882,0.409746217693321,0.258250102521179,0.546351239622392,-0.0897433384474959
89.635,-0.541764915200339,0.163526301696199,0.875274168493509,0.05273172442436,2.48603000904946,-0.376810325656376,-1.23137564272969,0.0916874392711315,-0.264991343731456,0.239032200377917,2.05510719483868,0.0445729984199056,-1.16169378065719,-0.207813894799093,0.292414064120477,-1.08928001316196,0.0671150658300758,-0.258276274855728,-1.13307224005943,0.0605107552834754,0.406588521612959,0.211388372622033,0.496846685695405,-0.0998020400795728
89.64,-0.550605228301657,0.181096298807119,0.862550252199755,0.0621385243526491,2.66837590129051,-0.401622937101805,-1.24145097463728,0.0836617354220724,-0.260669771636897,0.263679443521945,2.09287577898922,0.0566429599252861,-1.16453978473467,-0.187121469663044,0.2678145060482,-1.11745021665866,0.098158626281391,-0.200039215863615,-1.14592279525373,0.0547040313557873,0.411502196633958,0.152874791077279,0.455083405059107,-0.109157786242939
89.645,-0.543429174386624,0.190630117710548,0.853775889771369,0.0677450514479497,2.83465326156091,-0.426828003249148,-1.25781686801144,0.0988492520818078,-0.225155082243213,0.291723736732778,2.1270667225522,0.0618978467015526,-1.16380433813478,-0.180218446423762,0.239907578118416,-1.16167662807051,0.114175548990548,-0.145402696816187,-1.13086302516707,0.0434080642068891,0.453049230426721,0.110043726307513,0.403066194343726,-0.129249649110373
89.65,-0.556647135932097,0.194688511782369,0.841522532637963,0.0496351634181766,3.02998861376238,-0.463747460782011,-1.26130419088234,0.127827166111355,-0.213895809650814,0.29676548270249,2.16356120281616,0.0607047751545906,-1.18183988203203,-0.165866845595348,0.222831607838536,-1.15016147846892,0.155574715705514,-0.071551877993211,-1.12173773678632,0.0425193321887719,0.478188336928428,0.093646144942397,0.373697933515499,-0.17614074651827
89.655,-0.58078339951983,0.221282280875147,0.823352813509707,0.0267467125794934,3.20799164759028,-0.509018255240533,-1.27238762526565,0.174433221184575,-0.228646170363952,0.25966984422403,2.20599365416536,0.0574694317094763,-1.18478240049882,-0.139409643504383,0.200873068277592,-1.08357667088023,0.21300938918771,0.00882805198937833,-1.12382473878964,0.0408405636451508,0.496505120625276,0.0458201029322287,0.365197275667512,-0.217819735744144
89.66,-0.602642135073778,0.22383713800496,0.809961634265772,0.0414019757767591,3.39395419597555,-0.559614172425501,-1.3041021963911,0.195762870934716,-0.24020438422228,0.225352964183776,2.26040581087552,0.0630026766010209,-1.19741181980204,-0.122277744942456,0.198014740517622,-1.00414183389392,0.242611410553564,0.0466154035668257,-1.12940871894591,0.0331903332390538,0.501524828471643,-0.0210128129847526,0.371715450801981,-0.261262269189821
89.665,-0.634888504025803,0.24342350885784,0.798792245080215,0.079392285886605,3.59479989659739,-0.620175679157089,-1.33184644843055,0.224818392918139,-0.232111182196952,0.181684804167856,2.29796561276833,0.0752005443219561,-1.25533333352422,-0.139408510926899,0.217797972569694,-0.79783870840828,0.325218439462577,0.0789269471524965,-1.1291684507349,0.0112518344710026,0.50194660376697,-0.068280769580333,0.367566381576831,-0.311130874567804
89.67,-0.623611232278941,0.296528316588032,0.813953929775707,0.124033026984241,3.84484801416899,-0.7075557606503,-1.34657245395561,0.238995615013614,-0.192467972342957,0.175080428285627,2.30647101792477,0.0851004974980703,-1.2563119238964,-0.148153684861888,0.220672368748858,-0.80333275044915,0.315419694223146,0.105006545934015,-1.11705310178349,0.0110060444635969,0.515818480389442,-0.0820562933386571,0.152123321665055,-0.387844637270924
89.675,-0.612273505806969,0.256491106431336,0.814410823469934,0.15654776617725,4.04149837270312,-0.775399896990172,-1.34318191843735,0.244744023999827,-0.124009486353051,0.204670803315544,2.32293010467908,0.12276932300124,-1.25764217296953,-0.121009602645448,0.223536082093432,-0.830841996681278,0.3059203053426,0.124447467088364,-1.11889668470948,0.00676238722830682,0.518432988001744,-0.0749972173001549,0.387801206097196,-0.449465848847384
89.68,-0.661253324295846,0.287209949178452,0.789521165752251,0.0996033413729703,4.31203857645138,-0.835470084314088,-1.34019332729307,0.235229862235772,-0.119292153559096,0.304643371724264,2.35861212063959,0.167010713319445,-1.26285784953863,-0.0521121428728971,0.194215593828666,-0.820296750638608,0.318499549057361,0.165969539049388,-1.11327424448268,0.0099580034953115,0.523123773675355,-0.073898965762758,0.368686354435582,-0.491580324720177
89.685,-0.682033968616367,0.327219124861463,0.773145999941204,0.0517546458788944,4.57028590112622,-0.89357502426624,-1.33601151760244,0.230888839795606,-0.113082899686444,0.430182048689071,2.38001973222791,0.207725360073848,-1.27397641928824,0.0753179127883746,0.131841909538173,-0.897542364915779,0.338700981815798,0.285115788404188,-1.08559961185402,0.000939426509423154,0.528583397359129,-0.0558744008537814,0.335164874792099,-0.555175391268372
89.69,-0.641774699130431,0.333363419318205,0.798415906155743,0.026766577031993,4.81448061227713,-0.949601505862805,-1.35188380250419,0.210685519796241,-0.0583620549892344,0.575894598095224,2.41776347913518,0.250003843836241,-1.28228584886349,0.254627380625323,0.0427121403878314,-0.870245746927053,0.375609352504775,0.440683913559952,-1.09009704469822,-0.0195708175578137,0.573335799067945,-0.0498351364019479,0.329451724640598,-0.603239663204485
89.695,-0.633375846675678,0.305299705542691,0.771175487566232,0.0564695020799542,5.11643728358842,-1.07257725458947,-1.38148457043869,0.170929613998387,-0.0187486450094531,0.763171244896958,2.44076857088133,0.308172513842266,-1.27862356833966,0.417444462539853,-0.0341009371160817,-0.849236029884989,0.46241321043026,0.70387477609999,-1.1707979428957,-0.0617428079817433,0.730577034360125,-0.0781771331013799,0.288578843767823,-0.654741304577583
89.7,-0.6482569263854,0.332063659693712,0.841206917478118,0.0478776797962062,5.44431552650963,-1.18517971018981,-1.43566294377068,0.152358952984897,-0.0212988655996422,0.987534384478395,2.45181255665015,0.356851631669434,-1.32599263015169,0.422337228043717,-0.0362374888862796,-0.815214513196825,0.600955547492198,0.915247566251889,-1.38728887608384,-0.214440874182325,0.739843285859084,-0.365980314038378,0.282997331042914,-0.67466645886289
89.705,-0.66313148020803,0.286182368017966,0.880009319421875,0.025341262448657,5.76585098913559,-1.27713763258833,-1.56295118551957,0.237103339866279,0.102009740000864,1.30329633828013,2.50885754753773,0.328807010231921,-1.41580520350896,0.42483849452107,-0.00773881979197106,-0.772698286625362,0.779303423119441,1.18600553660088,-1.48690627723312,-0.352031640909461,0.502673658125234,-0.833828054342609,0.527007501381644,-0.724788611585881
89.71,-0.65104640019061,0.319228357850311,0.86627368532154,0.0145754397571636,6.19959821449717,-1.3979708795324,-1.67634584787827,0.259446104761978,0.17689430659589,1.33434689630998,2.5585053876272,0.298034008572699,-1.51238536806639,0.464666486565932,0.0275686931124619,-0.696683009086683,0.913437338862168,1.44504884727646,-1.42039952327472,-0.319060206842693,0.414294936875761,-0.864915155562285,0.908381764628805,-0.808670099561895
89.715,-0.608828036244747,0.334691559390815,0.825722285198374,0.0701697795580566,6.56625213729137,-1.49768331935086,-1.74374540147851,0.221724674492362,0.198277837301908,1.34119306165376,2.55312745716313,0.310509392532218,-1.64444584205536,0.448471836012773,0.10952039815767,-0.728345667655085,0.994948422123484,1.59057085584847,-1.42342303180767,-0.243627573924941,0.48811677192027,-0.467315511774628,1.13301385433371,-0.851110182199236
89.72,-0.621558173106634,0.346864294178281,0.822432501547308,0.181074178530095,6.99924886084025,-1.65359713846806,-1.72120594206385,0.128259330198978,0.250998648580759,1.403157064162,2.53028821625771,0.374829030086407,-1.60453502287267,0.402736734121085,0.163592799081692,-0.834034992164828,1.01827846708087,1.6494438039274,-1.42336267210193,-0.219155199178725,0.341208783910121,-0.272538137656441,1.20725847811254,-0.772707298459826
89.725,-0.60553365826151,0.408663815791836,0.884746312010711,0.153032901760075,7.42715456124896,-1.83261089691356,-1.64393876795465,0.0115266644735177,0.41838249089843,1.62737767468716,2.53779120889881,0.457454771186397,-1.46992110457596,0.327818730686167,0.187795443055066,-1.01476805010394,1.02563845914037,1.85916923245028,-1.36086009030577,-0.197477251743072,0.0606769583581613,-0.181090906834643,1.21372239037879,-0.644490291478796
89.73,-0.603086134432181,0.374937081588839,0.835959339426014,0.221620948792599,7.80339989572776,-1.89193407440492,-1.67735672052272,-0.0205693405101786,0.472966439664999,1.95662686337896,2.53601841009483,0.541974457931922,-1.40119247539283,0.348152049860484,0.119601234885455,-1.1875649444661,1.04359774861013,2.08293264671613,-1.263132037449,-0.114421944034446,-0.0464199807164372,0.0498033876696909,1.09943080287139,-0.545585599024968
89.735,-0.721398917407863,0.338777354145935,0.86676137657999,0.421833252054333,8.24679873855022,-1.93690694086719,-1.62605400872619,-0.0514730648552727,0.535615851857875,2.26431548694285,2.51628534796843,0.588113671309296,-1.34394889062145,0.437626967140538,-0.0232580587123001,-1.33368995102125,1.04604680012002,2.36320380255418,-1.18521998972623,-0.00686476268484144,-0.00442125129222552,0.359306567830806,0.978550541446296,-0.421235690784211
89.74,-0.649834784149964,0.372193323246209,0.842517294128629,0.770824480888902,8.66114525576246,-1.89175907328627,-1.63360708709929,-0.0903248089266528,0.556658511668967,2.53976639236059,2.50136887468907,0.607860791020123,-1.30524493110482,0.500635108632808,-0.196389075672464,-1.36206776068433,1.0814327961385,2.73316369946907,-1.16196793069511,0.0162863530107376,0.0740296087014353,0.411760449998659,0.95865636792338,-0.30762498498361
89.745,-0.413445621254245,0.518959184168511,0.827014287297531,0.854997568691415,9.04930893839146,-1.97127043517088,-1.62173374254437,-0.119589433279988,0.573453981235308,2.78800597324012,2.48069180454116,0.612726135296994,-1.27757722606976,0.542655114659545,-0.25925852172003,-1.25660572500061,1.16634203861151,2.97571418572178,-1.15784646138854,-0.0273825363271863,0.0706713939822744,0.189784954348604,1.08320505242161,-0.221741107159352
89.75,-0.740794402778171,0.526603900183101,0.708439636015111,0.663040530381736,9.51110310976572,-2.17255394067364,-1.60785621340777,-0.138860583803555,0.562293966619743,3.00975772120221,2.44975520535015,0.589503157140284,-1.29158858142373,0.53549392531692,-0.198105454245059,-1.08593127110841,1.29743980192728,3.21001798783519,-1.17940163780777,-0.0845942053839069,-0.111089982292914,-0.266257224713841,1.20939416367738,-0.20545719563961
89.755,-1.14322419170694,0.513555606873639,0.586858635871963,0.47576722467079,10.1250234057577,-2.10390968490337,-1.60854813041162,-0.112348735319357,0.502496141809647,3.30562057865949,2.3957751533454,0.516843750857766,-1.2740927478039,0.422464490045315,-0.0913235476478502,-1.09120874629169,1.40549676787636,3.44479920806687,-1.1747342667706,-0.133458174778415,-0.170333120187039,-0.590055324636791,1.24110450336815,-0.206685146973827
89.76,-1.27682401309284,0.227945625411923,0.299618821998625,0.593288742230579,10.501640981645,-2.19282635208253,-1.58871529459091,-0.0428953040899487,0.386855285672901,3.47201147611662,2.34678907984397,0.452358622695381,-1.27140780729875,0.28299530528811,0.00753985156971193,-1.28167616662119,1.44434490753955,3.53992880537168,-1.13844465334237,-0.163659988848779,-0.183408251812758,-0.662295540571924,1.22885369761454,-0.198346672346871
89.765,-1.34332791578027,0.0150706004882448,-0.383633721387008,0.802511635943684,10.9264852399778,-2.36913113296422,-1.52317183215664,0.032447426055684,0.110820796538682,3.64135217674448,2.30051238677341,0.37662790974342,-1.23792313524675,0.0774724486703078,0.100435381078056,-1.59473881638183,1.39539083027179,3.5903223149963,-1.11712438718339,-0.18367655661044,-0.189876707350216,-0.583161345326774,1.10798298738395,-0.156068972335544
89.77,-2.19547565804805,0.0933057082624735,0.599134492401887,1.30957693712117,11.4398807709879,-2.21408823199812,-1.4402182903618,0.0454611149085097,-0.32449216816012,3.60807329003065,2.37550682555052,0.259317266233883,-1.21003988521266,-0.0692256125721725,0.154943868218555,-1.90618888996464,1.26403755452556,3.59883097504717,-1.05645320651695,-0.195166293558286,-0.230975612027532,-0.430727086290282,0.898921084340992,-0.0754013631243567
89.775,-2.67596446627849,0.0935524203228909,1.0586734287246,2.51739093992802,11.1962800880524,-1.82466505494809,-1.38152144862068,0.0591916117336218,-0.66227688866362,3.73424546280316,2.51935303937604,0.141741542316878,-1.15944591191352,-0.25884789510417,0.214896642662562,-2.11961740868822,1.07578508326482,3.48827425118135,-1.00548748020564,-0.185153464318827,-0.276517926698227,-0.258362678717969,0.709141283443793,0.00797631387487133
89.78,-2.98138099966755,0.678165363942267,1.40630121543406,2.65123375749349,10.4448003014825,-1.65394153866063,-1.13746960856398,0.359939915636735,-0.744697764588521,4.07470389671201,2.68091716210242,-0.0174953048028441,-1.14745804214032,-0.397193015875369,0.269365067667925,-2.22968523892034,0.854538359631303,3.31662893626567,-1.00044841854544,-0.158320249701139,-0.281855672878451,-0.0769623823154789,0.587510132341886,0.0850574660803288
89.785,-3.23553160785072,0.537830316348075,1.85488456886894,1.98789053859798,9.65418835769315,-2.17674855506518,-1.52184550497503,0.423162161545824,-0.715171074860857,4.66673582158533,2.71241311595583,-0.0655734600232941,-1.18848228672091,-0.476509443359993,0.298570202486996,-2.18491583027947,0.623552498955746,3.14005127951336,-0.981256742034377,-0.113393369304482,-0.258876391795849,0.0404767736048111,0.463608906534498,0.174371978114847
89.79,-2.75022547960263,0.117807681938849,1.68913380228761,1.46937459100226,8.17540704376365,-3.04084695177743,-1.53959886844078,0.561401678551178,-0.564657101508209,4.26363429307686,2.79275546993535,-0.19841021019782,-1.20994216994044,-0.50196038957435,0.320795995050168,-1.98899637079432,0.364004296782641,2.93104745623999,-1.01378568115393,-0.106612333687133,-0.237598370069569,0.0368565830725152,0.401493308396023,0.21212984114461
89.795,-2.42370616005091,0.0467436479540935,1.29014663245647,1.60242402401954,7.46151018416943,-3.56169412374157,-1.62086596197447,0.57386722709482,-0.543823071282881,4.24561345628991,2.7860417078163,-0.242481639852997,-1.2413923850473,-0.497303604830818,0.35276400475825,-1.60297526143739,0.128004877597862,2.73068490203216,-1.04858774294621,-0.0922212003553017,-0.211687079415633,-0.040168653548498,0.248946349745112,0.238566255619786
89.8,-2.06476805245752,0.375521374870907,1.29219695955496,1.89512546091249,7.01347115790359,-3.8124383392396,-1.60555398023253,0.522795285459015,-0.459388202066699,3.49230620124395,2.71852185076512,-0.25782435950028,-1.28154673015351,-0.493046947807162,0.377953300445313,-1.22137707801284,-0.06448333519106,2.60930488159601,-1.07396503598536,-0.101581037924912,-0.188736391608173,-0.166653811854616,0.077141061273277,0.231803951626997
89.805,-2.04804347541801,1.26684952915379,1.23621910928598,2.41566734976135,6.47659911613398,-3.29366459045037,-1.53054144050525,0.391989870634551,-0.17098578844994,2.79169068963588,2.44909812687048,-0.32674341435901,-1.30332589203315,-0.489411900372265,0.422790389447929,-0.700029932288425,-0.302584350913963,2.44016110596847,-1.11103305746311,-0.111564702279505,-0.143454295952006,-0.337761762550407,-0.165376189477097,0.216266621869896
89.81,-1.35327930746353,0.750771835139898,1.37220620133905,3.87889581162618,5.50639124983749,-2.48934764843484,-1.43066846110491,0.562749129162051,0.253376662623256,2.36320354957281,1.904802125826,-0.364739256797146,-1.29415928214734,-0.495495455169169,0.444103547051351,-0.299688051043627,-0.443182089694522,2.2869535492338,-1.12522321486391,-0.13520052179793,-0.114430034584151,-0.388330703608397,-0.368636509455387,0.180970378823696
89.815,-1.38487300118116,0.0216770571217904,1.98789892549575,2.5006084214143,5.01435568814652,-3.8729395983658,-1.25052223967509,0.697296073307545,0.435554826143316,2.48969082376673,1.64054149561122,-0.238656652441916,-1.29579487213092,-0.523653591500633,0.421751653402072,-0.123884554615647,-0.61816739021152,2.10317284843689,-1.12308490340088,-0.130989491061508,-0.0863607084707612,-0.350645855319314,-0.596467058885456,0.11801573136392
89.82,-1.64982485237935,0.395048940359791,2.13249189978695,3.53389849708037,4.4753139149344,-4.34191542655451,-0.967371286318711,0.595271263505574,-0.186016363234901,1.2577261702912,1.7613504039562,-0.200485538157221,-1.26144083034526,-0.545360968382022,0.370357832162803,0.00714687122045493,-0.731926885006732,1.95257469028392,-1.10302171901834,-0.124768508151857,-0.0728250599473003,-0.287504920080423,-0.820222205240283,0.0980621028860815
89.825,-2.36983230318225,1.33721132086227,2.43117559586478,3.37878870795408,3.46055545800997,-3.76129615088801,-0.759964483666839,0.69941449162596,-1.11597372780613,0.199754437593708,2.16610552655776,-0.154563122878377,-1.21874931147167,-0.55880839940303,0.278467173525956,0.154284834714952,-0.81432222944627,1.85222486449484,-1.08348260576788,-0.130769204266607,-0.078403820688205,-0.22436419354941,-1.03660690622722,0.103522883163172
89.83,-2.63138045533587,1.50456492690301,3.50882130579964,3.47249786214656,2.02566860338628,-2.67633412605765,-0.671461394886664,0.5396099097168,-1.28811640713414,0.0190652651168096,2.44134828426951,0.0158723292885568,-1.20875132108242,-0.565957827558464,0.146985656971168,0.219904975178541,-0.951106323566367,1.77189130014031,-1.0631898214239,-0.16328682982717,-0.0948409899992392,-0.0961763609578997,-1.29257310350306,0.0694089622673323
89.835,-2.30259613256641,1.30688389593907,3.33536898514575,3.462310702476,-0.147395484406782,-1.8754855107794,-0.690161833084868,0.16378044501015,-0.938056201230836,0.00845959765161751,1.82459498324044,-0.281541691471369,-1.21519268332064,-0.568762356026549,0.0672029816869941,0.363579145408112,-1.01246494555476,1.65614291224113,-1.06131537650831,-0.17713656803955,-0.109974724234855,-0.0171696693958485,-1.44042212002551,0.0461712015473854
89.84,-2.10131603873365,2.04153646092556,2.87447355468653,3.1021666304172,-2.19673775028795,-1.41463520103574,-0.747684019953128,0.35500038339757,-0.621812544387933,0.220234770970407,1.3693581650076,-0.518657488475213,-1.22938226597367,-0.54480730855997,-0.0201706859180328,0.54710758115813,-1.00810005127532,1.50794962690427,-1.05541237982938,-0.18511515014705,-0.115773540409638,0.0952072306832668,-1.60052409717615,0.00688258648388967
89.845,-1.9411053030318,2.5297928947391,2.4373930031538,2.18708753814386,-3.62158979861228,-1.04263979468204,-0.826737958264594,0.593798461078153,-0.457469565623593,0.241031570590312,1.23703268497828,-0.458643907798146,-1.26826632226246,-0.485625016294898,-0.157965110902036,0.792229696558828,-1.02262481703792,1.31316491541239,-1.042321243632,-0.205121906656578,-0.0925535600732232,0.160449500682219,-1.66740844209602,-0.0264527994284924
89.85,-1.4173940780759,1.92379677029963,1.85205890465955,0.293689619016645,-4.91206580221448,-0.825690629901446,-0.891501406589767,0.542349634320933,-0.19147417190205,0.311783382143369,0.95705666973241,-0.233167367829302,-1.31954199023153,-0.446518425139207,-0.264316844823438,0.973557489907009,-1.0252053919441,1.22622916281387,-0.990593412536696,-0.20673196388579,-0.0665817635378067,0.250590459894963,-1.63960488366369,-0.0830285825261629
89.855,-0.98378410584389,1.38428882175994,1.36099166390312,-0.617811066034464,-5.41806475818084,-0.642387389937092,-0.873680501241456,0.416344317021858,0.0401564012923846,0.255758156778778,0.495645187773767,-0.0107497237771086,-1.39500210745833,-0.401537335850159,-0.323075819768384,1.07951163836332,-1.00331036373361,1.14907574614547,-0.961279357311922,-0.203449359383049,-0.0506201310384097,0.29389714435568,-1.56044939095479,-0.130235268690402
89.86,-0.495729191573175,0.97701406151624,1.00435486490342,-0.920962842286463,-5.6544848394952,-0.375590516512912,-0.788555768674382,0.279805816501031,0.133189419956885,-0.139172469179132,0.235474969594551,0.149613459735408,-1.47280085786839,-0.369724612247748,-0.33957667213263,1.12437330200028,-0.982365520359368,1.13525648006985,-0.947303336595418,-0.201346939135418,-0.0580482294501943,0.318588115041492,-1.3991481439645,-0.140154535919646
89.865,-0.0652229231268762,0.623493456654201,0.753170491243791,-0.794884285084631,-5.81514280960873,-0.161905631467699,-0.740110724058405,0.0902593821741923,0.177461131409284,-0.984467421764474,0.043551160705766,0.288890766544351,-1.52914759100496,-0.367622762775757,-0.328908123843701,1.09155074703147,-0.94890591463037,1.21789184879367,-0.940452137438159,-0.201030841741165,-0.067881008087679,0.313292843091637,-1.21436915279828,-0.124062078985018
89.87,0.187114669101306,0.294314691855139,0.542569424974859,-0.392868657615645,-5.93806820677135,0.0333876998954496,-0.679258220942207,0.017302510018037,0.197612032454314,-1.45965964016986,-0.182019188596602,0.287772191842302,-1.5371621442189,-0.370233516744828,-0.288383150837971,1.03548380272072,-0.911818979394648,1.52414580256566,-0.911205567683342,-0.205889946304396,-0.0684106392941105,0.314042088901975,-1.02417801056484,-0.0834093781184853
89.875,0.230362273510219,0.0753703906322006,0.384811265719183,0.231507036301828,-5.90950625933151,0.325850001294884,-0.5986998469183,-0.0997229771040102,0.0949371192488617,-1.60810763001811,-0.366290338919995,0.177775601110819,-1.48893076990214,-0.375220509094341,-0.242906443998927,0.905008928303856,-0.89306085565996,1.7920336867529,-0.87891562123792,-0.203088440347864,-0.0582204380470716,0.284435335680245,-0.775259723084457,-0.0211828650385717
89.88,0.0940995060549987,0.0476805790808946,0.254587018798098,0.812086355300317,-5.73239366668938,0.663979974864119,-0.55608785474606,-0.25438157245931,-0.0172073746224426,-1.67874309227029,-0.509755058783217,0.155661707123171,-1.42073799612828,-0.367532994320493,-0.193593565329084,0.751936827000594,-0.878830672073029,2.03110777498881,-0.864960457518953,-0.202780325905263,-0.043364151910844,0.280249066700045,-0.521688616721509,0.0387929612050681
89.885,-0.174583469791637,0.0125782188694421,0.232539556664602,1.58886729724674,-5.41094027549977,1.07686226104633,-0.509383189124252,-0.311874484490228,-0.0841695555801809,-1.60185920085256,-0.725889707369668,0.123518726607999,-1.33222370763611,-0.3818766842204,-0.139001414323751,0.555104265766405,-0.87564961179326,2.19075788436399,-0.876614801342514,-0.19437630818874,-0.0216546046719656,0.289788452301412,-0.267103357597882,0.0887443750513039
89.89,-0.274818009105172,0.117580223129452,0.267815844359438,2.32182926471506,-5.01479035083975,1.5951688675216,-0.490629078321471,-0.293328293370511,-0.161094838575819,-1.44419807154128,-0.991184905170933,0.0453877362594309,-1.28340315984448,-0.390509065317809,-0.116035572041791,0.416037446281906,-0.90227518534289,2.30623414554939,-0.917638179086141,-0.176916717337394,0.0135742817301634,0.340804467514877,-0.0580861190909039,0.128634146517617
89.895,-0.257586409511009,0.327675956795068,0.272271639727256,2.51802539405639,-4.74972546458918,1.93131761467863,-0.455292356431627,-0.279683205922467,-0.199680008319299,-1.15552769451681,-1.22530242509783,-0.0552372427185033,-1.24158161650818,-0.391718107392455,-0.0977430551671548,0.277847993832915,-0.932272352548437,2.38232589662419,-0.977980786122757,-0.167512672409414,0.0463467223854234,0.344399846249385,0.0312494118006356,0.154716402184921
89.9,-0.227007139109302,0.510701453685932,0.286036171903407,2.44382139918801,-4.54640919306885,2.19328595507038,-0.439567693644243,-0.230906192812782,-0.150428585253298,-0.574472032116718,-1.43348781280505,-0.166316795186504,-1.2043639388562,-0.391447435265229,-0.0825177179941373,0.244341269136507,-0.942798852920532,2.40785256928469,-1.01322976652962,-0.15889894673777,0.0831673657776113,0.320755919863284,0.026978758573069,0.167302691765872
89.905,-0.287779158003362,0.588228471389443,0.31787059820482,2.02419007754225,-4.35768105405516,2.39839133629162,-0.456511052743382,-0.151479910424976,-0.15702138705823,0.145235364536162,-1.66073045328488,-0.260453298475924,-1.18655617224041,-0.387793329745991,-0.111716305747449,0.271032482597211,-0.959683636665352,2.36971206960675,-1.00554895458085,-0.155816800326417,0.122972460796304,0.256092238513135,-0.0718883362771661,0.160997708151685
89.91,-0.338362708873849,0.517039272346562,0.352102056508358,1.54007295021184,-4.25318272702775,2.4359926403265,-0.498358074738141,-0.0916994997721511,-0.167821305425579,0.457595245799341,-1.79981049917717,-0.252460955591743,-1.11852379695131,-0.390372671501329,-0.132688640302595,0.206283744365424,-0.970465894128024,2.26823949813843,-0.973221276947686,-0.159206286981597,0.129796256480271,0.20338861966223,-0.14152517237448,0.158332875889138
89.915,-0.375478433001542,0.348753506531791,0.420619625025368,0.799304242297978,-4.15109192082717,2.35748560452702,-0.494221488831043,-0.0395442086651372,-0.183032325679384,0.745861039272461,-1.95540500362527,-0.252343645228454,-1.11671608052844,-0.403581479602585,-0.165647566831573,0.288857055207583,-0.872876734668047,2.2848037729271,-0.93051573560205,-0.167952546679945,0.126524450251441,0.14182784092711,-0.194654048921815,0.152499303221703
89.92,-0.370256113358519,0.0456943350427802,0.483483725356023,0.148690582073962,-4.08753641938634,2.20074093423113,-0.484166599643036,-0.0849630308529751,-0.202707839663707,0.877945263593304,-2.08259353852949,-0.227871826099716,-1.07859934464997,-0.408292740747893,-0.211594558016384,0.352737643460713,-0.839717469983395,2.33222917015881,-0.893514568068232,-0.168986313922985,0.118485158088507,0.112430910806558,-0.194922044838531,0.147098167713823
89.925,-0.341163476496633,-0.285177726746263,0.541997963309201,-0.0338100713253317,-4.10618598478883,2.0467022019839,-0.484788400127603,-0.108104543249781,-0.231851055976054,0.730359541490872,-2.17316123903545,-0.193342110640587,-1.07022553079422,-0.399805946823289,-0.248263298000289,0.381645933401372,-0.827404595777188,2.33715446198666,-0.85791013371401,-0.175939794011735,0.119025767314624,0.12995079845209,-0.149795537050121,0.139392754309818
89.93,-0.273373246436406,-0.571215556468052,0.610720949963598,0.173923083202532,-4.17907532484275,1.91218033307482,-0.518056950915719,-0.0647161865406806,-0.245659293320788,0.397166144891895,-2.28590764476848,-0.123209485421166,-1.06671243216308,-0.375820829645984,-0.257942842739949,0.302071378648252,-0.812604539378318,2.28797202344226,-0.843465265660641,-0.181615802454671,0.118213435679746,0.176808457682685,-0.0806432863591069,0.132242629781344
89.935,-0.270264238196696,-0.633704809254059,0.646827633434244,0.546290106326574,-4.27839793432756,1.78932131938868,-0.530440100844137,-0.0720628620039311,-0.260095817094551,0.0303673532578271,-2.43117970232757,-0.0474213998709336,-1.04807119093709,-0.366190039711891,-0.243661376951986,0.226741178270271,-0.779986346954138,2.23536795253565,-0.838099925445147,-0.18162255890718,0.11932069337449,0.238968307029177,-0.00113700574371613,0.114341836968863
89.94,-0.317446388137403,-0.570275899968877,0.693265732326273,0.938937413482277,-4.40498797182821,1.6670104220939,-0.516830467784991,-0.0965632472345202,-0.268845774469086,-0.192186171988944,-2.60328457511898,-0.0285702546601089,-1.01836399572982,-0.370549899519864,-0.215290414495938,0.163473219905491,-0.755313549657573,2.20599544162313,-0.835996264754613,-0.172373967791551,0.118177984104916,0.287904832807568,0.0687840542377699,0.0959026836109796
89.945,-0.377593566596978,-0.447049125971451,0.728587796376483,1.32971439248161,-4.60516431538983,1.50866167458271,-0.491680644881429,-0.11808957456402,-0.299052231363498,-0.243519579719289,-2.72629148618495,-0.0376763794487891,-1.0097032809771,-0.382844072099813,-0.155858564122001,0.124683461348553,-0.733374770497271,2.17075613954413,-0.836538218168109,-0.148841579006305,0.119102940444759,0.299427525493797,0.11517769629795,0.0950346999340381
89.95,-0.435216053558035,-0.234483472571798,0.715344637008611,1.41095298853967,-4.7779756930321,1.34742065210934,-0.499329424304524,-0.132884934465056,-0.326552709298048,-0.206487101288701,-2.89325001650088,-0.0470424284630147,-1.0499116037578,-0.393696084573156,-0.0820282643131607,0.134588382153758,-0.723316520934115,2.14917721444261,-0.830469642671573,-0.149658072347706,0.116309345651436,0.302925800975842,0.12996730256555,0.103261325374687
89.955,-0.498182137585291,-0.0568989986238638,0.716893562914421,1.22397713413581,-4.92910712872782,1.15567514150651,-0.53423593792784,-0.156295576865791,-0.284621006246726,-0.177735554311977,-3.0742818402942,-0.057213419941237,-0.980169817417807,-0.390627784556177,-0.0501508421301341,0.163857669237668,-0.711280020975656,2.12352929254142,-0.815397579704493,-0.129583035035456,0.116297128628621,0.311872775531051,0.12072112770659,0.116519895837614
89.96,-0.568373999431935,0.0486954442675104,0.736059523195861,0.999862252447306,-5.04179529308482,1.02835250724203,-0.56883474806037,-0.172429884965083,-0.28436071081515,-0.131737907863109,-3.23907015641825,-0.0526917984059753,-1.00493973559984,-0.392638292816974,0.0177121109955589,0.241682719806576,-0.724933395851088,2.05157705494595,-0.816860826674937,-0.112005303263926,0.12445585152699,0.326063550498683,0.107129087732129,0.116985865468783
89.965,-0.618284106034249,0.0797881655373901,0.793643741633102,0.881108717729101,-5.16947384880418,0.997605678695678,-0.592737768422821,-0.178470190258914,-0.33698993692752,0.00951469660633632,-3.36770196960641,-0.0609924529016602,-1.03296490726492,-0.412039571618499,0.0463988592975416,0.356502001919909,-0.731421448938635,1.97248484803421,-0.833641324677807,-0.0956836468633975,0.136347061435501,0.338643017487722,0.0957615351633333,0.118272335316461
89.97,-0.617677924330113,0.113739425137556,0.808006742590168,0.857712871644842,-5.30780348101031,1.04380965360795,-0.629670775484644,-0.211160890963269,-0.355147818797839,0.170109785922503,-3.48812511828018,-0.0727697002439498,-1.00025392325404,-0.420872227420076,0.0543762455651518,0.432910033584318,-0.736338912195812,1.89824344875045,-0.841383353321863,-0.0723836039404226,0.149671114670595,0.342867776412219,0.0861531572076051,0.130362475161929
89.975,-0.600244935676584,0.221773500453324,0.745253279081853,0.869051365151172,-5.48327602364382,1.14441071829722,-0.665636985768181,-0.23455588675995,-0.337823979901402,0.318117222014879,-3.64147869181576,-0.0831715093024243,-0.95924165852271,-0.408931493171021,0.0504040277548107,0.47078533112697,-0.728380856861419,1.81727991775061,-0.846561384625225,-0.0622538598280679,0.148648123775396,0.345987355161949,0.0945576237085012,0.144058400405577
89.98,-0.609728002485038,0.320142284052213,0.662266125239039,0.834578427042293,-5.5698884419075,1.26499968420368,-0.698438967763501,-0.213426447266499,-0.322642514965417,0.445756063445972,-3.79359349072669,-0.0627352337219933,-0.936955749230543,-0.39885728594992,0.0399256334868817,0.523647253348647,-0.724630177110509,1.74945914302859,-0.854548206088948,-0.0461796843322212,0.135298587731774,0.343588352203369,0.101709645829348,0.163381587294523
89.985,-0.610636233778187,0.345131148912417,0.533192008168623,0.728822845633341,-5.55620090087611,1.39060340945304,-0.726878822433049,-0.183461143927697,-0.326214709878188,0.555500591836216,-3.92579757675756,-0.061125737514048,-0.870726766641423,-0.398550631636114,0.0130057253998758,0.55749208583773,-0.691400009931889,1.6701498400008,-0.86435867258434,-0.0360723008935147,0.120451837293677,0.337657714440764,0.101856779013609,0.196848428899535
89.99,-0.620596610974668,0.293699537144788,0.451999661694379,0.657813511835223,-5.43875750293826,1.52919309902951,-0.77162948597893,-0.175197905970481,-0.306658666401892,0.600925937813666,-4.03583076020626,-0.0533396764811777,-0.807775730192427,-0.399456088268637,0.000896221876816903,0.58841408055505,-0.658984844006282,1.56883212344091,-0.870230923879056,-0.0311413951862509,0.107155366215994,0.304852372742313,0.10981532440378,0.220449752580689
89.995,-0.643512089022282,0.254815236044191,0.429365379805566,0.625466927083572,-5.25646901377432,1.67799652831716,-0.801075013784119,-0.141252212905182,-0.32473878049069,0.599214759534866,-4.16365139766406,-0.0146547818485058,-0.793524225246711,-0.399297041809705,0.00117616562975572,0.661530004183881,-0.612353910415991,1.41152535062436,-0.874177562877986,-0.0235820144661059,0.0990607583483598,0.270703237423203,0.106685131365107,0.263348391190082
90,-0.673754834426532,0.221149576224329,0.462317359917214,0.653759619019706,-5.07232477120759,1.81484316364826,-0.821026145034685,-0.102698850573475,-0.353407949075521,0.56751940988523,-4.30334381684171,0.0255186548576163,-0.792203973154887,-0.400716461569327,-0.00137675746360067,0.713812032140342,-0.583394501599292,1.2647491415635,-0.878115028109934,-0.020879327157678,0.103339340462172,0.241487779493547,0.112145163631155,0.29545663333011
90.005,-0.745136837060263,0.171777321735389,0.586180720348745,0.79248871952083,-4.88961352762056,1.95609360548505,-0.815070403229484,-0.0490301126807063,-0.393834288733365,0.490222339424008,-4.41028379153541,0.0675097880054991,-0.742987978007273,-0.391328665061398,0.00162729143155358,0.810449351678841,-0.59205715376712,1.18846669544641,-0.872166493152116,-0.0192393772032392,0.113550727078635,0.215798086537381,0.114469352642764,0.30615048987346
90.01,-0.824476871890017,0.154368415857299,0.673221116138676,0.931495995188976,-4.84095420475067,2.04941707124485,-0.80970972979208,0.0099877255985615,-0.456865010257694,0.291953179127765,-4.50209355770772,0.105723287296195,-0.761227463998947,-0.401623158952666,0.00195947211422137,0.981057464139976,-0.648898018047364,1.13526178992451,-0.884097514696775,-0.010869315857876,0.132009664768051,0.196027219759678,0.095980666794814,0.296789194506543
90.015,-0.905104214648766,0.192126948484567,0.729491447373623,1.05062111712789,-4.82860893674629,2.11607680527798,-0.817926936482421,0.0526492539536917,-0.491349405806006,0.0600597587354267,-4.59206759976815,0.131460396277674,-0.722833270679283,-0.412377278967338,0.0112876197563062,1.01487489899605,-0.631890114347498,1.1576943473014,-0.884762781197881,-0.0150585936008506,0.141055360607025,0.172511430759968,0.0810127279954571,0.278914926355189
90.02,-0.960518154340445,0.22682428841647,0.760378714108767,1.0284385710416,-4.84608218250033,2.12676110282865,-0.830526909657808,0.0733331152238861,-0.49783746142421,-0.186554146298202,-4.68550588247131,0.161219799154594,-0.693175107586145,-0.40090594891672,0.0257576415701847,1.09854672478226,-0.619014663469336,1.11276001029893,-0.873588742976151,-0.01799907458233,0.153406201371059,0.142271113736987,0.0440787103602919,0.262928392905261
90.025,-1.00351623828099,0.215588610725875,0.778400755550033,0.902339463980823,-4.87820437101553,2.08643481254519,-0.860906819980396,0.0706449048711443,-0.486356300417364,-0.452865557359562,-4.77060669025382,0.176142039407438,-0.673926187212081,-0.377868585419061,0.0332166137186921,1.18871841216862,-0.584210691142085,1.06430704140852,-0.871604926592147,-0.0319975074263092,0.170907393645673,0.0885956751345435,0.0249332611988587,0.257582533244723
90.03,-1.04272962330928,0.187347395371887,0.801460255187931,0.841770954802103,-4.88071288413897,2.05075750702002,-0.908468701272718,0.0406081673158139,-0.499627736921965,-0.675833654855406,-4.83082027582988,0.209144440015838,-0.664128750710936,-0.358403429371041,0.0321463861402227,1.28302021720096,-0.53787430268602,1.02190111845679,-0.877060742865673,-0.0533020155453524,0.174880042851027,0.00156290177289354,-0.0191004045312493,0.249330830993215
90.035,-1.07992020058794,0.187538539372517,0.82371646273543,0.856658895548449,-4.8984953110441,2.04397748216071,-0.949210719871168,-0.00110165493525192,-0.5389579799458,-0.854173186933536,-4.89356131778674,0.219231183115269,-0.649078310023327,-0.338041559460959,0.0272070170832653,1.35742796616753,-0.465993273038435,0.977482025569455,-0.881539432881241,-0.0752370416672782,0.178608349041836,-0.0778405798824966,-0.0649025048666028,0.219728681668105
90.04,-1.10861364030834,0.246786436288554,0.817537615539236,0.85547227124367,-4.90857396134856,2.07199973164259,-0.985843671885657,-0.0562059710358798,-0.55108255479734,-1.01541744667292,-4.93278579801872,0.222325582726718,-0.633702424933251,-0.31800527735627,0.0262576971866276,1.43278989353386,-0.361047498605544,0.903473349257901,-0.891248694184771,-0.100062913762114,0.180666681050379,-0.138607926933469,-0.117710734109835,0.175695181793154
90.045,-1.12528022635228,0.33025565466667,0.796828134794223,0.816084225210699,-4.88611108799237,2.13844103453912,-1.02713172164246,-0.0823413158794264,-0.54604224951227,-1.12784511766515,-4.96447590143866,0.22312437766511,-0.628089520892592,-0.300571098795646,0.0274248575433109,1.51056242255815,-0.26121384134458,0.83330514096741,-0.889470622373528,-0.115980133101204,0.180440620654028,-0.2120949476481,-0.16612250151792,0.133698342225201
90.05,-1.14422886779572,0.377750194336284,0.800262891833307,0.762646522169258,-4.81079617539785,2.26323511326185,-1.06689919853522,-0.101771649928813,-0.557046627946111,-1.19697811024129,-5.019182508685,0.201353326496212,-0.623315954341116,-0.291014540362593,0.0293149882575586,1.61320420302714,-0.1606394240989,0.763783439734793,-0.888334085493011,-0.134758187294328,0.167234697022011,-0.30404918604086,-0.212331168086078,0.0904821699042585
90.055,-1.19294359183098,0.402379290229906,0.830362178690534,0.703699839793721,-4.6982935988473,2.44700844896156,-1.09774706600782,-0.137371259453801,-0.598082356804748,-1.18919505189808,-5.05280320257653,0.168761630628964,-0.619043612052234,-0.28947167731937,0.0280790058565155,1.7418239723565,-0.0772309065021932,0.688547466457644,-0.886028398144443,-0.139041681032866,0.162022154593825,-0.3656291051425,-0.243314182839691,0.063304613873997
90.06,-1.22639135283041,0.419470132394039,0.84891026840635,0.635977171278252,-4.60244190388704,2.63116275165696,-1.11403872773934,-0.168366403510147,-0.588825801415071,-1.18574246609934,-5.08098424763526,0.112209528555077,-0.617720344039529,-0.298035422373929,0.0156121418999011,1.8722143687406,-0.027622995794472,0.640815926157797,-0.886421941527258,-0.13827109446661,0.155160006640331,-0.418718565700499,-0.257349341293529,0.0404211985198316
90.065,-1.22907856182587,0.424939302454862,0.878740141648167,0.549968419135089,-4.48442091408253,2.85434336966536,-1.15628485591106,-0.171846452861136,-0.565880675411245,-1.22103105866298,-5.10725522549175,0.0719524366630483,-0.614297528548262,-0.306145058457227,0.00152218354273168,1.99142263209331,0.00820898166762414,0.614119556048438,-0.881262986589951,-0.13823505491597,0.152510649519092,-0.448163469325821,-0.250557573152985,0.0271955427927111
90.07,-1.22263168870619,0.441696932661921,0.891968487583272,0.46795719693578,-4.38475745963427,3.03920130221256,-1.18415876118848,-0.134291761517236,-0.576341185467482,-1.23654736241528,-5.1421859549272,0.0584502043274642,-0.605796026156502,-0.317657908448363,-0.0189111011780015,2.11467917421665,0.0345737920851885,0.602457817569648,-0.882536736147352,-0.131558634356783,0.142613533647564,-0.478836415654623,-0.213734402408941,0.0273036558831763
90.075,-1.2276385408335,0.448924850740628,0.893506652672031,0.372789014383923,-4.29209078504633,3.1781067373428,-1.21330667151405,-0.122559327511504,-0.585666487687257,-1.25647310166705,-5.15075189263513,0.0473346920965698,-0.593829895254131,-0.325717837018408,-0.0443799995458956,2.20911640009673,0.070689010186985,0.598782127936486,-0.885245500258147,-0.126810832332326,0.133782111484076,-0.501474546464436,-0.181089650937864,0.0291081517934799
90.08,-1.24686417048177,0.451659411053004,0.889920671100973,0.249461005643205,-4.18592085233115,3.31232608062498,-1.27409445759574,-0.105320150141237,-0.576897856738575,-1.33115794688432,-5.17003462941706,-0.00383213928566068,-0.57895968383622,-0.328485781229267,-0.069303554717419,2.26588583890762,0.112192225178818,0.585024986265487,-0.892600246417791,-0.119446325491795,0.126420544332689,-0.516611061894988,-0.154544945949175,0.0291081517934799
90.085,-1.27605240066403,0.42991518218352,0.879968760717415,0.0824791904948216,-4.02973763347923,3.46833568887592,-1.32067696263914,-0.0807265080076324,-0.580424408022409,-1.4232836067051,-5.18173119509126,-0.0290407365904995,-0.562373765604422,-0.337037083594438,-0.0936782101338668,2.29167800000867,0.165176708892301,0.572778013557807,-0.897028185505574,-0.118662350594331,0.12556156339503,-0.528523969851089,-0.127079605554163,0.0411031285271618
90.09,-1.27581159004248,0.426306009963603,0.864304651623619,-0.0785472093733083,-3.8614888448206,3.58805982890117,-1.37601121075708,-0.0546203470663315,-0.575231404407516,-1.53281126867091,-5.19148056477229,-0.0802464742383305,-0.541700372968383,-0.33841819712094,-0.108719081146387,2.25690230110345,0.232871290485402,0.547927543116385,-0.897864100438385,-0.110133809796515,0.127424066882228,-0.530897511882247,-0.115686808549866,0.0452840037585534
90.095,-1.29594606529157,0.437137873159245,0.852411150031189,-0.237384728604183,-3.69581077571688,3.6786739282738,-1.40154656110228,-0.0180285361487402,-0.589759280039421,-1.64287353423366,-5.18569612503052,-0.105642163114378,-0.515036916269949,-0.33762853383265,-0.119928227880139,2.1617431250237,0.31150492911974,0.524191233905718,-0.893143079799756,-0.115899464250563,0.133538062410735,-0.527333162600511,-0.108212828030389,0.0505118701821455
90.1,-1.32979441567018,0.421956844779464,0.831623854330814,-0.368217431918017,-3.54657732409392,3.73914578355909,-1.41149881961007,0.0182989810743889,-0.599251833239182,-1.77549766166297,-5.17492874786835,-0.133565209214885,-0.486141036243963,-0.328965248096683,-0.114025424766974,1.97691124301,0.402813220051964,0.483675196167356,-0.890090156138743,-0.120855857921357,0.147087331006546,-0.531521735880758,-0.0893225313368439,0.0578655554858985
90.105,-1.37158518228211,0.39966784124241,0.813686954393776,-0.463303322282322,-3.39294408441703,3.78746478894322,-1.39933155925379,0.0572385271015056,-0.636055469844903,-1.95407654140997,-5.14891584244681,-0.171541829198149,-0.471322230155308,-0.316146024308154,-0.101446548787425,1.79335259177175,0.474052539123395,0.424623693703536,-0.879414000143709,-0.12056122406585,0.146930820512164,-0.530973165162565,-0.0732010936475596,0.0606575170759459
90.11,-1.40963941974639,0.393861119073592,0.779754402300812,-0.543496891691778,-3.19749715773504,3.84749264061439,-1.39455358830854,0.0843982105167106,-0.656510919962568,-2.12816012003573,-5.11372926439392,-0.206695168699876,-0.470814368399331,-0.301773877352483,-0.0863346182126473,1.59884231820732,0.5178820809562,0.352636985542916,-0.876770070862439,-0.118701063940988,0.164775155404203,-0.526542583022706,-0.0416211044186002,0.0559014195711581
90.115,-1.43324466460061,0.402278246930729,0.745292613986807,-0.622117696561115,-3.01288682986094,3.88245965462363,-1.38919236800977,0.10625887343318,-0.660164584261366,-2.34325475785072,-5.09372470303393,-0.250223960653754,-0.490249457883984,-0.274782882275509,-0.0652299128584955,1.41517524882835,0.550695395375784,0.255043093504362,-0.869979697879745,-0.121182983057523,0.178161247043219,-0.530591741521141,-0.0104131679611654,0.0646295848330839
90.12,-1.46769931077174,0.403457394938365,0.730172769589852,-0.718687263704725,-2.83171123594908,3.89807965139502,-1.38804119735444,0.14416966852951,-0.646818206192205,-2.59296615313387,-5.0765405679714,-0.30108019354386,-0.520730022002434,-0.244946734006946,-0.0474631622849181,1.25162676497398,0.554998636245728,0.147314005850537,-0.858114403159577,-0.114845035691276,0.204743993196793,-0.563002471074204,0.0292297129951113,0.0712624539187348
90.125,-1.52801764047834,0.411208273110279,0.790777071226019,-0.787889296746595,-2.61749634499109,3.89148709141354,-1.38996322144259,0.185470497755854,-0.674183688990705,-2.8047869858335,-5.05126987279502,-0.353402793205244,-0.555912144570671,-0.216201242638353,-0.0357553917753733,1.14293706977612,0.53544487944945,0.0271899446139286,-0.852557131105842,-0.118240365074823,0.216994539249574,-0.585691264665899,0.0395147949457169,0.0777805030511735
90.13,-1.58810492756177,0.403652671161791,0.860464463036646,-0.826724483644348,-2.46413602306506,3.86944743826155,-1.3886056803038,0.193137768085984,-0.699230721377399,-2.9114357446416,-5.02957736513304,-0.384863599993274,-0.602748938493983,-0.187831320577094,-0.0353599816110464,1.03109212912857,0.479369075986839,-0.112785954430153,-0.85634158569008,-0.115661457560095,0.232715995422298,-0.603952509898788,0.0542094921613998,0.0889060135116041
90.135,-1.62759387252283,0.38376923162802,0.912556502211457,-0.871570737656327,-2.36212408276903,3.83260438488358,-1.40217440718456,0.190372011856206,-0.705043781682156,-3.0125224421409,-4.98628413828904,-0.407224767866773,-0.635395262152671,-0.166732135273488,-0.0421233207233822,0.940085707438699,0.410875121605952,-0.202305628644751,-0.852993524149695,-0.116273236523856,0.229068744253752,-0.620260020819353,0.0767147231240834,0.102341197511505
90.14,-1.65225756261215,0.361469482682735,0.940781042043847,-0.908039235865074,-2.30185589135582,3.7871615626207,-1.43242996753487,0.179281260348136,-0.705861997121442,-3.05312295549564,-4.95702963361365,-0.430625890231126,-0.675273064677985,-0.143503379695913,-0.0499046813393734,0.860468768432796,0.329109243322786,-0.294747168686664,-0.853369862523611,-0.118305674783997,0.235771269612147,-0.620568631869512,0.0971853199903296,0.1143867922075
90.145,-1.67337818261637,0.322305603825375,0.985215651613213,-0.924240015698097,-2.23088041573005,3.71069911867939,-1.46816931697701,0.160231500255401,-0.680464755389786,-3.04794865755549,-4.88374439279227,-0.442181257370104,-0.726484298542882,-0.12440956275137,-0.0527630587230012,0.78060030667019,0.24053999328801,-0.365807416830203,-0.86075369739061,-0.124043991810974,0.244610987964513,-0.603008788764597,0.106194014046768,0.119342217130624
90.15,-1.69287108032779,0.295235081591576,1.02673586514132,-0.914398669110343,-2.18850221685973,3.64641058023375,-1.5102936610805,0.136648566709039,-0.662871477556372,-2.9846960217339,-4.82643699074976,-0.461355730222528,-0.787320143691279,-0.105459569904439,-0.0611241947893473,0.726502434915424,0.153510498164312,-0.399755958530994,-0.861247587707106,-0.125269537576928,0.266538967198471,-0.573600997184848,0.11434347674894,0.123178631067276
90.155,-1.73532572156924,0.29025468296538,1.09980089033975,-0.880214208953991,-2.16526852686716,3.55301808990891,-1.52556283442869,0.108227109217138,-0.635586072574094,-2.87827449161179,-4.76499476426479,-0.480421071285873,-0.85029105224369,-0.084869804485391,-0.062766002253568,0.67920631446726,0.0838173680351095,-0.409466295743269,-0.871597877397369,-0.121649616080969,0.277016153927222,-0.537838267277627,0.118107933166714,0.125457092812134
90.16,-1.77146935814304,0.286940705851275,1.13877190307507,-0.83811060609181,-2.21133623092964,3.47295071340235,-1.53317055086447,0.0764643092330219,-0.634555428167416,-2.7415632343645,-4.68734834975563,-0.514485011104852,-0.905710952327797,-0.0562865794730967,-0.0621293912809193,0.66096956151491,0.0538714262562587,-0.397218796348418,-0.878014819927961,-0.121845695998173,0.28880138150288,-0.49904896844822,0.127418455642761,0.12892970620457
90.165,-1.76006169354254,0.261806332684693,1.11723770194254,-0.838349598577542,-2.28549799496453,3.38720675548034,-1.52873312295875,0.0318402232845278,-0.62685105912391,-2.65077543815074,-4.56190382533321,-0.522063020247793,-0.945630916568167,-0.0220795624433703,-0.0731707011983792,0.664829996109166,0.0516858838493962,-0.366635351304897,-0.896753098417881,-0.123730119111052,0.301772245402608,-0.455381848253246,0.149827148419922,0.13909664705003
90.17,-1.69026283582535,0.241079799048116,1.06116804538283,-0.840907952182547,-2.32141169396957,3.33348546510721,-1.53307001256027,-0.0138741687888756,-0.591083955553169,-2.47467652067656,-4.44422842972833,-0.543173777163639,-0.981123427718683,0.0154080175458122,-0.0987372123231467,0.675722706120288,0.0594289896246041,-0.277538378424772,-0.906842842855669,-0.123611896383913,0.305653303645791,-0.453591672748464,0.178299841808789,0.14267701989473
90.175,-1.58269765255799,0.243308212333742,0.944745624340678,-0.820247667885855,-2.29094091727471,3.27816916828507,-1.55564201752325,-0.0225943054218494,-0.575809547374583,-2.31165462482247,-4.37048693481271,-0.569859058081651,-1.00429057043232,0.056791315416247,-0.119549046405177,0.687650706780935,0.0744400067543095,-0.218665829803903,-0.928931461268588,-0.127331382606502,0.304956543356032,-0.461922009402048,0.198818360400856,0.150585571666903
90.18,-1.49794354743638,0.237326942207285,0.849583580805058,-0.813385695262714,-2.20146996468227,3.22509178141622,-1.58941477426659,-0.0456373745095854,-0.547209966308403,-2.07967703858921,-4.29699951626115,-0.609703071828818,-1.00924043880671,0.102012755116849,-0.141570707346681,0.730979065031977,0.0937776422551698,-0.192586664502614,-0.940376658699943,-0.131891719482958,0.293562551911739,-0.484571958989902,0.216805293756074,0.154942691326141
90.185,-1.42607758405184,0.200876849276019,0.762731545112405,-0.833048097732069,-2.04457507656369,3.15667761692853,-1.60930529564349,-0.0652708492819671,-0.519214258449421,-1.89172465642374,-4.23655234148455,-0.634368618992534,-1.01450202068082,0.148751571739396,-0.147587521802996,0.752108142991089,0.107387421655907,-0.196825855085861,-0.960217359910259,-0.132300637333123,0.281151726955652,-0.516169523683948,0.234821520892578,0.174270600276254
90.19,-1.38156161660838,0.153396433922148,0.724525104704,-0.776909152833162,-1.85710180767308,3.06381551865545,-1.58708685647244,-0.0633543233835075,-0.493081017337633,-1.63938489677094,-4.18251943557332,-0.645555114782995,-1.01622420566296,0.198969266497707,-0.139343248554929,0.814046524470414,0.13871991448135,-0.224748863089635,-0.978745884949298,-0.13744464440696,0.267640310298307,-0.547667830809094,0.249657185098392,0.181825429807535
90.195,-1.36372993271631,0.115913425109866,0.649022553773166,-0.543696662630827,-1.66269665075783,2.97574138409061,-1.55182016255496,-0.0386618481588826,-0.512506547104599,-1.3998135913036,-4.11831180732729,-0.642082636523906,-1.02257272425113,0.265461084205547,-0.139692378755298,0.923737904490869,0.193825104098021,-0.26746625309694,-0.994847169183268,-0.144940979646058,0.248832585881909,-0.573258504940521,0.252120656441906,0.186092017531282
90.2,-1.39328350862188,0.106152756288454,0.554764792331378,-0.249529138285641,-1.5042884103268,2.845956328562,-1.50014108586681,0.0111915605149603,-0.547158339923499,-1.13811259487445,-4.01679385937167,-0.595074681764401,-1.05187637610364,0.336005307841791,-0.123349278322996,1.05999800858128,0.241224926393879,-0.316131834768915,-1.0055089557447,-0.143202786898169,0.228274418673357,-0.584832441900654,0.23857230087044,0.185843685763977
90.205,-1.45827289544835,0.0981773121509744,0.450803598803081,-0.0244112671939176,-1.38807462898251,2.7173277032703,-1.43276509998957,0.0657855515709516,-0.570571322463725,-0.820675445272092,-3.92146515636051,-0.538209757549022,-1.07764104394969,0.375878831296463,-0.113485440567724,1.20921444587881,0.279749101629415,-0.366406691331341,-1.01539222787057,-0.144775077800798,0.202414345745926,-0.575183316363256,0.212765879485836,0.184779792508636
90.21,-1.65946477326804,0.0802468504076745,0.373207141169843,0.117823665851489,-1.22461406737029,2.48560371299494,-1.35207849940189,0.126069255755749,-0.569573409109958,-0.588075379167927,-3.78354821919734,-0.473554371525124,-1.11825508187364,0.426914146092918,-0.116777886238316,1.49354072578815,0.338375972045207,-0.41914195259336,-1.01705505126584,-0.14109891378469,0.196273149596786,-0.574990070054664,0.200777696328135,0.196887699338327
90.215,-1.7565702276195,0.086224946449772,0.377136439308699,0.069622924750077,-1.15945118989926,2.21563832966572,-1.26521452772437,0.213014816897706,-0.603317385706135,-0.300201065795136,-3.58050319700159,-0.321100330240331,-1.15264039138865,0.504876682314205,-0.114463070862552,1.74699518895699,0.357623186336494,-0.424840675013009,-1.02268449039511,-0.130431223481008,0.182135495866385,-0.565754893662874,0.170638594272081,0.203709839969291
90.22,-1.75167808152424,-0.0123800612193541,0.341309128642424,0.0407248873943654,-1.15695367759672,1.84656552531116,-1.18265942589275,0.303684035476624,-0.665586120065322,-0.075975596225439,-3.43320819568726,-0.172903735604593,-1.20538987990423,0.605832866469631,-0.0971398549967322,2.0390963418957,0.345106624958566,-0.389028064171437,-1.02722877301168,-0.123703606483337,0.17890968926763,-0.559618807770134,0.158574849629991,0.209266213112288
90.225,-1.75252836850836,-0.249619033309434,0.284766165639521,0.20621027827026,-1.18275753485456,1.50019712781233,-1.03736041595585,0.360845161492927,-0.757825790735846,0.156782779327644,-3.24634066344141,-0.0136024444669687,-1.26152832036238,0.690992863589487,-0.0575374211844284,2.30021190186453,0.314374902446943,-0.354667398109759,-1.0276526750259,-0.111761834693214,0.173166283526668,-0.562770230098053,0.128540751995006,0.221719556190989
90.23,-1.79851491360366,-0.400222697248379,0.203308383819955,0.529533293541364,-1.18699176578075,1.18231092955774,-0.929843692896884,0.378550837642353,-0.757688545914379,0.189562698982937,-3.0717955315895,0.0981922342630218,-1.25847077019325,0.716324117240757,-0.0714482831480141,2.47103392872654,0.273355566133099,-0.359441722500001,-1.02282654567444,-0.0994522239906125,0.187792307362769,-0.570151995326748,0.0938061199943063,0.228828417056092
90.235,-1.88260337740265,-0.415046712237314,0.174860398786399,0.918770892638145,-1.16926274456605,1.01243223127335,-0.851351643016026,0.365858166980992,-0.8260449673014,0.317979586516163,-2.92040032022485,0.168992285912136,-1.27693677992176,0.721997928326917,-0.0521977102685717,2.43303742154288,0.190081709091677,-0.35942462658819,-1.01889709710295,-0.0991477210956123,0.204930892845496,-0.58815670896627,0.0333276035138522,0.247220455850098
90.24,-1.97993030824548,-0.391701165338028,0.123811412107929,1.32179137845486,-1.23236465054259,0.906577658729559,-0.934452296928952,0.190471200861816,-0.915961437442068,0.220360314883618,-2.65009342865751,0.178894353105648,-1.31801358539902,0.717945118998434,-0.0274559563083909,2.26103040593393,0.114325217694717,-0.331182197198715,-1.00899953380055,-0.104817829978774,0.223281872224537,-0.60730978167088,-0.0271871210533551,0.258148593513026
90.245,-2.07083324872181,-0.270365568538039,0.00810810365448977,1.55282068401592,-1.35634780367228,0.823465895901047,-0.882794725005621,0.137866779468054,-0.971525680536991,0.162941489464494,-2.37594317093695,0.200040260379881,-1.36260918421806,0.708593031718444,0.00287546185257676,1.98661379848353,0.0541781538434506,-0.283682259582538,-0.994192226045675,-0.105544581083064,0.239815430232443,-0.610608761422365,-0.0877314965124611,0.266963020039297
90.25,-2.06386820077459,-0.209618241870131,-0.128773860488746,1.43032035907973,-1.42558555352122,0.742360889329504,-0.8591099646425,0.0952359277554054,-1.00445881393108,0.236023920106978,-2.06751242147019,0.192435819331363,-1.43700428378136,0.720509254977487,0.0390714993206149,1.72528700270861,0.0108435905107631,-0.218348156782359,-0.986765874104992,-0.118216919410929,0.250044149640251,-0.611301000940168,-0.11811603514185,0.266846675686984
90.255,-1.97376095573519,-0.259634336753909,-0.251188627438581,1.11942764978929,-1.45179767684606,0.644400234472243,-0.844065359930102,0.0505209278015611,-0.977483906425867,0.27335282041327,-1.78054216255226,0.172651303362813,-1.45437882085795,0.693180837362274,-0.00664227655527671,1.45227326068791,-0.0373624155375372,-0.123297520043591,-0.98561077653357,-0.137639862802716,0.26047110034125,-0.62420791581721,-0.136497370578324,0.268295831864367
90.26,-1.86161236437881,-0.385692622591079,-0.453162042132012,0.76884595115344,-1.37034118197787,0.498995075240712,-0.853222682582691,0.0621464653281663,-0.918790965492644,0.302458887946185,-1.42190824160655,0.118204801952223,-1.54961742308491,0.703969922411107,0.0303072821867468,1.04107375291388,-0.0463691415688904,-0.242511391700577,-0.993589921778783,-0.155090555825361,0.260758725955525,-0.650185664253182,-0.121494273579026,0.276789784098182
90.265,-1.79039590295592,-0.45976506460161,-0.611358229030142,0.490103169688549,-1.19266704804661,0.341277880571826,-0.847198834550764,0.0573696044079343,-0.897640554627547,0.28260437636933,-1.08951763255091,0.0911177515419928,-1.5409933401762,0.6962826612531,-0.0421930020951631,0.849053453610366,-0.0340300296487194,-0.582305401486136,-0.989459868968771,-0.188682503559186,0.259458855378787,-0.683400324318948,-0.0571280004843002,0.277185117408313
90.27,-1.70236879780243,-0.462034300765605,-0.708690504380727,0.201394888289932,-0.880935259654294,0.129573603492112,-0.808804309226219,0.0523262033211373,-0.859252555624473,0.214160118663092,-0.771283320176329,0.0716788603021339,-1.51969159820033,0.608679544480835,-0.085977751365593,0.820826029209629,0.00896200350640525,-0.664554571686041,-1.03919960175491,-0.214361708179907,0.27431756401405,-0.69402845881284,-0.00899575641924295,0.269424749666827
90.275,-1.63522876160876,-0.52266921280777,-0.694571537103065,0.0510504724713214,-0.621665894072493,-0.0271297696516703,-0.780918107014357,0.0548505893548179,-0.852222762660101,0.181844931085325,-0.430977122542638,0.0494204613074748,-1.48813791851991,0.513833842918922,-0.0680669789916547,0.99164277375953,0.0860618005781832,-0.325721504491996,-1.04249209759959,-0.223538896869845,0.279733864770666,-0.702765702318471,0.061760856833787,0.241650203261096
90.28,-1.59571044774159,-0.505190266060639,-0.634271941405211,-0.0570303257474253,-0.327228792221485,-0.232878501511163,-0.741847970679635,0.0435210583827029,-0.851230405434463,0.179343001122798,-0.119016663186528,0.0405484186043253,-1.4015405475469,0.469017628662359,-0.0308998908750441,1.01057705226042,0.137122980506526,-0.072673445769096,-1.02568130205581,-0.238885649939986,0.332625047627342,-0.701356795696309,0.128764063616592,0.263309984414721
90.285,-1.58651556330323,-0.456553160944051,-0.577143587991421,-0.0516233823160019,-0.0912019404913915,-0.404863013230529,-0.727546056928863,0.0481059349511231,-0.832811636703132,0.187979992683943,0.16334896885773,0.0296607548394013,-1.18851554922308,0.457377180223369,-0.0249197696546376,0.857420429692608,0.140823504016751,0.104876095243846,-1.04764369114478,-0.271570629592875,0.373690742918837,-0.676565099502436,0.0274632955724454,0.23875228905321
90.29,-1.53330824161393,-0.305077511729577,-0.52609314671043,-0.0104046509779693,0.154150247982006,-0.553942084583205,-0.757098795517848,0.0484893011387642,-0.784129351911849,0.225854755542125,0.426958433307518,0.0584832745161982,-1.02010039144251,0.45112139610831,0.0116115251565927,0.591048744088532,0.109879487105386,0.174893461930284,-1.0656065375186,-0.253545084112619,0.358715615390724,-0.658726645314326,-0.126575881387674,0.208367369798135
90.295,-1.46725604530571,-0.161885958728829,-0.483908302306088,-0.0407014862954756,0.358916748382486,-0.632284492018131,-0.800500160829567,0.070939130062018,-0.718745243630835,0.198707302482386,0.712351637587233,0.0704064778767695,-0.869170954109256,0.428120454945768,0.046452437185353,0.401266874081317,0.087416403998178,0.207835191918104,-1.07468844675409,-0.227041572243073,0.324397879145749,-0.667393623946028,-0.205583661965308,0.208756722650675
90.3,-1.39218631601114,-0.00259186718006226,-0.426550185335399,-0.153998998675305,0.602694787194197,-0.677743647894251,-0.819660638517566,0.101246878204558,-0.649849151851858,0.140263275231497,0.933718148763154,0.0914857677494495,-0.769473157788604,0.405260354743697,0.0825116473196121,0.248086138947424,0.0667257242630348,0.156054390129653,-1.07019281333812,-0.204841699633788,0.299918783772286,-0.669770734807665,-0.222857111485408,0.226980855703695
90.305,-1.31204126626566,0.132309838617466,-0.312093315307671,-0.31899084459514,0.873530443078698,-0.679009974865957,-0.843924374199742,0.116167111597038,-0.529653640603733,0.100286587984984,1.17598667455946,0.0997872835057177,-0.686285495255182,0.372120273060908,0.0963943891457685,0.0594917213742475,0.0451964144110537,0.0184015743341395,-1.08070188173091,-0.192860209294052,0.275563646254086,-0.644433207384403,-0.211409777743467,0.246228542145792
90.31,-1.28793075600011,0.201319132553189,-0.151719470115871,-0.449735419096402,1.10943436040468,-0.63681261943338,-0.864613246670944,0.104475022477811,-0.521367228850399,-0.0487288397467715,1.31343818700368,0.0993363088456429,-0.623910662473429,0.347354524493358,0.0783919148336119,-0.202702968697997,0.0181615841123948,-0.147637189380331,-1.07850081404902,-0.18038494683386,0.258482328788904,-0.550843431330275,-0.174613181486071,0.221681248444102
90.315,-1.26624921060818,0.268290437248673,0.0961896958930231,-0.561842492357982,1.31984639502221,-0.510049982885208,-0.870754074178007,0.0881609198527067,-0.509911662290405,-0.199327181282803,1.43672166080592,0.0990819699359379,-0.576245917470231,0.357061961291895,0.0268363853718078,-0.455766734374132,0.004100399705776,-0.303960929719529,-1.06712468580214,-0.169845654495319,0.237523545367198,-0.394549810840244,-0.124933105049831,0.164909504069614
90.32,-1.16800493497061,0.357036445251266,0.304430243097672,-0.685164693196275,1.37479329057457,-0.403656113005607,-0.881412671135271,0.0923294564131011,-0.443844652228945,-0.371327282501938,1.57544245271051,0.10771465646652,-0.557687689746052,0.40091300787065,-0.0381474309042657,-0.450740188734765,0.0210935536341201,-0.274329932650267,-1.04732391858629,-0.158909549290402,0.236874850994362,-0.313246290494235,-0.0675573176700146,0.13806257246654
90.325,-1.03429549255488,0.43162065193264,0.469074482230464,-0.847815276202534,1.40334054969999,-0.3168079858093,-0.921675123460631,0.136497510431945,-0.376008805449955,-0.585098303076366,1.65724646469141,0.0964733595953608,-0.535755220392493,0.374879383883309,-0.0681894511695132,-0.315172397991284,0.0491922577669092,-0.160602353789899,-1.00898776513029,-0.136830718019517,0.25830868745621,-0.270829903296286,0.010382319560875,0.131836357454201
90.33,-0.906299989926179,0.421016303519925,0.606829453586765,-1.01560321316315,1.382948611203,-0.247864248097528,-0.9670426072842,0.134316161437654,-0.318925769682901,-0.729688095869011,1.69616953664226,0.0990599328869271,-0.479262039021571,0.237360123393991,-0.0982047321180467,-0.211074668392425,0.0388296371372699,-0.199884621361891,-0.997021439279355,-0.130608561134339,0.294246032011509,-0.256631944764327,0.0297412350773811,0.146942984576116
90.335,-0.764369427366659,0.350376596857279,0.69903187389008,-1.12871892475464,1.33668360494288,-0.1778106387209,-1.01075604502953,0.121319052553259,-0.236629977660065,-0.986362073803605,1.72486314443861,0.087636009748156,-0.437803288498472,0.0228642337686953,-0.142874710065443,-0.250206622842549,-0.0235517871907518,-0.443477002038368,-1.00755046713627,-0.115949125044576,0.332023877299067,-0.230324927079102,0.0216161751264006,0.167954521768554
90.34,-0.639108246914971,0.361144741013416,0.71440435174808,-1.13879144436629,1.30989953355832,-0.149450131789722,-1.04292934114356,0.123418471330336,-0.176491539634453,-1.1650563564219,1.74015180398171,0.0769693518866623,-0.426134084043489,-0.146816336250565,-0.194361334223255,-0.336032471661899,-0.0676773910893767,-0.726994157595905,-1.03935218688877,-0.108718051300871,0.37029916594762,-0.190945703233268,-0.0401463060350655,0.195188885493622
90.345,-0.617843193151257,0.300643129658983,0.702113991592841,-1.15448512441847,1.33055496441079,-0.150565168176597,-1.1048331685667,0.128184989149512,-0.0757773665279459,-1.37812771343281,1.72010737776181,0.0970713810844933,-0.429132646403719,-0.288126078705363,-0.249197624597473,-0.347320666225367,-0.107949029555569,-0.990045386982613,-1.04910559290843,-0.102023267314514,0.402465408236665,-0.139327592131296,-0.117154675231489,0.219065174648379
90.35,-0.341128438056877,0.127310545110224,0.629110858412806,-0.973740110091041,1.53576887562752,-0.177209360233983,-1.17229256168199,0.143937531565678,0.167361846216352,-1.44285971609013,1.64730718482515,0.119681807569817,-0.480824244011445,-0.387529864659114,-0.253613765031359,-0.228830130842835,-0.158338338526784,-1.25290858926117,-1.05444752670396,-0.0990830026359493,0.433394046632493,-0.0923354828521323,-0.173909439655199,0.242218250012763
90.355,1.44309633638803,-0.1472566203019,0.267769917738282,0.178702471261541,2.41701646851726,-0.409075442169371,-1.39320578478829,0.179025254397597,1.63778008471627,-0.95255648423482,1.25168023429386,0.127118370748894,-0.572356467017627,-0.435930247309581,-0.225945229343996,-0.0304723841543107,-0.183810798376105,-1.43233839779988,-1.03751934262686,-0.0896584435351291,0.492913712923657,-0.0561846439197176,-0.203358376011102,0.279172057862705
90.36,4.98758572696025,-0.664016111090457,0.361508210130483,2.43453846135727,4.80740821414125,-0.847199573457744,-1.99302591114067,-0.0902181480528741,4.08315391744238,0.342786671409373,0.312160591938166,-0.0148422445354081,-0.842134817859031,-0.537693966683787,-0.121808154015326,0.252369420680367,-0.206080180851938,-1.65962466809451,-1.04719766393044,-0.0904257845076043,0.584071712841483,-0.0108053912349879,-0.239328737513566,0.31111047621218
90.365,5.07096521988798,0.447052971147045,1.56151315880905,3.80076836012732,6.74177132755677,-1.66302733915737,-2.99126655761579,-1.10409991719453,3.15916387252168,-1.41514284429148,-0.0101951008740473,-0.355052976303782,-1.41653825132511,-0.459800781459692,0.0663660686348564,0.599184336995649,-0.236163614658669,-1.92763238231259,-1.10906004520828,-0.0717781360517174,0.611118766599702,0.0913790543079886,-0.320454376908513,0.312570477225925
90.37,-1.24283083927692,2.34888572975498,1.62250111593638,3.82531513690865,5.69401147208303,-2.21722523271722,-2.4491243815423,-0.460474748865866,-0.564452085023393,-3.68711599271382,0.731772495940254,0.0457256136341768,-1.95311729095754,-0.498687256333627,0.0642705315559123,0.707744051475487,-0.303963837399451,-2.21835473926956,-1.30128366496709,0.0272873166299013,0.551517412478668,0.274535901589668,-0.278413629731462,0.28182406256008
90.375,-4.29680401856785,3.27881888968651,1.51848286436311,2.15922344033372,4.10157748327808,-0.811473001527581,-0.861461322248663,-0.233502111557703,-0.388142330867987,-1.22042906454535,0.937137571405301,0.675213336823389,-1.8487833360355,-0.586602006439353,-0.375059802973258,0.525713647007159,-0.409978715568272,-2.42489429951967,-1.39194110235623,0.0668178529731939,0.534135118577233,0.32418441450264,-0.160942498509523,0.272170343961985
90.38,-2.23440362401441,2.1902913685588,-0.535145933288738,0.0668057376747649,4.20530385759922,1.04461299911408,-0.500100285911744,-0.816169269533428,-0.266283775769983,0.534617383964109,0.929052165312964,0.606619636882429,-1.65216863856584,-0.381202174969055,-0.784982833975888,0.742032182263394,-0.357404095237235,-2.02597705837834,-1.43616810149725,0.0248025680206002,0.543117455416172,0.173881123782494,-0.182534735194787,0.231804817695753
90.385,-0.569817559172672,0.216016967591151,-1.55744621838422,-1.0257580539494,4.94292895945844,1.82427973873634,-1.14253129183501,-0.439051516586593,-0.503758951547179,0.578455708434118,0.963514501244767,0.336475986201349,-1.70350268288162,-0.0462521772421861,-0.927784108539802,1.47391896582558,-0.0813500423889022,-0.879575741768339,-1.41991547877898,-0.0319339654846132,0.505565931881136,-0.0161140815349953,-0.302674922495045,0.182071674053732
90.39,-0.846001942268326,-1.65592162614042,-1.3841485821714,-0.488186685025043,6.1203096657888,1.08400365218728,-0.880300182230231,0.616195351071137,-0.745274022580846,0.157785504511435,1.25413123129184,0.417820632490539,-1.76539347080601,0.26380268232968,-0.648296726262638,1.3979942454958,0.0570185548486932,-0.026268046518496,-1.2928756337757,-0.103882009036716,0.314643245204976,-0.245156753425321,-0.512952601582534,0.0946589377050472
90.395,-1.41061921667202,-1.18283218635231,-0.601413751966559,0.718385645833115,6.61858923187279,0.518501358093999,-0.686009759746824,0.449620642532091,-0.724341239164413,0.0549634088664954,1.53271590799643,0.520019691915909,-1.65108027821025,0.40446357689952,-0.48143627161934,0.643283725689233,0.0460354110815115,0.645459096814393,-1.15564467901662,-0.118914461999333,0.157805886298389,-0.339420210246743,-0.536314942846778,0.0798532031808681
90.4,-2.38422883781503,1.15070258354741,1.09084122544504,0.11815100840283,6.61032592630356,0.431120814791803,-0.747357207422089,0.383070762426801,-0.409130511580161,0.421420733314043,1.59259746323451,0.469127838897355,-1.47868523569707,0.467420779787286,-0.416480204803274,-0.610411004942767,-0.108991742122331,1.08045270542531,-1.05160234565528,-0.0950463532086634,0.083766821615723,-0.309043958115477,-0.3790470337825,0.120722129573246
90.405,-3.61883374182674,2.78679420896606,6.30620332173906,-7.6273554021704,5.49194479191055,-1.22419758814808,-1.13968681616518,0.555190747676956,0.607926043399006,1.30642121529736,1.4164667403857,0.430148157071935,-1.32962192068884,0.457936281574926,-0.364646545196119,-1.33093519880699,-0.281325898028271,1.02745572547542,-0.996060753204473,-0.0751737478634577,0.102381855819937,-0.203223208153037,-0.0998745256942075,0.198737521177689
90.41,-1.38216023895178,0.816354788941695,5.33959053130661,-7.56339965943127,1.51966355079642,-0.60116356966401,-1.55602432683297,0.239848735902281,0.713475292634689,0.600366548334074,1.36825095368734,0.460097494494157,-1.27926094144723,0.444429389825042,-0.188940089682541,-1.78494139556445,-0.318075911976616,0.507680147806594,-0.985600520929727,-0.0615001648935745,0.137100751827737,-0.0620056151485539,0.189139601447564,0.325143599281796
90.415,-0.426360913507292,-2.26119949073086,3.24035588199142,-3.17588538712312,-1.22381871452876,-0.777107474400124,-1.90902779933756,0.296663024938551,0.494610908638464,-0.31536103828569,1.34647994963168,0.687569111867655,-1.3877944666314,0.353644185042102,0.0342021303829428,-2.21426029504512,-0.312588629604762,-0.148877422708673,-1.0434935528034,-0.0491051660313319,0.12453261804854,0.0742416785889344,0.279593246956315,0.391353431665513
90.42,-0.771269109604904,-2.48466323069065,0.773972186653819,-1.45911148644677,-2.43108534245052,-2.1607589199684,-1.81760651202076,0.732135763324333,0.0206196267106718,-0.586052002951778,1.45463904108835,0.946995515048499,-1.55646555426356,0.195825952827847,0.119877868233566,-2.30885271662573,-0.472865147958962,-0.686291809510086,-1.159992200112,-0.0314398025970813,0.0983653944170981,0.259805690138315,0.332492400925739,0.442587415505821
90.425,-1.73418041748905,0.333346732237305,-0.333251291086563,-0.910885931660036,-1.7381877577857,-2.65013486812047,-1.70225893487123,0.0422833135295885,-0.733662418975923,-1.43567846150719,1.5633200438959,1.13628518537298,-1.66070280791375,0.00629067800527036,0.0751130788095787,-1.69356494394662,-0.919084643346003,-1.09629713519232,-1.28058344942793,-0.00433931829974531,0.0943176512679688,0.379829316398441,0.370437308771942,0.465180754522883
90.43,-2.05159849379552,2.17522832187811,-0.206467191956768,-1.46721774246928,-1.47289695812836,-1.65708928312707,-1.37200566409432,-0.309108090620258,-0.802679468493947,-1.21617371070293,1.59361067917279,1.07793673726702,-1.57246557150407,-0.098045088377802,0.00856748782633112,-0.811668883106684,-1.23322012703227,-0.976781570709638,-1.39932837860598,0.00656977315843511,0.152906107016498,0.324730207181674,0.398805522276256,0.480358168927174
90.435,-1.81677016511455,2.52205864694045,0.214581279633333,-1.62704268822578,-1.06321020546539,-0.530945843136301,-1.26620195010737,-0.441379322261061,-0.461896976321223,-0.473932110029635,1.60796897324524,0.81010509572298,-1.33982547583125,-0.217736723236393,0.00105704537665229,-0.0880271801247271,-1.39672489826558,-0.749079463824635,-1.44272247928564,-0.0194134649633298,0.215094995513641,0.172034162595865,0.33578107904265,0.465465564421952
90.44,-0.781368412907548,1.2663831500297,0.845484898488491,-2.44482589303931,-0.408851099715308,0.291875978733389,-1.15834247903554,-0.0592744680477343,-0.0210202398628081,0.168794331528781,1.46810671829747,0.621565959488787,-1.1413817401587,-0.270291305357558,0.170285685896332,0.218368853607419,-1.36808157399206,-0.582427772397203,-1.4290737721253,-0.0749758342157586,0.246993415455072,-0.0031059665522782,0.166992317734563,0.423364944671905
90.445,-0.304175448871897,-0.758511987197243,1.1045668489517,-3.02583429831209,-0.122298528555757,0.262749621440877,-1.30921315269637,0.0869222888825179,0.0750082291384741,0.0102512764490081,1.40121103009018,0.645240846653118,-0.999618371001955,-0.327116123812384,0.310498972443909,0.157082298840175,-1.27334851202248,-0.549873413799947,-1.36670120006063,-0.151697212516353,0.207686414476201,-0.176519497635339,-0.0895346201817042,0.336942010391007
90.45,-0.421117798227532,-1.47996673108893,1.31479152299577,-2.20600789842237,-0.161772171773492,-0.145991181530543,-1.21801232983387,0.0872985689910308,-0.106970421990257,-0.705596488704092,1.3818476326228,0.779962517980572,-0.858812192793036,-0.37655012856412,0.403884600603458,-0.268308207153747,-1.14415502150353,-0.746881475105353,-1.2953881460201,-0.17735902713719,0.132567573312572,-0.264655736871304,-0.212117977664857,0.261638277849182
90.455,-0.572848021495033,-0.574564024508115,1.08203727866102,-0.688611971647848,-0.437803316145337,-0.404400793472081,-1.08566477453882,-0.120872568628939,-0.126231002660991,-0.971814354261801,1.37855005692613,0.668791726002275,-0.629099706824634,-0.439990473685442,0.413066316144526,-0.653207089910681,-0.954041424906399,-1.09396656971511,-1.21470251469429,-0.15732114492937,0.0592857983362237,-0.277615513263605,-0.23345560286976,0.193322458752816
90.46,-0.615361240028871,0.451637297579672,0.71262906891769,0.109078678917876,-0.531320343382612,-0.325874976688905,-0.959951221998965,-0.298294519246362,-0.101032093115671,-0.784202423296104,1.28157448504761,0.590034992935389,-0.46045750952713,-0.461926892013861,0.409447587161772,-0.726996152801376,-0.807169144789901,-1.29881912318007,-1.14821578243432,-0.108717351949227,0.00349895028462214,-0.237639552036999,-0.173217014276381,0.147690989476142
90.465,-0.568787729417374,0.951833490954536,0.612406304490724,0.0519828505378189,-0.392340275594772,-0.0698754085140842,-0.895644096713527,-0.281240618775265,-0.111736759629228,-0.354221750150283,1.16203378529861,0.523253250712892,-0.358014616563103,-0.450002531650148,0.427758695455801,-0.553606898561399,-0.556562216751249,-1.33081324956841,-1.08187762574114,-0.0687427164815531,-0.0230831784911474,-0.154005238991023,-0.100054454323138,0.107463143148163
90.47,-0.452901334923422,0.636158837206976,0.805187321716205,-0.404229640335336,-0.180215753671894,0.0983004475972005,-0.88749679201334,-0.0818783082732973,0.0791092510170825,0.0716768083017946,1.06976523532356,0.568908927855968,-0.357617409368152,-0.430970768851738,0.44905494019862,-0.407044142926984,-0.362815246962333,-1.34194258586244,-1.01814093470359,-0.0431687950844853,-0.0477143956667228,-0.0421517873738441,-0.0223529456154288,0.0876175571385522
90.475,-0.333377619527787,0.160788999835882,0.976768370867134,-0.559573060300181,-0.0581139600828675,0.119732720586818,-0.915622709807287,0.0281946080206975,0.249694898816116,0.300702389535055,1.00951671600342,0.670588353440545,-0.401440398960074,-0.425351779847104,0.445132472734461,-0.253671365365092,-0.230490171553152,-1.46983677232645,-0.956316975381931,-0.0277955392443505,-0.101847076910133,0.0263296449967734,0.037924148574627,0.0931871280255626
90.48,-0.262707345869584,0.0378949177536636,0.969413259706673,-0.382786722175638,-0.0813300153923675,-0.00816572016772597,-0.964576627942823,0.100625706240387,0.251795751186143,0.189781503692541,1.02108055184749,0.742562232156573,-0.488147880329922,-0.441697185820989,0.392792145354107,-0.124227368036059,-0.187791645526886,-1.62335396480729,-0.915423495908611,-0.0153939741365959,-0.154050147876716,0.0919059001138787,0.123734740674924,0.103454117875526
90.485,-0.353541190392718,0.240391199728455,0.877019110930584,-0.242536653295357,-0.146343190934383,-0.100066479845933,-0.938839028336833,0.148889688696725,0.174713243951637,0.0350867937695404,1.01767013890763,0.72603857486082,-0.578028091598928,-0.460099627213574,0.323648351710613,0.0214966572424598,-0.208104345601614,-1.64729118347168,-0.880946576216983,0.0103943775364676,-0.206054931053396,0.145358257808747,0.255421078434655,0.128976033001967
90.49,-0.474335747015366,0.45314116767458,0.773411955729473,-0.232783314400964,-0.153657400629106,-0.0495656346147357,-0.889800909708253,0.0937228115639189,0.0670577499007685,-0.168895686376145,1.01583441374537,0.683628976168121,-0.672245951234793,-0.461269443957825,0.242520325828147,0.116294648756108,-0.190019215306556,-1.57685074501406,-0.852006006155365,0.0404135951667553,-0.220613933677197,0.172971996291408,0.365853413628092,0.159360378542916
90.495,-0.555008015919585,0.395301861897515,0.763111926321065,-0.403129405346749,-0.0804950844741098,0.0360615838674911,-0.894139414225881,0.16455867921828,0.0120908012557437,-0.517705892195585,0.984792271758099,0.617099948015172,-0.739356794568658,-0.438886225786827,0.181269843987838,0.224902618740549,-0.138070570167394,-1.48517429918776,-0.823986731375694,0.0541926588459545,-0.212044464816834,0.183066712680299,0.444697436557853,0.191660855640809
90.5,-0.586990704071218,0.188839168107995,0.855812914642371,-0.448855297507647,-0.0163826584062778,0.0614320152398463,-0.991952883326579,0.224830603657105,-0.00988755026377094,-0.978262988487241,0.964879680048643,0.573590333910808,-0.788040389344691,-0.39820637110622,0.155075138931861,0.249397963285446,-0.096663441383495,-1.44726153947667,-0.803120531014745,0.0657965602984177,-0.19560744732214,0.172442167940337,0.497088881442877,0.214359947072946
90.505,-0.534452419794339,0.119305988578313,0.886756192452696,-0.34625213279673,-0.0118891262508912,0.0436344391732357,-1.06404045176125,0.152727743159178,0.0123309885874157,-1.30706074861164,0.952353502378352,0.554525815711696,-0.876253681443624,-0.338603146307967,0.153243387442777,0.21429142440776,-0.0694541377681647,-1.39239088150948,-0.803217460046687,0.0772126095983711,-0.151792025259545,0.116251493733545,0.571086412459859,0.20621777807179
90.51,-0.488013164478168,0.209648553605001,0.866900048250985,-0.240053692729725,-0.0111893757556633,0.0429198200839986,-1.07035585019431,0.0802095502233555,0.00653992486088698,-1.34583040428134,0.930378220203021,0.518677515501299,-0.964888810879754,-0.28388624334339,0.187160504630015,0.166258796053016,-0.0619584476247275,-1.31165034601147,-0.797634592201654,0.105279215535773,-0.115138721202348,0.0686244645652197,0.627338405807188,0.182411482343778
90.515,-0.463304617869187,0.279304292783983,0.831416631561911,-0.193233003370554,-0.0139045608411677,0.0424349842351156,-1.04532101201823,0.112143242504636,0.0129969484802697,-1.24430799491561,0.875592917861763,0.471958869458099,-1.03043627910904,-0.240856342595885,0.201389319321694,0.143139032234113,-0.02810701853462,-1.22919033806398,-0.807851494067304,0.133957692843214,-0.0670627448534483,-4.20073935264512e-05,0.661229924667209,0.119333205466573
90.52,-0.412016323988063,0.249700678523805,0.858957290192306,-0.182571543275832,-0.00478301271069093,0.0169915148688138,-1.0203159527586,0.107312851167432,0.051775359301021,-1.1150075796705,0.82201208502677,0.469376688198343,-1.05504341249038,-0.211796501055435,0.178469248066185,0.107809748280849,0.00566076378615891,-1.13680193402313,-0.825973351144878,0.172478257556833,-0.0277815681126299,-0.0830708273411001,0.675699386547566,0.0582540620435733
90.525,-0.399071165846798,0.213848602680345,0.894401653511057,-0.141530262030082,0.00811195498978146,-0.0297206848318448,-0.996891799735762,0.0191498845002384,0.0707518075608027,-0.929465130925894,0.73157072658393,0.482956778472683,-1.0368592525133,-0.186593407859307,0.157005985898267,0.0307863106876072,0.0461485876820339,-1.11107517604344,-0.839717564745839,0.208144074212898,0.00168437683191863,-0.150846196673306,0.671163614339451,0.00374703596499848
90.53,-0.404029603006618,0.214233487872582,0.883608531722689,-0.0952880962947539,0.00544199687089471,-0.0535079301942763,-0.975479793185148,-0.0233732222813346,0.0968562190107917,-0.749798887933812,0.684017707755343,0.50344400113295,-0.986419199268754,-0.178843930967185,0.140757211660811,-0.00136460254127735,0.0867353350803052,-1.14482401575363,-0.8487789219834,0.239250696472642,0.0133647064157263,-0.226853156925272,0.630695342564932,-0.0511596354819016
90.535,-0.459426872835072,0.200108554557315,0.868387590234765,-0.0463642980777962,0.0206357317255882,-0.0600203928649593,-0.950800320261653,-0.0878543478775786,0.0835391150610524,-0.384199729629457,0.632130418556524,0.51828844990991,-0.915632936758455,-0.185325354902799,0.11382218365597,0.0405635240349131,0.174807446561666,-1.21533393861881,-0.858667667532348,0.263033963165234,0.0139644494904909,-0.294483990273959,0.578311033236442,-0.0709771680177623
90.54,-0.517794573746934,0.165629360412186,0.869530409780613,0.00752846185737369,0.0188154251760363,-0.0548026298230526,-0.971720697500938,-0.0517213905621021,0.0762027837767237,-0.100448295299038,0.586987759810891,0.52017796875784,-0.866387752604156,-0.186665518749543,0.112647630711614,0.137490344941749,0.272884555305863,-1.29006744510337,-0.864603810236987,0.272118031295791,0.00126197235013803,-0.351110502658879,0.533774458125058,-0.0675541511580034
90.545,-0.550295926142449,0.148708389345037,0.859436012919732,0.0517431916333671,0.0161608159542084,-0.0421011949566752,-1.03072681178749,0.0504302520231667,0.0995874527457584,0.28740003600457,0.457721407831291,0.51340427098493,-0.855751404213825,-0.19851353195931,0.127826840424839,0.23848702137742,0.375278775855076,-1.3928330162341,-0.865419518684267,0.278146473167263,-0.016034013234871,-0.400828583245003,0.460561814838798,-0.0463211696526397
90.55,-0.542412739762508,0.14871237207329,0.859637804001782,0.0895544365803726,0.00390969592879126,-0.02057501970161,-1.06034958756334,0.0908476138317942,0.0267309765749914,0.422085448732155,0.366377305329715,0.496557052664283,-0.870686121497969,-0.213346155269165,0.163734129270706,0.325415666233377,0.444639726684541,-1.45201345915065,-0.865342305672443,0.263295710153132,-0.0294315667782156,-0.443786748763768,0.402523062297483,-0.0255388012836111
90.555,-0.488699203641428,0.188636333428551,0.867475185105724,0.125356263419612,-0.00705137848854065,-0.00841177817912013,-1.05196463880955,0.10468104437276,0.034919985336294,0.387974695896495,0.334729312664204,0.45749162124807,-0.919392958457923,-0.203480628513502,0.205215349370175,0.373910858602485,0.47866769074416,-1.5255799361206,-0.868150624779383,0.246980025399042,-0.0314010506462861,-0.482566260056562,0.359754749897351,0.0165012203825444
90.56,-0.455771643597991,0.218100633101054,0.854847483296313,0.145951138872024,-0.00960084626922926,-0.00657345173371647,-1.04477861637578,0.0860340470928013,0.101720700877286,0.327280690450174,0.298994686630373,0.407498803384955,-0.974114046762232,-0.204853883561956,0.258343001792911,0.384556350829316,0.464528281548545,-1.58125641119726,-0.870658768685539,0.2203644493436,-0.0329207665267259,-0.52597602904843,0.355328434011081,0.0679240038163486
90.565,-0.449553925137809,0.222506510780893,0.855854881178636,0.127122995616786,-0.0213965561705197,-0.0294922019883649,-1.03320531176264,0.0724596607477919,0.116369526820534,0.236354109441509,0.275377983062874,0.378472171893326,-1.01478328043921,-0.211919582195717,0.3121248904975,0.368961575894612,0.411735452152318,-1.57372959211431,-0.872454358443239,0.191173105263862,-0.0249013074526636,-0.540148915750868,0.372267815116259,0.106858546168517
90.57,-0.464490980420261,0.21071830752885,0.855503350946006,0.0865943259396013,-0.0325776553109829,-0.0425344210693098,-0.981827858286244,0.045689309031391,0.119529227251246,0.179608758842857,0.294802102887719,0.375625712210009,-1.01357978513031,-0.220908963525805,0.330193474774898,0.3465611780358,0.369521150865666,-1.53439725246442,-0.894545328999262,0.164407030361822,-0.0208912590236842,-0.562066872560271,0.390141129493713,0.15165823205633
90.575,-0.476542445271021,0.213466276840978,0.846602687854556,0.047286027892159,-0.0442611709162775,-0.0551503748826545,-0.95308807944659,0.0503121026929502,0.128627210432065,0.155662144623948,0.313273525888635,0.381418045042957,-0.993016042796169,-0.226797067304843,0.347570630662901,0.30355599074803,0.292479931670324,-1.44364924962092,-0.921686407620598,0.129941173933781,-0.0143812428201097,-0.576953190266695,0.388920938641333,0.210501835011055
90.58,-0.461305293403607,0.258390272395255,0.841338866001841,-0.00455324148486468,-0.0498106777667999,-0.0631639605741293,-0.951286144939076,0.0889705466930549,0.150646695631257,0.0959002975186234,0.345912741610529,0.407814637211542,-0.96774226575375,-0.215882953635283,0.334642299833065,0.272687897838309,0.220334489744447,-1.32759594268367,-0.948370905449011,0.100088037117488,-0.0174869498680827,-0.577635213344152,0.373300910048808,0.261924769422945
90.585,-0.433146787469088,0.25885698505913,0.841740337187957,-0.0532391389009028,-0.0498106777667999,-0.0808503724274301,-0.953572317967993,0.161305547078861,0.154853472782899,-0.0348571951489815,0.365570321933549,0.424878861851893,-0.947067104002313,-0.198904974896493,0.311487005674903,0.318611582021504,0.173697179737468,-1.22189857184724,-0.972611402400665,0.0694801674692713,-0.0265181304086408,-0.549963023426249,0.324558675214322,0.280255449956581
90.59,-0.426279459876404,0.250285727203128,0.847154556343911,-0.0937243711407771,-0.0418740340098379,-0.0939714056755171,-0.95784053749422,0.185790699144683,0.164834744542942,-0.201960225357605,0.378395228361797,0.411020981639437,-0.940498401634702,-0.192662366819573,0.279486218380423,0.489649125313052,0.158987245104563,-1.14379972594624,-1.01154845465755,0.0577899964603023,-0.0387592018563279,-0.538749220080881,0.272059917849591,0.276526132024411
90.595,-0.429001064531081,0.239025676881077,0.84627883625222,-0.114571384658653,-0.0364742861490051,-0.108175569205107,-0.966386543529083,0.156018369891756,0.1519852265715,-0.378350641894556,0.374219501138703,0.382806240541372,-0.941563078514668,-0.199613529553167,0.264612615843335,0.706262137189529,0.192590204710842,-1.10801460314429,-1.04006491282368,0.053150460283528,-0.0526717817727377,-0.532311885031394,0.219395352386517,0.272863568301672
90.6,-0.439537185041961,0.231224145006008,0.849734964749631,-0.121367069522284,-0.025713290589451,-0.115328657028899,-0.975674154351631,0.124170337781939,0.13551964248307,-0.497519974243447,0.374560502750404,0.350635997003748,-0.954151092450306,-0.216207467713964,0.26297774045519,0.882115953416078,0.240031043155911,-1.11680623308268,-1.06921311455409,0.0498783945435807,-0.0804709243929533,-0.53583844609727,0.163885891929108,0.264059985474408
90.605,-0.43973714415203,0.237211185378611,0.85138654849527,-0.120324611663818,-0.0229334086179733,-0.115676142275333,-0.977056280335953,0.0922918254036748,0.135468540523513,-0.533044664408596,0.377752513041174,0.327725532866406,-0.983447320560737,-0.246974460272158,0.273254423865193,1.06002668316024,0.315395574360729,-1.13146163313811,-1.08882548017996,0.0439416188272369,-0.0952306868525493,-0.532414399957104,0.110791039640013,0.246713068239565
90.61,-0.457159025149593,0.232055934828814,0.839760237731079,-0.129166634368501,-0.0144426238285096,-0.125220613150124,-0.977347550337326,0.0606668108178247,0.11037922054348,-0.487384807555254,0.377810738427936,0.316638538630505,-0.995295668506898,-0.255003392497958,0.269479186842394,1.13815055839998,0.361046445544592,-1.12182084050537,-1.10542107295163,0.0313504256901877,-0.109082077751819,-0.526596377598311,0.0805277048596697,0.220182447603263
90.615,-0.459051947328874,0.216155264178971,0.849388343315933,-0.129507712525502,-0.0118973938082931,-0.118201067059184,-0.981869692378456,0.0467098821272144,0.0857126645277903,-0.411096752111615,0.394966674025303,0.319083719801676,-1.00531669875102,-0.249871654156915,0.245767893961685,1.24304690829195,0.402052528500165,-1.06975480728025,-1.10510676083239,0.0291954479320575,-0.11818150041323,-0.532631593705332,0.0638161883944692,0.203545478223646
90.62,-0.456908576732701,0.197984690403377,0.852792784995848,-0.119187950417815,-0.0113983068019167,-0.111272263408118,-1.00043449145891,0.0429132106182396,0.0801189364027771,-0.317974556933731,0.404571025064825,0.317923199444609,-1.00634964266124,-0.221752826660999,0.200172623213194,1.31986174669599,0.410842584069207,-0.971462111844774,-1.10272124309083,0.0283762741213533,-0.124906466045466,-0.534462864103193,0.0615052953362465,0.194272836358028
90.625,-0.449212415448195,0.205946210720463,0.855027636088982,-0.114272627445301,-0.00139473295725919,-0.0979155134058559,-1.01176331862198,0.04674342490654,0.0912397393576429,-0.239319081171482,0.404870211230054,0.301978311557613,-1.00644652401276,-0.189662218972238,0.139699232275729,1.31265711501883,0.377208618159293,-0.882464928076534,-1.08863205407601,0.0296325172340414,-0.128716490975594,-0.542085838096969,0.0663610158312588,0.187959493900511
90.63,-0.458108852497008,0.204825345157962,0.862370410611252,-0.114634442645058,0.000546585605649276,-0.098036821798303,-1.0092792436923,0.0528802262046798,0.105426381894537,-0.207519538313876,0.413780792651555,0.290211133272181,-1.00589979152861,-0.147089427814719,0.0892207383119698,1.26688363239816,0.331482679274634,-0.817841910815094,-1.07541028193672,0.0265746098341659,-0.12274000740846,-0.5497431230712,0.0643677558992686,0.178392110462783
90.635,-0.458442146570287,0.205864211533794,0.860549157446132,-0.110234903323793,-0.00465093612023599,-0.0971542661884662,-0.994867598813123,0.0668083158189094,0.120574582618707,-0.199093084371629,0.426331774133667,0.282845222984984,-1.00007748801752,-0.1037959924115,0.0331714922203342,1.17944910700376,0.307753122605315,-0.776350439955856,-1.05763482754781,0.0368885492511874,-0.11660645178334,-0.573673014964445,0.0640327782775963,0.169708131048332
90.64,-0.462408176920186,0.204592768471205,0.859753786518614,-0.112231166425114,-0.0139845492215465,-0.0985724180936813,-0.973837639363357,0.0820547320910925,0.111842799972538,-0.208730420803641,0.435320317745209,0.270872022659825,-0.991361845377328,-0.0705955149434669,-0.00359445095666731,1.05497011120339,0.306649976464196,-0.769957695373232,-1.04199535573384,0.0487172413278996,-0.113789681254961,-0.603423180416434,0.0590619072318077,0.15634775406618
90.645,-0.466285443080377,0.188857249108502,0.85686358272146,-0.121297348962107,-0.0155617500175178,-0.0867704107148125,-0.974799657111347,0.0848251117070448,0.111041202657295,-0.230513586308709,0.473453690219391,0.273129472124945,-0.983318351345926,-0.0329369606283395,-0.0348259035542329,0.810992768029191,0.294825517545443,-0.793240648323774,-1.0202320359077,0.0642858140008067,-0.111856297831272,-0.630260147771859,0.0751101726686211,0.146399137592162
90.65,-0.45609516531773,0.189255448190121,0.859345000224762,-0.120117200426854,-0.0196603705060032,-0.0846961701058441,-0.986884504487024,0.0707595371039487,0.114633687645545,-0.22500242255271,0.468954760514536,0.243192877544601,-0.980613581772322,-0.00175758570276204,-0.0373714743214285,0.590641664802286,0.303695787173596,-0.849910610615552,-1.0053666259853,0.0750397302343715,-0.103974992029368,-0.657281803477291,0.105990155262919,0.147083525888169
90.655,-0.447875239078851,0.187254146699599,0.857778477057261,-0.118554400672465,-0.0177973284827483,-0.0760333966586289,-0.984133021279114,0.0733994904223275,0.119920525007617,-0.238144262398772,0.482400487351727,0.22965800562462,-0.99924101319,0.0172068878261542,-0.0410611718378319,0.449415419063274,0.348006511951681,-0.89496587313258,-0.996536526077133,0.0940247854520038,-0.091085427635842,-0.686137562210397,0.158311646519134,0.148793571909857
90.66,-0.43542925185008,0.203636474399112,0.853107100767503,-0.11788122355938,-0.0188240047072703,-0.0778592473603286,-0.977669866301805,0.0817749118651915,0.13667249739567,-0.242827504182082,0.49270275614062,0.219354280376104,-1.03163323331867,0.00883025931160216,-0.036531646439609,0.29570227045213,0.370143528875613,-0.921362283875593,-0.98576278819888,0.112998030679735,-0.0670142954266903,-0.72398380795321,0.217447265161572,0.151613785581883
90.665,-0.420996483647064,0.22770704620021,0.853898669905243,-0.115636526746794,-0.0247807228468516,-0.0835146994327611,-0.970923810324008,0.090927803819871,0.158508683881655,-0.267287998221374,0.50451036720102,0.217081665992737,-1.0616762734141,-0.0174611441016816,-0.0309048213340409,0.150145721658646,0.363591874024675,-0.935915674650923,-0.989500191211712,0.119948003292086,-0.0429832289740169,-0.758798669748625,0.262062683240847,0.161944289454078
90.67,-0.404694323408458,0.239177711686587,0.853215301828761,-0.134088994861378,-0.0144979364405281,-0.0963383775231369,-0.953492393507886,0.0967092964279565,0.170411866209362,-0.240353116315901,0.51350873708725,0.218157421292897,-1.0832365452198,-0.0603206742809878,-0.0261704651582628,0.00674424448546228,0.317022912578847,-0.952101042357039,-1.00158976736981,0.127558926720795,-0.018109929335432,-0.798302821037367,0.274217681806373,0.167706564506587
90.675,-0.406513222345055,0.248168661864608,0.864089437684084,-0.141614611196472,-0.00688881333530534,-0.115642630733093,-0.959023081185366,0.13082355202536,0.171982986758918,-0.225659154785561,0.510783609586333,0.226441838094538,-1.09718732614548,-0.129389721929681,-0.0215943247643615,-0.135240858534347,0.234210188440648,-0.937576657996388,-1.00523065625465,0.124524136602715,0.00558511031161311,-0.838347426549807,0.256162711506255,0.18055532787665
90.68,-0.422661793083177,0.234823225851982,0.860042386244678,-0.144280758700359,-0.000765441948529989,-0.129380965633368,-0.972359353939492,0.132171533321527,0.136975520458964,-0.260118905414398,0.506699502931699,0.228616389998316,-1.10357306336227,-0.180160128610725,-0.0208790051527951,-0.203244527182411,0.161013181604674,-0.903973347860187,-1.01531876359722,0.119757546415428,0.0168785658929452,-0.841455340385437,0.197469610772519,0.181482866454421
90.685,-0.427670923497436,0.22186435148117,0.863591295536461,-0.149488027108737,0.00910075965347761,-0.134533771889828,-0.98950818964956,0.110559388034,0.0955363564871812,-0.255083304774541,0.506178557872772,0.228645351481954,-1.10315979113758,-0.215423267277204,-0.0160206202950494,-0.237119147712466,0.0788857577103086,-0.845037162859955,-1.01462649380858,0.111640817622252,0.0202949487649564,-0.833833089091745,0.142226753190364,0.179905338095823
90.69,-0.424160483896669,0.196869225124572,0.868609074643089,-0.153859668585186,0.0151853159678895,-0.13699424302263,-1.00515560626937,0.081338937101316,0.0699959977156086,-0.241542188891104,0.502781230024274,0.219971307217542,-1.08727604656656,-0.240982027149132,0.00416541389277924,-0.248459015326815,-0.0219720516171498,-0.753307294545049,-1.00900381179069,0.0984396736953576,0.025191498894342,-0.812245125693103,0.090656209088149,0.176853122590486
90.695,-0.42518391594409,0.184212601531855,0.871900053558957,-0.153941370862768,0.0154491976312113,-0.128806247562501,-1.01307305799397,0.0607662694422403,0.0574720922751844,-0.24435127984632,0.491544379652733,0.206112540206683,-1.03695758442402,-0.26946448753151,0.0428901009875215,-0.227197492111888,-0.122249778295202,-0.616825596453539,-0.999926392537506,0.0808390773584292,0.0268163272332531,-0.777303726426539,0.0622349395269089,0.171128027048613
90.7,-0.442728095838261,0.184627250133682,0.862376499267367,-0.147567087127262,0.0237093478672617,-0.114874223112985,-1.008444675256,0.0547641636931235,0.0403471317868658,-0.231402944060851,0.476971940449333,0.196788206708827,-0.974447039845885,-0.302238421741276,0.0789352401390322,-0.205609209217871,-0.187562547081634,-0.510499913928814,-0.99292998881959,0.0719211334763961,0.0245311321708684,-0.732053412911001,0.0657519823617301,0.167662070953267
90.705,-0.472742370636356,0.200585794173116,0.844421044769296,-0.135460315139679,0.0296240913024093,-0.113282017167132,-0.995882399880779,0.0567717572638215,0.030574282991462,-0.165999851127327,0.456499478666125,0.186022995396612,-0.911823847161989,-0.337232532002063,0.109444554053621,-0.198038605798812,-0.217022709540237,-0.46874201839946,-0.996602231146423,0.068259467858807,0.0136243670557228,-0.676956759133814,0.0829451745383686,0.156951599802911
90.71,-0.486487765934342,0.195073040531695,0.842929730698223,-0.135191351991595,0.0289266896779237,-0.111255726266004,-0.990115728026889,0.0613395113071647,0.025771646647122,-0.0930329834967509,0.445846329331064,0.187858154216674,-0.849101336386945,-0.37293771864374,0.138001432562649,-0.184253989414509,-0.224124658543899,-0.472016058329081,-1.00025887573108,0.0572843249982416,0.00388005897345397,-0.597710242459772,0.138274834435259,0.137452299095825
90.715,-0.471558764269764,0.173794293155077,0.842974670077708,-0.130700180000211,0.0197323239174052,-0.10044290917227,-0.986522509263129,0.0689496782149546,0.0198920244784653,-0.0565594600567144,0.44144784674522,0.196312859654427,-0.810494627205033,-0.393568249346561,0.161820408790541,-0.151273389613715,-0.200679256108176,-0.512664502283887,-1.00227954886066,0.0481346811652177,0.00445131043132658,-0.521009189429445,0.21294674621796,0.118710800257228
90.72,-0.467373650519957,0.184880757105051,0.838913102507496,-0.116467954069078,0.0107603762880397,-0.0911145301556331,-0.980339849908783,0.0892141986408279,0.0198543402530134,-0.0234077496689166,0.436058493879061,0.186934213376678,-0.809580574429532,-0.391116854806655,0.174270829908052,-0.118337280915986,-0.17302449917551,-0.540654817169403,-1.00784300025592,0.0448258532974214,0.00973298039808709,-0.462284072782966,0.242284671986261,0.0924211436910959
90.725,-0.458193214026646,0.192784655036882,0.844307975963384,-0.107529561998318,0.00245494650868432,-0.0869772297746176,-0.974982954250633,0.12191823344227,0.0301845465436107,-0.0385035144627303,0.433463921367545,0.171735907291158,-0.829093289447006,-0.368847530664263,0.180311778557137,-0.0879725901346923,-0.139195736111164,-0.55395878908716,-1.03006760902402,0.0424786666423109,0.0354396200224396,-0.409052945281301,0.225646220081083,0.0752464909870574
90.73,-0.446247626324808,0.204121071842411,0.848593496829791,-0.0974397959828593,0.00393411650062046,-0.0872693013966032,-0.976802546683723,0.130668807226178,0.0416164401671054,-0.103738279124528,0.428101070528108,0.153886333067633,-0.860058520937908,-0.342720439431126,0.178134920602998,-0.0449130651563551,-0.105756597012425,-0.548368171114737,-0.874674330547112,0.147260880590563,0.0566907757222208,-0.352426703143435,0.108192905660891,0.108831526468977
90.735,-0.453328663742772,0.196908708944452,0.845009475248529,-0.092979355015292,0.0127691029402575,-0.0858874900717876,-0.976678844456753,0.114140460554709,0.0366431250313342,-0.14438213194316,0.412681375952644,0.136681831671573,-0.869024947693562,-0.317769867142028,0.156597749932683,-0.0680539123258585,-0.110973884289604,-0.551187920794297,-1.06591586610891,0.012816420929669,0.0187617348111957,-0.394445525601217,0.119280950207132,0.171100519485456
90.74,-0.462619026674398,0.183980651958084,0.849024780246795,-0.0906075735724399,0.0218240569272846,-0.0810886074693078,-0.984927857526715,0.0968068673087031,0.0197229106087295,-0.158191828377595,0.400413918620085,0.127308414928564,-0.907598067168776,-0.264930781797052,0.180196554818994,0.0977064131653464,0.0665042778161267,-0.579889928152034,-1.07695224719705,-0.0103207190035285,0.0442509477909405,-0.381026479240612,-0.0038337574412111,0.106466125235061
90.745,-0.462355008349905,0.175054587228201,0.855396207761533,-0.0848602934293452,0.0304549678284672,-0.0716423615871638,-0.99212385858647,0.0802608517828458,0.00638232780028644,-0.148180428225496,0.399990348135057,0.115284391393517,-0.910944948874944,-0.222606603970799,0.154087436959498,0.254198849897849,0.190783509796547,-0.669613942660361,-1.07760020558939,0.0191919309316683,0.0388442426653384,-0.425174296086551,-0.247349893739843,0.0257069427263888
90.75,-0.464382290316232,0.176011078118563,0.856817251218051,-0.0792981267349049,0.0348415210656263,-0.0601451424295456,-1.00265514781941,0.0698357635650621,0.00752614665392894,-0.11477772976585,0.397894100372668,0.104356720178757,-0.929955138916262,-0.20357100954882,0.124141411299745,0.24898849979139,0.189008844108961,-0.699637479581709,-1.02779853673565,0.0307891698451666,0.00107154060763329,-0.446130952002803,-0.302546101517966,-0.0230933027675288
90.755,-0.458388666320237,0.177706727014075,0.858231657960599,-0.069023905107745,0.0388138975366291,-0.0573660885624258,-0.996046962920769,0.0782460063180493,0.0157211018239215,-0.077335993337017,0.38969847344118,0.0985728419674844,-0.963535919014676,-0.19660091402971,0.101087269892199,0.176900221431504,0.136582676515112,-0.637345049959173,-0.952147054621689,0.0263243769895828,-0.00543131886102476,-0.399996681740005,-0.161201200429991,-0.0780730308970882
90.76,-0.454247851617036,0.183862343870713,0.856087581690586,-0.0572331316573969,0.044041477310031,-0.0582564957439899,-0.985525443349558,0.0848137339477431,0.0278483364365455,-0.0535317092046831,0.380230791947412,0.0946891565568267,-0.994128699875893,-0.190599538272832,0.0879295590755172,0.161551956130712,0.115130601429121,-0.492155684619681,-0.931804787440841,0.0347272702129443,0.00443262000813241,-0.355338302557469,0.02522315241954,-0.109574351393154
90.765,-0.444215164106063,0.195007738603541,0.850270586348784,-0.0514743383815222,0.0541177932648859,-0.0563373138943193,-0.980308262461168,0.0835021556489682,0.0385451224978367,-0.0283638364077422,0.377900660037994,0.0946670820388929,-1.00229279828185,-0.192425119472268,0.0817838240762957,0.214743362305482,0.129226100879172,-0.310463609089484,-0.953875740700301,0.0417094162922188,0.0160956556598664,-0.323960466701169,0.135558245805486,-0.120072794106662
90.77,-0.443183606768778,0.186509948425873,0.856863318141984,-0.0458801572379064,0.0612846078152024,-0.0606209742187447,-0.979543901939092,0.0885919635968709,0.0447186683447742,-0.00318895311350094,0.374896642978166,0.0929095332644725,-0.985959059037158,-0.197028758776159,0.0746277245848717,0.227014572982301,0.138443787587613,-0.192240392647699,-0.969900529517497,0.045714969939529,0.0143470467515751,-0.279860433735084,0.126661104080277,-0.123318732903145
90.775,-0.454104078370897,0.190011928661145,0.847671631413155,-0.0387361884379791,0.0606374236532187,-0.0648432638259295,-0.974807005637959,0.098618636093781,0.0341922188889219,0.0381252033047575,0.372240606283562,0.0904738536304663,-0.961889598187134,-0.215929108383673,0.071960854750054,0.140536002259347,0.125143914276915,-0.192730467838839,-0.977244338139769,0.058428983198901,0.00202192499317481,-0.219387041592483,0.0802870316736019,-0.137404183299412
90.78,-0.459917057776434,0.192937881032735,0.8423898157316,-0.029862855870555,0.0573718703545415,-0.0665099798493978,-0.972814404136494,0.10409944829604,0.0250773398186122,0.0703370503935777,0.367965586743427,0.0833288731277202,-0.939809860475328,-0.256639801603612,0.0746378667935037,-0.00246085237203035,0.120561140660442,-0.24485892201844,-0.964115883233936,0.0591927078219475,-0.00424376341449718,-0.174943236532386,0.0541154708201861,-0.155996657625712
90.785,-0.453972920617457,0.196423232902984,0.846274397872937,-0.0226882008574056,0.0560775494174637,-0.0699000976246008,-0.967941786390015,0.111583847841867,0.0327145676886506,0.0982854859811849,0.376583449042829,0.0779230129156934,-0.935697131133118,-0.319477133781145,0.101198480225136,-0.147188175964573,0.119783265410066,-0.243378163622753,-0.949883922596674,0.0475978562815668,0.00479931153402466,-0.183441781866202,0.061507200656071,-0.181715082399119
90.79,-0.441566740761439,0.196091989534957,0.861082582750414,-0.0141592747757701,0.0576369587880125,-0.0723670266213297,-0.980975843909268,0.106355406465935,0.0409871185225305,0.080120459209335,0.376171267654215,0.0760103367749815,-0.95005908116086,-0.368759463516218,0.121947230757119,-0.207735753885437,0.120701765923027,-0.210578486323357,-0.941289623411996,0.0308081214393028,0.0180131214156013,-0.213611190441649,0.0941011227328914,-0.20678574335913
90.795,-0.437967663506797,0.189071505161158,0.858854394915677,-0.00740872199748066,0.0674915628717853,-0.0827295367094902,-1.00046438040385,0.0969797138305169,0.0254970862390467,0.0439455780130667,0.361219131097698,0.0727106353952257,-0.97925191552275,-0.395255956349394,0.138852225536806,-0.240363991913617,0.102937135510763,-0.238918565428063,-0.942301646600974,0.0234010917592098,0.0443064185170842,-0.224189252897021,0.0977103008729286,-0.240827277230231
90.8,-0.453754844498052,0.19206882350433,0.857956873112127,-0.0103721059858799,0.0721815194509786,-0.078966224055236,-1.01916595509177,0.0907600818888171,0.00953633054896092,0.0443956312577639,0.353299461651105,0.066729586234236,-1.00280919339891,-0.410122401363729,0.159470981413803,-0.255155746175493,0.0769181172010127,-0.281476826043159,-0.948036451224178,0.0230016467296796,0.0692815528960935,-0.201299361706698,0.0806870946105354,-0.280581444398531
90.805,-0.458291094155021,0.185388850865727,0.855558431709023,-0.0103721059858799,0.0703768252924567,-0.0778036117553711,-1.02679429673892,0.0851225380680794,-0.0102041647181225,0.0584388621399352,0.352763622391572,0.0645474201291818,-1.01224546160726,-0.415051993692974,0.177526806219673,-0.208673840429312,0.0534697839187261,-0.312711168993886,-0.963119862502519,0.038501984134813,0.0804046892832543,-0.154554387641733,0.0762089887215933,-0.310043432907611
90.81,-0.463646918166268,0.186568180048091,0.853170183914912,-0.0109982311248565,0.0735499061666436,-0.0734207319640704,-1.01459170222922,0.0861741388816774,-0.0232287233859141,0.0768655055782457,0.346967980870112,0.0600207402572975,-0.996979409087501,-0.411991476302671,0.173208736825228,-0.160170542659662,0.0217333057767299,-0.332672728288856,-0.974035517096958,0.0554704481257035,0.0858162085859367,-0.0938560484055775,0.0797898292091147,-0.306772061106195
90.815,-0.463513566002863,0.184633120527635,0.851754426345005,-0.0106890134973612,0.0687396185450899,-0.0683469593985167,-1.00641783213617,0.0823288671958459,-0.0390717334080531,0.066236080728754,0.327460339867556,0.0601021903746336,-0.965007382228339,-0.402759105960683,0.147328543900883,-0.0768676653569279,-0.0326461240222777,-0.342696931444459,-0.97707271413706,0.0660630216757845,0.0856024038679874,-0.0212569645576398,0.0856938589542662,-0.284151091489895
90.82,-0.462818932319748,0.180703700748826,0.853559269531052,-0.0191567903172851,0.0576984286308289,-0.0633172705351957,-0.996921188095623,0.0657161836066433,-0.0422056258750925,0.0452479253256739,0.308723437658256,0.0587207271966734,-0.932884540291579,-0.378522591182622,0.111531134445627,-0.000191874086338514,-0.0953324678362563,-0.329249285745908,-0.962503067501448,0.0714909552654647,0.0697241922858292,0.0622130386859576,0.070047871469498,-0.243561082452456
90.825,-0.461781805255399,0.172878339836322,0.84678089187106,-0.0226795844208232,0.0557300918592465,-0.0507452657807098,-0.976872769975718,0.0485384218884495,-0.0446001630791358,0.0586255022047031,0.29520926589139,0.0514582819882707,-0.907218045458491,-0.345877968206897,0.0810575830555501,0.0445244822738897,-0.146929361896874,-0.324041443510614,-0.961091536994185,0.0699414439136475,0.058869921181083,0.109518923263155,0.0470654842005575,-0.211069739957251
90.83,-0.464628517356175,0.171798925138591,0.852132737455331,-0.0239971778335534,0.0486755456061932,-0.0402107205236121,-0.9779486984754,0.0537510946638336,-0.0478758721513681,0.0705696386742336,0.280633476147859,0.0491271793157139,-0.888277443348453,-0.309573976039943,0.045965564049346,0.0760758324895382,-0.190763322150382,-0.330357376541146,-0.957441745117529,0.0629922671808119,0.0372469521403702,0.15781414967678,0.0138817448249693,-0.170618611274759
90.835,-0.456332580690128,0.189145188546651,0.84802705341902,-0.021367359906435,0.0476011015994055,-0.0326743138739653,-0.993124915443832,0.0793312004703979,-0.0360561036603983,0.0778795463484568,0.276498540129627,0.0448220012754585,-0.879101606179653,-0.28706196240001,0.0211264787483924,0.0795824304223061,-0.200559246096062,-0.327740763729905,-0.957865294206759,0.0614368433400876,0.0169415243129471,0.207032766772321,-0.0250715269668122,-0.139740588737
90.84,-0.460809180599793,0.182530519414274,0.857361704542175,-0.0225407744795024,0.0466549027307749,-0.0300931487445612,-1.0175158413753,0.0949554006680008,-0.028892740029927,0.0586656697102176,0.24467998857764,0.0376045748622365,-0.878885155809237,-0.276178080798019,0.00170117667129286,0.0742044231908432,-0.191368472342203,-0.32685779833719,-0.960148627432107,0.0588073251999685,-0.00204790983345517,0.236177180413392,-0.0487944863932279,-0.117078467285997
90.845,-0.461627859926393,0.168784164392264,0.860935463370786,-0.0174974652782795,0.0433947257038028,-0.0238442386344787,-1.0167766142611,0.0919687684496841,-0.0411359209210372,0.0594921581633033,0.235315646580138,0.0401761145515093,-0.882660192555766,-0.273934443687352,-0.0212525677277443,0.0546526452911611,-0.154309999631147,-0.3358534404895,-0.950078456691303,0.0654580390324921,0.00162269744401718,0.272346753217565,-0.0590427405541721,-0.106085887740455
90.85,-0.466509761912326,0.170350697923059,0.85726036744039,-0.0121030868313142,0.0397468829598411,-0.0158710560933287,-1.00426679467767,0.0845426438768605,-0.0567879615085456,0.0599476422849488,0.215150475209,0.0278443474951164,-0.882119084716941,-0.270900452385555,-0.0297072538427088,0.0110171355286864,-0.124332426453538,-0.353159652905746,-0.938984043535363,0.069277183231558,0.00957612182476627,0.314834813965359,-0.0637925905904178,-0.100749241450031
90.855,-0.474543790503751,0.163826175605995,0.859988887061868,-0.00496823719464871,0.0366085730388378,-0.0055275871404015,-0.996245630465049,0.0881156293527946,-0.0592608683427767,0.0583188970227441,0.19793940734603,0.00964117660241029,-0.876998606663396,-0.272963431538337,-0.0260681134599524,-0.0449226087922977,-0.0993634666377969,-0.369241793358168,-0.938147880984368,0.0677333261400992,0.0169547601723151,0.345870749773645,-0.0596828308820262,-0.102834865450859
90.86,-0.468867120970106,0.169309828498214,0.860011545905127,0.00989488889138468,0.0307311665089932,0.00676327087382828,-1.00267459373967,0.104187978455525,-0.047155691769396,0.0630613466767928,0.183534751937979,-0.000612924890349222,-0.875984176909358,-0.281700234844561,-0.0203066968210261,-0.063227346947836,-0.0691609456395616,-0.385023817607191,-0.941579331901475,0.0815223784877098,0.0195507160358281,0.366941339080363,-0.0625443832600273,-0.103257234167434
90.865,-0.463524058740316,0.167668900435814,0.866299419661817,0.0199618139818975,0.0292617070170899,0.0101583981886506,-1.00772630007475,0.0976038332643734,-0.0388126976333423,0.0899579555181529,0.176436615502302,-0.00705364750383382,-0.893211542534019,-0.293514799527886,-0.017300356767024,-0.0579723343905817,-0.0450267004068639,-0.377918918308954,-0.954261539759248,0.0859990637949795,0.0213109852974582,0.366049508662205,-0.0657172081343305,-0.10571084128921
90.87,-0.467973147834156,0.169107167991398,0.862752519650313,0.0289961023339926,0.0277395183481942,0.0114348903193235,-1.01127436406335,0.0865878886949241,-0.0397046968159313,0.128992034762289,0.159690756512563,-0.0187969976112614,-0.909959623773997,-0.299095818164515,-0.015002969011685,-0.0221864808670814,-0.029091114388394,-0.35811903976984,-0.966421523919523,0.0930793389249462,0.014392933576604,0.364688095242998,-0.0897559438044584,-0.110992372526591
90.875,-0.469655781527625,0.170455255991515,0.85597945053896,0.0377093085480664,0.0261964976165432,0.0116422144345108,-1.00599733191352,0.0848784390234656,-0.0423226026534216,0.203066587637662,0.141373513760808,-0.0257937003364613,-0.929288091170616,-0.314080183702136,-0.00395689505634611,0.0112133033272957,-0.0234851727186972,-0.352095240244052,-0.981030229518086,0.0992722251576662,0.00853895955748073,0.367837820447657,-0.117875662090102,-0.124571546069779
90.88,-0.468041597575992,0.163338201470441,0.853382505951417,0.0456716633907368,0.0187583798672823,0.0137720902848012,-0.998945623758101,0.0827393413091061,-0.0358907879601543,0.282536460069394,0.137226849794388,-0.0417191150837636,-0.943948852801047,-0.34030331189171,0.0179188969905274,0.0281027176847844,-0.0253429132416867,-0.351051370457419,-0.984941906479203,0.10637431387725,-0.00745818817742497,0.382972026087859,-0.15648695796315,-0.132203761772649
90.885,-0.461165028636652,0.182809393649389,0.858536807130368,0.0526002567128278,0.0133844560078811,0.0128245661746258,-0.981471673842189,0.095445825599116,-0.0180083705204432,0.318246415738578,0.148222103714943,-0.0450479861950273,-0.954156141133859,-0.364483929204893,0.0428822239958389,-0.013731037811219,-0.0339758850331706,-0.352164670331547,-0.974858634766032,0.103670894326223,-0.0227536144101136,0.402750135872181,-0.182833611965179,-0.132667766429027
90.89,-0.449614611207034,0.188863064753568,0.857929641448269,0.0567855708057252,0.00767999812421365,0.00534266067974674,-0.979211221347285,0.103435672125502,-0.00172924697908935,0.334744948879235,0.143326707265986,-0.0486401123619775,-0.981579295659358,-0.379389748423069,0.068563690190028,-0.0685018223385403,-0.0456879627763364,-0.374733008743713,-0.96112446476723,0.109146108814597,-0.0309067383811776,0.419742057497156,-0.182171690306779,-0.124518893826863
90.895,-0.44791812655713,0.195495355608553,0.847408974189868,0.0632573910631238,-0.00825833328324785,-0.00560452523050251,-0.989043626107786,0.0860819509764828,0.0115141321357613,0.330120136216263,0.141475930586386,-0.048451163887988,-1.01338633038214,-0.380158822203816,0.096259401478824,-0.11075821574048,-0.0468196099692264,-0.392529725455515,-0.933851201288701,0.105452357676627,-0.0335823225783563,0.442075621229414,-0.146951378600744,-0.110657080708253
90.9,-0.444125085861028,0.200441352102038,0.847073465729604,0.0656767995134311,-0.00353821274201085,-0.0136614937333015,-0.999742076749509,0.0610741577533544,0.00906742250556742,0.328147642418632,0.140040257235351,-0.0418323942681136,-1.03712887654569,-0.371852234531353,0.113956665117496,-0.126629206490865,-0.0435242484793863,-0.386367334808829,-0.909457914592714,0.110663607189762,-0.0227567685446724,0.464371705412419,-0.102934889952967,-0.0945451303026677
90.905,-0.450745624286382,0.193608753124581,0.85430251202811,0.0702597349882126,-0.00520636566839298,-0.0237623203044879,-0.998962220046268,0.054275494561174,0.0103652854888799,0.362678876283375,0.129965941768434,-0.0368230382893507,-1.05120950986068,-0.357808811348362,0.134434216167906,-0.146816539537362,-0.0459131100422797,-0.351217746224169,-0.884572644821061,0.113442750487096,-0.0110043753861586,0.492269781993239,-0.0247432777109098,-0.0776665478148502
90.91,-0.450688572200795,0.196192853718178,0.851328599591689,0.0709267285816121,-0.00472028420355807,-0.0291604281635013,-1.00148637200515,0.0462632154849717,0.00640919571375786,0.422619125670017,0.126790042091125,-0.0212953248367266,-1.05445910048561,-0.337530598712586,0.146914610358358,-0.189648479534275,-0.0595442552170808,-0.311337760842724,-0.85943589365903,0.122078747923807,0.011718961683378,0.519280239464656,0.0435692064507866,-0.0416328393917414
90.915,-0.453500386243086,0.188658001163861,0.856662646286464,0.067644686017614,-0.0115847920433874,-0.0352159509915298,-0.999834132190974,0.0452082631054888,-0.00173700697918459,0.479197756763375,0.13007946557873,-0.0029259343630251,-1.04796834484477,-0.311707690213732,0.152073171526979,-0.229548175516915,-0.0681638375134379,-0.263420560792593,-0.84410044081356,0.125392044958229,0.0359112228974895,0.524819521062718,0.0961061134411997,-0.00728043530917591
90.92,-0.456256687552927,0.187832276977033,0.855454796537846,0.0655448243088469,-0.0171686758183054,-0.0228273533284664,-0.99625565210253,0.0648965831789636,-0.00295322065031189,0.503843952592248,0.12784007449913,0.00881344043004329,-1.02818297980334,-0.271457860493477,0.15201325116115,-0.276209657372683,-0.0843188371849301,-0.217026696791973,-0.842376971493445,0.123944022254117,0.0591102003839158,0.52873411292398,0.119732787761051,0.0373255151467256
90.925,-0.465109296640479,0.180519764623134,0.855735121214677,0.0672046554448293,-0.0220175537672527,-0.0197689045272085,-0.995437689658936,0.0928228630860504,-0.0143217345193984,0.471308833269923,0.133311219046133,-0.000526277476492308,-1.00944127905309,-0.243090946099098,0.171245912595877,-0.306580892156264,-0.0876126885414124,-0.199458547714339,-0.860632794240632,0.119896335616512,0.0936603328078825,0.522875359426913,0.104672465364517,0.0780413475975414
90.93,-0.466415445906272,0.192154192797012,0.848911015771672,0.0653729513287544,-0.0204634721481665,-0.00628801837593675,-0.996666062436727,0.11692904965276,-0.0221747273890087,0.421527062543619,0.148544808834132,-0.0114720115883432,-0.985917984455385,-0.214046404946866,0.180816390231464,-0.327657705470638,-0.0784786372584262,-0.213770407671583,-0.869198629550693,0.11329320275267,0.11621957204213,0.530880325921408,0.0478486493698137,0.0956582170330351
90.935,-0.457866282639283,0.211804919981173,0.847731563192691,0.0616408039777384,-0.0255109271111278,-0.00205854699015617,-1.00539842251757,0.143580070770884,-0.0132628302257985,0.332833692863765,0.15478250952111,-0.034838162715605,-0.96661905337027,-0.190368081962167,0.193885624036413,-0.327546887557589,-0.0656727732148421,-0.244329140469764,-0.900271314446309,0.109307149075218,0.147611406829935,0.535365312048,-0.00610071200512729,0.124784083447529
90.94,-0.454916188385389,0.22755095792368,0.839531050586905,0.0544009436881922,-0.0241690407722781,0.000375545025850349,-1.00777036095856,0.174645013262988,0.00629069817881429,0.252556381113546,0.153120090727103,-0.0541793536706462,-0.951993505788651,-0.177228208118462,0.190999435590673,-0.305970078946872,-0.0580091044698932,-0.252399032981244,-0.936910655950475,0.106095569874768,0.175206795384379,0.531543575327069,-0.0313288903011292,0.155314104834371
90.945,-0.452736101239276,0.238848978944014,0.841693621426331,0.0461119407987542,-0.0260224440105022,-0.00349673843723627,-1.00055960117781,0.190692428744487,0.00605951560794061,0.163415633973938,0.155922301671307,-0.0661282511935945,-0.930173550326184,-0.173003381820255,0.209723658549902,-0.261279749606614,-0.0441403201000501,-0.269029703462643,-0.988403393472998,0.0917440416596227,0.195932899912215,0.521898643994053,-0.0841333258698921,0.169248136712796
90.95,-0.444217580417488,0.238447457208468,0.847027972745144,0.0367090666361251,-0.0205031372994518,-0.0117796061672006,-0.993846277429205,0.194494274832523,0.00120639147856193,0.0861187151529254,0.1518047953041,-0.0786919809528293,-0.900942490617597,-0.177397907658764,0.216612474048491,-0.217098438516014,-0.0464670359603838,-0.323600476181921,-1.06998347160732,0.0731806532604149,0.203714554522914,0.498783004530373,-0.168724842848329,0.181504674578793
90.955,-0.440705202462501,0.226583502311566,0.858283033617686,0.0257791703381581,-0.0145483051061845,-0.0242709141025827,-1.0012560091201,0.180670777037084,-0.0102204397822936,0.00884574030941684,0.147000402212143,-0.0974074208745912,-0.915998824216903,-0.186299093722596,0.262581600225186,-0.124559326053883,0.0181386809065297,-0.39845140779418,-1.10397910834525,0.0503474864778575,0.186899808779861,0.458533340544802,-0.273907030533588,0.178218873958501
90.96,-0.441971666196466,0.204066861915684,0.86464334116975,0.0275895025245807,-0.00904936739516963,-0.0306029204290681,-1.01414180749415,0.167785145160598,-0.0255672628952496,-0.0597640325535414,0.133398468495921,-0.107157288385346,-0.881781749086704,-0.226967187062595,0.251933485928348,0.161855948846176,0.146349520678079,-0.50438833166899,-1.12599414028467,0.0542789026053696,0.158028833785414,0.430484653087878,-0.349000491801113,0.174527561781669
90.965,-0.450066121516163,0.169407938817661,0.865220699175263,0.0324426849696017,0.0066489790466479,-0.0423744656145573,-1.02678317147005,0.122606189109907,-0.0386531931719625,-0.112528011917204,0.124385604322594,-0.121704078428452,-0.892562339761491,-0.27218687666734,0.222328290776604,0.127668153806172,0.0794138346326407,-0.544232530408026,-1.06021536251411,0.0591087671128065,0.132867271545803,0.425041744856707,-0.392151006863854,0.189557774674346
90.97,-0.461202001802708,0.179919574302218,0.859251332378422,0.0415844710748889,0.0192496160671951,-0.0454632619600989,-1.02641328427691,0.0828783926849651,-0.0583517499399307,-0.120389223514499,0.120977202250888,-0.126084765096409,-0.91754550859793,-0.321877689689259,0.201769197540777,0.0795824304223061,0.0179680896544056,-0.471760430508841,-1.05353735443792,0.0465549369681236,0.135099214824249,0.462120129408253,-0.385661172611668,0.188379857180659
90.975,-0.463756528103245,0.185122869741013,0.853701848940804,0.0427970505498093,0.0340154130403543,-0.0475793886553368,-1.02259345976719,0.0419538338629149,-0.082121239178166,-0.0509345878483108,0.0997573070194327,-0.137767377293856,-0.931950620976131,-0.340916960019007,0.185201195535496,0.173502396549813,0.0583962669196781,-0.362006287095656,-1.10562117711258,0.0331393524717952,0.132882117437651,0.498817965738203,-0.383343766935403,0.175254655457334
90.98,-0.46315524092221,0.180448232041541,0.859836326999032,0.0475572882913161,0.0505721663131851,-0.0411867552282833,-1.02436798967092,0.0186888021868515,-0.0779253763248379,0.0394832752462461,0.0891333517939553,-0.14205177771837,-0.924387122631226,-0.34382486253373,0.159210475804896,0.256393116514381,0.145544308462907,-0.30207515110628,-1.16124316642097,0.0200591996304526,0.130249321790093,0.529974285201007,-0.418252134975515,0.14131017353409
90.985,-0.454981489690194,0.173478708216312,0.860003675238392,0.0678576977981092,0.0604592597249328,-0.0434787973787149,-1.02925162868162,-0.000122767540836114,-0.0540471762069178,0.208791423993133,0.0776508742613525,-0.138578388952684,-0.911006499123645,-0.352103955199387,0.147898928251557,0.269812802744747,0.221704669746319,-0.334396887185223,-1.19018641973655,0.00929163205624107,0.131795555784854,0.581586028006246,-0.481459855905416,0.0965340940490349
90.99,-0.458175959501495,0.188682587297288,0.856889602181592,0.0803896802402698,0.0705856229959366,-0.0479314882157681,-1.03133213597111,0.0257191116706006,-0.040162805994586,0.378747549738635,0.0751776238356939,-0.127693373155308,-0.894268513208865,-0.376438834130193,0.131043600115707,0.219958158066149,0.300599803593956,-0.422440004558949,-1.19754702684715,-0.00554196241392506,0.140145862669207,0.626949851700942,-0.575577469604802,0.0388768218949423
90.995,-0.460469719147328,0.20278785120469,0.845322527924025,0.0954619772022565,0.0750582712095583,-0.0475026357372203,-1.01675128051141,0.0681828939615887,-0.0274099791905322,0.511103978850864,0.0744558579780429,-0.115098706705506,-0.903123763136564,-0.398473686605725,0.123013551972319,0.133455724376776,0.323678955575678,-0.461408759288344,-1.19393685144351,-0.0211611523797091,0.152846276826484,0.63982637254225,-0.634651720943036,-0.0132463452907808
91,-0.456930407480603,0.20935697421736,0.863618009812799,0.107212748794388,0.0874953131409562,-0.0493401176512422,-1.00102169051877,0.0955235672662584,-0.00816523037853982,0.580031704807043,0.0721147246732965,-0.115340001373427,-0.928914945973215,-0.418688930902873,0.144616608068389,0.0489822014322024,0.3263152495187,-0.422637524618306,-1.19469515934119,-0.0331630267353853,0.172909643354561,0.602471817504894,-0.660397231892046,-0.0493150110170267
91.005,-0.454155271089381,0.20253988125893,0.844325835274594,0.124895886435616,0.0978889950180795,-0.058797986398981,-0.995280197597211,0.115550533249082,0.00781988724311394,0.594620243851503,0.0725463068061835,-0.120548712438725,-0.944509449322797,-0.408094951822988,0.165011554311707,0.0412320465808086,0.329154620433204,-0.370215605946523,-1.22316830502026,-0.0439666141986078,0.188513078878213,0.557916975169613,-0.675874888563281,-0.0750117286692499
91.01,-0.458129024808461,0.221049689565152,0.847244267740463,0.131278902168202,0.111442064224867,-0.0546132599727553,-0.98663448288438,0.132069641845874,0.029916976010141,0.567215979412492,0.0915883654553248,-0.128016142246502,-0.962681334618284,-0.390981768802214,0.183662594893962,0.0563834485131955,0.314678674480918,-0.339711007548882,-1.26175364520667,-0.0467557174921773,0.194535799844314,0.50203994378798,-0.705663439348962,-0.096698684849156
91.015,-0.442725550775067,0.212799677604583,0.845275734999983,0.141426647845724,0.11634405058257,-0.0558173890077298,-0.979458320036751,0.131940330580669,0.0436699396837002,0.521203676482019,0.102737058526924,-0.135607983602411,-0.990604720683387,-0.373505136161056,0.193364596899845,0.091659288923476,0.30280878748774,-0.317286425737593,-1.29298931907831,-0.047643038788576,0.18458391263079,0.467982037050428,-0.726087737574423,-0.114043785070574
91.02,-0.445091472566754,0.231629616697949,0.852440938636562,0.150524344301448,0.124891631305218,-0.0535992334095239,-0.973895206946606,0.0723161708391718,0.0608480768093272,0.424920894023071,0.123247845968073,-0.149483461196483,-1.02111855836132,-0.341742267278882,0.187608726394849,0.160191588499267,0.278579459386812,-0.263450228464362,-1.30928544605513,-0.0468021543882881,0.172076460849104,0.457134729592573,-0.770301591076265,-0.136395845970917
91.025,-0.436278037419716,0.220251213555659,0.844809538278539,0.135509276957407,0.123138900497032,-0.0633342007809618,-0.980603353927608,0.118722465516546,0.0716583176723062,0.343266541508946,0.144426309502143,-0.151406222907057,-1.03285218162549,-0.311821770362699,0.166569929701593,0.227128607245811,0.248503456965238,-0.226189146624256,-1.30053979164251,-0.0404425281157987,0.1588639474865,0.479308754784666,-0.78598627508745,-0.148926897480401
91.03,-0.448319139222527,0.229536529603379,0.846258362014661,0.111127452423337,0.120523734474552,-0.0775583646943088,-0.977405459116356,0.107575784953689,0.0765901231897672,0.260736965889873,0.169638705699245,-0.15309177339077,-1.03742616591768,-0.265701500277298,0.128766261199642,0.280300108339874,0.210761242142512,-0.174723909138943,-1.26720785917627,-0.0376132837709071,0.135359425272793,0.506812539263951,-0.790488117521602,-0.166824736134635
91.035,-0.441430587948806,0.249169708450802,0.843634410482411,0.0773689547534068,0.115969901622679,-0.0854668176502576,-0.959887803488372,0.108503420219997,0.0961568151776241,0.154911790724038,0.196550803084559,-0.145602790273067,-1.04143241252332,-0.215540432272443,0.0826885740250192,0.329862405299217,0.176477936880369,-0.117667650116766,-1.20523355838523,-0.0415833810705818,0.111100777634447,0.534753321332128,-0.754962185743914,-0.176451669735601
91.04,-0.449547714406343,0.229132561536051,0.834978506156516,0.038760505172503,0.111563102156064,-0.101521766221612,-0.953182767442493,0.111039439098704,0.095238531321703,0.0216904191629378,0.231593571846419,-0.132656132175242,-1.03201805808427,-0.18056004410709,0.0416104131688245,0.348428942596699,0.146878935063099,-0.0846129160093483,-1.14614368365717,-0.0444850835763101,0.0834561604631269,0.535890728719851,-0.689814017249654,-0.177261510752591
91.045,-0.44812369159278,0.229116885872938,0.83506380574464,-0.00158143321601887,0.0995397432190535,-0.122243611307047,-0.944556759284327,0.0955180181188124,0.077431622893795,-0.0473564889572468,0.265472814378554,-0.116803685179891,-1.02077906994403,-0.155985246488993,0.00427314599631156,0.358235291467772,0.130381510201593,-0.0577623121953161,-1.08179769969486,-0.0493152013670814,0.0725223605188928,0.500160770598874,-0.596414218285355,-0.173371869566753
91.05,-0.452826616108123,0.220946192876721,0.830656898934373,-0.043633562837686,0.0861127360809259,-0.128630584239912,-0.944801041086994,0.076070561478283,0.0551544070749053,-0.113707681139113,0.288485718416791,-0.105499407282169,-1.01536347047616,-0.140788967023094,-0.0345700797725669,0.362685128352107,0.109932279512695,-0.0358631318874078,-1.01955260860807,-0.0463934969418084,0.0650057918730874,0.442261560033356,-0.492193435025904,-0.169312307859034
91.055,-0.44389564520307,0.222715159827625,0.832926896363308,-0.0780160896005328,0.0722581556512825,-0.133029426546538,-0.941460126419664,0.0649735046910122,0.0474747129552086,-0.152772061515906,0.31196688361308,-0.098721643602673,-1.0066037850438,-0.139752794469556,-0.0593677123475184,0.365995166724337,0.0917968053755279,-0.0293503474198294,-0.97778878622263,-0.036079279443046,0.0629001338812464,0.366440572458268,-0.366140582320692,-0.169785527396758
91.06,-0.422272453357041,0.21715391450276,0.841336634590222,-0.102269134703398,0.0599528653602828,-0.13408253550651,-0.951819841801165,0.0523730371075516,0.0455181867224156,-0.159716725837078,0.33310716892615,-0.0893404557081842,-0.994321457932247,-0.150012889339817,-0.0825209123473425,0.332356729433723,0.0719832427836275,-0.0335602241911016,-0.952078422675937,-0.030516781274574,0.066547485412555,0.277396584911106,-0.22695245191177,-0.163531047308604
91.065,-0.425807397436038,0.219282280886491,0.851120708566204,-0.117268030555408,0.0505726651583665,-0.138005738334975,-0.956737937536393,0.066119740424943,0.04061005981598,-0.190259681114813,0.351776769800042,-0.0829384986364661,-0.98235313252106,-0.16768876769979,-0.0885483223865962,0.297676602496564,0.0581203666599358,-0.0358761698007584,-0.925359713213797,-0.0217499645477517,0.0732685753733634,0.207849092090466,-0.0528336042658595,-0.162192707377449
91.07,-0.437905254072698,0.213258703289181,0.846301748460555,-0.125855438006702,0.0447046804102761,-0.139532372355776,-0.965030333807295,0.0711220933091223,0.0198335045028628,-0.202716556477251,0.363050368218974,-0.0820435030155934,-0.969303534182853,-0.195858470740959,-0.0818136295515665,0.267437230977566,0.0393204687810199,-0.0296446307277935,-0.908552227641236,-0.0190548670854411,0.0756690735606492,0.16960920659175,0.0604825905516326,-0.176194653666893
91.075,-0.45659072370305,0.202801558370176,0.84333837042382,-0.129279014011071,0.0361245624661672,-0.141058676172387,-0.978730988799743,0.0868397294876891,-0.0148698780623433,-0.217627720261148,0.354987423875078,-0.0817266005123998,-0.956283077010618,-0.235447834166215,-0.0650218061712546,0.246480316147802,0.0285029182059597,-0.0188270786144112,-0.891244735130391,-0.0180091030396159,0.0819882431282481,0.135781401543941,0.165080253890116,-0.193101028746224
91.08,-0.454823000259925,0.198416650357231,0.846078612143447,-0.116353156644611,0.0316751901563197,-0.133817725468659,-0.990161415124203,0.0884202765615592,-0.043448627183538,-0.246081500353491,0.353897806229703,-0.082405892213873,-0.940973408877426,-0.280126269383314,-0.0497636506701866,0.230217700823977,0.0191313801926208,-0.0265592678504298,-0.877256370373048,-0.0121623561157399,0.0887774481413102,0.115739058235793,0.212025003042024,-0.192873095030423
91.085,-0.443285444946098,0.176738523176916,0.854802236792406,-0.105701120640946,0.0211560596007473,-0.130336478352547,-0.993497630121,0.075736077154056,-0.0557869971622668,-0.260333536622689,0.357884539060451,-0.085691292097089,-0.927401894019715,-0.33028902384452,-0.0345432067304697,0.203532330559116,0.00690478478822454,-0.0195124081919269,-0.86433683356125,-0.0132540253108191,0.0970207803367596,0.0957640559198579,0.251462789239064,-0.186089783978673
91.09,-0.454730568502869,0.179766851355116,0.852825553647251,-0.0832508769004752,0.00999193058651416,-0.126490146966584,-0.999585982265181,0.0581682764527758,-0.0758627065724717,-0.282414338166044,0.349502852906549,-0.087681295679379,-0.904391915543216,-0.384767759535162,-0.0221233057640121,0.187279973819383,-0.00401110216216683,-0.0205205025599754,-0.859579692481814,-0.0120023273555385,0.113078852304369,0.0825543360410182,0.271328745288937,-0.170030137249474
91.095,-0.466218125615776,0.175482233921262,0.846785630542526,-0.0733037861391557,0.00519439753289495,-0.114824734845656,-1.00380141562931,0.0406777539682855,-0.0963292306993288,-0.26627933599899,0.336028100719762,-0.0871202573180199,-0.887539227249653,-0.417453570818158,-0.0136770944662161,0.184648156166077,-0.00359470983182814,-0.0143376083573953,-0.85085017804503,-0.0133961747240214,0.128418438732604,0.0880486557961468,0.278010114682215,-0.146697159539834
91.1,-0.478505226435428,0.15685664537391,0.852820335000977,-0.0638045635805306,0.0109519333862362,-0.113856250418454,-1.00756256819986,0.0163408462335248,-0.133069611888837,-0.215619315358384,0.310128671184251,-0.0847926307786044,-0.869998445177116,-0.452296874710132,-0.00444011535531807,0.182232092530215,-0.00470809032283815,-0.0342859079263566,-0.847086760029879,-0.0127194714611946,0.142988119184161,0.101978728973324,0.264940869552143,-0.127585893741373
91.105,-0.478029371626293,0.156476542448812,0.8476063020419,-0.0547794878533384,0.00311983786270516,-0.0953911638052667,-1.01441073654791,0.00701491555494596,-0.142054384909681,-0.127482128301825,0.294420521936763,-0.0858992551221788,-0.84384303956894,-0.464511657184902,-0.00720398835269719,0.118209539802158,-0.0237345585580562,-0.0705654920273938,-0.853668657672772,-0.00864326661346955,0.14868391715377,0.123217614148474,0.241664727655863,-0.11616887429315
91.11,-0.479559835669465,0.163406170466035,0.844744483381177,-0.0469862075705406,-0.000972288683328912,-0.085726255653256,-1.01618210293628,0.00888832662438976,-0.14534047735286,-0.0283533534575433,0.281281836196532,-0.0828312067547142,-0.84485087743077,-0.464328721996772,-0.00303031149706542,0.00160567175362423,-0.040359029125224,-0.152177793382734,-0.867653678152943,-0.007687558303474,0.159176870621772,0.146271808533184,0.209671410617258,-0.108522867330378
91.115,-0.485817904327966,0.173677872838937,0.849399425530056,-0.0448982195590452,-0.0108093672676754,-0.0667553924243857,-1.01007334776272,0.0249075956421115,-0.14160660536217,0.0822993806320594,0.253353300877289,-0.0822334811091423,-0.856377049803806,-0.476092308984304,0.0249125150772048,0.0390493532691953,0.0664190524550596,-0.186805672812,-0.885720209849493,-0.0050960285207691,0.163571981357055,0.170668812643788,0.171581178454602,-0.0861967507478766
91.12,-0.477255264532467,0.180616290773192,0.827164626520167,-0.031429235511647,-0.0177583095146982,-0.0618254702691823,-0.997581285818561,0.0403511713732777,-0.135644002730816,0.173037723159344,0.231465686999685,-0.0785025650294645,-0.830210106031661,-0.478773409207984,0.020901598749319,0.0153732647809371,0.0804966084405152,-0.192356809290162,-0.870492370122671,-0.0112057268542291,0.16186705740442,0.18753454064013,0.168346004334794,-0.0745743422987552
91.125,-0.479215376039319,0.183022299023853,0.844868037716041,-0.0368399074967163,-0.0139788172993912,-0.0584994840403434,-0.987917597587402,0.0720522141332587,-0.133766543559637,0.231772945757721,0.212272559127538,-0.0766473531934905,-0.826578315477334,-0.495011573780439,0.0318347579739115,-0.120909449277051,0.01853557547617,-0.177381412158715,-0.826513374486944,-0.0322611998022439,0.183413796481986,0.221965073385504,0.161511766725741,-0.0657348654101201
91.13,-0.473828849975525,0.172906414037633,0.840579934430363,-0.0342551727038522,-0.0178865753376065,-0.0583365224780968,-0.985952500457289,0.0778850605234692,-0.130612088847415,0.249183173737856,0.192581842343921,-0.0793899849378686,-0.838944514333501,-0.507740694120489,0.0504700681072206,-0.21221401877055,-0.0185223801764042,-0.112445141443434,-0.823089324614628,-0.0463058432780143,0.201536694501138,0.257368656727212,0.111254639230556,-0.0726406317332551
91.135,-0.479794634236486,0.165692924040852,0.841940240335783,-0.0266162258881116,-0.0197478755097012,-0.0588175909772499,-0.987446249434976,0.0792935418533772,-0.130721506946152,0.264973258531228,0.164906710039258,-0.0872599632704656,-0.849112090238032,-0.497736170153382,0.0641663533376708,-0.204296738668614,-0.0140566511220491,-0.0521540849346547,-0.852189281539414,-0.0522111410668519,0.205298991931171,0.271177843298378,0.0458283828766572,-0.0767357715388646
91.14,-0.479002003716503,0.16842578755514,0.842995881810645,-0.00840501299926784,-0.0268278374609932,-0.0478522137474714,-0.987460390210422,0.0632275748694442,-0.142723095442761,0.263472094898689,0.137163769538836,-0.088612432065986,-0.859824053634372,-0.477461234011877,0.0684533977055569,-0.174051393685321,0.00186388703351144,0.000388904978611091,-0.905029193857617,-0.0571761495475925,0.178779779394549,0.277771793354504,-0.0232767355165665,-0.0803693838789551
91.145,-0.473807400913009,0.165682416455762,0.847562084349852,0.0107465762826746,-0.0287056858711822,-0.0331912397896783,-0.993987308511287,0.0345397595415804,-0.136423650705026,0.280048384734282,0.114554513377873,-0.0949333437211121,-0.856836209063291,-0.461884304418756,0.0530840662422477,-0.192393000605926,-0.0142660173540969,0.00458911365892527,-0.93492458822208,-0.0615504567071253,0.161442700348557,0.263523349185015,-0.0384060640764156,-0.0920473526849011
91.15,-0.455421903109015,0.171496955858698,0.852120184621913,0.0328520713235561,-0.0185703123320864,-0.0193954108179605,-1.00452008237227,0.0211931048136746,-0.128655024140114,0.315984439971374,0.103600727237909,-0.100650381505594,-0.856305822522242,-0.4493424364468,0.0350704693809082,-0.233666385299999,-0.0315262438660824,-0.0145277540963983,-0.939109986175536,-0.0509255582074061,0.145457817621751,0.248378789693887,-0.0205670911341326,-0.107449176463616
91.155,-0.455824162794921,0.161357881458546,0.856482313991324,0.0496912234638073,-0.0130596990525518,-0.00241901991094921,-1.02061406359304,0.0170729978646548,-0.124840798151886,0.383088373017424,0.0726496414145628,-0.116180337050662,-0.872603195870047,-0.438403247103736,0.0178036192146109,-0.290824744123812,-0.0343124118680326,-0.0317016769479961,-0.947147024562164,-0.0420429491343705,0.134415797272284,0.231085660915985,0.0205004394935095,-0.0994878347705981
91.16,-0.476483949277855,0.161877251981099,0.856475246944824,0.0551345476558755,-0.015603244304657,0.00580141275203319,-1.02469611028455,0.0142008591428227,-0.122192352672747,0.416169033791331,0.0630503539755353,-0.110766805909664,-0.882850296378978,-0.423874806596892,0.00454246354686571,-0.32203130641778,-0.0151925874718882,-0.0429723171447461,-0.990824715276037,-0.0348727785253038,0.143678673399255,0.203218634542629,0.0506410714934593,-0.0881745219230652
91.165,-0.476542761918619,0.186011477566209,0.847960150157389,0.0665946453809738,-0.0143044936835265,0.0128494187470739,-1.01283043401722,0.0295434552129356,-0.0990916738279395,0.479229287069631,0.0503174417874376,-0.0981250067613277,-0.88742288114537,-0.404500948555999,-0.00715661988544846,-0.346866009410893,0.00596250988961672,-0.0170774837079199,-1.00840592490757,-0.0388582204846335,0.162434304456147,0.203147365302685,-0.00387340866847719,-0.0862281812673335
91.17,-0.473634388477256,0.201138715151273,0.848799630972873,0.0600826183123007,-0.0126700716492704,0.00559997889308184,-1.00211576173138,0.0651276262280712,-0.0808434457161,0.487644286904625,0.0454800508054548,-0.0873121008985823,-0.892874149559279,-0.391568165388977,-0.0112500028712395,-0.360911726938961,0.0284238120134581,-0.0208615378615642,-1.026874784766,-0.0306607597828766,0.167515278913509,0.19637433044221,-0.0748136383313203,-0.0763650434163675
91.175,-0.464162868422595,0.195618761858888,0.84896864523327,0.0513357756130529,-0.0204653938427305,-0.0034633412363442,-0.997541540507281,0.0872799316567437,-0.0720294483528228,0.45501906838606,0.02485672180803,-0.0855100529771545,-0.902075419286839,-0.383873244675374,-0.00634592982971802,-0.354588545684227,0.051567210346495,-0.0361211204615176,-1.03295014811396,-0.0218788780610344,0.164904357704217,0.199718556373718,-0.117597702732481,-0.0701596119107794
91.18,-0.464184011939396,0.2043661640848,0.84306214205816,0.0505517563768124,-0.0266342305563881,-0.0119214712685462,-0.986178379935669,0.0916686448350695,-0.0693457920342089,0.407658472925959,0.0272461788768359,-0.0699320318295921,-0.9113926342868,-0.378718929906311,0.00702874968629324,-0.343322035919013,0.0682735175473519,-0.0372022964143047,-1.03413950425631,-0.0299865351478905,0.161578952474569,0.203160802975554,-0.133359945995811,-0.0633367101306119
91.185,-0.466502820606088,0.206726578061051,0.842947886948957,0.0377049871389225,-0.0287064767039413,-0.0186113706595637,-0.986192794922197,0.0913594200975054,-0.0693400886113926,0.327361705905645,0.0218472645671577,-0.0660010022111694,-0.912289051152152,-0.374017155516224,0.0268087665220163,-0.268118839210051,0.0865628161710097,-0.041074520808438,-1.04242217984049,-0.0366195129934324,0.145563525236627,0.206730011131624,-0.129410137597012,-0.0572154105817901
91.19,-0.463257570200723,0.20218598871261,0.847664136609956,0.031756702200005,-0.0322336784726721,-0.0210144637669826,-0.986744117224431,0.085896970053871,-0.0672139022874604,0.280474285279948,0.00942505764332646,-0.0651297569274902,-0.91836373869932,-0.363839884745226,0.051099375826179,-0.175311097327629,0.0934433523095294,-0.0464445155699557,-1.0392815265028,-0.042974832615276,0.149671838776904,0.220674969021958,-0.156409414194425,-0.0630213783391675
91.195,-0.459630807104108,0.197681044799538,0.844602866331813,0.0264448715690938,-0.0335396655395076,-0.0197174063791516,-0.987904842972401,0.0703567948413883,-0.0611030587375794,0.209797496754305,0.0134758658323248,-0.0641716515709367,-0.923213295360568,-0.35203146165897,0.0756270430961364,-0.0773727759041825,0.102498905177895,-0.0569097944337746,-1.03222333519991,-0.0573065880927732,0.153384835769104,0.234502856548126,-0.193857016629838,-0.0801349997480284
91.2,-0.457312747825277,0.202398827330614,0.853501430864927,0.0230095028446846,-0.0364710145628968,-0.0204829297474988,-0.989380729142524,0.0657076049113937,-0.0564216028446571,0.153512380650151,0.00873037444073091,-0.0614646747708321,-0.932709548923385,-0.33590262773426,0.0953120986097333,0.0164641371475551,0.0991937823861922,-0.064067269615872,-1.02513352521932,-0.0593291783246104,0.147078584323477,0.241893764457177,-0.225060062754767,-0.0978561495413481
91.205,-0.451266946899992,0.196345906218921,0.8572399494002,0.0248651313325911,-0.0357113894041882,-0.0208527192217091,-1.00017189032536,0.0526647289456589,-0.0537536853853486,0.122316838612496,0.00728982447704879,-0.0602882475164353,-0.943559283689252,-0.319603090589248,0.11171868229718,0.0925386558752594,0.0837139509714009,-0.0960284093258094,-1.02550091370546,-0.0535817731070234,0.134156320058055,0.234556729438198,-0.229520964360652,-0.118077903402403
91.21,-0.44888163721682,0.19423298213392,0.85793609852602,0.0176378528549759,-0.0301745587150181,-0.0152301459965433,-1.00409753700235,0.0442008703382918,-0.0594575328509162,0.0869172597610784,0.00558738407227606,-0.0584719009387517,-0.95292130873586,-0.298596751851665,0.123812284000463,0.128608289356802,0.0727814325248874,-0.130974280199216,-1.03228897909263,-0.0430804829600428,0.129619575370852,0.217967945067029,-0.202903423977985,-0.123603671789169
91.215,-0.448078566600825,0.192357611241228,0.857781330360564,0.0136374512948715,-0.0261741575342618,-0.0118321031332016,-1.01000322460965,0.0314485833992735,-0.057335682351763,0.0859731436082142,0.00574204064871245,-0.0561197027257663,-0.961144632594605,-0.279167718029705,0.128743758401278,0.148901774419122,0.0682326744167077,-0.149866679347834,-1.03624951944476,-0.0266996267202266,0.129523348916862,0.188713389793099,-0.159035382554014,-0.112533249887867
91.22,-0.460702621528611,0.183442780273286,0.858719793913499,0.0104636627128565,-0.0218121508599997,-0.00945567648338979,-1.00773737791986,0.02323041692218,-0.0638173562177882,0.0770292273127591,-0.00562873404869538,-0.0553562045097351,-0.966654281024885,-0.268329685225023,0.119993691940691,0.136425516524365,0.0659711544414992,-0.148371970094368,-1.02297919243343,-0.0171662611446184,0.133362986137005,0.166642901058985,-0.125300643509062,-0.0985022628778188
91.225,-0.454780743761461,0.185297922406399,0.85784737575717,0.0156217014504512,-0.0161484821593509,-0.00132671201272613,-1.00694770729712,0.0289474970123293,-0.0639755968059488,0.0825303303424541,-0.00196900422427442,-0.0455053258340448,-0.962048608628956,-0.266387711462116,0.116670785538849,0.0850105392139219,0.0594475416753257,-0.152394041261431,-1.00831396755363,-0.0144957210718012,0.144621821854344,0.167937743984452,-0.0978618053763738,-0.076970916358869
91.23,-0.459479419875804,0.173261574653439,0.8560597481408,0.0171694963608416,-0.0103955994938418,0.00816542552178741,-1.00577037848793,0.0339000522974861,-0.0660412084731371,0.0941130182611488,0.00561405979745067,-0.0460052789191078,-0.96855297430405,-0.276574773427271,0.102521671821887,0.0541133216932585,0.0696305566205676,-0.157694681974769,-0.996997937645974,-0.011328336879294,0.144887975881639,0.177534542099756,-0.0921219802907512,-0.0574290873588396
91.235,-0.463865256669204,0.180268181664291,0.85103319993832,0.0274937409653183,-0.0097150758240997,0.0171480852362979,-1.00370134264199,0.0340624300582165,-0.0671616504880262,0.0954591864801387,0.00935059603916489,-0.04436095058918,-0.97058622607163,-0.289095319743934,0.0873847908562266,0.0441532917320728,0.0868626510492426,-0.154655790444208,-1.00130410180254,-0.0127373901648616,0.15344043099263,0.217277103862434,-0.102105871445667,-0.0545313629839924
91.24,-0.458057448804877,0.183491750505171,0.850063977397064,0.0353227454437949,-0.0106717263265599,0.0260404273867607,-1.00113885864766,0.0398279780898204,-0.0618891430712281,0.108513308911479,0.0188650394237991,-0.0444322283569453,-0.970044088090269,-0.303892840382539,0.0724164703684243,0.055809089552459,0.0954104460950714,-0.151474732479245,-1.00923161989561,-0.0182820243838529,0.156178420114795,0.24468833493206,-0.0957523076106053,-0.0520633902366776
91.245,-0.460047892951204,0.194054229514781,0.850026039185388,0.0482692271471024,-0.00745286121183034,0.0270613811150597,-0.995067419608754,0.0452438679498613,-0.0549805014259977,0.112912128969335,0.0278945064775504,-0.0422183293937343,-0.96261911644532,-0.30858772286755,0.0626679919263233,0.0849402006341755,0.107868498811968,-0.129926515081627,-0.998946540447644,-0.0210254242909757,0.159710290705823,0.277131038936895,-0.0915791576183958,-0.0445661542392893
91.25,-0.457244382828863,0.193719034559177,0.850466707858689,0.0522375032051142,-0.00679425700843341,0.0297055132687092,-0.987486523133771,0.0506247669883792,-0.0460926328189405,0.13809999143818,0.0330895289588327,-0.0372718898770865,-0.959934886635847,-0.307794498740801,0.0558262585224926,0.108697057527935,0.108215365885627,-0.118105024193605,-0.991635725922879,-0.0266554778211542,0.167275855091716,0.302937308222585,-0.0779033567260783,-0.0401291255566303
91.255,-0.455839478507511,0.200972632800975,0.852658602268963,0.0546222959581773,-0.00778516221676733,0.0277513103425191,-0.983213268027504,0.0566106691710354,-0.0397630580769448,0.142181966745452,0.0356896667681787,-0.0414484848145689,-0.956427633232562,-0.307372010299248,0.0534747293647404,0.157531930751102,0.108661518627516,-0.101706643911585,-0.983169573396203,-0.0338980959116395,0.167319368703299,0.324992221570061,-0.0609933834566491,-0.025751094866794
91.26,-0.45154921242418,0.201653686545898,0.849120544641246,0.0625987129548346,-0.0128951751775486,0.0270636112772915,-0.976513617591084,0.0683800836250709,-0.038885371741588,0.136593926399357,0.045970111007335,-0.0385620616548085,-0.954094671471539,-0.305099218403196,0.0557886379655264,0.201757371703994,0.101437668275759,-0.0901420577036888,-0.97627217224495,-0.0355899417817503,0.170023793668719,0.335853060969334,-0.0225519897692196,-0.0130678912544678
91.265,-0.453851224730623,0.193884341167721,0.847321918686133,0.0575441973957376,-0.00971927836511664,0.0246816959311003,-0.977991930092183,0.0625256731127241,-0.041965515477866,0.125939123956974,0.0387042199067244,-0.0427591565736875,-0.945286666055928,-0.298022312156064,0.0524411276246929,0.219695923568049,0.0891516410720736,-0.0965583654654398,-0.975121837332496,-0.0312416321811445,0.175380976511762,0.343164785191529,0.018112469064568,-0.00245984824259276
91.27,-0.457290723603677,0.19761807276079,0.847969257702094,0.0586478288339162,-0.0106932397438657,0.0260288169714976,-0.977104620748243,0.0627795049553773,-0.0528870305291583,0.107382766238976,0.0485619897634747,-0.0432005974987505,-0.946009926727452,-0.29608499704745,0.0491236507469737,0.256285665085566,0.0980848744511604,-0.0914371040426303,-0.977851092227515,-0.0303552395836193,0.178903813923878,0.340988750076335,0.0675138265936985,0.00849557370725343
91.275,-0.463393359918919,0.189834610517375,0.848825983116314,0.05514804180696,-0.00730815688604328,0.0209590740373358,-0.985838146669148,0.0611842854035501,-0.0656737158187449,0.109938116986849,0.0594991986267215,-0.0424105301966403,-0.947019995817051,-0.28885155645303,0.0462267626307944,0.261661172983624,0.0920645948041453,-0.0658980402913447,-0.988740254846288,-0.0251427748409167,0.184275690881943,0.335851074807101,0.0987665247734817,0.0105790876965939
91.28,-0.460882005529938,0.185442556857661,0.855803358758464,0.0580463098696143,-0.00340038029800669,0.0272550757306277,-0.998989989046251,0.0516198708699457,-0.0746530568973015,0.137276056021625,0.0554924211312576,-0.0517440494530625,-0.944972194279852,-0.280956133882548,0.0343302144731393,0.225647624206376,0.0831116769653037,-0.0531363248059825,-0.995123990843666,-0.0181339053633264,0.19026311833782,0.328384683914603,0.126363763467636,0.00934370374194318
91.285,-0.46051053222171,0.189872062768042,0.848719889619928,0.0602983433465851,-0.00896231081284873,0.0255079748538264,-1.00177911815608,0.0517721389099071,-0.0716656194086543,0.1837357962483,0.0685173998223817,-0.054787206870777,-0.945951064549011,-0.278035058311102,0.0270640063791057,0.157659776040228,0.0725147219043401,-0.0597604484912615,-1.00336445015421,-0.0145687746112991,0.184314908019874,0.31188678504946,0.124276236046941,0.00186009320338384
91.29,-0.468913760940929,0.195474878184643,0.849623149429157,0.0598365394776254,-0.0113350690725162,0.0291179375732949,-0.996808757346917,0.0569455869520515,-0.0686660448362108,0.205597583907305,0.0756076881837544,-0.0536510104917596,-0.947952096875423,-0.275835028424152,0.0217834811197281,0.0932928518569845,0.0719541703867963,-0.0652873256278072,-0.998795537377867,-0.00211070551408201,0.189496186280836,0.296563656079841,0.11045865378668,-0.00593525881019536
91.295,-0.46385639733047,0.199060310936981,0.847017657325042,0.0548444257957855,-0.0208331494166084,0.0299388752440638,-0.989807586462813,0.0684672847639369,-0.0561338628621078,0.22178473900611,0.0823587414221456,-0.0525819593128818,-0.949336141480208,-0.276351428835952,0.0195912045356915,0.0230979964164124,0.0705762873361755,-0.0653936364673988,-0.997128699594584,0.00620244800490265,0.179813835944792,0.279802987735335,0.0911152346128918,-0.0106612345176777
91.3,-0.446379328908854,0.214258696371763,0.853038384176519,0.038865704254314,-0.0244171457204489,0.018317183447074,-0.98467424436334,0.0698646791244139,-0.0301232019408044,0.215642961952306,0.0862181825734283,-0.047572285935714,-0.947581559556592,-0.280029304866139,0.0201376326630868,-0.00736290336106895,0.0720216577915579,-0.0621432075526065,-0.996942649254561,0.00965321911985091,0.170963459642588,0.2665049583797,0.0583003984411055,-0.0201096057684771
91.305,-0.431015550055397,0.243029358007556,0.844327298020102,0.019839191177947,-0.0322387933071605,0.00538587072495507,-0.988646905198339,0.0963169939799571,-0.00720745402927907,0.160658141421812,0.0949038234514625,-0.0353640952512453,-0.946714084523797,-0.286985116890517,0.023480690786448,-0.0287098225044136,0.0657979248622709,-0.0662450405224779,-1.00242640085987,0.013160757563975,0.168040977619713,0.26177369086798,0.031355813369405,-0.0229714345545272
91.31,-0.426297326509747,0.23499440495342,0.849348085709726,0.00104128124411432,-0.0361711614651657,-0.0214888551534683,-0.992074686093893,0.116405419994735,-0.0190074976492719,0.071034251113432,0.0806495282657596,-0.0282032163284116,-0.941671868562311,-0.301628599328265,0.0328240731861984,-0.0507202758761919,0.0571035729662259,-0.0608377361895601,-0.994489502901439,0.0110892027585863,0.163898395916752,0.256345446737324,0.00673778141384445,-0.0236412179892942
91.315,-0.441831926562913,0.219378587103304,0.847346143010668,-0.0118393280322942,-0.0280627398594076,-0.0396885172594426,-0.981179555604214,0.104021681903864,-0.0462377449231997,-0.00881902766441794,0.0597280236865029,-0.0269550304316744,-0.933636155321489,-0.321525428011294,0.04041104128921,-0.0739246808854452,0.0437317848151549,-0.0623434848106428,-0.983404790967953,0.00888268002619862,0.157814354972785,0.256848037242889,-0.022538628532849,-0.0174005743877289
91.32,-0.454428901023149,0.208986897772734,0.83976044049383,-0.0116205840808523,-0.0325730410669792,-0.0554916962996158,-0.990116614248532,0.0753855359148382,-0.0754121937219714,-0.0658682437267673,0.0590384006500244,-0.028473142293604,-0.924187979173109,-0.341318875723494,0.0484253055989966,-0.105023083990458,0.0369915069571742,-0.067588374845621,-0.991685704483153,-0.000112506311342536,0.163067868411193,0.246397683572242,-0.0428072812899552,-0.00855613667441302
91.325,-0.466417021645288,0.188976408481889,0.849388146683135,-0.0157846401539931,-0.0334029008540025,-0.0493566626829683,-0.993197717742007,0.048310534860147,-0.087149786862386,-0.0696666043352759,0.0561379546208939,-0.0279691690045381,-0.920999371092611,-0.359891516677785,0.0470001011811433,-0.129125322204801,0.0334158713948212,-0.0610975906351683,-0.989351947319762,-0.00206617239435063,0.161127938475151,0.222215789033938,-0.0602705032935515,-0.000613361024326479
91.33,-0.464270144292064,0.181932690923532,0.851195040784426,-0.0133964173747396,-0.0345095785548833,-0.0472013868894766,-0.996958961776278,0.0287718303995395,-0.10234761288674,-0.0565588858953059,0.0565352861710592,-0.0277042825041448,-0.923777806127128,-0.377592778308449,0.0440498613643045,-0.145706458753871,0.0270608934291446,-0.0696904143799128,-0.988004590809721,-0.00710973824415449,0.159763925110515,0.18375726296868,-0.0755205830523633,0.0136937833587348
91.335,-0.463406313432696,0.176422131647027,0.858620061613996,-0.0137600372224435,-0.0320395837248594,-0.038483229636372,-1.00376939027128,0.0238925037657949,-0.103988602750345,-0.0206476026543617,0.0499574417038333,-0.0343228478810972,-0.918678365977921,-0.393239466940293,0.0404110515217964,-0.158741118751529,0.0220582256211754,-0.0779304019907467,-0.995073630066637,-0.0180260847142753,0.162398923721769,0.142820747086021,-0.0785512059776087,0.025349660955903
91.34,-0.459049540942566,0.176502488377839,0.85735857815826,-0.0152263383855043,-0.0361116699696331,-0.033659865851014,-1.01036927233273,0.0308537735012788,-0.110813291066384,0.0142822766975322,0.0540104071477262,-0.0342343546149148,-0.916922744445608,-0.396020004744588,0.0330917157802081,-0.158451246894238,0.0188638564851728,-0.0970630909406342,-0.994589045730896,-0.0234845490112369,0.161394352566623,0.103175733512324,-0.0853249759860316,0.0365517791784294
91.345,-0.463082443345346,0.181437871877325,0.853827723068865,-0.0121458156147112,-0.0262832560311811,-0.0277141332626343,-1.01068708897534,0.0397781674634643,-0.110320308638802,0.0311080941413072,0.0496997124823414,-0.0291484312946075,-0.913242352167707,-0.3969542647643,0.0279118197298448,-0.13833142631825,0.0207611337251455,-0.10641721483375,-1.00236458679108,-0.0229286483438039,0.160771534830997,0.0648733375200011,-0.0832637550048457,0.0392155343434724
91.35,-0.460567807200088,0.184605349274606,0.851932427353064,-0.00607438235072535,-0.022213585471725,-0.0251835654195462,-1.00728096787563,0.0374774649516992,-0.111844259366432,0.0461672774090146,0.0373013505583268,-0.0277056228445992,-0.904923634224494,-0.400141351207006,0.0252984242435932,-0.123853432112019,0.0212355427249113,-0.0814785854537039,-1.00555312522465,-0.0204237778588469,0.158616362572051,0.0431016423185656,-0.0638417582563517,0.0480193437449587
91.355,-0.468795093591542,0.186728834770677,0.852534860435837,-0.00260352697019089,-0.0135047133971117,-0.0209061514572588,-1.00471406596322,0.0348651274603357,-0.11226369686613,0.0535091590007061,0.0319193914443174,-0.0257938019802088,-0.898622536016434,-0.402513718062774,0.0250823414096428,-0.106975336548657,0.0264695402053529,-0.0623919520239307,-1.00497808071222,-0.0176916303248642,0.15186897652303,0.0282078562556793,-0.0316588904123467,0.0523203462362289
91.36,-0.464506932464692,0.183921692247845,0.85080827537464,0.0044360762905625,-0.0191943940766521,-0.0150905989428426,-0.99220279586913,0.0290821470168693,-0.11328379675688,0.0778198671695444,0.0337287127272393,-0.0224434353191286,-0.899572553833385,-0.397074765025591,0.0299075092349626,-0.0966739894080181,0.0387158944543869,-0.0491171914602649,-1.01369538480475,-0.0233792693492031,0.141443790769281,0.0367448106359068,0.00334805691231896,0.0493083605206811
91.365,-0.463801089235817,0.177414500066128,0.853020168604377,0.012597338121895,-0.0161404644824997,-0.00103184696312486,-0.991069948874585,0.0234142605180347,-0.118292715387281,0.0780100284920406,0.0192024635286844,-0.0228504317017114,-0.897091838710976,-0.391992943247686,0.0364649285023595,-0.0818216385836858,0.0494722325678846,-0.0472669557485397,-1.01776104566523,-0.0209098197466001,0.136524026907586,0.0554507160944312,0.0232949703776005,0.0387775513002111
91.37,-0.46543940422643,0.185066025676667,0.850181539632161,0.0238791754846904,-0.0156251547963391,0.00720279314574069,-0.99548536554681,0.0283286417240594,-0.113540497025445,0.101118803320333,0.0105375062626156,-0.0243138851512974,-0.897114731883997,-0.390330044922967,0.0435874682740576,-0.0580944863232816,0.0654745178009257,-0.0513819739349497,-1.01702737055223,-0.0202566242514922,0.137297322993253,0.0757346844194949,0.0398287998334965,0.0250731254809028
91.375,-0.461742742310151,0.190845257043839,0.853226246385117,0.0347227792741087,-0.014948476158849,0.0163546983658581,-0.996356323328708,0.0360181952570718,-0.107511485381322,0.129322896019413,0.000187337042110648,-0.0253198228857008,-0.902080816877705,-0.388944367389946,0.054456282425822,-0.0312389548329789,0.0809955430615303,-0.0562033436796747,-1.01452588662293,-0.0175459661618262,0.141530274554186,0.0835805463728398,0.0521465836529549,0.012598144373809
91.38,-0.452871190957506,0.201596057796197,0.853161177230866,0.0376345691903581,-0.0132628814897125,0.0138234822079539,-1.00285970938838,0.0471570154149793,-0.0965172827038227,0.144380483105818,-0.0144167293461335,-0.0258053430390102,-0.905347781990851,-0.38666587178807,0.0621551147812093,-0.0151129225284555,0.0859674033706271,-0.0536761803773451,-1.01276050990978,-0.0180684814918805,0.154510544560183,0.0858108103275299,0.0449664531749495,-0.00100335180865049
91.385,-0.448264825032997,0.199973517212701,0.853406733673875,0.0448735844441395,-0.0136987312360178,0.0154105734474685,-1.00237028225985,0.046560026823529,-0.0980121583902476,0.127485325219423,-0.0180470732422114,-0.0227055559502393,-0.90384951019038,-0.383894045077941,0.0784074095543684,-0.00837957486510277,0.0856478876220005,-0.0626130607930922,-1.01128867754064,-0.0208218102664606,0.162985185863178,0.0820588303721302,0.0546372166208311,-0.0106403675600989
91.39,-0.457923936648126,0.193420790529685,0.848268831058961,0.0427760060443484,-0.00519682305060158,0.0193167042420305,-1.00323780992672,0.045225655961447,-0.102204894868218,0.116978964786223,-0.0254835521774423,-0.0209987344097321,-0.905426945887544,-0.378919678485435,0.0928171807154702,-0.0158021688059468,0.0795037207487645,-0.0705950891011114,-1.00606059555828,-0.0203762105275741,0.175598818401036,0.0625460764894239,0.0694725779117801,-0.0169443115604144
91.395,-0.463067974650233,0.18815297449898,0.847038320462844,0.046163488782574,-0.0040186275092292,0.0187102593481541,-0.998869808846395,0.0462415907653109,-0.103207359480855,0.119927762094094,-0.0355171960711767,-0.018705366179347,-0.912322199440798,-0.373812053941998,0.101777613433907,-0.0247166287477546,0.0763499308269642,-0.0711058452293961,-1.00968986861651,-0.023504901039897,0.1829530208353,0.0354180185698346,0.0805854571436173,-0.0165770166310717
91.4,-0.461900378098538,0.199852267759919,0.849996071713348,0.0446041449904442,-0.00815035113825647,0.0215217894954565,-0.998054541809249,0.0407328675810463,-0.102395117868524,0.122103638358299,-0.0502721815532675,-0.0299950963014082,-0.916258104502858,-0.365595268333455,0.105761374212244,-0.0408375581433757,0.079759456217289,-0.0914271114209393,-1.02058719310324,-0.0268299245430961,0.18532959266979,-0.00137332237511989,0.0961568742174613,-0.00976400413303115
91.405,-0.461315992752404,0.193839855998976,0.843276291573279,0.0435700920280368,-0.00651904562734558,0.028139131170397,-0.998922117653514,0.0423798095993071,-0.09994174244753,0.104242203376295,-0.0406301606591152,-0.0153959369359219,-0.917728512106646,-0.363952740573838,0.10486071252454,-0.0622105636569827,0.0835770123547313,-0.099709612667562,-1.02221067458623,-0.0302191833781393,0.1741364710691,-0.0246065132892729,0.101421180463647,-0.00261272009021399
91.41,-0.457014343613349,0.191950606284497,0.84706043066931,0.0381201763592402,-0.00756834830655374,0.0286715657506998,-0.997330077908746,0.0530934716082886,-0.0935996174779408,0.109738884286561,-0.0459413657314162,-0.0169778026337739,-0.916709096023315,-0.362307063155196,0.101649367557159,-0.0626571004794291,0.0964259415780155,-0.106035730733782,-1.01591765678812,-0.0312916504323489,0.16331798657991,-0.0436243506388881,0.108331416358788,0.00862865236594538
91.415,-0.452797183905137,0.200950490876692,0.846063445054317,0.0360522828996181,-0.00705137848854065,0.0306776694018218,-0.994987426735753,0.0618937416284492,-0.0872871402157918,0.0988140312396667,-0.0504533353932066,-0.0184749832246385,-0.917726282191343,-0.358854828657247,0.0980316422297809,-0.0604822275916033,0.0993065685033798,-0.110003793274085,-1.00892353287184,-0.0335103301056526,0.153458748665997,-0.0525446411713986,0.114709219402026,0.0137136350972623
91.42,-0.461415243116039,0.204812012803714,0.8486930245877,0.0249439933532849,-0.00688181911724901,0.0235405196067877,-0.995494259505557,0.0728717398820521,-0.0869817877974744,0.0627259098800481,-0.0522688886298892,-0.0187719111571387,-0.916585951358486,-0.354259432248579,0.0878596267535647,-0.0425663816055624,0.107858426868916,-0.0943263781832987,-0.986917058311844,-0.0319115022095777,0.151682016055909,-0.0535746042761086,0.109263615729721,0.00933656562260044
91.425,-0.452121575095397,0.194845950608083,0.853521060120642,0.0222364412007055,-0.00451790137932862,0.0223753452301025,-0.998191525453,0.0698153655240245,-0.0906922339426664,0.0423016044135905,-0.0534210964180703,-0.017610883600967,-0.920709404939925,-0.351027502921548,0.0763221190122206,-0.0185177768486162,0.107040261081059,-0.0933013672363768,-0.974504978586559,-0.0243140915259941,0.14675859235006,-0.0567923666273961,0.117541310072806,0.00753930972033853
91.43,-0.455102752243069,0.190835604713686,0.850353058479783,0.0226397307720996,-0.00954693893734956,0.0223753452301025,-0.999649034917162,0.0609367686352607,-0.0889197606266797,0.0338905877396451,-0.0567093831953974,-0.0171043362995778,-0.925253497829231,-0.34800436334703,0.0555100135726688,0.0156250221602119,0.105415038764477,-0.0957392007112503,-0.975751822461557,-0.0170398695813266,0.139730894186138,-0.0676770238294461,0.143533958525821,0.00558554804149296
91.435,-0.451332382339593,0.195729680040546,0.851536359480667,0.0267055330827245,-0.00619776875358012,0.0252455382020216,-0.999791663001268,0.0535420570340908,-0.0825436659920964,0.0264870125206447,-0.0628788583349716,-0.0230877642326616,-0.925174847820552,-0.341670104853386,0.039217770998286,0.0372220880362161,0.110387724496916,-0.0897719851106137,-0.963901546423888,-0.0134910677924888,0.134981434804868,-0.0841215775241406,0.158183337623823,0.000421994076149303
91.44,-0.446463949209671,0.192970562182997,0.858634345269206,0.0239334402871308,-0.00223000333642325,0.0189064626181477,-1.01221207796163,0.0601418072280269,-0.0895521694343468,0.0292002353383054,-0.0547426589654802,-0.0199971232610129,-0.92459894702241,-0.339558323703146,0.0227582701290355,0.0527062408264648,0.102970563656472,-0.0945175066590309,-0.950252792483943,-0.00949965034327165,0.129045940905949,-0.0853540890286305,0.167760791653074,-0.0111279762728595
91.445,-0.454449697235357,0.198026621074055,0.848379946220285,0.0295665710885681,-0.00723999324421476,0.0157667745983107,-1.00912672944557,0.0554248642903719,-0.0905287562829826,0.0701134174758767,-0.0742498337054405,-0.0295770853070241,-0.929390279048009,-0.336831054430912,0.0153415494981667,0.0539268478751183,0.100968712096663,-0.0941268844034531,-0.949329654155594,-0.00787792603639267,0.145628737230407,-0.0978355589301652,0.171425569141839,-0.00428913104220882
91.45,-0.459172355628288,0.200826628520506,0.843927227308226,0.0341905183067246,-0.000127492695870673,0.0139403758673837,-0.99930115230499,0.0516017015994833,-0.0889286456888379,0.0954145738289604,-0.071682907640934,-0.0281841582354976,-0.931847955318348,-0.3343500400954,0.0155960090102792,0.0594171786022584,0.100679150138818,-0.0919232309713738,-0.950139017006444,-0.0131539112661733,0.15221513937242,-0.103551842272282,0.180165440271535,0.000151541788197443
91.455,-0.461371438419164,0.202668973517274,0.846060268807241,0.0364840784054507,-0.00180648594370277,0.0124332948014276,-0.99229705380125,0.0516064608211143,-0.0876908118797904,0.13205893446838,-0.0765481829765888,-0.0277330018065878,-0.935629200368589,-0.333917458899564,0.019593416315492,0.0656989567218144,0.0957543096727373,-0.0848567775672914,-0.957234817797041,-0.0153003241790436,0.156936652732355,-0.103551842272282,0.166414314487196,0.0093275727705479
91.46,-0.459276423648632,0.194695153770922,0.845238186957102,0.0422040105892774,-0.00229436312569358,0.00893670413643122,-0.98310134953751,0.0511178114422935,-0.0793781468549395,0.174305461878964,-0.0730150703243984,-0.0224256862084935,-0.937318029491886,-0.333709024726205,0.0326352673173118,0.0793396089096437,0.090107185610457,-0.0786354839801788,-0.96811875342255,-0.0275591100480129,0.166125599718428,-0.104200552899828,0.137477536819998,0.0147343075742023
91.465,-0.460604079250261,0.205271272010649,0.844858730194778,0.0448334859938539,-0.00764347301758493,0.00857394509598546,-0.984762721989652,0.0560017532137537,-0.078683958983606,0.197021723454252,-0.0757208083829039,-0.023964957248246,-0.933154071867953,-0.334928250067331,0.0407241738662445,0.0763147466384618,0.0797889551510665,-0.0770458880653632,-0.973931862641068,-0.0282256135862553,0.172366142512209,-0.0953847824308525,0.0829360394023181,0.0193480526049594
91.47,-0.459735129601723,0.202723343151577,0.84222273399438,0.0476252214600432,-0.00936213194918166,0.00707100297489129,-0.983008362281829,0.059112141975398,-0.0756123524193909,0.212185185305739,-0.0772255107018111,-0.0215347411588609,-0.927167940828495,-0.339725281003721,0.0455173691112463,0.0682701002436046,0.0704938040186636,-0.0751131523074381,-0.981804236126167,-0.0309621476556045,0.178488731734777,-0.0857558267960034,0.0268040897618072,0.0210806003169353
91.475,-0.458763826578143,0.200703034167557,0.843473312209286,0.0479906735084687,-0.00988080548110092,0.00460703334217586,-0.981464027533252,0.0565474852800087,-0.0803929795048832,0.208341979146556,-0.0739784783673608,-0.0206118196719724,-0.924423901374426,-0.341502384312871,0.0489201530437468,0.0583226036049237,0.0650991201400757,-0.0859734563354228,-0.981937976248272,-0.036165857129627,0.178056213197358,-0.083547059684417,-0.0135569785979192,0.0225420075053189
91.48,-0.460049974450348,0.196527909913271,0.843733929864112,0.051927217515449,-0.0119357895430458,0.0089272434576389,-0.979250214679795,0.0455255314535597,-0.0744278655935577,0.200158837451072,-0.0788176836207243,-0.0259134119459834,-0.921687657123761,-0.342618798994774,0.0539981495178548,0.0109640843038418,0.050109911140295,-0.0834126335094346,-0.982574085679639,-0.0416542723346658,0.174295615101991,-0.0791179537773132,-0.0240133181214333,0.0248401427450841
91.485,-0.459050714897259,0.200833765920996,0.847440068747691,0.0565997402913766,-0.0079720582412715,0.0113004300328276,-0.982100483587837,0.043054463663452,-0.0704838664021689,0.190970774566258,-0.0731405831351287,-0.0253885514485367,-0.925276297619578,-0.341358019340613,0.0495896645120173,-0.0301229451726747,0.040628284642907,-0.080665480379097,-0.988883163036562,-0.0405307863119651,0.16920716108509,-0.087236053339332,-0.020595172034572,0.0152422427188427
91.49,-0.4599986055548,0.196796128451362,0.851903262932149,0.0519448822759892,-0.00645638157531956,0.0162880092759593,-0.989034906501503,0.0363675165475921,-0.0688454868807638,0.174491050704316,-0.0699155935102893,-0.028695710501318,-0.931967508668543,-0.339019123049947,0.0457825958697473,-0.0667885303282808,0.038500131672819,-0.0771354943452283,-0.998353321449199,-0.0371680717515416,0.14939475545099,-0.109991028673417,-0.00240022550156848,0.00678693738656402
91.495,-0.455210803524762,0.190665419862623,0.851977729807534,0.0567773999361491,-0.00827306509017944,0.0196156068717087,-0.991275599353263,0.0370414940968077,-0.0685019444965769,0.135746264968492,-0.0520834542236957,-0.0174575015615539,-0.943078441726323,-0.337195649494788,0.0363374912076158,-0.105919284556324,0.0397123241625306,-0.0711587644426333,-1.00504067061944,-0.0323857206486098,0.131169471396633,-0.126406968547902,0.0258711811268189,-0.00672767819051546
91.5,-0.455161380241809,0.198716754498024,0.851585529106222,0.0468015366640957,-0.00454649090134875,0.0201779500186888,-0.99519183648737,0.0368432515993321,-0.0637584651062464,0.10504537465412,-0.0472490191459656,-0.0149674381984559,-0.946104738380388,-0.336394440478906,0.0232603695495113,-0.113253773801214,0.0449049283364091,-0.064717996704333,-1.01040664313313,-0.0251336339256519,0.106465681327015,-0.13053841551505,0.0666810841941065,-0.0167503226259668
91.505,-0.454747802835059,0.199383707205777,0.851233868274432,0.0408428946220214,-0.00272735774930987,0.0244892677685453,-0.992042521761356,0.043225687102314,-0.065832010594787,0.0783523586450863,-0.0483234071873953,-0.0134604606233262,-0.942178083586115,-0.335205630610152,0.0155563212140391,-0.109087856789888,0.0531917372103089,-0.0556430506010383,-1.01007447569302,-0.0211789097443178,0.0985973113037617,-0.129257758637754,0.102467924535486,-0.0238235547011944
91.51,-0.455321288110147,0.201014267278838,0.854299984900733,0.0351673918973954,-0.000942900776863098,0.0242992348285019,-0.991910957946892,0.0379845871440053,-0.0700566340267345,0.051113984365799,-0.0466424996299872,-0.0111730276085945,-0.941231486869012,-0.335759115125018,0.0124493965811851,-0.105629907433232,0.0594931255984979,-0.0473566518175434,-1.00846561476275,-0.0231225125255328,0.102214845600527,-0.113800696579919,0.132450593131231,-0.0276521098035319
91.515,-0.450906170850691,0.19854163784759,0.851212999172849,0.0252077895169993,-9.45064384751468e-06,0.0257521891602979,-0.992741649494202,0.0361650622557359,-0.0695523751039984,0.0315435563116071,-0.0368888247756335,-0.00345839373749224,-0.940674850839759,-0.340053232043344,0.01431002044635,-0.0934238586814614,0.0653390471657385,-0.0410139069709629,-1.0081810421645,-0.0149556215017254,0.118549066886341,-0.0961288722593494,0.156035507437769,-0.0345732097092699
91.52,-0.456176261699057,0.199524475323946,0.855516637495754,0.0230717872859428,-0.000942900776863098,0.0258877132356961,-0.99736152771923,0.0377211607907748,-0.0743888018999301,0.0211143383882969,-0.0418384460674269,-0.00352123695776289,-0.9411123328142,-0.346586295069431,0.0217166396195004,-0.0764621056484885,0.0656542720332286,-0.0364316857804722,-1.0046701424973,-0.0126884736184682,0.134974571055538,-0.087135343482576,0.162213327339626,-0.0349217257739583
91.525,-0.457306514660063,0.210664402835721,0.850702997000944,0.0270325275367277,-0.00061942679157569,0.0242439911983751,-0.999377284632366,0.0474040784606885,-0.0738479600322388,0.0288476992723243,-0.0353871617127069,0.00293004712626702,-0.937325373353215,-0.351335199670046,0.0346369145574006,-0.0437127539793147,0.0719741728013972,-0.0313008494389493,-0.998110155459414,-0.00979110125946153,0.147699657029234,-0.0705865164930277,0.128400184666696,-0.0393067412078381
91.53,-0.458853206739856,0.204528921659207,0.847890209982625,0.0176833699955698,0.00407436143782341,0.0273056179718021,-0.99648218447009,0.0556715652937526,-0.0732368754480132,0.0289410594960747,-0.0343272425500633,0.000136912337459565,-0.934545109954706,-0.354033789909314,0.0451760571161154,-0.0150031787249943,0.0703527862153048,-0.0379526775008548,-0.997883891516282,-0.0106723210636458,0.15979441017831,-0.0640780763214096,0.10042956146723,-0.0399808451303961
91.535,-0.456958383774519,0.202189990180276,0.851154905031048,0.0195467107400273,0.00152587796946137,0.0224007389634898,-0.992844111431124,0.0629833096355683,-0.0757207397701514,0.00251267627336127,-0.0161893959767742,0.00249817884397699,-0.93114380449884,-0.351241094217273,0.0574176316824113,0.0265042810969168,0.0717556329159082,-0.0512957459987052,-1.00090841475038,-0.0058650604700623,0.167927285507231,-0.0586539353509015,0.0605807596508364,-0.0394591351637873
91.54,-0.460002092968584,0.197279499915111,0.847812982081053,0.0142481132067184,0.00375754487642824,0.0269826256056008,-0.987058317406128,0.0526793234806544,-0.0888517014288437,-0.0213631292539025,-0.0273636670820045,0.00471886034277128,-0.926495342973314,-0.35070595225758,0.068910474614554,0.0573381423213911,0.0696870013745626,-0.0535516153914564,-0.998522466319022,-0.0121283438741639,0.157098832164468,-0.0532141642865386,0.0344657666216854,-0.0294568947339111
91.545,-0.459029677249545,0.195110864873927,0.855734175137626,0.0172079641310509,0.000797695672697207,0.0257054153184625,-0.990396492708027,0.0466792066336741,-0.0966397918591889,-0.0136443006579059,-0.0320435480222408,-0.00404503382742405,-0.92270118893414,-0.346460734870339,0.0724752164353021,0.0977722014826239,0.066343426638325,-0.0672179270868715,-1.00197566914115,-0.0223771959930751,0.153474288270937,-0.0645523130628122,0.0342365657993194,-0.019320833293987
91.55,-0.455662347248862,0.19498314668932,0.852354474448895,0.0189485605806112,-0.000942900776863098,0.0328978858141816,-0.998677292223856,0.0429681741503533,-0.0974176571103382,-0.00455736384524379,-0.02925668425297,-0.00671047715379313,-0.920096191833232,-0.342725482829761,0.0743096119345182,0.116716074042204,0.0631861112030541,-0.0654053496878322,-1.00849073396039,-0.0245332341353826,0.14955386162931,-0.0834109007077915,0.0330251801920876,-0.00832708806157364
91.555,-0.458544788844879,0.193336522887952,0.853329888968379,0.0218684153491255,0.00392352136414476,0.0345922894775867,-1.00105685732013,0.0397389384183972,-0.0969856397397121,-0.0110630595635982,-0.019799679350996,0.00287342470239952,-0.920104307767903,-0.34288233677878,0.0727010958586951,0.136055958165009,0.0666951373945298,-0.0486155504912077,-1.0141930821061,-0.027693889722711,0.145102608922636,-0.096262786747754,0.0360875820631288,0.00144381462649527
91.56,-0.467227920144014,0.192892601357235,0.849377453891363,0.0189684072060644,-0.00220429547005148,0.0322084411587306,-0.996428338586148,0.0442241930455261,-0.101249541641563,0.0271969027771344,-0.0337457228756889,-0.0112782129982358,-0.918336114405597,-0.34441513696722,0.0672524682722905,0.120736745530041,0.0713171134761882,-0.0331589926352322,-1.00436649203597,-0.026365998194886,0.14362437923314,-0.113325402140617,0.0400930895896693,0.00149172703407277
91.565,-0.457941404304916,0.199094809891108,0.849880377405575,0.0197973860768575,-0.00199789915925213,0.0373054640672938,-0.996144787539355,0.0374901647150259,-0.0953035892850869,0.0471155585388682,-0.0328955636602647,-0.00618154506564072,-0.918188408585415,-0.345792920485731,0.0681464328316479,0.110120799462554,0.0769141663173078,-0.0244690261316566,-0.999897257783421,-0.0222810863585133,0.145399917785459,-0.111639098483078,0.0313845087692756,0.00707461642651131
91.57,-0.458181807216986,0.194727762404,0.855011972053013,0.0246709665187263,0.000764758760014188,0.041972408581732,-0.998219406363973,0.0446503182499171,-0.0938890390227819,0.0776530287313121,-0.0362537689507008,-0.00153265045509403,-0.918696088864588,-0.350094185095744,0.0718767449010831,0.103898035378946,0.0887844826244526,-0.0221224123079196,-0.995674665470128,-0.0167079994131228,0.146427701344153,-0.10159389423905,0.0212330653822639,0.00604320424203962
91.575,-0.455905534577269,0.20331431396214,0.851424958615632,0.0290093557138233,-0.00403351327963999,0.0431441515684128,-0.997656170029158,0.0471104544150699,-0.0865004582698899,0.0786428403858641,-0.0410434034820615,-0.0032537302348384,-0.925976809135246,-0.356386386841463,0.0776220232393046,0.0880375948557831,0.0961495045342972,-0.040621759888084,-0.990432225075881,-0.0113048457239132,0.149149939693995,-0.0812288847895159,0.0126375146210194,0.0111157269171743
91.58,-0.456640714422493,0.207756562117342,0.848673390552375,0.0312524120157518,0.000365691414785778,0.0467657810625654,-1.00029627569802,0.0532848114484621,-0.084390204238779,0.10620011472431,-0.0424166318165277,-0.00855108957702223,-0.927044407077321,-0.358592635101081,0.0835330196535084,0.0746704156677733,0.0971749134295894,-0.0416981490645119,-0.988722831421625,-0.0047113990056486,0.144072397815251,-0.06873721320133,0.0249459025786131,0.0142649282960475
91.585,-0.453039306431226,0.210109065148307,0.851158725029761,0.0326035732769219,0.00238707420704258,0.0455875396728516,-0.997437600475702,0.0559767668643776,-0.073827816665536,0.083435359468513,-0.0435839369893074,-0.00213014163349425,-0.933775747361778,-0.357695374485554,0.0905503483355206,0.0503675353325318,0.101374787960379,-0.0554232820868492,-0.993275999750177,0.00106027487993108,0.149078509260432,-0.043401274992016,0.0291972106523029,0.0123945596795725
91.59,-0.452874931605871,0.215466473000421,0.848156793986409,0.0330346380426143,0.000264157165938459,0.0443512095112143,-0.995089005766541,0.0637546282712758,-0.0732363711460703,0.0893757853054111,-0.0377466884765308,-0.00454267308684152,-0.936335858088755,-0.350122597052611,0.0941025793219148,0.0287573426872101,0.0998561143946074,-0.0540789857648656,-0.999038959896494,-0.000553740264242753,0.142611586223326,-0.030714857143313,0.0337900651326417,0.0152857666419133
91.595,-0.454214216143497,0.212967203127913,0.845176742134081,0.0331760727811727,0.000974572635433888,0.0393092018203597,-0.987778878275241,0.0607470878331119,-0.0665671518538886,0.0752686094891523,-0.0403916399466525,-0.00282333977520466,-0.94116817963569,-0.339071794830754,0.0924298128597143,0.000148306573567547,0.0892999888319669,-0.0429733112597087,-0.99914994463661,-0.000129363179511148,0.140880106858499,-0.0212998246674234,0.0332005190222339,0.0148594199042321
91.6,-0.451689911581504,0.210913497244894,0.84256858868967,0.0263350041367306,0.000419474790157554,0.0381448205992194,-0.987240676093183,0.0611815845273899,-0.0642240328153603,0.053180871805082,-0.0354392315833935,-0.00534815919179515,-0.94263348461462,-0.330226525341334,0.0864203469279649,0.00865810410447882,0.0894669708735542,-0.0455836842556331,-0.998831421461658,-0.00161929142514479,0.140755696675181,-0.0228391535435234,0.031124635814803,0.0116810214454645
91.605,-0.447537371844318,0.21815517819082,0.848283616545048,0.0270393132607227,0.0047044585341168,0.0333705954253674,-0.986389103343989,0.0644599688603808,-0.0602963693806098,0.0347953533794891,-0.0450268427331938,-0.0088212047551384,-0.946446417655251,-0.318811068933463,0.0729522592467738,0.00908082140175985,0.0863383619551757,-0.0432442572885119,-0.998278178601065,-0.00172615041174766,0.140264274516419,-0.0233466906758539,0.0325821311070327,0.00752974386040229
91.61,-0.440276854229735,0.216990748968936,0.850085597483531,0.0232278760821271,0.00273571549955666,0.0321421324609422,-0.984268457043345,0.0624297791518216,-0.0534516290815239,0.0210682928712424,-0.0405502148375872,-0.00948111902597414,-0.9442843485575,-0.317161605370892,0.0633024892385085,0.0163108188925617,0.0828564418927862,-0.0394557545928094,-0.998599268216143,-0.00556292557925324,0.140128101263365,-0.0292754994749025,0.0269273154382212,0.00228592035564278
91.615,-0.441367026760088,0.217128543813643,0.847060481615567,0.0198559754507582,0.00317588864193335,0.0259530021816278,-0.980598437166548,0.0643635461493475,-0.0587247922137569,-0.00890385071961244,-0.0391293945912899,-0.00771011598408222,-0.937560403363281,-0.316009859483595,0.0505560860759067,0.0228083948099562,0.0762168863413102,-0.0393492262065784,-0.995183730783171,-0.00604668259445128,0.148178713823919,-0.0507169902820335,0.0214944185221391,-0.00479425429445123
91.62,-0.442862093981899,0.216262277539837,0.853877876712631,0.0224094015529975,-0.00135138687069717,0.0176928083428517,-0.988001956673757,0.0621081364556392,-0.0565405824889879,-0.045000189078655,-0.0383615786519972,-0.00282333977520466,-0.934311139622205,-0.318351096009344,0.0336226781508184,0.0326077493844864,0.0721607311440135,-0.0202758710636882,-0.998452510720899,-0.013204381027676,0.150826545477867,-0.0704789792502458,0.0178188259786128,-0.00109612118368434
91.625,-0.447497840617832,0.211549487631572,0.849825762635783,0.0194164656219844,-0.00469899383596801,0.0195550582509427,-0.991895568129478,0.0526146101626951,-0.0669416952297025,-0.0664220396161758,-0.0389062197991509,-0.00437299726293812,-0.930367862619471,-0.32757694458528,0.0258751347858905,0.0396995300211928,0.0679175125090845,-0.0118366198509659,-1.00333451979826,-0.0116792813596631,0.156868218555582,-0.0932528762424578,0.0203971485557051,-0.0079721505703421
91.63,-0.457234658612298,0.205686515178473,0.853888546978267,0.0177268665283918,-0.000144337796844468,0.0173634190975393,-0.998560894764954,0.0462695915434339,-0.078879076325259,-0.0681664785847211,-0.0452012201484952,-0.0063449166524353,-0.926697390475187,-0.342133146657854,0.015734336081246,0.0485834842023814,0.064583911633888,-0.00739464506944357,-1.0045870623159,-0.0173973733233651,0.157907962339406,-0.103551842272282,0.0154191724277691,-0.0109282067076185
91.635,-0.456789165611882,0.197461948126114,0.854078643325321,0.0138651791254451,0.00150048732757568,0.0162668712437153,-0.996425864177887,0.0362875239729964,-0.0888603903954611,-0.0474096343173693,-0.0416295780509538,-0.00624390734882022,-0.929124506730461,-0.352134001176249,0.012640270652468,0.051699286913699,0.0681167270020199,-0.00533381104469299,-1.00598659315307,-0.0163706400096412,0.161284951524611,-0.119888601354271,0.0206052471632363,-0.0103873673880865
91.64,-0.452182003130524,0.197941629258501,0.850562217625014,0.0130742978464763,0.00504846478943027,0.0179569844322343,-1.00477578643412,0.0377255728303745,-0.090613784821356,-0.0367331662719025,-0.0330076051219736,-0.0058557751749321,-0.930108580823949,-0.36654957943984,0.00654116867734182,0.0421770681680032,0.0695187387990103,-0.0213667404541931,-0.998720411195862,-0.0153528625489383,0.15976210748736,-0.132630559818095,0.0255076184975743,-0.0100647369821304
91.645,-0.462000349885405,0.201341099961485,0.847782612173293,0.0142218942489061,0.00429773620281507,0.0216676226094799,-1.004438472583,0.0400387675553397,-0.0896683170272918,0.00157649706310493,-0.0198937807459342,-0.000379949808120728,-0.924759552220113,-0.37171702474837,0.0051515156083666,0.034112571250233,0.0733237935727056,-0.0220503112559225,-1.0030379056806,-0.0225864358358549,0.164404349107237,-0.136510190017475,0.0342710278177037,-0.00142050740492998
91.65,-0.458725776483083,0.204333382509552,0.845674880840467,0.0135201854586906,0.00453163913288691,0.0211998160361001,-0.998335904723032,0.0409208771872508,-0.0918796306863821,-0.0113309871703401,-0.0301452968269587,-0.000379949808120728,-0.918559091886949,-0.374614608813252,0.00727399292445386,0.024906850900699,0.0713316676699489,-0.0239073655679894,-0.99964712923419,-0.0243465815116343,0.162394978552566,-0.132353025481472,0.0502019731381426,0.00171138680601631
91.655,-0.463907484132582,0.202150904419826,0.854734280499476,0.0133619059493277,0.00490466073800456,0.0242969158420827,-0.995769657216851,0.0344994639944495,-0.102414817206556,-0.00326305592813664,-0.035971132926918,0.000591022135013895,-0.9118066445258,-0.376815811106763,0.0117903325144108,0.0291373726303044,0.0684438175535743,-0.0270989859706028,-1.00255439386977,-0.0263526755740051,0.15520874975083,-0.137926965150348,0.059440386039741,0.00627443307617382
91.66,-0.45674436876939,0.191250569171736,0.842292349538223,0.0202154345109166,0.0040342314628961,0.0237325733286444,-0.999558502952726,0.0338654388353782,-0.104655165012234,0.0115055374246454,-0.0349749689397379,0.0021776511886607,-0.909567920535204,-0.37214334420225,0.0202811220628059,0.0431240147072206,0.0694868041283844,-0.0199109564773505,-0.991341706175699,-0.0227936121122901,0.158393912833522,-0.127400031643817,0.072598158922114,0.010977966600753
91.665,-0.456263915638834,0.204806683206235,0.852465269407091,0.0217587395822621,0.00565368546731937,0.0283624896611243,-1.00151245958767,0.0401579354044447,-0.100080847078502,0.0285208700235721,-0.0365008661843145,0.00296940815394387,-0.910772312281608,-0.372364409417328,0.0237575895202047,0.0722573760971716,0.0626557320356369,-0.017142668137962,-0.988214769522429,-0.0249172563995814,0.157708444566525,-0.116032323675154,0.0741425353108805,0.0123855325339407
91.67,-0.45440708014118,0.202489949879601,0.850909023089692,0.0244140555372189,0.00814483215074055,0.0345280273655509,-1.0047387289166,0.0413226693048249,-0.0964596228078329,0.0479135627098175,-0.0430069828996676,0.00284375098777455,-0.909894639764428,-0.374165746959069,0.0307733477779083,0.0850765189335323,0.0626557320356369,-0.0185916722633056,-0.988715503811836,-0.0258478679942581,0.155656881084045,-0.0989564532851451,0.0721904395293949,0.00734086848398481
91.675,-0.461133869764503,0.205343617285947,0.84770773045768,0.0309713375616632,0.00123347004622756,0.0298106752516615,-1.00050746988358,0.0524936808893978,-0.095974633323375,0.0515711394187752,-0.042625879221851,0.00381240678070856,-0.911103192347216,-0.371379639019375,0.0414105245075205,0.0795824304223061,0.0626557320356369,-0.0342362271817742,-0.989264912727415,-0.0239581743583212,0.160679680346223,-0.0835756992082672,0.069059276978624,0.00567213629637941
91.68,-0.465158773493055,0.208727380109991,0.841348075163726,0.0309950762874359,0.00272218137979507,0.0347627197509689,-0.991321973883403,0.05625308351964,-0.0915998117304343,0.0565830803126484,-0.0418209500632623,0.000452943422535477,-0.907647295338311,-0.371306517498384,0.051594297879342,0.0710326632806075,0.0621678912017969,-0.0273243114352226,-0.984440990489444,-0.0255038481652187,0.149799642917519,-0.0742311775684357,0.0643567294046157,-0.0015702260091859
91.685,-0.457499875883178,0.217106947682998,0.845776687308052,0.0283320134673402,0.003502387892428,0.037425780838342,-0.986727362582813,0.0612385406805838,-0.0885955234113904,0.0542965599859139,-0.0472978789478352,-0.00244868101724517,-0.910152441428504,-0.369988637983455,0.0635965785131138,0.0528662739701536,0.0586123724849059,-0.0315413960118634,-0.985611815832472,-0.0170126470390531,0.154563846687834,-0.0724726235789802,0.0684930412514912,-0.00309554390774897
91.69,-0.455915885835871,0.208624460611446,0.846157498974307,0.0232294200407243,0.00272499389454322,0.0376472286670714,-0.992692309815096,0.0596419623111782,-0.0833389053041313,0.039679955443881,-0.0474206248240732,-0.0010551492045275,-0.91136240846704,-0.367086383285105,0.0684701985356506,0.0338800191143395,0.0602123439311981,-0.0314615176839169,-0.980070991403329,-0.0139300272293369,0.159638105459114,-0.0693443939089775,0.0749293421336782,-0.0059656814549481
91.695,-0.455702411654878,0.211484975351473,0.851530687888658,0.0237761018042962,0.0022098076136414,0.0380011855323519,-0.988177303767052,0.0615763787426519,-0.0781414345029236,0.0145434452992711,-0.0491901437131182,0.00110419896762444,-0.912111701281048,-0.365193296014312,0.0732393307631807,0.0173344287462077,0.0612255542494554,-0.0208280758786257,-0.979697008131351,-0.0135758243493506,0.16546303929417,-0.0672894504911573,0.091966157999833,-0.00651521296535289
91.7,-0.449335665197085,0.218288735254784,0.842866235347798,0.0200557897550569,0.00275079804308472,0.0322347513630169,-0.992213713375998,0.0512773177357981,-0.0790886729660659,-0.0099414754225439,-0.0520947360377726,-0.00261802506425045,-0.911776714303577,-0.363982425623969,0.0730661208983839,0.00336465390187276,0.0659156264781148,-0.0185023204763194,-0.982618689696884,-0.0226044864436459,0.171537411769009,-0.0732676476166188,0.126152150041576,-0.00475506827253359
91.705,-0.460468471006826,0.207828949175625,0.846214648670252,0.0149355794988731,0.00463966955688405,0.0340744982176322,-0.994224482200831,0.0559128461703314,-0.0874580307137782,-0.0128256865738148,-0.0564290465895033,0.00365279708082684,-0.91416331718257,-0.362813234814757,0.0706646844545076,-0.00628039745664693,0.059382126698921,-0.0127112389504018,-0.986046535173744,-0.0242211002349858,0.174492122301419,-0.0770792540210788,0.14860451961673,-0.00102189333206509
91.71,-0.457200343323841,0.213540248981885,0.846436908877038,0.015338593572155,0.00702566858131713,0.0303439183135731,-0.995744237736583,0.0537701335082234,-0.0887149170504439,-0.00465560018549062,-0.0659895802367544,0.00515681612335015,-0.918921980387299,-0.362859673005308,0.0646058615051091,-0.00552824592809373,0.0615700175709525,-0.0156512818125881,-0.995719694760126,-0.0227752519974596,0.181231623270298,-0.0806742397189119,0.155099193760247,0.00220556024908652
91.715,-0.453347322055157,0.20965384329024,0.849061956524897,0.0115585518982449,0.00563030996084718,0.0269699090485499,-1.00294135499003,0.0520468654593365,-0.0878756458368805,0.00377297670168462,-0.0651303840035513,0.00372918758746833,-0.923899741720863,-0.360423184032715,0.0593670241476237,0.00798227752514151,0.0636810695633682,-0.0148674520326691,-1.00782724093013,-0.0204793374537479,0.185748180497811,-0.0931727382020788,0.139933846100639,0.0058959536254406
91.72,-0.452860743697507,0.208323143212035,0.855281065127026,0.0142154944607025,0.00142363094164672,0.0245113094313133,-0.99811881343606,0.0513993563280356,-0.0901973374885938,0.00756471750728616,-0.0627681271653339,0.00652083139355175,-0.923544192645562,-0.358480232169486,0.0582755879379536,0.0183879405156265,0.0706587724625036,-0.0213255993369219,-1.00935165898428,-0.0203380923146393,0.178657156675919,-0.107960892477318,0.123527212160982,0.00943704483265935
91.725,-0.450264185361313,0.200452260921481,0.848672527316684,0.015491658762545,0.000616625617949773,0.0209454676290823,-0.991881747065037,0.0483918304437892,-0.0893044933103832,0.023718470693654,-0.0727240164005239,0.00224402943604233,-0.925822692287434,-0.350932969044199,0.0547657169804483,0.0168942069432861,0.0647173156759865,-0.0224375352263451,-1.0068366774774,-0.0208123821849279,0.170062839065909,-0.109685104042572,0.0961365002521586,0.00752901343642526
91.73,-0.453535760399494,0.206350299945463,0.854857808341341,0.0172778719143045,0.00340239369512659,0.0254989456498728,-0.99841919048491,0.0497128421164888,-0.0918051802936835,0.0191769802512199,-0.0679200725280761,0.00440907530720224,-0.923847925070312,-0.345534800634002,0.0483744349752641,0.0139269873288481,0.0638774260878563,-0.0266921909544117,-1.0057248733696,-0.0200952431004532,0.167577387244946,-0.0984180014921715,0.0881355073644211,0.0044271950019886
91.735,-0.449183461475952,0.205004072203995,0.8544498099113,0.0231171111133386,0.00689073004987728,0.024674380590515,-1.00364112442071,0.0487444257477512,-0.095490085421741,0.0326233836271691,-0.0703416468385476,0.00151237515652723,-0.924877499165368,-0.346965151555494,0.040623849031074,0.010520109743366,0.0620083043580148,-0.0278985778098199,-1.00501536867945,-0.0226902929854539,0.1640916279085,-0.0917388779269748,0.0852593798553643,-0.00225193146231045
91.74,-0.461759870887129,0.199691201804883,0.854361614981355,0.0243465988957517,0.0123253138029541,0.0261256373840588,-1.01036719976049,0.0466707368781291,-0.0958983982210304,0.0435967490807332,-0.0688741445975459,-0.00272819312647227,-0.923844917976438,-0.346731508031258,0.0323183551596635,0.00470431186034312,0.0570202683598271,-0.0270878081425791,-0.995362047147136,-0.0172156600547268,0.150916714716142,-0.0769780515131744,0.0934905589045368,-0.000647175763342456
91.745,-0.459575149258798,0.207851938919391,0.848590871736406,0.033052253674882,0.00910897268047583,0.028205495410486,-1.00575620986767,0.0496711606854499,-0.0924112416263811,0.04852371961283,-0.078362516869741,-0.0032280506940022,-0.922308797433372,-0.345378239092334,0.0273188940260055,0.00104257821688354,0.0596770226781219,-0.0266379386360794,-0.991960033525465,-0.0141486134316249,0.139850359663482,-0.0663973542109906,0.109170097986379,0.00810623452222536
91.75,-0.452245909618591,0.211910995728964,0.847327213925287,0.0371721591503641,0.00903429065865278,0.0296036917419454,-0.999955830787801,0.0519732171864761,-0.0843918804746033,0.0751917519406479,-0.0732094340088659,-0.00434986176646433,-0.919842204004825,-0.351006476747235,0.0269651103238384,-0.00261115282859385,0.0581090077766377,-0.0330769736326186,-0.9912409148993,-0.0127964637889357,0.138545861770286,-0.0545880903525882,0.126956925086193,0.0146497653116308
91.755,-0.451863990103353,0.209575602597911,0.849889350619133,0.0408371079149958,0.00840314648693713,0.0284838154911995,-0.997097881919117,0.0486183598478047,-0.0849630338298749,0.0902389061239312,-0.0743272207830851,-0.00160164386034012,-0.918372923225213,-0.356355241083489,0.0319169644965661,-0.000749187166057969,0.059221018476924,-0.035645801202813,-0.991850438821277,-0.014348251031755,0.134835786056383,-0.034917007407843,0.137610765683294,0.0166758844970764
91.76,-0.456817986548818,0.220801554420496,0.847402504059312,0.0373248821616181,0.0112358636319631,0.0224389720857154,-0.99436538572247,0.053311261443139,-0.0793911002603762,0.10137404088082,-0.0802194821099577,0.000834098570552346,-0.92151721430635,-0.358011411664485,0.0393298951771482,0.00672333313827161,0.0566104863078788,-0.03836171131938,-0.997758679387815,-0.0102969765290698,0.135609640898472,-0.0276204073008198,0.145429463267005,0.0230742281588643
91.765,-0.447028032238847,0.213504643104683,0.847330338719192,0.0420121475339712,0.00780292408770184,0.0237456486343561,-0.994128515031955,0.0550888772879201,-0.0744626595146231,0.099924239352429,-0.0777913853526115,-0.000497089667893078,-0.919784511373817,-0.355781163794597,0.0510153047118813,0.0375180523413289,0.0622058095172739,-0.0391681760503376,-0.99637790622938,-0.00749269477252139,0.133114035200701,-0.0242007691821908,0.130248661575894,0.0258601440366831
91.77,-0.45079599171692,0.216522027971749,0.847030691284754,0.0384956747293472,0.00452865769970032,0.0208930011659898,-0.995513038737985,0.0555550108974305,-0.075137188156819,0.092548527104399,-0.0777913853526115,0.00140316029739156,-0.918523085081675,-0.35361875527939,0.0546120584050824,0.0545182817516577,0.0676903712991065,-0.0358761698007584,-1.00162110213356,-0.00911667011802496,0.133667673630827,-0.0297282332036389,0.115414637406662,0.0280642750061076
91.775,-0.452650352652686,0.211875051462569,0.849794375430942,0.0344802880728001,0.0109707967242049,0.0200644065198475,-0.999883985857723,0.0575002046269724,-0.0803060522824383,0.0820710335655914,-0.0818536689886646,0.00388845851951974,-0.924741145226266,-0.349118471709569,0.0561740735549887,0.0608981743556826,0.0656373779834016,-0.0390029983864799,-1.00329251339537,-0.0108859728328334,0.132693272171988,-0.0365939366651802,0.0996357373293244,0.0269935633049002
91.78,-0.457942675839048,0.210796085952413,0.846920797314135,0.0346991847315817,0.00760895758867264,0.0210660447087148,-0.997307023488662,0.0554361471426909,-0.0768332396706809,0.0751856138049929,-0.0799013043919048,0.000952900570901616,-0.930166209288435,-0.34453895298016,0.0572370961497698,0.0455299966030633,0.0658284990269968,-0.0459688454178639,-0.997564650598936,-0.0107994370510861,0.131014049496074,-0.0374842895926842,0.0841411824882681,0.0289160492167938
91.785,-0.452512253102724,0.214227816251858,0.842622374592186,0.0311655066907406,0.00728672490606902,0.019999191061147,-0.997679024473189,0.0569617215015605,-0.0702563473097752,0.0600908598240063,-0.0725612430421041,0.00225505773453606,-0.932083207326765,-0.346816791428361,0.0582496172570917,0.0198730175088366,0.0593778509478533,-0.033045580627445,-0.997421437440836,-0.0120683457157607,0.137947517982169,-0.0331330268204317,0.0761777197382011,0.0254551554841796
91.79,-0.452713567801213,0.215980661732093,0.84852502354543,0.029815418440718,0.00571221992604162,0.0215719063926884,-0.995399838108202,0.055321019320697,-0.0703090857630933,0.0424116703268325,-0.0675771405791039,0.00304152378670796,-0.933381774222416,-0.34665425212068,0.0573097720938819,-0.0148258934330306,0.0623372986854184,-0.0307944511412866,-0.997921205675035,-0.0136766412475989,0.142934910903159,-0.0287527054337193,0.0766123995116462,0.0229996778070927
91.795,-0.441910761954164,0.215792880333701,0.854212311949431,0.0268051751824319,0.00516556948423386,0.0189734826297611,-0.994114811245637,0.0584366619849083,-0.0664747510851921,0.024771968205788,-0.0711322445020655,0.00282302107397892,-0.932789536554713,-0.342954198973691,0.0559121159874708,-0.0280559726802009,0.0589077226783938,-0.0277798181758764,-1.00067608833513,-0.0171344597792573,0.144784410515507,-0.0221846962690127,0.074576282821244,0.0260242318667028
91.8,-0.452517524792989,0.220008787372126,0.848789396023134,0.02245766721899,0.00784292366005951,0.0146552326889571,-0.991297474215401,0.0687277543999593,-0.0704348588317233,0.00723859718205811,-0.0681846907453305,0.00259085369023277,-0.931400210986621,-0.337889890010083,0.0590019180298604,-0.0333401807229612,0.0642156626673169,-0.014430891678696,-0.999520371933311,-0.0146511523170638,0.15573972254129,-0.0237622795795401,0.0733428230415574,0.021651510589487
91.805,-0.457326123271733,0.220013133220398,0.846294549255794,0.0183444843966625,0.0101785771541178,0.00930185833350221,-0.991333908301612,0.066184147394924,-0.0714079671850034,0.00234127799326981,-0.0606008323537713,0.00600643171622895,-0.931687266415822,-0.333148606521156,0.061012462120399,-0.00885876552200662,0.0667383307926279,-0.00817929037427561,-1.00318841664016,-0.0114693406306104,0.154987766190583,-0.0167262231638008,0.0654733393944152,0.0188894479630658
91.81,-0.461274402980397,0.219344804892577,0.84560475316918,0.0166088347979966,0.00442514344108114,0.0107951610181689,-0.987664243085338,0.0594094563222621,-0.0740625432151598,-0.00742952240614487,-0.0721502258309276,-0.00160164386034012,-0.92966647597417,-0.33343919737018,0.0603931417847353,0.00807850802987008,0.0657819737618779,-0.0130960149321645,-1.00095196010527,-0.0113779593656134,0.156652637714676,-0.0115725389205483,0.0468597096916159,0.0142753957705204
91.815,-0.456542185651445,0.215561192798791,0.84251384114612,0.0119587136013374,0.00150048732757568,0.00838444342672195,-0.987007571756913,0.0545478474573954,-0.07624848197551,-0.0136262050016756,-0.0684329439988803,0.00245489686552018,-0.927209970839153,-0.336465450744393,0.061252856809464,0.0186341900474645,0.0621575105919718,-0.0152882316145867,-0.999382699598594,-0.015228289043478,0.155406771805602,-0.0173679244744303,0.0342379472351036,0.0174475988671025
91.82,-0.450699186928131,0.211308321595771,0.850854233818468,0.0160057886944961,0.00222279702708313,0.00771500915288925,-0.984087710616527,0.0455564675533215,-0.0769189611747332,-0.0162907625034968,-0.0693745416973452,2.51168802897242e-05,-0.922810785711973,-0.340898976931824,0.0624227048010171,0.0252837845235175,0.0582437808938749,-0.0206272407260636,-0.994056697993117,-0.0141483452354211,0.151242062795727,-0.0278067830950022,0.0248544588685036,0.0130546699193678
91.825,-0.451982169589594,0.211195218443699,0.848618490135244,0.0124304726366049,-0.000946482455474322,0.00690293061140205,-0.990118676552963,0.0464153086304336,-0.0770146475648357,-0.0207992764618274,-0.0683803869338232,0.0024528029147232,-0.920718345275241,-0.340510952168895,0.0546251034812204,0.0371652035752523,0.0605544238129843,-0.0244411162455672,-0.989167197104481,-0.0148713815988272,0.148141974524831,-0.0305241031533582,0.0302891003661946,0.0110986544892057
91.83,-0.455684484830176,0.209653090312401,0.848133800021612,0.0140617825090885,0.00150048732757568,0.00593362782928586,-0.993115695319128,0.0472225548890996,-0.081777940015471,-0.0198522242963971,-0.0677163808335774,0.00285992777334258,-0.923563268226777,-0.337374490670278,0.0470174028269213,0.0251391287396399,0.0596881363221748,-0.0243567157217605,-0.993109774490096,-0.0125184716897307,0.147118242113656,-0.0337123261501835,0.048062535842437,0.0109856626281692
91.835,-0.456204835849414,0.211031129359646,0.847826520157547,0.0130675239123283,-0.00347081171977625,0.010470350072276,-0.998014871917341,0.0468257830127722,-0.0804292156056814,-0.00404234960154924,-0.0694562108302158,0.00350182550490321,-0.925038669454667,-0.326146414802351,0.0399560726684813,0.00902902953240077,0.0591814715897539,-0.0248809233307838,-0.993456456512445,-0.00611516078406981,0.142826012195766,-0.0410565349399057,0.075082563324908,0.00886831364217224
91.84,-0.456608371345675,0.211581312286538,0.849530517400552,0.0117073189326632,-0.00445978265664209,0.0125128635825284,-0.99835430975951,0.047869269235766,-0.086360397827573,0.0130151135983247,-0.072231531694547,0.00147261337571873,-0.928263804418337,-0.344454226442306,0.0376981508405698,-0.00464380301025019,0.0615754099292257,-0.0226495931450574,-0.995421873602775,-0.00338125771446725,0.147370944275833,-0.0435145972717084,0.0940511241100555,0.017851578467641
91.845,-0.457561836366166,0.210072331813873,0.850964235987239,0.0141680405287455,0.00112867304920184,0.00856489184213713,-0.999769480236799,0.0474027259786311,-0.0849272994879058,0.0322656013107166,-0.0788752915155564,-0.00832555682378223,-0.929524209567987,-0.356949089582303,0.0391567406256726,-0.00223807197247487,0.0638774260878563,-0.0286120632999233,-0.997960814135632,-0.00346109409382633,0.147430222008076,-0.0408138246437719,0.125325815557468,0.0174690073273861
91.85,-0.455129836047634,0.211483891665486,0.852321242771888,0.014791208074049,0.0034516023966156,0.0108878233060286,-1.00087118279851,0.0479067388585117,-0.0845139418737165,0.0321916045510453,-0.061995597911208,0.00507455394549712,-0.928099248814952,-0.362581096520975,0.0409284692959042,-0.00324202818981085,0.0645602891709631,-0.0313841924469991,-1.00141371230366,-0.000312247973830871,0.146065757932984,-0.037227267530191,0.135506079970535,0.0223005629213072
91.855,-0.453177412000612,0.212413839405551,0.847831261942606,0.0149705581912302,0.00271218762129521,0.0110671738707923,-0.998026331038666,0.0578220842762184,-0.0832835638197,0.041584482743601,-0.0622021447980752,0.000791208937863503,-0.927324256343489,-0.368990004494609,0.0461092505661116,0.0103137410627179,0.0679667586051941,-0.0307235770848738,-1.00052460354554,0.000223727012517651,0.146352566895939,-0.0302663658392072,0.135054539993924,0.0285968014504391
91.86,-0.457257079368488,0.219690370713512,0.8502893781933,0.016478603329499,0.00274875051296574,0.00896327328310468,-0.999032046130892,0.0664679595096948,-0.0736194380990668,0.0338156224073983,-0.0620152160697321,-0.00146049601113584,-0.92785785231135,-0.373973920138865,0.0544716844706614,0.0237297962805618,0.0649183117371789,-0.0333725122286873,-1.00449553412275,0.000868350318777169,0.141002613129469,-0.0158741296406144,0.125914460767639,0.0279645727609052
91.865,-0.451923780132293,0.220251961544703,0.846235602123296,0.0125262891700272,0.00575966496276937,0.0116603898167774,-0.990885609484838,0.0678317473251177,-0.073477230454625,0.0183764984118235,-0.0631857961795243,0.0019201958621723,-0.926467681812245,-0.370335291998324,0.0620202061529553,0.0561077420729408,0.0596166261518987,-0.0311206405451889,-1.00393213373529,-0.00141621053618899,0.140883490519538,-0.000990126584725385,0.101494813452468,0.031817318454323
91.87,-0.454414834114357,0.216191347970316,0.842817425421429,0.0109699690235268,0.00394387543201447,0.00569457574789225,-0.987983538468302,0.0625368833459739,-0.0701705485524434,0.00390480467398832,-0.0563302064872075,0.00186021983074862,-0.927527729822835,-0.362125876681404,0.0681000022611254,0.0669038314838568,0.0553255677223206,-0.0278401536135997,-1.00062000099489,-0.00358445692464071,0.143014260902156,0.0112622806427553,0.0831586058880397,0.038409889951445
91.875,-0.451960785596892,0.21173639655771,0.847643661291584,0.00649035786458283,3.75359220501291e-05,0.00673457208027247,-0.988456654993508,0.0584761955465242,-0.0698733162862566,-0.0163891492179329,-0.0597843384942937,-0.00346008183769032,-0.926728774942951,-0.355424054416887,0.0690172170570041,0.0730674964473227,0.0522701811364919,-0.0232504626541178,-1.00215215662406,-0.00087710267889487,0.140773816694805,0.0142852305139922,0.0612795150308292,0.0388817079365253
91.88,-0.453179049303259,0.213517919167649,0.846993545333556,0.00559178903684804,0.00253115470017782,0.00166111564601013,-0.990950027618758,0.0466273878205883,-0.0766072281266435,-0.0207339189194013,-0.0497309622176122,0.000726079283692743,-0.928289153798503,-0.350907756016349,0.0588581300797528,0.0619478143529503,0.0506271919993134,-0.0210274332376747,-1.00081959248552,-0.00690450696912694,0.15164123015598,0.00861289919258966,0.0492772288207101,0.0317056414429227
91.885,-0.459975517764033,0.207451333923155,0.84640250247496,0.00707330023961959,-0.00197655360194441,0.00440021000888998,-0.990315869067616,0.0449254368338447,-0.0785601913441611,-0.0202730081706466,-0.0491085304619815,-0.00137888227683651,-0.929783275941013,-0.342217452658039,0.0485903365567555,0.0735303330832307,0.0537154332933686,-0.0156085496832238,-0.993063151806449,-0.012181709577096,0.152963509494277,0.00315889291693878,0.0309629328548908,0.0331868979205404
91.89,-0.457768524888941,0.207699448651026,0.84759423047168,0.0025196465094738,0.00423491634932518,0.00932047166202583,-0.992618726601009,0.038887509598937,-0.0847894963456531,-0.0144695294625659,-0.0359128764312645,0.00548372982337553,-0.93068397870662,-0.339450854683491,0.0405726941006774,0.0674909583518442,0.057129710883024,-0.00577890628560031,-0.998615681504341,-0.0128597300343438,0.160841399254462,-0.00237263167942429,0.0287982400849281,0.0329946669443932
91.895,-0.460225568568716,0.210998976082572,0.847680201888237,0.0020857996155345,0.00346195272415409,0.0145632535523129,-0.995896260741015,0.0379055626977085,-0.0796132144585152,0.00928339801413038,-0.040816220589361,-0.00272965442511401,-0.930327052267109,-0.338841140204531,0.0357018853386977,0.0598360029805718,0.0571606891124855,0.000365713861345326,-1.00654470785246,-0.0110324352278697,0.162151756547754,-0.0178160282390798,0.0242028907136365,0.0319316238294869
91.9,-0.457311928962322,0.215989878111289,0.853688798746977,0.00541345943494995,-0.00197168001890124,0.0138234822079539,-0.999412990844889,0.0444353894002121,-0.0783297327234773,0.0165885771141859,-0.0445688923632749,-0.000498319237482052,-0.928740246678322,-0.340042139942313,0.0340763205494741,0.0341208648687361,0.0569787127557562,0.00774603941676034,-1.00375440411581,-0.0181857354577487,0.164424899539366,-0.0280082535407274,0.0240485767784325,0.0265640266035334
91.905,-0.456511667851813,0.215656308963789,0.846492850035826,0.00147515264506543,0.00272218137979507,0.0154148609668567,-1.00063528755765,0.0495865167253013,-0.0769477490608193,0.0317616357309726,-0.0391035622091355,-0.000785106973391602,-0.929706395396034,-0.340366565767305,0.0407138365048154,0.0311453314510137,0.0639477697096117,0.0203921225748308,-1.00685484940901,-0.0163277902939203,0.154102594713928,-0.0364601409973684,0.0155244718518207,0.0245559288451676
91.91,-0.457272604683377,0.215820440542838,0.848579737118679,0.000111180964116097,0.00272218137979507,0.0174226416006173,-0.998226447817605,0.0616522875686483,-0.0728843209853687,0.0302790473265768,-0.0394378320424516,0.00263101194111835,-0.929226453673684,-0.3418293700507,0.0451839675649337,0.0278582565529468,0.0656411327157782,0.0214058041044805,-1.01490718890041,-0.0147439043356721,0.143607770306519,-0.0480490861791458,0.0149122114562817,0.0229996778070927
91.915,-0.457722427893352,0.220530106029844,0.846049072543855,0.00184483826160431,-0.000959864654201013,0.0162668712437153,-0.99569323837354,0.0636571110328978,-0.0699854020091383,0.0296669789325133,-0.0402094273060392,0.000201195360168584,-0.927776829098812,-0.345005654692757,0.0530590517897875,0.024606179445982,0.0679653959001712,0.0126783866373394,-1.01439706482241,-0.0166671352132931,0.136339573493195,-0.0466365447429079,0.00901159864749565,0.0191215906734016
91.92,-0.454645420747956,0.221856916837316,0.841642622057323,-0.000538572724180467,0.00272218137979507,0.0126317767150615,-0.988354490210325,0.0651901582501755,-0.0683361038823823,-0.00110373074765967,-0.0301047531471826,0.00328513421118259,-0.924688468228391,-0.348192527039985,0.06029261627662,0.0233168310403461,0.0686289043531887,0.0114993031738737,-1.01211793723142,-0.00549357944822379,0.127287442972043,-0.0466829302754338,0.0133559859852336,0.0253591972409276
91.925,-0.449544904464286,0.217172359025921,0.846448020849442,0.00302915378173689,0.00311695321983927,0.0154025698690734,-0.985191714697915,0.0643325065260063,-0.0648744991866827,-0.00161843012989667,-0.0301410484612747,0.00247350354725152,-0.922396679712563,-0.345690944663615,0.0631223747400174,0.0187076177541141,0.0654570217549642,0.00645124070941607,-1.00563107005928,-0.00303315047908562,0.116047822007023,-0.0353528007288241,0.0105386122172124,0.0255578959465853
91.93,-0.444853867694593,0.221536696278065,0.844137652719796,-0.000123276047891077,-0.000281020307238121,0.0123729135921251,-0.988704599417903,0.0633834859246782,-0.062855548501692,-0.0233460418468211,-0.0304462415929,0.000127596206657663,-0.922124267887988,-0.346522468350611,0.0646675923643186,0.010175514098805,0.0624016145049213,0.00418563129292717,-1.00009571609946,-0.00425248161782552,0.112712368082195,-0.0224597836321479,0.0137692579540239,0.0241314218577268
91.935,-0.4434556484061,0.220271504799428,0.849306586122321,-0.00426363572478294,-0.00237464473368848,0.0117616127354094,-0.99094314386812,0.0548145633184699,-0.0631103983710886,-0.0433284432604685,-0.0340931144066043,-0.0014138518192278,-0.923011940750551,-0.343792305812859,0.0670676710827455,0.00131990268629265,0.0593185398677372,0.0106222981763043,-1.00612049926512,-0.00273809925969086,0.107886667946053,-0.0168115310370922,0.0328312811587669,0.0282026232378988
91.94,-0.449894473051818,0.22050771513088,0.847352432473133,-0.00710436250846183,0.00169915666719573,0.00751633973754433,-0.997631122194786,0.0535734856853461,-0.0711054846033151,-0.0613062691075465,-0.0183407457728436,0.0041800104085366,-0.922145891684984,-0.342432390088191,0.0634128287164277,-0.0120446570217609,0.0527503983550438,0.0120334756626351,-0.997554231639583,-0.00665235415437909,0.11272534346006,-0.0145124882281836,0.0474223408813036,0.0342062047657906
91.945,-0.453647106216708,0.212081914556309,0.852259879727495,-0.0112117041847975,0.0043259712853163,0.0052716201171279,-0.99771050121986,0.0538521322482976,-0.0829678715463781,-0.0647102396027885,-0.0369961735202148,-0.000336714809159654,-0.924695436654065,-0.34818519969159,0.0541831670336951,-0.0120446570217609,0.0529202125719965,0.0137933922392865,-0.998694042553081,-0.00788913059566213,0.121539914488278,-0.0160255460739583,0.052603157371372,0.027536180668867
91.95,-0.458451432243251,0.206383480732816,0.851396517179108,-0.0118321932111409,-0.00140481301196463,0.00673170567280957,-0.996886596042259,0.0456508410826485,-0.0849981143362783,-0.0694168795419434,-0.0404005451575683,-0.00282333977520466,-0.925158934205743,-0.350420792708934,0.04600202083083,-0.0135719441765592,0.0537982805675223,0.00993703287958198,-0.989931370923712,-0.00614479840488366,0.127857659046732,-0.0144825576132151,0.056504100721517,0.024450202578493
91.955,-0.462521127430463,0.214867498880817,0.853205618560085,-0.0137609333124674,-0.00110250526724862,0.00771500915288925,-0.996744130886502,0.0447117856970658,-0.0892355707013601,-0.0679990978806908,-0.0322845767717994,0.00194808419469411,-0.925500143617562,-0.357479360643649,0.0371731120017319,-0.0144880451261997,0.0587345936906266,0.0081048309803009,-0.984058401296162,-0.00747202553680439,0.136193445183203,-0.0161113859803452,0.0558635847210239,0.0188130451481403
91.96,-0.456008509254305,0.208962474933342,0.849112000550975,-0.0119288405208028,0.00294554147456806,0.00871334387138622,-1.00203185495744,0.0441216382396927,-0.0836569945408315,-0.0632957035592341,-0.0322242426199502,0.00328513421118259,-0.928871838729992,-0.361499234455198,0.0315246567277136,-0.0192696287733956,0.0579163876727483,0.00917909318653128,-0.991707357244273,-0.00754802922440783,0.146350886088431,-0.0212129179396762,0.0478157448288346,0.0124898203967286
91.965,-0.451460296624141,0.210778257077337,0.85271572898488,-0.0148647495182099,0.00319488747504442,0.00728158757393968,-1.00075659803268,0.0449810161603801,-0.0838818927363075,-0.0492862926843379,-0.0297304536537133,0.0028817087716956,-0.922442694794085,-0.367797807423917,0.0372226022210252,-0.00874494658818677,0.0611314557018172,0.0115301229080112,-0.989697983097496,-0.00452108983054262,0.153190511794749,-0.0175912483721114,0.0541751272976398,0.0139016040884744
91.97,-0.4554429790492,0.214319399460998,0.848103392361663,-0.0126482165555804,0.00530747859866664,0.0103256773309934,-1.00348735489113,0.0461162598519258,-0.0808819814151033,-0.0412264685802832,-0.0349354846914852,-0.000791354223275632,-0.922541794937406,-0.37271888469179,0.0396078253110433,0.00319756015690341,0.0650991201400757,0.0112213200427201,-0.992400789402256,-0.00415709899761187,0.153234234624269,-0.0168115310370922,0.061710997239838,0.0100291467951785
91.975,-0.45742084329725,0.212223584591174,0.844225057727628,-0.0147030428757601,0.00797951924154869,0.015525747514233,-0.999601926530116,0.0547800506638881,-0.0799152464744616,-0.0324588220787406,-0.0385243867468745,0.000323421880014093,-0.923497433017791,-0.374995736618311,0.0447185494402907,0.0217508806857942,0.0683186809781519,0.0079563216924779,-0.989412363392732,0.00459432563622183,0.15500222202426,-0.0124684288899323,0.055534312866388,0.011732590580969
91.98,-0.457175185464325,0.205787591653157,0.852304051209528,-0.00891883927829637,0.00912605436552442,0.00794658189651969,-0.994386286832354,0.0544146878830651,-0.0825270435227693,-0.0335104619641818,-0.0358728573147533,-0.0014615135288443,-0.921825847960413,-0.376464291025505,0.0506861629184084,0.0428201669586784,0.0624032171114009,0.00778177159933956,-1.00006646204259,0.00315967391507588,0.155183385942891,-0.0113963272380861,0.054868394288222,0.0165445721880595
91.985,-0.454335006128639,0.209761148102857,0.847585530984894,-0.00459729111955299,0.00196657353647079,0.00889255869151271,-0.997401239637112,0.0553700762352741,-0.0847212508799103,-0.0241317173467989,-0.0401561741637106,-0.000821163293719296,-0.92126116958507,-0.372207841150799,0.0520799308059941,0.0707927827140814,0.0682993110606956,0.00519654418924325,-0.998866219852661,0.00621469378001813,0.147042607991399,-0.016067375459228,0.0585843673013028,0.0173130480185475
91.99,-0.452356589180156,0.212307073140113,0.849233771525473,-0.00279169455982139,0.004434521988295,0.0094175052676879,-0.998571291303354,0.0528807015603213,-0.085535789690054,-0.0163663083322142,-0.0355126874156092,-0.000860562325248535,-0.922910188706238,-0.362273925470822,0.052446457414911,0.0852385178408704,0.0599005368009473,-0.00090963780041299,-0.993629904456648,0.0069165187805439,0.139773483638502,-0.0168115310370922,0.0562857392997924,0.0241096901716363
91.995,-0.455318494380693,0.2115257369509,0.852573156296299,0.00094744442778294,-0.000224986147630906,0.00929566145104731,-0.99216221719906,0.0537841495912746,-0.0825382336105778,-0.00746769605898446,-0.0339798253300444,-0.00458894968617168,-0.923795424705308,-0.350439615314929,0.0480433162740342,0.0904328984617806,0.0553255677223206,0.00988778117921494,-0.985270986982979,0.00203701061761064,0.13768648718781,-0.0157221647581315,0.0619330223454091,0.0210856009974409
92,-0.453131991036707,0.207479364366499,0.849632338255444,0.000623144209384918,-0.000364453140236582,0.00800423304469627,-0.998008223262113,0.0546170227690275,-0.0786155879329371,-0.000581268723352897,-0.0364684668927159,-0.000809345201145675,-0.925166752349331,-0.347113344700427,0.043393048856377,0.0859828768469788,0.0532806329875502,0.0133900605588469,-1.00069364266423,0.00750811214476577,0.129134531491905,-0.0204181227649631,0.0712788477540016,0.021923384124671
92.005,-0.450718455058143,0.217698973221805,0.850325125103725,0.00136423405634899,0.00601671861297121,0.00989791198199378,-0.993657624145534,0.0532414386986513,-0.0784093629838492,0.000396738991476249,-0.0310864046531326,6.08010033362996e-05,-0.926033752567898,-0.345011997721324,0.0375467378729409,0.074721069346195,0.0549296330822785,0.0158478749997059,-0.995255612679354,0.00624076914768701,0.121897545297311,-0.0311235990928598,0.0696027507085804,0.0246757754913756
92.01,-0.455776860570338,0.213021924948891,0.84841514021958,0.00496604145100111,0.00389923070301969,0.00649331416934729,-0.991806929168441,0.052203287743908,-0.082086126329838,0.00256498465343779,-0.0251917531905008,0.00347991845626406,-0.926885475099596,-0.342604110567083,0.0350580941430415,0.0586891461131856,0.0523278960530736,0.016882947261289,-0.997984881289232,0.00246134988476966,0.122322101775363,-0.0426447066446974,0.0670745947535357,0.0244738387959543
92.015,-0.451490303789782,0.211232083283336,0.8503830885059,0.00183407292033817,0.00468119814755106,0.0045342974015913,-0.993003544358877,0.0530325810098948,-0.0840866089331666,0.0218251025725222,-0.0409788167525149,-0.00305391068878753,-0.925873156065982,-0.34323726922439,0.0362087994179002,0.0504716450858849,0.0569294260158623,0.0261827660973219,-0.996669384076539,0.000460354244026328,0.124378410945525,-0.0527362101263474,0.068653920443332,0.0196976740628962
92.02,-0.451813149018064,0.213649186324021,0.849201908693617,0.00792331215664306,-0.000912902557307049,0.00407392464970065,-0.997967770963345,0.0531820980536686,-0.0793699937732889,0.0208150970998712,-0.033810380846262,-0.00280668760074455,-0.924686011375322,-0.347816640868399,0.03730728335798,0.0388424246458732,0.0541886910746443,0.0203217789530754,-0.99627269493868,-0.00340364531739657,0.12846782527049,-0.0513732826960091,0.0668644760593155,0.0156104610218418
92.025,-0.451810645320872,0.216087159655596,0.84738938277979,0.000623816965979441,0.00475856279938502,0.0073086767764967,-0.995375782552959,0.0569832298718873,-0.0776915055374104,0.0319404796753348,-0.0354793275233062,-0.004939535942157,-0.927441021379798,-0.348729935995019,0.0425096582584323,0.0230734142329225,0.0543382884576836,0.0198799842897041,-0.995508077540762,-0.0044472708255718,0.134437412541363,-0.0574299526796728,0.0766252280924048,0.0139882190373216
92.03,-0.45234258795897,0.214433255549122,0.84618908694804,0.00136295753500964,0.00330723478920314,0.00532320735053116,-0.999607759580104,0.0602725534899763,-0.0769642418651947,0.0360960862583996,-0.0367612899396459,-0.00685817164895197,-0.925500341941936,-0.350497481987351,0.0455739664462665,0.00604484485673606,0.047769595862854,0.0137616976692376,-0.996299911285829,-0.00644240817104801,0.145669900917475,-0.0531698101323669,0.0732834030789834,0.0118581489255938
92.035,-0.449478279578608,0.2201297015753,0.842017725105035,0.00331470683682422,0.00369570090901394,-0.00226836456215862,-0.994674258560076,0.0594343780936825,-0.0754952205650637,0.02194922058793,-0.0340471967611048,-0.00282333977520466,-0.926601325592896,-0.35224883234347,0.0502193161866669,-0.00631946998377254,0.0425157333398068,0.0113507080419723,-1.00223186298575,-0.00829483143304005,0.154694454351231,-0.0448538626432846,0.0577269233207543,0.00564513573981609
92.04,-0.45292144053172,0.21651409758148,0.848388955974456,-0.00279332867654116,0.00277190394867592,-0.00332996409586997,-0.995035525427783,0.050257081783976,-0.0743851486658332,0.00634561284024708,-0.0362136344129679,-0.00282333977520466,-0.927258867002585,-0.349322801801741,0.0514991031098059,-0.0132697564159673,0.037006960172423,0.0105482190847397,-0.99681986016562,-0.00740470577902664,0.151338198003979,-0.0374989835269314,0.0427324108808306,0.00214951401906196
92.045,-0.451656915114255,0.210739663453043,0.851907716917441,-0.00040429470893437,0.00114649721075698,-0.00328024150803685,-0.990621347061283,0.0484406607452678,-0.074139822532847,0.0125801602327618,-0.0297784151560273,0.000353134837428963,-0.926281782898864,-0.345546968445414,0.0506318487008425,-0.0144880451261997,0.0378567827380209,0.0109449077984564,-0.992171376786738,-0.00927214723173607,0.151587927708337,-0.0363923458991393,0.0238827221579623,0.000205948481729393
92.05,-0.453994808543414,0.214413771799731,0.849008682296756,0.00106195486705684,-0.00105759913973554,-0.004616626981925,-0.990818420717888,0.0486786188521637,-0.0764974528677499,0.0131057694629924,-0.0251538528574165,-0.000669196672065429,-0.926603967653405,-0.34312725754461,0.046457196175703,-0.0137705319264688,0.0338392481842794,0.00531229433938098,-0.996996793694451,-0.0124941073846754,0.155126225562463,-0.040285513357875,0.0037366431294702,0.00026743831408161
92.055,-0.455812972518776,0.217087483243962,0.848905533177389,-0.00155181720154754,0.000695196889703501,-0.00286383609793712,-0.987886282658322,0.042546157309773,-0.0758602986093834,0.00610480550676584,-0.0202593481024305,0.00199013634742373,-0.925462362188923,-0.340655405075667,0.0394493070592557,-0.0221524973239084,0.0333350673317909,0.0106481558097807,-1.00474179080478,-0.0145150363377156,0.152370212236766,-0.0482552644311493,-0.00102141228515644,0.000788888810090826
92.06,-0.459686128366213,0.208621041457785,0.843985079268893,0.00410637207083269,-0.0021039838115762,-0.00193731074713881,-0.989454796740225,0.0436689213289305,-0.0776684684761741,0.0133643157935728,-0.0328006572554741,-0.00376240643778912,-0.922469775703276,-0.341109354446293,0.0380889743514942,-0.0265133427842526,0.0320175476839138,0.016944165402315,-1.00521426509272,-0.013030479599569,0.148764462983529,-0.0526940749119847,0.00963096529503943,0.000336263548753119
92.065,-0.455395453459456,0.206754076776663,0.847678162411485,0.000256893286944966,-0.000210398931983194,0.00111734416968572,-0.991173036237821,0.046504526170447,-0.0767093329312361,0.0114467017577011,-0.0351039046210719,0.000458456134222364,-0.9185792116471,-0.345781148793779,0.0336260586376601,-0.0250832671091079,0.0321241686903854,0.0199109478957892,-1.00014475201265,-0.0149691243069588,0.144246161737414,-0.0410712635071888,0.0184355095262532,0.00461620675675713
92.07,-0.450018690051037,0.207830509699146,0.846468896580559,0.00133868929146412,0.00214623370567521,0.00218248445713412,-0.9906063139556,0.0483411577461277,-0.0760794401969369,0.00910689938315222,-0.0345776544288257,0.00094602912047836,-0.916338465594547,-0.349118153244506,0.0317292640076326,-0.0184503060118435,0.0373083223480061,0.0204758653828539,-1.00043701132968,-0.0100667654362483,0.141372164122272,-0.0296900616661014,0.018890075778979,0.00434346717145368
92.075,-0.448745364373055,0.211513269027347,0.848442262407029,-0.00453371363393269,0.0084223636679291,0.00540665917525018,-0.992080650263884,0.0488203724081344,-0.0783237032916574,-0.0135462403042591,-0.0256868666019003,0.00302406717990809,-0.912893875080607,-0.352470413765021,0.0328098889089045,-0.0308082929826629,0.0404310970633198,0.0205559135348629,-0.999807481965902,-0.014011320561233,0.141499659005018,-0.0195576506299137,0.0213221951881898,0.00388811548572885
92.08,-0.44803451781995,0.217150717314048,0.856597509271421,0.00170274528574055,0.0038965111548689,0.00409729034205407,-0.998491195433188,0.0545620607211754,-0.0787551967691563,-0.00995060170176698,-0.0336947955647222,0.00567072967485149,-0.910906961369726,-0.354193320432985,0.0328280996326085,-0.0467467269509386,0.0384691543236053,0.022600293202223,-1.00119425715885,-0.011377992966078,0.13591031256735,-0.0100199422802501,0.0253424007361999,0.00286703533928105
92.085,-0.451327927362897,0.213062353703904,0.847765827454284,-0.00259427920970385,0.00272218137979507,0.00372355634834828,-1.00512479888741,0.0535032315122309,-0.0854808114419192,-0.0114534588374326,-0.0325603013380052,0.00410905873134131,-0.916259676657723,-0.357632446028727,0.0337713625107259,-0.0531592163326376,0.0427330324288142,0.021167885684563,-0.999611376624231,-0.00840575623969015,0.130165770832582,-0.00259006428175315,0.0305240659200817,-0.0060719305005245
92.09,-0.457584467016193,0.211786484549171,0.8443901714988,-0.00228771725301581,0.00469809784318637,0.000384842045605183,-1.00761582642606,0.0626804424970945,-0.0889419844776467,-0.0086715482146464,-0.0350320748984814,0.00127856298548678,-0.913303334611629,-0.364228110201934,0.0393699456947008,-0.0509742956803373,0.0457165979947494,0.0199926071258647,-1.00551291531579,-0.0025417867686627,0.12950968895103,0.000881797704241921,0.0410870748135352,-0.0135316485071091
92.095,-0.454590710627614,0.216498212818374,0.845833746935076,-0.0035570217174946,0.00540110724725624,0.00334331241673075,-1.00051625962185,0.0637232588994588,-0.0901867651795125,0.00717243141127734,-0.0519817322812912,-0.0103503356991189,-0.913720449261329,-0.372959025955677,0.0460882298597987,-0.0355874014471266,0.0518914878754904,0.01276060608771,-1.00715481730123,0.00324722077549418,0.123485590866765,0.00915075089381094,0.0472109571264348,-0.0171332418836076
92.1,-0.454457671033452,0.213601746898883,0.847511772910454,0.000574867529996287,0.00154876400696432,0.00268340098799718,-0.995675678515773,0.0635654122233968,-0.0897286530683471,-0.0179786476196821,-0.0388723788858272,-0.00299855788060206,-0.914686846538408,-0.37695943614875,0.05736685170627,-0.012296917006787,0.0517447596944503,0.00654604041292984,-1.00810403114416,-0.000304544727782801,0.126993587597399,0.00581043170424259,0.0502720669658169,-0.00632099062204361
92.105,-0.459515818023999,0.217798904160998,0.846864819170025,-0.000942047823927248,0.00306567831346866,-0.000836852472275496,-0.997184903188953,0.0646295135937192,-0.0894580911301263,-0.00745526501337463,-0.0427166080817905,-0.00755151790624996,-0.917800313922336,-0.374319464030129,0.0679304279908519,0.0266244477356763,0.0528821796178818,0.00238587875108101,-1.01387544075258,0.00347519038635027,0.129439901356311,-0.000525648365467423,0.0562551774051243,-0.00349400413847534
92.11,-0.456343190488159,0.216323034964045,0.847001729816806,-0.00182024762034416,0.00332380025261766,-0.00145692788802035,-0.99503542710125,0.0625915600173408,-0.0869047769753281,0.00438499404656671,-0.0442173301408564,-0.0101535059511662,-0.918583693200529,-0.37122104615478,0.0766260259951348,0.061528311592806,0.0481312037135916,-0.00153292113286685,-1.01814102776554,0.00301404797613724,0.1306032136614,-0.00387247397011037,0.0442350435407704,0.00917198191553946
92.115,-0.452779566111689,0.220609600476243,0.845456779138949,-0.000884124171115266,0.00272218137979507,-0.00299466794170094,-0.990853350094154,0.059304369049218,-0.0837869323870144,0.0160413873182091,-0.0312491402839264,-0.00240693938215411,-0.92164245940281,-0.361844904960319,0.0850370417142442,0.0957892892335542,0.0423016486471837,0.000752190605025296,-1.00891532245696,-0.00235114565340698,0.13356225206318,-0.0008686888724709,0.0236438083585849,0.0226735293665963
92.12,-0.454287226971025,0.217421376252174,0.845450486452004,-0.00315758555733721,0.00394387543201447,-0.00228983484786121,-0.993800616798606,0.0505046725357876,-0.0796318016677443,0.0102540961253206,-0.0542886624595199,-0.00741959155432693,-0.923322662285558,-0.35697203244649,0.0879178997787667,0.109401205260316,0.0377394492949113,-0.0102205872535706,-0.999601971650305,-0.00459110804456313,0.121985649535088,0.00273558124899864,0.00748131097260578,0.026395337906763
92.125,-0.451839146253572,0.214398856430108,0.84971849222113,-0.00398969961350569,0.00244824640866667,-0.00731923231751583,-0.990306302766416,0.0486285284205269,-0.0784025495931465,0.0158783607184887,-0.0505267584218671,-0.00365769094666737,-0.92195722874691,-0.35192332634864,0.0868016483111117,0.0983200925725867,0.0337418434465453,-0.00900025890930737,-0.987879031163377,-0.00833951142448305,0.1287138023106,0.00316332382497085,0.00701831688630154,0.0237936292833399
92.13,-0.451647900396308,0.211532123248955,0.848876205733342,-0.00176038476670337,-0.000361987743375531,-0.00874793613298804,-0.992519403390331,0.0402102558441576,-0.0777187131118711,0.0152816531024605,-0.0496924072504044,-0.0022266312494114,-0.922409918396352,-0.347147488838778,0.0810196724235429,0.0764532167580112,0.0364000142105196,-0.00716992270574881,-0.986450347155693,-0.00471854501696362,0.132101514841533,0.00715632783074509,0.0153126107404595,0.0198006243020841
92.135,-0.45617417783763,0.210163618261029,0.848200532069058,-0.00215622191863945,-0.000606928527528913,-0.0085029936683137,-0.991094499711881,0.0343969359970666,-0.0807238810106115,0.0246014815706025,-0.063253518358278,-0.0070260888548448,-0.924994351246928,-0.343184319358182,0.0722289690990986,0.0466761261204129,0.0353844651928212,-0.0021024366854585,-0.996546425770373,-0.00271048552618573,0.140372034365023,0.00613736136825638,0.0278244510477432,0.0109986278949185
92.14,-0.456866268452318,0.208746721598389,0.844405233912121,-0.00300200136440005,0.0026423005198895,-0.00438211505575603,-0.986201801353907,0.0423622816272267,-0.0819856861532357,0.0158270181562411,-0.0543738167790239,-0.00149895873584492,-0.924723765661331,-0.344311416063048,0.0541346451403119,0.0132175343575651,0.0453981899261925,0.00169757423373881,-0.994024896819939,0.00477488972646536,0.147487859945082,0.00838521792852007,0.0246709254358734,0.00543712004386507
92.145,-0.457761608270758,0.207796935187426,0.84919373480164,-0.00112181616131956,0.000977218348656088,-0.000138421811892737,-0.990816358405099,0.0479178665312634,-0.0798513452788752,0.0135609836557577,-0.0482314969409496,0.000476516666734976,-0.925374933027213,-0.342432038474532,0.0451777572577835,-0.013583349368014,0.043897301577681,0.0181953840970034,-0.986870547558527,0.00100386427649305,0.145542357990628,0.00150041103590742,0.0203524545792192,-0.000624239621533532
92.15,-0.453959128466736,0.210847018001317,0.846679882751764,-0.00130677306196635,0.0007922660700628,0.00417975771206935,-0.994534892890992,0.0475638244727245,-0.0792187473040734,0.00768950032100108,-0.0474472964390792,-0.00104036615750882,-0.925222740987431,-0.348748690176151,0.0343341065321315,-0.0193748213350773,0.0530895738664452,0.0287834913674301,-0.98881581100551,0.00133056224016628,0.148822441561655,-0.00022966094559104,0.0170024383310217,-0.000734369134531563
92.155,-0.453077198940882,0.216763832768231,0.846730734477042,-0.00206609014640424,3.29447980022412e-05,0.00746916643941834,-0.998585238173,0.0556009725164231,-0.0713980322854913,0.00688190631493494,-0.0466942147056298,-0.00260104289898766,-0.926155117446664,-0.350814334624049,0.0285403198165772,-0.0183494605070487,0.0620667323630645,0.0253611936790693,-0.994309564640221,-0.000284813110111294,0.150293161835119,-0.000747626431172584,0.0237631924308217,-0.000212516635656357
92.16,-0.450611219823427,0.214958313295572,0.849707997005861,-0.00279403612084166,0.000278785824775696,0.0029935013441904,-1.00034112302053,0.0606700942291669,-0.0682485505963426,-0.0185883570950744,-0.046490127458265,-0.00224956705776925,-0.926867686322389,-0.353267232880837,0.0269968658111698,-0.00319167308223817,0.0659693952206664,0.0269491053231344,-0.995276790699121,-0.00414138767614362,0.152488154074925,-0.0108335322061529,0.0237276663821969,0.00493520243353649
92.165,-0.452206481397212,0.219020592731027,0.851404152661214,-0.000420616451482444,0.00062670781324142,0.00596746011566199,-0.995389079153418,0.0574260473962169,-0.0709541750868164,-0.0420183572618146,-0.0471295341668908,-0.00693519310419405,-0.928117268628127,-0.353014866353029,0.0265789989366388,0.0161263240408809,0.0630371769813005,0.0195588890617483,-1.00230635736781,-0.00327945766720398,0.143010724297784,-0.0150866810275198,-0.00619060852144857,0.00909385200417581
92.17,-0.450690473676138,0.21677423888438,0.850480314104194,-0.00304194167256355,0.00538320351458582,0.00577365056607174,-0.994603010247721,0.0543768094913874,-0.0708843051991437,-0.0562964122520748,-0.0370068147028693,0.000841744244098663,-0.932094769208694,-0.35208842511626,0.0311181255416083,0.0332077462983194,0.0625089423853114,0.0130886937168361,-1.00763388815023,-0.00790731432125195,0.13214207888127,-0.0259035587173337,-0.0416959009279723,0.0153287460713751
92.175,-0.457556931960023,0.217517558896693,0.848708048042536,-0.00304194167256355,0.00573382617944533,0.00198537457689041,-0.990981250893718,0.0530520387433756,-0.0722180158833371,-0.0553376408055245,-0.0428684961527945,-0.00437242656130466,-0.932895161147228,-0.348070283908378,0.0333480468631993,0.0465904906886752,0.0614340379834175,0.0178722012327801,-1.00848361333379,-0.0126509792882155,0.123157628434529,-0.0333551641307516,-0.064010680893156,0.0158095343497582
92.18,-0.452806651346867,0.214829869550055,0.849795007561607,-0.00782954023478736,0.0108773291587158,-0.00195936930569984,-0.994589358228007,0.0476529871806809,-0.0711200500680259,-0.0484496460106791,-0.0360729974336462,0.00072122989939563,-0.933914194222775,-0.344513229134934,0.0356143226461874,0.0465574558936795,0.0514923632346759,0.0125713013617121,-0.989411443357432,-0.0110408222147632,0.120283292390389,-0.0381690742542874,-0.0719537756849332,0.0193345956504345
92.185,-0.457908783784137,0.215101584389311,0.850284500356048,-0.00582679015135642,0.00252486845063794,-0.000639539467910502,-0.988883201680367,0.0513296910856681,-0.0724929812034843,-0.0358301138719789,-0.0322145643526034,-0.000479276250821148,-0.934067331190085,-0.34193192060964,0.0351046867537767,0.0326797105822116,0.0468270297473795,0.00847651378442552,-0.994695405025565,-0.0115743521376773,0.119562377734266,-0.0403760482398083,-0.0736756000282236,0.0164490315370394
92.19,-0.45615014690255,0.213457823007491,0.845017258557242,-0.00605992538152476,0.00387137258883992,-0.00457443889672728,-0.984820393894328,0.0499640418531545,-0.0725339596344037,-0.0223163074501865,-0.0313669927418232,0.00273202843503706,-0.93312937543344,-0.341999481894805,0.0342898399644599,0.0287001518606993,0.0362515354492066,0.0110654893559441,-0.996058905147995,-0.011845960797772,0.120962997057556,-0.0292721901538317,-0.0594393277940898,0.0159153127614122
92.195,-0.456109032484836,0.214079396360922,0.844197429123454,-0.00846262128436673,0.00569947288715947,0.248338679084088,-0.989849241005208,0.0522568636237967,-0.0712669176843776,-0.0205631071648775,-0.0303546638678994,0.00227280610897681,-0.931276786407601,-0.343647855166029,0.0322790964605494,0.011335847536289,0.0289116207284306,0.00948096986153157,-0.99806507898991,-0.00946077917344074,0.122173800240866,-0.0245557359915724,-0.033689698724582,0.0117488196265071
92.2,-0.451885858179037,0.206320367598929,0.846704279525504,-0.00787406121427791,0.00394387543201447,-0.00450193602591753,-0.990056549253456,0.0517144691956085,-0.0811955786704483,-0.0100222387824874,-0.0277019087225199,0.00326471627913816,-0.930287839482685,-0.342875343337854,0.0316608118033124,-0.00436918523705541,0.0211181174963713,0.0156656244918049,-0.997906912860565,-0.00510168263855722,0.117757441917566,-0.0113684833206418,-0.00395728470260918,0.0116953878016341
92.205,-0.456441561383282,0.206766575883019,0.849022758213209,-0.00249166274017196,0.00327246031218667,-0.00517335140166213,-0.993622739932868,0.0447919027230652,-0.0828098823263256,-0.0220144238363478,-0.027009584476456,0.00102495338631745,-0.925830565263135,-0.346312317269338,0.0292633129746737,-0.0278199298403163,0.0207464719159239,0.0234017009075315,-0.994357734095033,0.00192363387612156,0.113641764399758,0.00217513696702641,0.0335645840688853,0.0082244351212642
92.21,-0.459593098923543,0.2066205422826,0.849442490460539,-0.00620445248846374,0.00473518193371034,-0.00629838589386451,-0.995566600983854,0.0471858242157247,-0.0871194151746745,-0.00800554097870303,-0.0226318004349248,-0.000288285200684751,-0.926983010326002,-0.35063785105912,0.0264473998155175,-0.0330989274918397,0.0198964234441519,0.0317452216207027,-0.99597207787878,0.00190117021548967,0.102891946012108,0.0214704186021217,0.0542220798434875,0.0139275862648305
92.215,-0.456608283915298,0.203225037138145,0.853727295693992,-0.00599511000076522,0.00664215364833469,0.00104399961811849,-0.999556761186164,0.0513387961209598,-0.0881066942521003,0.000731119617974329,-0.0242847035865596,-0.00307121865854774,-0.923042147079534,-0.353746781428051,0.026954849795392,-0.0432969385255132,0.017886403211181,0.0400071642912549,-0.996159138135182,0.0045515569808109,0.0997987707605466,0.0318554095834955,0.0706930144820785,0.0124061003505262
92.22,-0.454085542049765,0.216066202273259,0.844776986710235,0.00182520929416345,0.000318043879365941,0.00158690758856322,-0.998751920075609,0.0474281323343214,-0.0841361014184673,0.0173654756640137,-0.0243737885408264,-0.00377961472931879,-0.918337094313994,-0.353884284177404,0.03183148690889,-0.0465969872523418,0.0244909325509816,0.044950508205928,-0.996988735313377,0.00281444115212179,0.102729961731525,0.0369430296123028,0.0855270237833894,0.0127635308043936
92.225,-0.455487827325039,0.214703126303068,0.842896847522268,-0.000866356094662042,0.0042116805483661,0.00261909165006867,-1.0023395203172,0.0506635555530034,-0.0866034295149206,0.0248128559266617,-0.00847729366165347,0.000224068105650158,-0.916532394067366,-0.358338290645112,0.034771207039465,-0.0437500602173132,0.0231379832384568,0.0476030334414598,-0.996669976485151,0.0046087484968409,0.114238098640161,0.0382826341115318,0.0910366739791496,0.00878588028824601
92.23,-0.451458525660049,0.211453592280363,0.848157220109972,-0.00229603865228179,0.00695309256447817,0.00377981750778412,-1.00323109198288,0.0559637145148534,-0.0882948006994212,0.0263165851807058,-0.0265878543804001,-0.00449442001448543,-0.917200015227489,-0.358621536264513,0.0446712932780448,-0.0550318807997536,0.0292888905472618,0.0456710175186977,-0.994819151229963,0.00274292656495815,0.129603257271137,0.0378026248903194,0.0857581344441135,0.00815829392938778
92.235,-0.449019126053923,0.21351714122943,0.852207210054681,0.00241422355192311,0.00337449014169566,0.00540613256800069,-1.00094541779428,0.0592879224724095,-0.0851890308545174,0.0197669312332064,-0.0216104669575333,-0.00180809844912259,-0.918545690988875,-0.362243860315966,0.0528017695103655,-0.0408622990017608,0.0319369757177621,0.0403980751293052,-0.997545659798992,0.00270344793016011,0.140365410255019,0.0304070432754016,0.0836546326184398,0.00818050807916739
92.24,-0.453018337631969,0.213158445519464,0.84608009861154,0.00184604669239323,0.000281202693723222,0.00527282854791681,-0.992645058630553,0.0617682902404155,-0.0837364532624779,0.00243972172029316,-0.0265249233338705,-0.00528908312570915,-0.920178393034753,-0.360339238480477,0.059155479885684,-0.0115853930165001,0.0343886656295194,0.0358676170609549,-0.999316488492606,-0.00105245918749513,0.149124080341889,0.012996631487295,0.0809475224463833,0.00488402992512924
92.245,-0.4531329529583,0.215849268670277,0.84516264649909,0.000760647382791153,0.00774646186407918,0.000160949643401907,-0.991862978189492,0.0565613030073783,-0.0819349730212446,0.0016698285312386,-0.0289236027747393,-0.00648842193186283,-0.920941718267391,-0.357577606281224,0.0623665253325716,0.0111675374209881,0.0317133738335748,0.0293170373408595,-1.00078589858418,-0.00215300377773318,0.152950726820564,0.000622718908377923,0.0757300866413024,0.00711764767765999
92.25,-0.458264040156192,0.215567682841052,0.842196266949675,-0.00115041368133834,0.00449573758773472,-0.000600912900786962,-0.98368713019763,0.0570596635254826,-0.085161962096532,0.0137297003904748,-0.0392236278671536,-0.00992176467625682,-0.919736297628857,-0.354576297853099,0.064689226971076,0.0140121453323052,0.029469370768009,0.0273420094690646,-0.998726619375645,-0.00149872047257235,0.150569969400586,-0.0121169638293726,0.071737742201844,0.00711764767765999
92.255,-0.456250557860184,0.2133297382241,0.849129948925017,-0.00257905228406423,0.00196337601033583,-0.00235446378964697,-0.990391132199789,0.0549235648595506,-0.0873590526642184,0.0124330082637348,-0.0322525021072057,-0.00159944887039677,-0.92279908716563,-0.352138560729055,0.0664925761362312,0.0201508103085155,0.0243517941430383,0.0278495144706262,-1.00743905999034,-0.00854736255964754,0.144493607193852,-0.0176681452977388,0.077878859934753,0.00815680500276759
92.26,-0.451035899072268,0.216732622483574,0.848357334036995,-0.00527461911474969,0.000208549365702372,-0.00328024150803685,-0.989874036001272,0.0477642679495064,-0.078655527862404,0.0146566666662693,-0.0292441967690554,-0.00526672787964344,-0.919951376978591,-0.351407332961052,0.0648302572946555,0.0167522582070548,0.0246784528021384,0.0288383238178268,-1.0082014157005,-0.00684714104686218,0.134839698142453,-0.0181522726533453,0.0756582160208815,0.00711764767765999
92.265,-0.45389801349169,0.21436748875512,0.847485930007181,-0.00294080596429297,-0.000569383606812797,-0.00290672191768313,-0.992002566556845,0.0475869529595608,-0.0847978070468496,0.0146566666662693,-0.0334272929676808,-0.00411746365982834,-0.919695388433373,-0.351325758518975,0.0659290433135058,0.0103543595827485,0.0231549191671761,0.0203140648026634,-1.00812695558947,-0.0103854815931266,0.125729728386589,-0.0196763057905266,0.0717394637179736,0.00627487694951486
92.27,-0.455128547818013,0.211353454256169,0.848574244906627,-0.00482411322928052,-0.00170485978591766,-0.0027197637899075,-0.995555647991425,0.0483780985735,-0.0860720677014136,0.0139754926062496,-0.0305451635754375,-0.000920469800320449,-0.917372205235585,-0.350907371792334,0.0660505811549958,0.00519586591394816,0.0237511270613777,0.0293896746903103,-1.0093180357168,-0.0117038774887409,0.123230012624332,-0.0240816857822271,0.0445215992682534,0.00251121825530933
92.275,-0.455080113283348,0.212826222490445,0.848991008456515,-0.00328662580638282,0.000521750792298615,-0.00132622092644179,-0.992634174595843,0.0498394711380481,-0.0886724188130121,0.0233482937546854,-0.0318975997215001,-0.000379949808120728,-0.921176994989806,-0.352102992506627,0.0660168886717612,-0.00246755727697618,0.0247832033783197,0.0268403440256569,-1.0026869685365,-0.00775511085305485,0.121680563735618,-0.0245215165163709,0.0199108642013177,-0.00105439324720373
92.28,-0.450825290064464,0.211450319562399,0.852491583129814,-0.00641537484088838,0.00142757463583227,-0.000763940197400904,-0.995757665837066,0.0520668769897297,-0.0780177184178487,0.0104342755201728,-0.0312839442811807,0.00181429416226053,-0.920701470179331,-0.352593302143172,0.0642396295439667,-0.00597625174427839,0.0283007996227224,0.0292359652519269,-0.997758457539259,-0.00880124057578583,0.121672511380264,-0.0198689602159562,0.00726460962085045,-0.00204186739096023
92.285,-0.448523695510983,0.219141416085756,0.853053242995199,-0.00182024762034416,-0.00156044492494737,0.00112053552324601,-0.996067874870668,0.0540519411700817,-0.0828407847489444,0.0187757150187654,-0.0316807568502681,-0.00121777900082682,-0.920032272130737,-0.356154802658002,0.0604833130460975,0.00504041561144914,0.0382031919922265,0.0219755730872906,-0.992111785145846,-0.00403850568976341,0.123396691458732,-0.0100882587186656,0.00286395847797394,-0.00925463914289244
92.29,-0.44718812358575,0.215789192974232,0.850121825895967,-0.00182024762034416,-0.00380997334736131,0.00282823108136654,-0.996813014324935,0.0572456225504864,-0.0818073518601912,0.00675181797910209,-0.0377916061529224,-0.000379949808120728,-0.921041191278394,-0.361030452811363,0.0582319787235096,0.0040459499795939,0.0429298144182376,0.0273539615481653,-0.991059575718808,-0.000776728417721616,0.126737528242877,-0.00288117760065332,0.00651385305539445,-0.00950954672058251
92.295,-0.447350749277494,0.211003691430437,0.849211192635868,0.000147528941759216,0.0037387244064983,-0.00209120469861301,-1.00313145995427,0.0575881336757577,-0.0800543166120241,-0.0191351515938821,-0.0349439122527722,0.00360000334558113,-0.921323808648747,-0.360367681857187,0.0558332558528705,0.013220719937416,0.0459549847705533,0.0247928124852972,-0.992333205004232,0.00171114640367927,0.122802498221009,0.000767637435861469,0.0141480906665312,-0.0127183466017233
92.3,-0.454033523936972,0.217258939289333,0.849713384721085,0.000548911945012081,0.00287064590854075,-0.000911084764942725,-0.996104695137386,0.0596579944587982,-0.0777899122711367,-0.0450373459627488,-0.0279168687155674,0.0107383760901447,-0.922207018065295,-0.356543948469092,0.0525586575622323,0.0157103362921829,0.0487634019818642,0.0247845373175168,-0.992506254348454,-0.000503341988848897,0.127440212782958,-0.00434797067472895,0.0180175234356561,-0.007542684674263
92.305,-0.444899417720606,0.218028474964713,0.85366534955662,-0.00134085684455838,0.00516556948423386,-0.00205854699015617,-0.998117487831435,0.0579281597419275,-0.0796135246546498,-0.0435353091730014,-0.0472490191459656,-0.00443120034403282,-0.917697387699422,-0.357662348598849,0.0486490567221115,0.0221386384339333,0.0544909786428641,0.0109836273646471,-1.00182712319994,0.00177885593601229,0.128025656190594,-0.00257702085230344,0.0232627150983332,-0.007542684674263
92.31,-0.44893704311444,0.214895776155987,0.851896303629325,-0.00237543365353578,0.00449906146520608,-0.0047245800824529,-1.00109879364503,0.0552816440587367,-0.0815754982856709,-0.0472571267363622,-0.0479326066433454,-0.00526672787964344,-0.916184667564683,-0.358455743919992,0.0466909096238952,0.0151506420875729,0.0497303350735088,0.0166566893458366,-0.997204074771143,-0.000691793036419355,0.125185097480827,-0.00771212839432301,0.0197920176362898,-0.00609627352370424
92.315,-0.455801303020132,0.210258447829467,0.845625776097473,0.00014097094883354,0.0029632676425007,-0.00400350057183128,-1.0023195647106,0.0479418173701699,-0.0886281894663364,-0.0439135619378091,-0.048470713198185,-0.001300418797387,-0.915730741323459,-0.359424320836685,0.0437911330255727,0.00954437680503238,0.041083992569854,0.0136067773365839,-0.995379385081828,0.000436963750360855,0.129320635606633,-0.0034837055503815,0.0214592799802116,-0.00613063258136406
92.32,-0.457192808799667,0.217081480599632,0.84586066600032,0.000668492426072274,0.00625121888639118,-0.00803097442926633,-0.993324187244287,0.0490218378733691,-0.0965419791420494,-0.0110571812191186,-0.0648752753178535,-0.00980392500900527,-0.909954474894005,-0.362559984681421,0.0416229202843921,-0.00148951471213125,0.0422390123279177,0.00461579187053578,-0.996886627767917,0.00343989408952851,0.127264278657436,0.00388410533521882,0.0208449017871313,-0.00164303345161171
92.325,-0.458137622598393,0.216140689782749,0.849406906896725,0.00147256540573912,0.00160536281219952,-0.00412966302815671,-1.00051926982681,0.0478942477770017,-0.0927889877839563,-0.00610169916414002,-0.0516789662926283,-0.00167604345634077,-0.911009067427805,-0.360212040822278,0.042534803188026,-0.00797470102855355,0.045956886650399,0.00606631671241134,-0.997856474673402,0.000682501698882816,0.126766951903464,0.0136341958065813,0.00577900245396669,-0.00260758878389923
92.33,-0.453350383452584,0.211268950717571,0.851550517999144,-0.00140106966142542,0.00108131103648269,-0.00193076645144019,-0.999207260194887,0.0524051220479825,-0.0912716953963803,0.011433954803127,-0.0574649488983607,-0.00189655925199588,-0.913257681951791,-0.363212709927725,0.0463468120393867,-0.0152716234558172,0.0457479067590174,-0.000521815720168643,-0.997907096853965,-0.000979282345334846,0.135064420989465,0.0175250518361903,-0.00766615117512599,-0.00599984945108593
92.335,-0.456498876487547,0.213520499364471,0.849250824607645,-0.00106921046026114,-0.000236910927104352,-0.00478231038532613,-0.994947655697657,0.0544866821199488,-0.0863506405917278,0.0146566666662693,-0.0576974352616084,-0.00603851776699145,-0.916481219113632,-0.363596926529964,0.0462012111673664,-0.0255072830573569,0.0426853994641996,-0.00104588301473557,-1.00120682037558,0.00269805658629949,0.138424324421484,0.029723716036528,-0.0243093219417348,-0.00894951803716526
92.34,-0.457588000013155,0.213849003283245,0.846078580971979,0.00548917702379378,-0.000963644171331796,-0.00329061320922448,-0.99101212940457,0.0527209681677729,-0.0861978602304375,0.0100839929934482,-0.0558008849620819,0.00197967804081876,-0.914724746999756,-0.3601127095314,0.0453079828862132,-0.00683615419415017,0.0418409647718145,0.00462359252569151,-0.998919549513867,-0.000530709677827386,0.130352965442636,0.025636180122156,-0.0422387867336724,-0.00509929656982422
92.345,-0.452027287549208,0.213203278063882,0.847746268986523,0.00195500660444632,-0.0041273060208868,-0.00413142731490191,-0.991931410578803,0.0568376275396921,-0.0876337277566779,0.030378687742586,-0.0580842652958272,-0.00358446655311975,-0.918160441724867,-0.355161391345767,0.0400996820008913,0.00342593606591014,0.0402588409353538,0.00932652503252029,-0.997159240639893,-0.00317800585923565,0.131718460723226,0.0185751842360499,-0.0668999088471924,-0.00383517409033589
92.35,-0.452796665674816,0.213326362220443,0.849455626119372,0.00344833700339771,-0.00313175310714688,-0.00260576028130303,-0.998155548556954,0.057900612015326,-0.0826325483126366,0.0409022548715129,-0.0610772568581224,-0.00526672787964344,-0.922914399376683,-0.354070916737142,0.041185565540277,0.00679287705713219,0.041572272214481,0.010036103239718,-0.998552162325917,-0.00157671159843872,0.130182495208981,0.00893106117087273,-0.0726541650770035,-0.00505579173943565
92.355,-0.450693949000754,0.21292843609069,0.84617369654491,0.00575447021324391,0.00198853311340119,-0.00792141700537726,-0.996181964132018,0.0628108307159016,-0.0822571956915829,0.0422330690447305,-0.0574886603834771,-0.00526672787964344,-0.926145364655854,-0.354332213893209,0.043259082029047,-0.0109969599445344,0.0370106027053863,0.0074992105626598,-1.00253848853908,-0.00180378026272862,0.134076329203133,-0.00429545965038172,-0.0695962255582348,-0.00857427615001124
92.36,-0.457094309331534,0.214548232011578,0.842914442739995,0.000915675997632955,-0.00449097770448312,-0.00584064324571725,-0.990531386368141,0.0589101924375158,-0.0764604085203546,0.0192238345931056,-0.0606876611709595,-0.00648842193186283,-0.929369617094968,-0.356892322999271,0.0458448719745646,-0.00338939446297647,0.0419903261652851,0.0104448186167812,-1.00622260377802,0.0012925044004867,0.129461725717837,-0.00995483923399637,-0.0619238614180637,-0.00742431654670787
92.365,-0.456381947560233,0.217570914177312,0.848075598162379,0.00565263629017701,-0.00108562059165643,-0.00780735928236568,-0.992573229334177,0.060711280538085,-0.0792787367575681,0.029011003564801,-0.0591599691046497,-0.00687034494844028,-0.930881686846011,-0.353804296206317,0.0491275124391639,-0.00104831716591839,0.0414782414658166,0.010141714174385,-1.00717009984754,0.000482721789124133,0.129633596199162,-0.0169040385017389,-0.045396161986532,-0.00547569252860725
92.37,-0.448361512440281,0.2163088105021,0.850039204634935,0.0030665323138237,0.000825116096006391,-0.00829605980212327,-0.993159175086477,0.0557087033438123,-0.0734947419855591,0.0270226998510449,-0.0578570578788851,-0.00976628994586074,-0.933342637648614,-0.350109843221262,0.0487354504028621,-0.00144845989871612,0.0382218435406685,0.0174547998239797,-1.00460501688147,-0.000893455740762616,0.128506356825005,-0.0245989001001744,-0.0241313583862019,-0.00242730574196875
92.375,-0.44898260469355,0.214160320820793,0.847521613587546,0.00403954175199903,-0.00264023655578897,-0.0113347337155361,-0.996649097285138,0.05586421846118,-0.0776728253398775,0.028095306828618,-0.0534868375278617,-0.0103786789113515,-0.936242449451703,-0.345495406092399,0.0473630953514139,-0.0126918340216885,0.0310670331080084,0.0235877032217472,-1.00442042047913,-0.000630504103996343,0.130377530279043,-0.0286603112426245,-0.00838226388610915,0.00271623427312813
92.38,-0.449913347031193,0.207295491710908,0.85094147880893,0.000765574087768464,0.00293582619737039,-0.0117608881940098,-0.995098600848827,0.0435555538169722,-0.0690686974355652,0.0391162282692416,-0.0621058851985358,-0.0133060079320382,-0.939183121864895,-0.340815169104781,0.0441497798598222,-0.00537746138001139,0.0294489889005554,0.0242078517963754,-1.0059170078837,-0.0030984919900143,0.136814467605595,-0.0236417146990661,0.00326721279222788,-0.00362761013871437
92.385,-0.457463922883727,0.208664142534119,0.852242725277011,0.0030665323138237,0.00337967650967405,-0.0109863574593296,-0.990410467764415,0.0411050121971779,-0.0771917712665935,0.0212738035674122,-0.048470713198185,-0.00571453209197047,-0.938837455260727,-0.338782773216983,0.0399287551269969,-0.0136940401077645,0.0276389372542594,0.0251932118996697,-0.996616764347739,-0.00480748432076367,0.131642670600628,-0.0158362333235826,0.0188062993146949,-0.00314355489991732
92.39,-0.457109941639074,0.210420709667374,0.853009267851157,0.00239070107535994,0.00134452978794444,-0.0125079348868655,-0.992270464503345,0.0388674011433013,-0.0775924398722233,0.0212141697033549,-0.0464136571858962,-0.00541640450228322,-0.933330688213745,-0.338380412509768,0.0369054115458609,-0.0183524867091937,0.0263167053171451,0.0256072740146246,-1.00271746903296,-0.00894088120645403,0.127138821394384,-0.0116575087172681,0.0262670413633272,-0.00269408508766606
92.395,-0.455793407685204,0.209488997485873,0.850364323945786,0.00283094536410759,0.0031933552792273,-0.00713715287066966,-0.992105603638858,0.0386865316451133,-0.07898184693922,0.0294121180791222,-0.0438092525952132,-0.00549204348554921,-0.930016365771736,-0.3359135182606,0.0331177794389174,-0.0203966641927409,0.0278487319513106,0.0276519432663918,-0.991617680207928,-0.00468180585284357,0.12188327284398,-0.00174655708404397,0.0287048818522791,-0.00332157947109627
92.4,-0.449782822165718,0.215509672140303,0.848012598192921,0.00162452682346016,-0.000649152491244741,-0.0046488102247093,-0.993968479863249,0.0479865061122145,-0.0815309539231117,0.021676810694404,-0.0374754667282104,-0.00168452305843058,-0.930124496455635,-0.338231645564125,0.0349858110823652,-0.0264884472091378,0.0272265914827585,0.0305284231505035,-0.999107718467714,-0.00338458416517548,0.121530944854021,-0.00288336902803666,0.0327965314505067,0.000764415748473925
92.405,-0.452264921891088,0.218153669581939,0.849594473990726,-0.00144184143021988,0.0020518479429846,-0.00618851470069206,-1.00120268226607,0.0458587113111911,-0.081401926629839,0.0377006496255059,-0.032424430653238,-0.00204625707429132,-0.927299902126661,-0.340734569221823,0.0365763558801467,-0.0238479363464085,0.0272265914827585,0.0353957787506202,-0.999546923257594,-0.00378502143296173,0.125464254623476,0.0023707261914857,0.0387215203908507,-0.00100579119052252
92.41,-0.453851616356915,0.2144538302581,0.844209591183806,-0.00328986219659379,-0.000818947128604103,-0.00517476385790219,-0.994678410870256,0.0479191201372829,-0.0805932566483707,0.0329073813088545,-0.0304707389724791,-0.00106281890113456,-0.92405807849084,-0.34408050195535,0.0421657990827134,-0.017375275724197,0.0272265914827585,0.0319553315893526,-0.999973615398262,-0.00960529403994994,0.133047766314018,0.00612682967725383,0.0387916101537049,0.00123385294836751
92.415,-0.456796132016206,0.21269795391337,0.842169901849401,-0.0015223607178146,0.00126953337641144,-0.00176066299513585,-0.993026747728371,0.0514194187110499,-0.0796823748422027,0.01920439336508,-0.036474430209327,-0.00260267885300664,-0.918471848342724,-0.344176528304641,0.0465256002581848,7.39361442070098e-05,0.0313312980102498,0.0268212864016897,-1.00286416751583,-0.00430697666646487,0.135452795326714,0.0097031819294025,0.034131448777934,0.00535210817607187
92.42,-0.459367326174824,0.212172847147891,0.843396987269334,-0.00188336507720344,0.000215668752842334,0.000321724564688037,-0.995947541176348,0.0524033314660296,-0.078908547039353,0.00566427708016975,-0.0384034750600863,-0.00130795825193783,-0.917539574121988,-0.346130205380527,0.0544636073096171,0.00736201399204131,0.0325065559996441,0.0249136681218986,-1.00571581912766,-0.00851794621389654,0.136655606290891,0.00907029850326626,0.0219359116776132,0.000239977350684963
92.425,-0.460001249030668,0.209333886590409,0.843424479279465,-0.00229997295415142,-0.00131388683292075,-0.000465868537282324,-0.989918814340631,0.04895063264346,-0.0829010843681417,-0.0038996101839029,-0.033810380846262,0.000228850465187529,-0.917284967419864,-0.348573734229579,0.0586994752004913,0.0217505245536026,0.0361876999672113,0.020731023484057,-1.00694285340321,-0.00442257226106952,0.136730952193054,0.00959689499194631,0.0023488934928836,0.00256107879498612
92.43,-0.45451446881574,0.213740523671918,0.846569400468203,-0.00192991839425125,0.00182950134473093,0.00304757610365426,-0.995598807950738,0.0429031592410815,-0.0805458933967157,-0.0131535259351339,-0.03313512060341,-0.00176159868760444,-0.921008410541402,-0.350140923101788,0.060461097060623,0.0272277314450778,0.0387563352246396,0.0198000138742942,-1.01278003371531,-0.000204216454119743,0.130806307357274,0.00568398098951616,-0.00467788098613862,-8.45855594445197e-07
92.435,-0.449837406179948,0.217847489661016,0.84831326463178,-0.00601935299638564,0.00715051036678191,0.00824903295411135,-0.994929842534339,0.051027838260674,-0.0802877408909306,-0.0188943067095939,-0.0355972961595335,0.00106056867463534,-0.924531638729664,-0.349739995399915,0.0630086834624125,0.0467688252214186,0.0418869256973267,0.0203217789530754,-1.0063447561864,0.00166494169316915,0.121880217787547,0.00413757480925752,-0.00048092826623053,-0.00315640393566276
92.44,-0.457175511613557,0.215067102403921,0.845121377337668,-0.00548532977700233,0.00518954074072144,0.0052716201171279,-0.998183628027242,0.0540304332427781,-0.0776298633057305,-0.0319602855635114,-0.0313509460865194,-0.00391666073178557,-0.925231127093413,-0.349372565594291,0.0660807672796512,0.0329928642285295,0.045634596697001,0.0109198679968869,-0.995402654896984,0.00831700264327574,0.116748373665298,0.00610601282594432,0.00962066037382752,0.00258445234413199
92.445,-0.453657846164706,0.211022910394468,0.853262224312727,-0.00438404546719848,0.00821687184343832,0.00637290498661958,-0.994907827474251,0.0504058263781106,-0.0835053510920812,-0.0468054769615749,-0.0309001347326524,0.00648336022131511,-0.925610433016039,-0.351586782544499,0.0675034138748539,0.027062870555446,0.0479954034090042,0.0211406759895634,-1.00582033245801,0.00871969147519796,0.113488208291869,-0.000544509409553304,0.0211560175707297,0.00830598631405396
92.45,-0.454748007484683,0.211898568867045,0.84940268818866,-0.00380906706971313,0.00394387543201447,0.00694788367631686,-0.994599008106537,0.051897461997289,-0.0852112549759533,-0.0524190174923443,-0.0325886867940426,0.00749058846815627,-0.924234522145398,-0.351741538631678,0.0680496256817393,0.0231913789979131,0.0501176024633114,0.0174921758998762,-1.00190050696787,0.00849464051968667,0.111548274960009,-0.00142898183893188,0.0223570713155462,0.0123959085449415
92.455,-0.455713133129289,0.214997561477762,0.851614337335754,-0.00548532977700233,0.00394387543201447,0.00624808951140896,-0.995848327973395,0.0581708884742476,-0.0848995763592234,-0.0453179113788894,-0.0345675413474162,0.00398193471484213,-0.924054054393884,-0.354600806654025,0.0670515689605406,0.00591290147767823,0.050644867855921,0.0255911785848415,-0.993133416725272,0.00626929420213527,0.109294526183726,-0.00814380966912919,0.0361912252722004,0.0158605911271299
92.46,-0.45127806010076,0.211663576445933,0.848101343598948,-0.0103721059858799,0.00503955149754876,0.00887369509505561,-0.996337548013469,0.058134101686842,-0.0872410290848887,-0.0313853444040978,-0.045094755667789,-0.00141513003202201,-0.927148950058109,-0.353209295602807,0.0636334243886251,0.0195065055889708,0.0551126737994772,0.0256851204842207,-0.994095144664624,0.00228267116086308,0.105873476704053,-0.00470534360907738,0.049883632007697,0.0205562897026539
92.465,-0.454021219429733,0.211623336605678,0.849106033733986,-0.00924604486498779,0.00384824250068718,0.00658894774585727,-0.99856421931538,0.0611604720320765,-0.0827194261674455,-0.0423120472299572,-0.033810380846262,0.000456361672902294,-0.927805118000507,-0.355523083520028,0.0579908069362607,0.0164555639853385,0.0532924033289002,0.018288614559655,-0.990722352080905,0.000257706204997138,0.105091444939658,-0.0134072911290686,0.0651154820662005,0.0205562897026539
92.47,-0.460365216741434,0.212352975641183,0.848643053578842,-0.0060960217542218,0.0051652593864534,0.0034389235241291,-0.99658920253387,0.0626758059645492,-0.0825698094039441,-0.0439846701920033,-0.0313314606065037,0.00147924060791442,-0.924032581753281,-0.354724712194169,0.0541980482537604,0.0206153226241534,0.0521763078827725,0.0178150371241751,-0.990531963005904,0.000267989559143696,0.111560097444394,-0.00572391163119995,0.0633840210198893,0.0205562897026539
92.475,-0.458417790509913,0.215900255010723,0.850042582165434,-0.00694329176518715,0.00248591344382965,0.0042861936252686,-0.995198096410957,0.0606786080607364,-0.0887207952354173,-0.0388210641378526,-0.0326118923314197,0.00107216002730897,-0.925250092008729,-0.353100973799945,0.0518847001768742,0.0258278734982014,0.0527206536679395,0.0128535857550091,-0.993609879477465,-0.000103937800464545,0.114293051945561,-0.00537003248643341,0.0623977920470345,0.0197808440058285
92.48,-0.455722639150914,0.216328413430675,0.842527059230811,-0.00667977088915057,0.00158224614778916,0.00402267310406187,-0.997167472217525,0.0575369677162399,-0.0866843814181111,-0.020497097735689,-0.0399975336986387,-0.000576647033072854,-0.927070411440778,-0.349061259313109,0.0503741499977954,0.0400266515811026,0.0502867636186136,0.0181317706733523,-0.993245952069919,0.000261297236906421,0.119906416288321,-0.00575142717334606,0.0583485164829988,0.02029687492985
92.485,-0.45229696507468,0.215069395427922,0.847727870439465,-0.00433486318691014,0.00401510289414167,0.00282823108136654,-0.993371188829702,0.0553810723871882,-0.082237812729325,-0.0138133360097023,-0.0343986218674919,-0.00131206838839611,-0.928801173962374,-0.342835751220088,0.0471731993512371,0.0571697720483765,0.0476180253235847,0.0282084435182906,-0.997934622829729,-0.00229451062759507,0.123524155796501,-0.00677059262992643,0.0486696728524394,0.0152343100649523
92.49,-0.449223655279909,0.213867936266474,0.846970325354715,-0.00461410875659037,0.000382942873077203,0.000593141320442389,-0.996072203845625,0.0582810271486781,-0.0818548784232888,-0.00735925962771517,-0.0259562243743526,0.00365941144636153,-0.926653225357699,-0.343460181130468,0.0435317235295758,0.0593405720683622,0.0456526905316998,0.0367978726773116,-0.999199617894728,0.00119149825636262,0.129143107213086,-0.00888286233347786,0.0523549288551225,0.0144478157162666
92.495,-0.448231591210452,0.216602718782952,0.848422353850727,-0.00571854240534871,0.00200399985792677,-0.00205854699015617,-0.998363153705159,0.0598306631395563,-0.0809054919546145,0.00515692059467926,-0.0350320748984814,-0.00282333977520466,-0.92747717367309,-0.341775696991725,0.0409623206041499,0.0655752757712684,0.0442093528452874,0.0312323566229181,-0.998438044765372,0.00204490499358964,0.132994132045016,-0.0102008674999491,0.0528822114729022,0.0097034780129814
92.5,-0.456568855838607,0.211857650720399,0.849446347713279,-0.00308343532627268,0.00394387543201447,-0.00323874783851199,-0.990212366474598,0.0569498322918363,-0.0819756052510053,0.0182967108307278,-0.033812884830792,-0.00160414784868786,-0.927487888307264,-0.347804898466883,0.0403372037966735,0.055074067362586,0.0345716562878769,0.0263408797909729,-0.99143893786756,-0.00196337350165323,0.135320377593347,-0.0144247332491312,0.0739253040415004,0.0119478372953501
92.505,-0.454627020656176,0.208774590541821,0.849449740974518,-0.00511526713853347,0.00442544420729613,-0.00194704081084166,-0.99350574591002,0.058259449726538,-0.0795342910376926,0.0212701109595343,-0.0344326405618549,-0.00404503382742405,-0.926434457695615,-0.347467110468109,0.0394883455015912,0.046543605010941,0.0345302246055931,0.0220126235056749,-0.988916835741862,-0.004822687705446,0.133217408616522,-0.0142945209838864,0.0533852052457493,0.0116462775602661
92.51,-0.455152866749933,0.212357308755464,0.848030621202039,-0.00361477724045948,0.00012674348539558,-0.00579965348920266,-0.990171346168131,0.0525953883881425,-0.0791150094173316,0.0211085995069654,-0.0292670626476462,-0.00404503382742405,-0.928780793954458,-0.34736545218572,0.0385558238189246,0.0361459992263462,0.0321133732795715,0.0290429184353911,-0.990235221582493,-0.00473452910701114,0.136719004971649,-0.00690951935918492,0.0470105061353237,0.0110767359707608
92.515,-0.450989627166405,0.207765205354106,0.852090160135502,-0.00121910691949518,0.000569651239521882,-0.00603390872733151,-0.992657293147676,0.0490542207964346,-0.0802911275637923,0.0244302228093147,-0.0298246925222397,-0.00496636478312527,-0.930751609611815,-0.348820693728401,0.0349359640121321,0.0120541975093812,0.0283262944130645,0.0319888686388603,-0.992972414770345,-0.00461701927051675,0.1318612112914,-0.000472708481972074,0.0554923683812354,0.00859431240485824
92.52,-0.449722602677811,0.210783711924431,0.849265501585322,0.000423643844848903,0.00486631886138827,-0.00572363054379821,-0.996356187326001,0.0520544797100493,-0.0843180682865276,0.0142105656216145,-0.0274045080260833,-0.00870876134828003,-0.927327385140112,-0.342328867867689,0.0323089319741249,0.0105242448603284,0.0270121606292053,0.0325387194752693,-0.995181249598274,0.00129517060866395,0.124467613161524,0.0176566938497072,0.0469753475207808,0.0118258400511801
92.525,-0.453039098827584,0.212844239766557,0.848979832437473,-0.00489558304384915,-0.000900705714544771,-0.00603960432376793,-0.993046922924589,0.0454040130020131,-0.0804605958309484,0.00732649955898523,-0.0260700162436417,-0.00559221633965727,-0.928050763103334,-0.342076335313916,0.0317895495608021,-0.00141309432315652,0.025833296437548,0.0353389676332114,-0.998269656857309,-0.000627635934583025,0.115100261636473,0.0227584192218616,0.048431542535154,0.0187318424704968
92.53,-0.451615921635232,0.21175153212399,0.850038295139173,-0.00670702382922173,0.00154013671303148,-0.00694532506167889,-0.995115868097262,0.043913918716553,-0.0824943479613935,0.0139483400001219,-0.0302161914419155,-0.00588643672924496,-0.926217713380675,-0.340135866674327,0.0333414248502727,-0.0175833824075588,0.0272101506224343,0.044169478037263,-0.999165803866057,-0.000643848128416882,0.111886639937933,0.0328299370814439,0.0544356717819877,0.0157346468208956
92.535,-0.449867930231129,0.212279749842551,0.848102887440267,-0.004690311244574,0.000278785824775696,-0.00190354167833256,-0.995595134435034,0.0444400801524146,-0.0823290737489596,0.0217853981548904,-0.0211774871909739,-0.000165438812947591,-0.921039878518988,-0.343169466314551,0.0346446580832339,-0.0341795224064984,0.0260048974305391,0.0449325089245746,-0.999790385954763,0.000917218988292695,0.113743475842117,0.0463494545871456,0.065438778648045,0.0158283937806443
92.54,-0.453640544033152,0.214402340225753,0.850439715115163,-0.00560314431504056,-0.00303284598568682,-0.0010724816381644,-0.99296538262691,0.0500474141862189,-0.081278542113537,0.0158783607184887,-0.0218509147252684,0.000135006641141352,-0.920645175595343,-0.34237909319313,0.0399351764002147,-0.0407518591117157,0.0299740955381947,0.048420749604702,-1.00005913924201,0.00343457236389247,0.109351054012164,0.0407733919971692,0.0811529553957838,0.0226691173506762
92.545,-0.452502153264355,0.217126985001378,0.845330596435817,-0.00670702382922173,-0.000357481507608905,-0.00168957257077571,-0.990962675943849,0.0484003537834531,-0.0821956360012993,0.0151957453572841,-0.0257433636265997,0.00143505809723791,-0.919038350863759,-0.343365512614328,0.0418358328827534,-0.0442971401272519,0.0310134647942175,0.0469542071935144,-1.00424697697254,0.00102352773531216,0.115033667711861,0.0429875664672619,0.0926916300643168,0.0217140503487355
92.55,-0.44899442987299,0.213061565607641,0.84934480490414,-0.00731404228527456,-0.00216460227966309,0.001007175019094,-0.991186183069147,0.0491724050159017,-0.0848743378157416,0.0109105820863206,-0.0288831020441925,0.000453651778843575,-0.914740848049819,-0.344000673772888,0.0454692101641716,-0.0405995692015041,0.0291107688638796,0.0488338400270383,-1.00307414914934,0.00241355168969496,0.114491638225609,0.0454948879778385,0.100746470886638,0.0255900179330877
92.555,-0.454445578327517,0.211499160787284,0.850680158633886,-0.00699623701592412,0.00156532686920008,-0.000836852472275496,-0.991926796992439,0.0517919536263045,-0.0885645158951587,0.00760651351271725,-0.0342936723418779,0.000358452961943032,-0.911096062529175,-0.347842142421358,0.0482222387344842,-0.0312088662481406,0.0258134459006835,0.0407737854525795,-1.00621542948009,-0.00597564703445489,0.114766421222797,0.0376391287339276,0.098875304244181,0.026664761826396
92.56,-0.455708873922192,0.214627839000156,0.845940450762718,-0.00891337843854015,-0.00082438475208501,0.00491606973892572,-0.996517159215819,0.0569419882216496,-0.0938080514317839,-0.00450066714501898,-0.0289236027747393,0.00136144884415364,-0.911058047034696,-0.350628877550894,0.0472482998523678,-0.0370977734299391,0.0261597044088416,0.0389400419187711,-1.00767645848799,-0.00375001565324235,0.116130629927431,0.0394364651360051,0.100766897853027,0.0202215335582653
92.565,-0.453640330964081,0.21333873672183,0.85039842539917,-0.00670702382922173,0.000278785824775696,0.00121399076500158,-0.99361116965495,0.0534917415923214,-0.0873514080359201,-0.00452589398941485,-0.030161302520003,0.00572852231562138,-0.917015008919672,-0.358807540955836,0.0493772276004327,-0.040043372482678,0.0285485407256874,0.0316574199799834,-1.00640834575403,-0.00147207129623509,0.120218820988771,0.0302434446499256,0.102727614612107,0.0190193010779974
92.57,-0.454688082155559,0.208803882671589,0.852950398286341,-0.00238019720160194,0.00336937869641021,0.00409355038162044,-0.993999084385771,0.0540704750948109,-0.0906790403754635,-0.00972751691298609,-0.0332243869670277,0.00509282214263627,-0.918674302369864,-0.366059028519249,0.0486931924016736,-0.0357149203937256,0.0315534497247239,0.0241393738451611,-1.0091454770245,-0.00252420190541214,0.123758606662588,0.017547248088076,0.0967042841515538,0.0157451788747083
92.575,-0.454359935610124,0.208518356949952,0.852067739925637,-0.00073913937275689,0.00638726353645325,0.0051310334883455,-0.997733025338391,0.0535727065477011,-0.0940352783138251,-0.0103226525498702,-0.0276254470622456,0.00450682826340199,-0.917503821643229,-0.368974259952279,0.0487141334696324,-0.0258602311764223,0.036654998966165,0.0109251531255078,-1.0064114177118,-0.00231210392892089,0.122543284311824,0.00251984340385527,0.0823368201118253,0.0138909031514428
92.58,-0.452511607482853,0.212865215034348,0.851652419756702,-0.00303921029567328,0.000292442725884559,0.00526888874023762,-0.998672277569166,0.0548098487583811,-0.0957414066665799,-0.00975805468980066,-0.0363016914472533,0.00204427023340349,-0.91919118970197,-0.367992630076122,0.0520810940811735,-0.0144507153314187,0.0382591733354495,0.0166193595510556,-1.00807194929,0.00430972761110685,0.113167275213828,-0.00500598576165741,0.0786090195178986,0.00711764767765999
92.585,-0.456615745494604,0.211265796453383,0.850933375848364,-0.00324094902614703,0.00340397181922846,0.0103574063218485,-0.998805286624751,0.0512808238944282,-0.0912474027447916,-0.0048470416921679,-0.041651731140705,0.000685818428091551,-0.919210859043671,-0.368395815270802,0.0524623039399122,-0.00948889077625971,0.0401990294220612,0.0177014730848452,-1.00010612542229,0.00583238049646419,0.118084864366342,-0.0119721094162545,0.0790004660059584,0.00711764767765999
92.59,-0.452491543392849,0.21397720780329,0.848747313730696,2.44820200240271e-06,0.00516556948423386,0.00651301260506229,-0.998640122439556,0.0500299370889382,-0.0889027766961467,0.00372026076886953,-0.0392932967092776,0.0014084588873161,-0.918833309350567,-0.365993007480684,0.0555634581016281,0.00287199696203034,0.0418869256973267,0.0240723009893862,-0.998517622868309,0.00940553975211782,0.118382496529542,-0.0121549380796038,0.0818358920869889,0.00711764767765999
92.595,-0.451654753874659,0.211460151058885,0.850555133265084,-0.00209830904883878,0.00607271964825605,0.00799307199227303,-0.999212840395281,0.0505265566894988,-0.0833999363695315,0.0117015699799463,-0.0386971607804298,0.000552843915198739,-0.922257902993359,-0.363578465835824,0.0591363518627877,0.00628076121211052,0.0370622049394192,0.0261734993135345,-1.00197800798933,0.0123684289460163,0.115186495601884,-0.0173253156727766,0.0785671744932375,0.00711764767765999
92.6,-0.455110316155395,0.212345263206409,0.851802766680887,-0.00091809464111505,0.00296183979580895,0.00649331416934729,-0.998344616941415,0.0569944545626577,-0.0869343954221788,0.021376373238024,-0.041048902494789,0.00395694964346845,-0.921371134061696,-0.359341826605499,0.063724151661225,0.0285408644958018,0.043452765736632,0.0211993277178063,-1.00145003483908,0.0123750171565751,0.109631229615202,-0.0222900958345204,0.0787944395655699,0.00924608471541644
92.605,-0.451673489960121,0.214052072854999,0.848625566185743,-0.00420329100161375,0.0054257351879047,0.00713433355704158,-0.994239683033654,0.0614126561025112,-0.0872766389351017,0.0398673416851246,-0.0399188548326492,-0.00213834061239686,-0.924507185451926,-0.357737134198899,0.0663804082995917,0.0440200961363217,0.0471365421756076,0.0171527229982316,-0.996625770131212,0.00920242501661976,0.111414093359766,-0.0395246091636741,0.0720014241362127,0.0165023520707543
92.61,-0.447477168121289,0.212817806229416,0.851710476760595,0.000588129180042856,0.000942162845479082,0.00775002420892399,-0.991631186260817,0.0593266261177697,-0.0835945532696476,0.0250887064820626,-0.0399188548326492,0.00143217688903835,-0.927083144401147,-0.351625732083871,0.0679702619931556,0.0509957649510575,0.0448531972919525,0.0160634357505106,-0.998198455315837,0.00631657148516472,0.106836851781612,-0.0456173513270646,0.0774513247236431,0.0156695116311312
92.615,-0.45108454440586,0.213892493381418,0.84634813566528,4.79154692221409e-06,0.00457723936718319,0.00465326745466519,-0.989870628261847,0.0494899111413841,-0.082124841133178,0.0402924482617527,-0.0482876985204553,-0.00601358525065227,-0.927462502730486,-0.34268228014172,0.0687546817236382,0.0484649101670713,0.0409321215760697,0.0157018852245797,-0.996836342554562,0.00303008277662836,0.0997814057816404,-0.0502636328530813,0.0844284922720932,0.0127597737752658
92.62,-0.450857155434595,0.214615570898248,0.8494152433288,0.00308378908091662,0.00394962768478873,0.0089079428594047,-0.992851105063121,0.059504105648975,-0.0846420448467715,0.0278461119488848,-0.0410242579376159,0.00330174719641045,-0.9286726693046,-0.33920033867502,0.067193846655034,0.0563146365399631,0.0419425251369206,0.0167956881143598,-0.995375898533101,0.00483604988766556,0.0954471008722719,-0.0542326685746983,0.00377621788337689,0.000442739386966022
92.625,-0.449649777420008,0.215520816623785,0.845286142066786,0.00468583656221668,0.00482460627572323,0.00282823108136654,-0.991355328936869,0.0620849909496158,-0.0817796185772855,0.00729875856641852,-0.0354128354747356,0.00309475392305548,-0.928630405788297,-0.335744723589575,0.0603420581194462,0.0516495909938354,0.0439507711811071,0.0227651670575142,-0.999313913029663,-0.00102780731399685,0.0928061349951699,-0.0539635939791695,0.115189358738494,0.0136216034735958
92.63,-0.45332332452645,0.213442655239951,0.848391288570883,0.0007251033475242,0.00659118181273181,0.00216640423392517,-0.99263985424794,0.0552517818168939,-0.080716538419062,-0.000134847161515321,-0.041685806012955,-0.000379949808120728,-0.930000097365056,-0.333391196483895,0.0524304706253677,0.0451953831934682,0.0417073231065027,0.0283703536296877,-0.999417535104177,-0.00266471257189071,0.0936755774831714,-0.0451891804783808,0.128805484354787,0.0130046736895552
92.635,-0.45748875888818,0.208096722596683,0.850777574801669,0.000932110713590201,0.00426701390082149,0.00343199270320063,-0.989661831402579,0.0452836334422692,-0.0866181920879927,-0.000293138846438873,-0.0402083262532849,-0.00410884175576072,-0.92875144863064,-0.333683449133935,0.0464435008229882,0.274028206670828,0.235842241273244,0.176560430145397,-0.997796441409606,-0.00192746123568239,0.0979541660884451,-0.0348238612416588,0.145641902192943,0.00904944523962599
92.64,-0.45443037187884,0.212116691444582,0.850724004035498,-0.000782289253956772,0.00308965964176715,0.00347131824991987,-0.993192214651371,0.0497013961593498,-0.0878745337236696,-0.0013329719058756,-0.0341142222463873,-0.000683791053829853,-0.929078399378072,-0.332939732128751,0.0366862899911672,0.047818373888731,0.042986628123637,0.0313170254230499,-0.994429704801927,-0.00204839974958377,0.100000012666819,-0.0307972304400082,0.161002267279794,0.0111875153173281
92.645,-0.450752252317162,0.211302361113687,0.847410463796285,-0.00304194167256355,0.00568888254931075,0.0101000430278017,-0.99905435739395,0.0477163704363994,-0.084245254982234,0.0126656991895366,-0.0381451126664187,-0.00304056440962673,-0.928447284827939,-0.335962484245346,0.0328305202999968,0.0467239944577613,0.0418869256973267,0.0305874391357368,-1.0000316689455,-0.000193319881378745,0.107946544082316,-0.0242203448950392,0.164206283921848,0.0148288323748058
92.65,-0.447124543300263,0.212295173395835,0.849620457071385,0.000126493807508123,0.00217984981802442,0.00839437526416131,-1.0029203804496,0.0423929058915583,-0.0800571677771947,0.0183995881209913,-0.03342119442248,0.000269815935698295,-0.930192982790473,-0.338418703430859,0.0338035710362972,0.0373987899039963,0.0418869256973267,0.0302245372722989,-0.998158793421356,-0.00399751387181774,0.114523006056695,-0.0251418542327119,0.159618115344155,0.0170469285156986
92.655,-0.44477032964759,0.213299988130733,0.853914203766746,-0.000849894909971043,0.00883940572979417,0.00820018532314598,-1.0004905710892,0.0409141899312485,-0.0810704215133551,0.0453153879683243,-0.0356317386876022,-0.00708808420971629,-0.930556302834907,-0.336790357373714,0.0367384966188325,0.0217616753669124,0.0388345259235496,0.0313170254230499,-1.0005159453997,-0.00260089916327951,0.106661537263568,-0.0288394187253235,0.15285598340989,0.0170802641052486
92.66,-0.451105555440732,0.212016017536165,0.847155250115835,-0.000551670168346033,0.00869001261742671,0.00520130057859223,-0.993467048238694,0.0520433506189527,-0.0843229153229877,0.02877187151899,-0.0324845998758752,0.00221956952554424,-0.927468961054567,-0.335096169792394,0.0397184857428434,0.0256604698965099,0.0443303138017654,0.0201543754789991,-0.992631258846205,-0.00562534853128832,0.104218804464815,-0.0351990710617377,0.145505950288418,0.0157682666496488
92.665,-0.453833327693024,0.216102138706118,0.850647391609328,0.00147043471353748,0.00112608149618447,0.00235534408774285,-0.990531357149803,0.0618342382887569,-0.0799360495118007,0.0432110646598804,-0.0328272451037282,0.00457911637026168,-0.925478090921043,-0.332966797585889,0.0447981048161549,0.021365497219353,0.0447341109409892,0.0194935794055315,-0.995727983187507,0.00393794131963034,0.0900863697723935,-0.0485489708760282,0.151707543798791,0.0156428918456117
92.67,-0.451851241139347,0.217791434546218,0.845777327327847,2.21468804838213e-05,-0.000923208833026498,0.00284793071987732,-0.994279961987058,0.0676335124520479,-0.0771587261779361,0.0421453453882063,-0.0380857623831904,0.00145204036431954,-0.92247077635307,-0.32954700957528,0.0491546966976958,0.0147265386666367,0.0461893794403193,0.0221277993582081,-0.992157858816344,0.00414831858881958,0.0860512574334008,-0.0408975061468504,0.173507788774319,0.0151891319082211
92.675,-0.452961094324784,0.2195402123692,0.846193239673177,-0.0044363713097499,0.00455158601885098,0.0064038115686,-0.988711050558912,0.0613268112095477,-0.0754173108964559,0.0213048735694069,-0.0355253947955719,0.00181677946712904,-0.920193745881561,-0.32868250705837,0.0531136475266425,0.013389232586114,0.0427737110037119,0.018543478814405,-0.988722451259445,0.00471824542240206,0.0894680445307567,-0.0373734405501479,0.18750731514484,0.0229799720259727
92.68,-0.451013455767766,0.211390886974045,0.849854427266917,-0.00308242033429916,0.000359743395108656,0.00396896869515072,-0.985473633184713,0.0640161161863126,-0.0850674536892352,-0.00234042072732804,-0.0350320748984814,0.00572852231562138,-0.921216482186254,-0.330291587699749,0.0535206040662718,-0.00431649505448511,0.0382218435406685,0.0169861697971277,-0.988479799123103,0.00735226760379994,0.0886627380573424,-0.0371203538833039,0.190703189256229,0.0262047747843358
92.685,-0.451258500308964,0.215486309616398,0.847021829363561,-0.00367367951195558,0.00124729084772666,0.00160653656348586,-0.990382976292184,0.0622574378514074,-0.0830918885582181,-0.0216896492203289,-0.0347275561799818,0.0051194848786223,-0.918610437889893,-0.335016272382605,0.0514042408491164,-0.0213035713512804,0.0359185002025096,0.0198982268320586,-0.991729135085656,0.00667101213300407,0.0960269540019589,-0.0295902568722896,0.198177522054829,0.0207435488148902
92.69,-0.452083289299281,0.214621689982025,0.849192168343797,-0.00243322560132458,-0.00154735867664671,0.00344547120735574,-0.994656140843948,0.0517446261332294,-0.0818691146293412,-0.0207724738866091,-0.0344327193136826,0.00328513421118259,-0.918123014049654,-0.338470265062223,0.0475349909497477,-0.0403603293553254,0.0341987257549145,0.0167289258701812,-0.992946899762543,0.00572083913020725,0.102602124981671,-0.0210361393569075,0.192021305274234,0.0167885565068649
92.695,-0.456632060286771,0.215594045348717,0.847296987167761,-0.00304194167256355,0.00120257115726188,0.0034240600154003,-0.995049369987855,0.049195497717005,-0.0882360556870143,-0.0207724738866091,-0.0378675056669133,-0.000495437745054301,-0.920408380717708,-0.345952610351369,0.0446605008204612,-0.050562229619246,0.0382218435406685,0.0140192350570348,-0.994545375850913,0.00175672595290653,0.111931242782105,-0.0214705710699783,0.185807398919016,0.0156695116311312
92.7,-0.45921675986602,0.210553839198501,0.851886842263578,-0.0100869237418038,-0.00453669438828223,0.00412122162592753,-0.998238321126211,0.0556800964387514,-0.0885032358098902,-0.00481291807346462,-0.036659775793108,0.00141382849025391,-0.921935320843207,-0.347787132337687,0.0443923080396387,-0.0588795726336984,0.0316100942371146,0.0130942386360741,-1.00123679950866,0.000599969531621028,0.117867941064071,-0.0165808817505328,0.160876971664867,0.0163145822911234
92.705,-0.451528467730859,0.21328212692851,0.857673243388025,-0.00527535972552827,-0.00170652846950939,0.00485167985411527,-0.997900901250197,0.0547567447289531,-0.0877689917691926,0.00878199945514516,-0.03893373628104,-0.00526118297836876,-0.925925735604305,-0.356349914501718,0.0448656340156938,-0.057845767088642,0.0405455499934742,0.0144888043415444,-1.0092458741932,9.3954561851816e-05,0.120069873679555,-0.0122742780214523,0.15014114477061,0.0116801038449324
92.71,-0.451843248644471,0.214663253369796,0.852701664209003,-0.00297273097725186,0.00380545404139108,0.00476458869470482,-1.00013997926066,0.0520270429567726,-0.084578035888062,-0.00579708840040831,-0.030565365641454,0.00450682826340199,-0.928780255394067,-0.357673826294894,0.0501063591275688,-0.0437910485791728,0.0401567903309763,0.0105658845776966,-1.01135513299618,0.00589177104451541,0.122139334306505,-0.0065372502306621,0.133705744644482,0.0115639381609278
92.715,-0.45073065016113,0.213241167244185,0.853170559495354,-0.00369395521675349,-0.00224692786524297,0.00743016868173492,-1.00201477062605,0.056690193074567,-0.0851389173106793,-0.00632581107943113,-0.0350320748984814,0.00450682826340199,-0.929288316102283,-0.356096450642185,0.0545562332141784,-0.0374665318291059,0.0400023279400046,0.0138882199817111,-1.01900974183939,0.00415358189828889,0.116472711402242,-0.00397576476657564,0.12053259811235,0.00854030279823202
92.72,-0.445947705921981,0.21126917163362,0.850966409762284,-0.00426363572478294,0.0015403345557305,0.0052317728737849,-0.998053621547823,0.0605844245208014,-0.0851223659708158,-0.00267696167524591,-0.0304211832105204,0.00441486613554805,-0.928619709435239,-0.353042564216355,0.0604658215857192,-0.0138113700203277,0.0491204296310658,0.0192450866460927,-1.01581045025218,0.00804666266664296,0.119914275838124,-0.0105757407362504,0.115005216294386,0.00724496771740484
92.725,-0.449420169688078,0.215881608043609,0.852069074645437,-0.00240246796370465,0.00361459713822742,0.00191673115092097,-1.00017887755714,0.0661191644747475,-0.0799998344211226,-0.0113404846004826,-0.0428115215421753,-4.7598224895484e-05,-0.930315525744008,-0.350557144280518,0.061388200663871,0.0134415899562665,0.04821716370341,0.02023911975017,-1.016259602913,0.00696983262986836,0.1211280282586,-0.0105562688057285,0.109224778096288,0.00802997254535984
92.73,-0.455950345627628,0.214611503955126,0.847959949735725,0.00188521675930999,0.000829072554907467,0.00105625707419006,-0.997186274014089,0.0665916041779509,-0.0841362138773394,0.000576792984815474,-0.0314277666730353,0.00507513354507588,-0.930318699840684,-0.348441102466024,0.0612365772134825,0.0329731678274956,0.048513810701931,0.0154719696516762,-1.01555955281903,0.00941736835921281,0.119728147565327,-0.0201416431361239,0.108658767350206,0.00857580798612492
92.735,-0.453920787564275,0.217051871744524,0.846408352081944,-0.00136012600938273,-0.000252719412699934,-0.000836852472275496,-0.995329763016908,0.061717589790469,-0.0865533426193263,-0.00637924612000131,-0.0322869829228171,0.00537734131511263,-0.930850170679531,-0.344562475132102,0.0628770001507223,0.0332452238385814,0.0403889635711144,0.0135588627761144,-1.019031066093,0.0141120232618211,0.11770622595376,-0.0241416990756989,0.107220412634906,0.00780087676343573
92.74,-0.453159457619748,0.216028870205151,0.849119180502209,-0.00516332541872502,0.00160782211366812,-0.00216588181716037,-0.992137075233457,0.0578622673807735,-0.0850161191991944,-0.000827969283345868,-0.0350320748984814,0.00427131340902487,-0.925548693060763,-0.341360068635097,0.060863104026246,0.0439039943218439,0.0402484904086487,0.0140743874959117,-1.00983144147738,0.00739290958808964,0.118715884719888,-0.0245945870528451,0.100627505774972,0.0120044276118279
92.745,-0.446567695048171,0.211915916732011,0.850744211522055,-0.00213339668342021,0.00209588134388305,-0.00453283811842104,-0.995498712165413,0.0583919903621202,-0.0820225408610817,-0.0085555287078023,-0.0347093696854002,0.00141802855547341,-0.920957651568787,-0.339295902148837,0.0625653560050371,0.0507873437647067,0.0366520920161255,0.0115993772998839,-1.00892127346288,0.0126965518721776,0.121416490517366,-0.0267169355339537,0.0798629701540312,0.0120044276118279
92.75,-0.446808507959267,0.208664494607643,0.850044302666785,-0.00115229277771172,-0.00224074347410787,-0.00879690191879146,-0.997203129757361,0.0577510453014824,-0.085943697097153,-0.00599786101939999,-0.0389257164667869,-0.00421645103607385,-0.918130494443848,-0.340760775705516,0.063534570512932,0.0563292344686273,0.0364411067550539,0.00943013361794923,-1.00817469210315,0.00866467437290133,0.120502935905862,-0.0214350689837229,0.0584223604912416,0.0140343996649802
92.755,-0.448013902001163,0.210682037929617,0.852715197869772,0.00438424738774578,-0.0064885419732823,-0.00656788563848215,-0.996448970879778,0.0583617753034192,-0.0861267398586358,-0.0123265298311609,-0.0435839369893074,-0.00193826419827078,-0.915667068892013,-0.339069387478521,0.0596271987007881,0.0594998886458449,0.0389860278849885,0.00756940148993056,-1.00743777977672,0.00755566443446622,0.120704391600081,-0.0212700230586062,0.0410138003545598,0.0166770620535159
92.76,-0.453645472438709,0.212115038858132,0.846520980882694,0.00435976493277091,-0.000150445575591232,-0.012624566525503,-0.99693003232058,0.0530792004073115,-0.0909101000443942,-0.0227800596633591,-0.0435839369893074,0.000779486529742582,-0.91456386964366,-0.338033911040143,0.055206469091825,0.0552690569414722,0.0406250599737291,0.0092461816897639,-1.00577641090221,0.00498914118912402,0.117510016806471,-0.0264886621236342,0.0191557915927762,0.00850808934080405
92.765,-0.455723572267124,0.216293818953227,0.84554452504294,0.00244052839640846,-0.00253413939456416,-0.00742794023592266,-0.993236106585373,0.0492934473412115,-0.0957327547953157,-0.0125797733312101,-0.0483270497673539,-0.00205676468921025,-0.913132957985746,-0.336559708679626,0.0506188464215633,0.0535244142128143,0.0431050205546404,0.0101457866605408,-1.01161204256317,0.00433908837723664,0.125501681163914,-0.0240747300141397,0.000705024898783626,0.00544407708419296
92.77,-0.455782542972943,0.216797234212791,0.84650073446811,-0.00121128383412607,-0.00216836502265961,-0.00815947942164335,-0.995949596522723,0.047843180312273,-0.0933514749909626,-0.00315487003985772,-0.0369712388213937,0.00970389929428191,-0.912242060996022,-0.343705432349789,0.0480707441783683,0.0443207513143096,0.0481924601757177,0.0115039214460753,-1.01028851842457,-0.000405327576800634,0.125751397193128,-0.018578410887674,-0.00677827893486721,0.00223087146878242
92.775,-0.457017800458088,0.211017685773308,0.85056790962146,-0.000598549842834473,-0.00181321103661176,-0.00625888232994126,-0.998353610248688,0.0478732605152242,-0.0927613864303773,0.0159211054485257,-0.040101361102594,0.00682854502233325,-0.913897352327663,-0.351951924875283,0.0500367313159959,0.0320216192398615,0.0531556251871601,0.0136237728444725,-1.00755852709448,0.00071871403865125,0.126349975189625,-0.00967082628555251,-0.00290043634812868,0.00316002657661606
92.78,-0.452154356468337,0.218660569980918,0.849374872815726,-0.00192527984521951,-0.000890384984698352,-0.00551356601397929,-1.00183075388037,0.0495710176994278,-0.0923194678546703,0.0316978625258132,-0.048470713198185,0.00566599399351322,-0.911163837571205,-0.361455709989728,0.0501649480694744,0.0199123315048288,0.057426034650184,-0.00366199558754877,-1.01388044130899,0.0049330320427416,0.127044957254271,0.000390851433964595,-0.0157574346241117,-0.00480332140077302
92.785,-0.456625330656859,0.216454265101978,0.84363763958434,-0.003690824727868,0.000278785824775696,-0.00169606929514714,-1.00087134639064,0.0519266265727033,-0.0933577744943829,0.0286727854433877,-0.0503366254987806,0.00357387258724483,-0.916925890668745,-0.363432422895581,0.0498578117581108,0.00932765486655164,0.0535592668672431,-0.0145627566595901,-1.01040366414615,0.0124514134529706,0.12164824846546,0.00292769347395707,-0.0187730903432612,-2.04044106979307e-05
92.79,-0.453984246703901,0.215834289780661,0.845409827368978,-0.000562872789029273,0.00216484903026934,-0.00261587593561814,-0.997823393596029,0.055762067768263,-0.0864495230465932,0.0232085287570953,-0.0558008849620819,0.000194957560451813,-0.918355676421603,-0.367764645321589,0.0538553968251547,0.00378462243416935,0.0539764294420855,-0.0217256147495114,-1.01115619056174,0.0107644706793115,0.118330405808212,0.00501974946188347,-0.0192857618041096,0.00276210854911515
92.795,-0.454843845295548,0.219721430977174,0.848922544534569,0.000623144209384918,0.00213058768700212,-0.000836852472275496,-0.996776884715582,0.05715012987943,-0.0855837060937617,0.0148044965583735,-0.0576684470401618,0.00148761298179975,-0.918389876542864,-0.367063434309267,0.0545826728806082,-0.00907705572596804,0.0548013545309664,-0.0289813797526302,-1.00841991244445,0.0101744471115855,0.117340372221657,-0.00577805288412901,-0.0164541058780665,0.00223087146878242
92.8,-0.45103393792721,0.214988520655495,0.848045746028166,-0.000659312574831023,0.000461073835483175,0.000384842045605183,-0.994693653855069,0.0570002971685857,-0.0773507001374578,-0.00716754268769916,-0.041888858802928,0.00906102413503528,-0.921884886545783,-0.366200330261,0.0518772098320306,-0.00669071596354476,0.0502232107707322,-0.0227969056503547,-1.00375365065188,0.00836673222066646,0.107824264740698,-0.00756984237264438,-0.0340643470452729,0.00223087146878242
92.805,-0.454705615392554,0.212874219191367,0.852094836120588,-0.00103027309264577,0.00341722628218288,-0.000668456655533497,-0.994288949086309,0.0577456515217599,-0.0785587551796081,-0.00713283133114966,-0.0518555001183478,0.00366593351481543,-0.927980396246531,-0.357373639889004,0.0500418700428979,-0.00982158049021581,0.0479954034090042,-0.0157522545057229,-1.00075552082331,0.00737513450178466,0.0996557441548505,-0.0250272917721937,-0.0251251197319192,0.00256376944736579
92.81,-0.457391730285437,0.211758475802513,0.84735777969576,-0.00142388675650125,0.00346172114236782,-0.00188695660946868,-0.99329397972822,0.0572593914411592,-0.0786453458063963,-0.0199738290719509,-0.0522415596478157,0.00216920157734331,-0.930251389106092,-0.354380604555856,0.0431798983163088,-0.00373219315535329,0.0493716874210672,-0.0143344136632303,-1.00256656853145,0.00189498674133144,0.0925730190903672,-0.0353206311294631,-0.0152457384187599,0.00204718961028303
92.815,-0.45380328152625,0.211849875014904,0.847807968761985,-0.00237612911445031,0.000446802958402268,0.00227234937538043,-0.992254086131574,0.0500259605950572,-0.0820353630508426,-0.0282935416578445,-0.0543214890703358,0.00135714086546857,-0.931659105629923,-0.34911619470914,0.0396183600984378,-0.00960126891732216,0.0465331966864908,-0.00411690711093836,-1.00009199225785,0.00639137963021746,0.0918201461159378,-0.0423649469703829,-0.00556943305142391,0.00100917741656303
92.82,-0.456789342838771,0.218253460449939,0.848036161000788,-0.000744573495122962,0.00154916182886441,0.00165521108332738,-0.993458753320054,0.0506006278805035,-0.086099696343991,-0.031700730530359,-0.0515328401484054,-0.00133366210155612,-0.932139476704056,-0.34550956251408,0.0353669402743436,-0.0016167378836896,0.0493105778483633,-0.00195561849876112,-1.00111090507166,0.00403444770446696,0.0996938563597748,-0.0276946307178406,0.0147564266645801,-0.00987392057253209
92.825,-0.451093738930189,0.218396882365918,0.850131131292407,-0.00426363572478294,0.00185518418285045,0.00109423602654744,-0.996973322585941,0.050068446507385,-0.0813106488769378,-0.0305460318922997,-0.0420982521709761,0.0036043686398851,-0.932293943747191,-0.34211970412037,0.0356050870596576,0.00802870839903603,0.0493900232012877,0.00722898840820969,-1.00661395785271,0.00659953141245237,0.105967375571003,-0.0265850871801376,0.025112330474236,-0.00950416155545829
92.83,-0.452657258741806,0.215454689479238,0.848606133125564,-0.00362073337228267,-0.000942900776863098,-0.00193032563572098,-0.995519506228884,0.0550839140233718,-0.0821321622110203,-0.0338089202652783,-0.0454582087161225,0.00320167241673712,-0.93336481460211,-0.339852059279225,0.0346587100599723,0.0205126288732645,0.048127608235391,0.00741195623362853,-1.00754285936512,0.00229625931234344,0.107377756167711,-0.0293552213478769,0.0222867417874095,-0.00705256874690552
92.835,-0.451819419255969,0.208469386504761,0.850557849887251,-0.0057335181024112,-4.57141051651588e-05,0.000384842045605183,-0.994386828247138,0.0552015263149921,-0.0786541118547626,-0.0275322100341469,-0.044202867226225,0.00297566885681216,-0.935990699420826,-0.340317706916742,0.039400640390571,0.0335956967246407,0.0492170974612236,0.00615894771754464,-1.01386073110721,0.000450301566586979,0.10095712811596,-0.0371675220706577,0.00898080984267297,-0.00482687786122875
92.84,-0.450804053868434,0.212740430605047,0.847034468745084,-0.00677130373166262,0.00638726353645325,0.00257111137359918,-0.99313633204315,0.0579064752204845,-0.0827885088499044,-0.0188307397054134,-0.0126048075569469,0.0112517303933781,-0.933591655288607,-0.338598807089203,0.0436842042722471,0.0494681663350953,0.0489971252691932,0.0159967727697454,-1.01007945463879,-0.00618854993126004,0.103850205191298,-0.0461941520090145,-0.0186750363653275,-0.00272232054295797
92.845,-0.451364880283986,0.215572726016249,0.85499203359483,-0.0065290680880459,0.00743700088149966,-0.00205854699015617,-0.993982473417568,0.0566797850794752,-0.0848332134268859,-0.0267500671331051,-0.0388280385489414,0.00219431848184201,-0.932491902349469,-0.338107333838809,0.0475811018664619,0.0688879101064845,0.0455976579980799,0.00815047606455242,-0.998723251782586,-0.00958435165165311,0.0938812535714207,-0.0583794922366665,-0.0244003228773055,0.00586560637509601
92.85,-0.455284035833839,0.210145051967756,0.852056051150974,-0.00396629785196355,0.00774145524461142,-0.000209833926700392,-0.99438549368834,0.0548393721228182,-0.0815572358398682,-0.0259839951750402,-0.0348221954311846,9.72413650513295e-05,-0.931296074335382,-0.339333726525205,0.0509159014521729,0.0756847407862969,0.0426140764631118,0.00714507273516475,-0.994888874288843,-0.0104587446607074,0.0869878110786701,-0.0629234273567081,-0.017464394536048,0.00664890486532409
92.855,-0.454325328204597,0.215544199206346,0.848137566361615,-0.00710034337189335,0.00475138222945998,0.00202072397613148,-0.991751197902777,0.0553522885706907,-0.0841388347584459,-0.0216097881211971,-0.0367752605201906,4.43000951059808e-06,-0.928025511339658,-0.337661673233566,0.05536003407992,0.0780114100492069,0.0375250870406285,0.00583705410716174,-0.991239921951274,-0.00601076701159767,0.0858133539186341,-0.067524496344454,0.00234161422441158,0.00524717696996001
92.86,-0.455294975440679,0.217170894223079,0.845771232338138,-0.00667341613926107,0.00513196179427321,0.000351234342834614,-0.997316152478152,0.0532816569676055,-0.0838033198482976,-0.0145710017196374,-0.0492274073887354,-0.00277683971814196,-0.92728948903989,-0.337999699401841,0.0586015651063251,0.0746140752751371,0.0334166462700824,0.00321805477142334,-0.995262661374621,-0.00391092754763021,0.0864352906236344,-0.0592754462419684,0.0286362433795213,-0.00212346586913829
92.865,-0.450259422177689,0.209957483025953,0.847095442473843,-0.00426363572478294,0.00312078351571711,-0.00126134241444947,-0.996952003937743,0.0560879865400898,-0.0888441358135898,-0.0114033125610715,-0.036249516630055,-0.000784344625628599,-0.926515872438184,-0.33822468264702,0.0605580581876491,0.072603680979014,0.035862180157303,-0.000698204202181902,-1.00909571896183,-0.00138628857602402,0.0894058984102913,-0.051406201135751,0.0573902541441498,-0.0117858953913355
92.87,-0.448270492844041,0.209670531545668,0.848068478765761,-0.00426363572478294,0.00273362206471933,-0.00264079252588405,-0.996539668906095,0.0542264223360171,-0.0901701459182785,-0.00732478586072894,-0.035649710387688,0.000841744244098663,-0.926436905077697,-0.340584274954557,0.061733660928659,0.0716635811546908,0.038854852638589,-0.00524516275744975,-1.01119918553313,0.00444083094840366,0.0946692122091491,-0.0358955523794797,0.0598657073873278,-0.0220166746843538
92.875,-0.454227554043299,0.207941834698512,0.8498416477232,0.00200536904600754,0.000604910145882,-0.00482805848245048,-0.995779167993462,0.0548409184019676,-0.0933175753947122,-0.00489044561982155,-0.0392894947347783,-0.00278631315190791,-0.92520351791096,-0.340779578589664,0.0603439263320317,0.0694482787679719,0.0385088751458819,-0.00289042294025421,-1.00117429261924,0.00912482164936319,0.0985747611600563,-0.0204421079841875,0.0531865782376039,-0.032127656870897
92.88,-0.460138144595157,0.214129407230074,0.848094258261049,0.00180646934659766,-0.00315607539126198,-0.00312676578951142,-0.993627902705889,0.0558301961309534,-0.0994393163402715,0.00386134054961281,-0.0376254098974932,0.000691800998612691,-0.921618600128749,-0.340504130401396,0.0595911674050043,0.0631238093583267,0.0439699400857812,-0.00720060076400446,-0.999044381211919,0.0150661538933236,0.108624778198903,0.0017416091117107,0.034911851749724,-0.0337378866214979
92.885,-0.456438345586194,0.214813217880333,0.850068319487566,0.000623144209384918,0.00338884562783411,0.00160653656348586,-0.995787705117499,0.0511495901051254,-0.0916532313061492,0.0139682852437562,-0.0375271547779867,-0.00191999124848417,-0.921256240333656,-0.338806773379436,0.060276228729797,0.0535953998304936,0.0405419818743984,-0.000323777614525968,-0.993328392565998,0.0142359368407036,0.11047722892905,0.0221089988073852,0.0168217389028871,-0.0228997395897663
92.89,-0.457552341815262,0.213212151841024,0.845026233899769,2.24103907719144e-05,0.00270195496480169,-0.000796399626869715,-0.996304956020344,0.0522837160148582,-0.0894262185528574,0.0268619429016902,-0.033833720595679,-0.00160942470714657,-0.920340099316932,-0.336832037968798,0.0605540280464281,0.04250302897609,0.0454984403483705,-0.00145444072918614,-0.997523998621557,0.0137726446139445,0.113155738415432,0.0240731079030845,-0.00497173034155442,-0.0139671167233198
92.895,-0.457180320927847,0.212491109022325,0.847627521059256,0.00124212812414403,0.00210319746503596,0.00132145516339288,-0.993486665136833,0.0551888539306961,-0.0857039371087497,0.0297546601340341,-0.0439460325385978,-0.00498019504533377,-0.923213744264674,-0.336693587003389,0.0614708999100172,0.020638707193372,0.0481824207426419,0.000328978970570151,-1.00507286516698,0.00273457010396553,0.114423154111255,0.0235043875873089,-0.0403836116623867,-0.00407147210945063
92.9,-0.452973938299853,0.221399914155359,0.84751803833702,0.000437574523232183,-0.0033244327593595,-0.00529063488450966,-0.995588104265335,0.0597604152958829,-0.0846160199484557,0.0432564350891786,-0.0399903968080551,0.000913286274042407,-0.924269143388456,-0.338380655748705,0.0620211193883055,0.0124840344896514,0.0518500910203896,0.00331285749878695,-1.00392620636845,-0.000366020751917225,0.104928653050072,0.0227141148033984,-0.0800328485377932,0.00287800370012709
92.905,-0.453916604911097,0.219965338278624,0.848418194247007,-0.00198329327773128,-0.00181171768798858,0.000358053062647013,-0.992673799592896,0.0671193071676627,-0.0817511982962403,0.0491289430424028,-0.0382358024651139,0.000611065740969878,-0.92866159726091,-0.340800335971896,0.0629568951158758,0.00896743695597934,0.0529430011863881,0.0040527913290717,-1.00302561568793,0.00140438298280113,0.102344492538373,0.0259623743842305,-0.112677871434277,0.00714684756099095
92.91,-0.455240285488528,0.216540586642702,0.845517049772073,-0.00133843826461521,-0.00290448524466757,-0.0050697701345074,-0.993898837469158,0.0669132055742483,-0.076897304897819,0.0393199713262905,-0.0353590191194649,-0.00282333977520466,-0.930929294890589,-0.342054384024317,0.0618062690198723,0.00517158713704908,0.0545861194173204,0.00183561213679753,-1.00748372369282,0.00185032662182006,0.103238012739565,0.0227964444131745,-0.132230385727501,0.0001070419463792
92.915,-0.448009799416921,0.215920793224132,0.846804555645331,-0.0021351183358791,-0.00279434371073297,-0.00268828866125849,-0.993631720962977,0.069983747125877,-0.0761936414024231,0.0234725937372967,-0.0377777088526006,-0.00466224363086309,-0.930872155022302,-0.345091427376719,0.0599578331568623,0.00805019812683061,0.0530298427219141,0.00361813452989169,-1.00963812191714,0.00322935153505231,0.116623473882319,0.0397377970001259,-0.127895501177754,-0.0227682306337679
92.92,-0.448290883601384,0.21819154247431,0.849706487049608,-0.000960329568885462,0.000519972799106341,-0.00474312235673382,-0.989556416165466,0.0691062935849324,-0.0739559667768858,0.00680426382950192,-0.0359926511730459,-0.00705732134088953,-0.931308768039661,-0.350443332808493,0.0595756109020166,-0.00166428707885446,0.0458513880407755,0.0102407789585605,-0.998429631977019,0.00686969337307958,0.117583094170849,0.0146678118851393,-0.111305803964404,-0.0109903468678088
92.925,-0.449042547614315,0.218468645666453,0.848551260266896,-0.00466661895370144,0.00231919815087658,-0.00815427536283924,-0.99003145614291,0.0694254610173931,-0.071464955153437,-0.00995503080221558,-0.0292656381260672,5.09897988290788e-05,-0.934025393274169,-0.353837191542899,0.0541561291619305,-0.00550215353471975,0.0390095080922339,0.00419856282745838,-1.00235820284693,0.0042414090163902,0.110212847921406,0.00202117165886577,-0.105284088435247,-0.0177673545771653
92.93,-0.451359086218305,0.21528210696534,0.848016376555776,-0.00432166619225974,0.00208231911994698,-0.0106104090809822,-0.994362906970949,0.0679737247556126,-0.0752083196865116,-0.022221527681924,-0.0245680961408727,-0.00270965942932959,-0.936466930440119,-0.3515164838432,0.0500449146704654,-0.0147211746981679,0.0375964260410566,0.00774168218144592,-1.00793874163663,0.000782416797090989,0.102193216136868,-0.00594450601883123,-0.102201767265797,-0.0204666448306098
92.935,-0.457668455984033,0.214104043579381,0.845657104376943,-0.00650525106763181,0.00272218137979507,-0.0114762364297493,-0.993920568744175,0.063212612855219,-0.076110448647519,-0.0187583993076926,-0.0235348976787916,-0.00713557595409309,-0.941284640473952,-0.350905298822971,0.0447919242942919,-0.0261237406333387,0.0351380138496459,0.0234647977650463,-1.01286397417054,0.0062321864636367,0.0847784412222461,-0.00921618154893153,-0.0974192246691477,-0.0250725460841773
92.94,-0.450968696002863,0.217948452322745,0.852506393272993,-0.00792871788144112,0.000396040822342575,-0.0106983502174252,-0.99144247974052,0.062286693054696,-0.0758962227009867,-0.0158082293881755,-0.0191887798451493,-0.00771011598408222,-0.943518855717332,-0.345366848730452,0.0452638648247272,-0.0177243378750352,0.0368163825993822,0.0287511260592332,-1.00809065910986,0.00603331367116409,0.0717067649596415,-0.0113011961509318,-0.0809095931298749,-0.0280871936017861
92.945,-0.451031020552986,0.215102578253275,0.851451280194838,-0.00893637626273655,0.00415791110293842,-0.0136037196587131,-0.995687280853698,0.0560625375732281,-0.0800465843762246,-0.0116910457408421,-0.0105646764298491,-0.00630910726265213,-0.94292317096158,-0.340635295784908,0.046287857123758,-0.00511156480620213,0.0348316346082549,0.0260561073950564,-1.00815692587731,0.00905403444252611,0.0657734301262805,-0.0212538536589512,-0.0713266317926815,-0.0219260765409381
92.95,-0.450814080620205,0.210564099096488,0.850482835164647,-0.0109317752170067,0.00481061143303864,-0.0138181781011545,-0.995890806873071,0.0545674699068101,-0.0774732799701135,-0.0114053912148348,0.00433540486711054,-0.004180524915656,-0.943444904699568,-0.335249926161851,0.0455036615580283,0.0155779402234748,0.0361180695694519,0.0294161031043862,-1.00197982537584,0.0118034770085976,0.0692744096089567,-0.0222048533594732,-0.0615579539264365,-0.0168096984290953
92.955,-0.455016001792538,0.216074520373344,0.849256169478136,-0.0113200846530605,0.00381704291995038,-0.0145492075540018,-0.998103248362815,0.0575398320009329,-0.0788402253779032,-0.00591853332700634,-0.0100700481153975,-0.0140121957599334,-0.945054612466205,-0.325518031449422,0.0431116509355862,0.0432904989411263,0.0305755552670565,0.0335340198664007,-0.991908723234873,0.00537577477046875,0.0802284011625682,-0.0257334415620591,-0.0549815071371185,-0.0142898928742091
92.96,-0.457353954793436,0.212878431542189,0.840655749755093,-0.0152588859200478,0.00273820128395278,-0.0143075319894907,-0.992476475740852,0.0572575871575235,-0.0811199423142444,-0.00707294708517057,-0.00684614015460645,-0.0114331748378528,-0.946936039979029,-0.319818834834857,0.0451480747883474,0.0580011759271954,0.0249001306751411,0.0362622723743744,-0.991318417603753,0.00437798531215618,0.0959797650888004,-0.014443898480624,-0.0523395628675521,-0.0200626511136294
92.965,-0.452118177864614,0.212222234449104,0.849958132348581,-0.0126776780420155,0.00222307105452943,-0.0171490829549979,-0.988327402054692,0.0587867687331573,-0.0713641735125305,0.0133585975116943,-0.00635348449608648,-0.016463275993804,-0.943874912325272,-0.314865800228352,0.0452489879507872,0.0656795941736881,0.0244413970077382,0.0383538933706625,-0.987551640266562,0.00337754572442202,0.11143025718486,-0.0136825004384516,-0.0614993880195623,-0.0279842469948659
92.97,-0.447578362981244,0.222410414955559,0.846761827133315,-0.0130007788807411,0.00123083870450178,-0.0179405771195889,-0.989604799939777,0.0608871844154332,-0.064688690646518,0.0202578245826719,-0.00300770400994251,-0.016742669597887,-0.94086612265829,-0.310489301882919,0.0439360153171938,0.0634076375011742,0.0168675097563147,0.0406261168285517,-0.985271651793099,0.00400401990525511,0.12153711867542,-0.0076236282008656,-0.0719774315107923,-0.0355078436174535
92.975,-0.450377244746038,0.220269485533621,0.848291086369507,-0.0214732417426951,0.000725111799935277,-0.0229332358452114,-0.992623084715933,0.0643537320298541,-0.0615538817459765,-0.0109198858301401,0.00994395452518714,-0.00874465996754214,-0.940085954781353,-0.311475154496036,0.0442039732211895,0.0561504704731696,0.0160643531965217,0.04741882105887,-0.986284431838141,0.00568366410127817,0.122006154289272,-0.00151787061752171,-0.0847017315758384,-0.03363954543517
92.98,-0.448205483149713,0.222062718308494,0.844521027800938,-0.0216134977492682,-0.00323860647581951,-0.0313299878507258,-0.988585544525477,0.0756403569408964,-0.0604421869012593,-0.0514315543730868,0.0186057677457916,-0.00672185430579168,-0.941797507172299,-0.313462757169952,0.0479092301389137,0.0419453114491011,0.0103694389841055,0.0441093072392816,-0.99203822728981,0.0032483496908623,0.108838340093903,9.84576787045006e-05,-0.0940966622705654,-0.0358946766602524
92.985,-0.45432273683936,0.222821749076597,0.84214625115355,-0.0280472553608369,-0.000864064561834186,-0.0310146591570305,-0.98501329276047,0.0777194672938097,-0.0780001290055486,-0.0587078706304808,0.0206100343065069,-0.00859102520511794,-0.939589127749204,-0.320372411087155,0.0498733170237393,0.0269146679585962,0.0127705073036727,0.0537815785523285,-1.00048161239514,0.0014828419981507,0.0960632501196281,-0.0079423615262893,-0.0832883106293148,-0.0239225100514048
92.99,-0.454887994574019,0.222919477907445,0.845945506075061,-0.0328584790740637,-0.00754725118619486,-0.0373497139767077,-0.98550440538203,0.0786678622499912,-0.0772062565919356,-0.0646764811303346,0.0309174303825649,-0.00592707194380527,-0.942011468661081,-0.324069329602587,0.049423388025664,0.021451615202581,0.00947857818569756,0.0594828802532749,-1.00697094000393,-0.00702049798104824,0.0875867298710686,-0.0243454216309666,-0.0670775708184742,-0.0195559063664795
92.995,-0.451091778987771,0.216968406312489,0.84745254803801,-0.0394768864847655,-0.00381807657598884,-0.0420150691876172,-0.987196167078363,0.066471630067606,-0.0737449397138436,-0.0614561272726376,0.0337505541996719,-0.0122509534774517,-0.945406213974698,-0.330123013117089,0.0490489246556024,0.0161147039468746,0.0061976515751824,0.0642423856918355,-1.01272227265993,-0.00805105174733393,0.0848606921383486,-0.0275048388258123,-0.0514805709722048,-0.0173162408173084
93,-0.45630348092223,0.207771024039017,0.852678253420517,-0.0386250852098081,-0.0117841535756972,-0.0412297721231984,-0.988436515479302,0.0603253816759837,-0.0719881230997863,-0.0636191959062864,0.029282790281009,-0.0164368113156416,-0.942465053624892,-0.334613118517809,0.0499948527067703,0.0110534754427966,-0.000318566772707359,0.0683001581360988,-1.01352316709795,-0.0140387431435392,0.0932831726705017,-0.0221809984621668,-0.0467328484731236,-0.0185379348695278
93.005,-0.455771996346535,0.207362512259791,0.851253493288747,-0.0403738217244635,-0.010305743943669,-0.0423744656145573,-0.99464541503023,0.0571878805237351,-0.0745270739287634,-0.067443455063616,0.0406868401736307,-0.0184064800895679,-0.942670497614675,-0.333176818966534,0.0516262172423177,0.0238211762545908,0.00390938106484809,0.0726279778322087,-1.0152886931403,-0.0110440174602088,0.0913141958146572,-0.0135081563407058,-0.0433795782642955,-0.0188848814672326
93.01,-0.451770115743767,0.214454087869891,0.84513008717416,-0.0402135622889668,-0.0137406787249726,-0.0458594237874194,-0.996886597671897,0.0603954480201713,-0.0764847267399027,-0.0698273490038417,0.0502994461339398,-0.0168915347160728,-0.946475082408363,-0.331452704842003,0.0540002572612564,0.0270247570793852,0.000972564369924631,0.0815305562709647,-1.01523563829179,-0.0123087437124101,0.100977040159805,0.00604349848387906,-0.0492545444813457,-0.0210599163292681
93.015,-0.458339809600117,0.207182583187081,0.844451858177554,-0.044841997969502,-0.014381542801857,-0.0479007430863776,-0.992201065266184,0.0588653900925276,-0.0778460196263145,-0.042492202120935,0.0703164775068036,-0.0144324501572455,-0.947195176885673,-0.324141024809714,0.0525686426477068,0.0314996942792695,-0.00126490331760849,0.0912961861092652,-1.01342298980211,-0.0123442168268099,0.111745437586662,0.0263425621600288,-0.0463185831374424,-0.0231686358738857
93.02,-0.458773392194861,0.209072927365104,0.843565150904336,-0.0481536504103897,-0.0190863468198296,-0.0519660494279766,-0.989939610660921,0.0557145442418756,-0.0770137150359255,-0.0354328081011772,0.060529062374258,-0.0174164320717692,-0.947716535476433,-0.318911232083477,0.0470450760413212,0.02337847666868,-0.00329775041128472,0.0887847305791835,-1.01186425304052,-0.00941466250927446,0.117819568413446,0.034472263274013,-0.0434509545581005,-0.0161219175483595
93.025,-0.448717047096897,0.218973333124601,0.851297482775927,-0.0538221150964303,-0.0178696291508227,-0.0507493297739751,-0.988454987971413,0.0612533963385262,-0.0663145630037744,-0.0378280520572548,0.0605736453473279,-0.0172585914171908,-0.943613141986682,-0.310816446989914,0.0462682180548178,0.0210137758923359,0.00111532041041722,0.0985102280974388,-1.01494076151177,-0.00760612473617683,0.121518776363831,0.0304947786700526,-0.039468843151507,-0.0149306727463493
93.03,-0.445212634528695,0.221562968524422,0.846451892187089,-0.0692048865518369,-0.0198632161818085,-0.058384123705545,-0.987398757799625,0.0647119248436138,-0.0602115432784496,-0.0567710732170372,0.0726194068223491,-0.0131721519075271,-0.937018759428683,-0.305193306618831,0.0445013338358082,0.0158051513002033,0.00279270112514496,0.103222201981553,-1.01431016627216,-0.0113874218084808,0.121485227766472,0.0191763308608743,-0.0383421669137583,-0.00929235393137004
93.035,-0.450940581376414,0.22061657634013,0.848044661884133,-0.0763436108827591,-0.0212672297005763,-0.0641427310230787,-0.98244215719712,0.0651192186999793,-0.0759756008705752,-0.0854057165764096,0.0616258472577641,-0.0115742345679119,-0.929987105830235,-0.300556727327183,0.0427928065103311,0.0115147472408767,-0.00139965810065502,0.113350630355315,-1.02209121129975,-0.011414029861524,0.118727727638289,0.00114711728401443,-0.0351683120770412,-0.00239265138528522
93.04,-0.461890065214759,0.215774129666858,0.844380536068428,-0.0864467157503787,-0.0246486714378231,-0.0696748113305806,-0.986537078665177,0.0661307608310741,-0.0757013936590794,-0.0753176360337354,0.0728723443552065,-0.00975820412030461,-0.929875527234208,-0.305500903894965,0.0443766074158666,0.00863621155806594,0.00325499745708133,0.113676821742281,-1.02332465977577,-0.015718319288584,0.12469716064867,-0.00776230879998017,-0.022403942483467,0.00100917741656303
93.045,-0.455265639636105,0.222576486129564,0.844858619894655,-0.117022879658235,-0.0348070077456592,-0.0786819644130825,-0.984500803121901,0.0724594622080735,-0.0637694507946781,-0.0969198933139657,0.0766427160594692,-0.00310341858179609,-0.92725503234912,-0.311446555726402,0.0492616037922911,-0.0155823462418575,-0.00447376917104603,0.115355340924467,-1.02201490266315,-0.0115494123611982,0.119365845851793,-0.0237228976089194,-0.0313087795372111,0.000607731123843084
93.05,-0.450847078718821,0.226932374951768,0.845892631199111,-0.13807993800099,-0.0364090554817704,-0.0868145414504551,-0.985146584372299,0.0809961806886893,-0.061630299752918,-0.157212169435332,0.0793329595462999,0.00353428121554428,-0.926354356916708,-0.323596458576625,0.0513851364850417,-0.0281912531740495,-0.010018749437847,0.113302843963824,-1.01920164279052,-0.00836940703854476,0.113809232171478,-0.0261357886885023,-0.0424094352893846,-0.00330210123324477
93.055,-0.45423331298046,0.215011116817268,0.844846917263638,-0.142628263470508,-0.0357457588923272,-0.0933416046506827,-0.989236469838462,0.0813053597890819,-0.0877619890234601,-0.19365350716097,0.082250602543354,0.00542372392713078,-0.92348939711884,-0.333408743538006,0.0618988176272142,-0.0459542617652778,-0.0128062611380605,0.112798066406883,-1.02098068013049,-0.00538827133570787,0.112440572709948,-0.0246817453412942,-0.0707472814751626,-0.0108093249882681
93.06,-0.460838268455724,0.202293704235737,0.846490373314662,-0.141116984543022,-0.0411645612631548,-0.102096101867305,-0.988111125741685,0.0694853837686229,-0.103128422870774,-0.205177403347168,0.075005573784122,-0.000308997354715943,-0.925968398056061,-0.340365425312486,0.06913267261753,-0.0363534397940923,-0.00212535339293212,0.0997423402395445,-1.02384770433072,-0.000300833736283055,0.109277411718545,-0.0144930752244187,-0.0941996180993695,-0.0210562823033113
93.065,-0.464928449024843,0.208799417924197,0.850180825713402,-0.14683631773162,-0.0323413830535425,-0.0997941121459007,-0.994475439480616,0.060987279312571,-0.0977586020366891,-0.208619242974655,0.0895807668566704,-0.00526672787964344,-0.924975751802927,-0.34244992705199,0.0725064668137648,-0.0181650460633397,-0.00409862918598121,0.100289403692535,-1.02020769271266,-0.00375784949274827,0.118543079529664,-0.0215201691853943,-0.129223458628729,-0.0263856610292712
93.07,-0.457522258380691,0.209626847706844,0.849794744207548,-0.160148978760953,-0.0437889671430755,-0.100415803195359,-0.993378451133352,0.0538080684108574,-0.0759233212893235,-0.230810707761638,0.0914754223318917,-0.000845863178347173,-0.926185094601413,-0.339766100636358,0.0752225256708429,0.00213107205501445,0.00494771943600231,0.103765549554377,-1.01709081092622,0.00170525799478681,0.113897793755156,-0.0234681570138776,-0.15982559440235,-0.0334490510895872
93.075,-0.447422792142438,0.215887758409173,0.853639726095065,-0.174972402763913,-0.047561061482124,-0.103071653026479,-0.993939887587302,0.0563872384343938,-0.0695893583898003,-0.275690763261172,0.0859739376614359,-0.000870245288049773,-0.931504978345639,-0.333725988696995,0.0764639084930822,0.0282266063809736,0.00783498194687523,0.10615139791117,-1.01607131279721,0.00283199314081392,0.117906819314732,-0.0304794902877238,-0.175591001245718,-0.036721585047072
93.08,-0.444366297221848,0.198112038365555,0.854169599491349,-0.177744254469872,-0.0518171460531275,-0.109895365270027,-0.992058769717257,0.0594375761685318,-0.0916744148792941,-0.319847463928062,0.104262043476694,0.0135599364965443,-0.9332908601133,-0.328530820399627,0.080078531165252,0.0439411828593542,0.0180978238263818,0.102395880115754,-1.01108505200984,-0.00140353444627844,0.122915295188366,-0.0390295360957618,-0.185398895662146,-0.0418720443820858
93.085,-0.451640105530306,0.194452238406451,0.854581626078612,-0.176749207854357,-0.0470356088057162,-0.113896119929764,-0.990702787595348,0.0427384732331264,-0.10286720443616,-0.31333887255868,0.0936046295061039,0.00910290107633298,-0.935745878675584,-0.327536743529937,0.0794593762486448,0.0518678953693094,0.0141723887816849,0.115861608258987,-1.0057853986992,-0.00518248588619387,0.116351090619586,-0.0595315783786726,-0.176744769564996,-0.0376254683261186
93.09,-0.452013991952224,0.197483994579542,0.853253074313104,-0.172120979042023,-0.0467983313270058,-0.111759744812522,-0.993977234012539,0.0315162459439689,-0.0997788522357244,-0.296882573668688,0.0992130171116485,0.0115686839179406,-0.937512039737432,-0.324260309671877,0.0762997221405157,0.0541105939835475,0.018523247636896,0.123127862700837,-1.00329969068274,-0.009987040914588,0.110616606984609,-0.0730831130510619,-0.165656255181694,-0.0405995628469786
93.095,-0.453420388881348,0.199505739933202,0.856716011250083,-0.170414090156555,-0.0482468607286146,-0.106586839107107,-0.993656705000929,0.0368158032234253,-0.0953388627246788,-0.296452460947903,0.0905207513774341,0.0093936063349247,-0.932275924030919,-0.326261733407938,0.0753837012051169,0.057895078252222,0.0247801687212055,0.120503762211447,-0.997283579910624,-0.0108041274075381,0.105047204705356,-0.0902603798294998,-0.140122154942902,-0.0380850471556187
93.1,-0.445300102322945,0.198075728403327,0.852592134255575,-0.168962598467018,-0.0462030539823265,-0.103401743030584,-0.989745361840987,0.038564025416832,-0.0974154654655938,-0.275288721803761,0.0954469672562462,0.0135432302003951,-0.924015384258441,-0.331111774831933,0.0746707704858491,0.0843653088866515,0.0336467810161229,0.0993414645889908,-0.995010544137,-0.00787640233938442,0.0986396888034589,-0.100293417455481,-0.125181087335941,-0.0414008278641216
93.105,-0.440556195914534,0.203729082991903,0.855122541403215,-0.16312709158804,-0.0473672896623611,-0.101942867209259,-0.989002173793049,0.0490056316058285,-0.0967892203374106,-0.285924616582014,0.090791351316666,0.0206970574413003,-0.917987477688169,-0.329470280779885,0.0801435812339263,0.089281888938033,0.038005878200127,0.106942808899623,-0.995983895015465,-0.00209037542980617,0.0858718643271729,-0.0911454152495341,-0.120148212498561,-0.0377322520174254
93.11,-0.446154849918267,0.198264109135659,0.855027043354449,-0.156288668096312,-0.0436110833132421,-0.0985116686320407,-0.99217230294527,0.0534388190337153,-0.112236998077702,-0.299259862472456,0.0832954222199212,0.0222508776473949,-0.913964429191158,-0.33081722393396,0.0798714787606223,0.108569409873987,0.0433303464589124,0.102064446899414,-0.986651923744773,-0.00228692017735139,0.0925518833531484,-0.0821920691976427,-0.11799005330464,-0.0313856068834113
93.115,-0.453223946197338,0.186860515389981,0.856320807522784,-0.143798678387075,-0.0428906361808721,-0.0961290299892426,-0.993757383886024,0.0536031745548339,-0.123250743258494,-0.298097133636475,0.0846199787519675,0.0276450122778735,-0.91140655953365,-0.333996661620839,0.079617103428692,0.133089746879521,0.0485170027351243,0.0890936487321045,-0.985283328589651,-0.000984495190366816,0.0961205704070399,-0.0748872841525759,-0.125760860549303,-0.0240808189963151
93.12,-0.45271818521567,0.182591778107791,0.853914163352052,-0.136091026781931,-0.0412588268518448,-0.0862109513567569,-0.994232601800864,0.0542443207324287,-0.1304411630068,-0.293249151068828,0.0725546304306541,0.0226770709268552,-0.907882525213166,-0.338016623194435,0.076226014786393,0.154170069994729,0.0483810365655036,0.0844931359457276,-0.985067453553015,0.00378241798445108,0.102978915166333,-0.0682016213988266,-0.132627347497147,-0.0219662523999805
93.125,-0.455927129719137,0.185143272061185,0.852369730507209,-0.127622227372108,-0.0405192992093917,-0.0780284169324507,-0.998607950035126,0.0529288902601847,-0.130104667978765,-0.29367320927033,0.070746865058237,0.0168072226505825,-0.904967765165234,-0.344668239310558,0.0701864309924497,0.157338261224094,0.0553255677223206,0.0704569531244236,-0.98337129088312,-0.00421890887872131,0.107156133648652,-0.0710061642153703,-0.150287926607906,-0.0168761670967347
93.13,-0.450800398951514,0.186314510012771,0.853602098298397,-0.117748288358936,-0.0381381162651142,-0.0708848763609581,-1.00302063396418,0.0463512792671348,-0.13144812155622,-0.296116420009632,0.0628577197366561,0.0142803844064474,-0.901568459514937,-0.352527147101454,0.0660263142221976,0.162148679952689,0.0574637093708091,0.0616556504656756,-0.986964011020333,-0.00579757984176606,0.119914926784149,-0.0793220914982616,-0.157876586352545,-0.0129238852421037
93.135,-0.450311495814956,0.181753865073848,0.855792861668032,-0.107453116828714,-0.0396396069980708,-0.063114133559643,-0.999002983719645,0.0481055041447119,-0.132765441793408,-0.287817306091999,0.0607884094632537,0.015325976021857,-0.897337065634741,-0.361866032074832,0.0619474558254134,0.161587803580255,0.0611303561215873,0.0392406277008105,-0.989818547582154,-0.00119968726327536,0.125437979629907,-0.0806172758831659,-0.166257497647069,-0.00918082123021548
93.14,-0.454178747211797,0.184785959797834,0.854839761700202,-0.105028200243339,-0.0368809162573743,-0.0628888424830355,-1.00015190142541,0.0466358023320265,-0.135805243072535,-0.26266798377037,0.0454612224658821,0.0141418407967184,-0.894478369412883,-0.367457352237356,0.0603622100766629,0.152397152134473,0.0657483808134656,0.0209710386365772,-0.991082709430128,-0.00617928574995889,0.130734092218909,-0.0906362482521668,-0.186500561862879,-0.00492463505798912
93.145,-0.459966236404478,0.180600079253923,0.860038570186177,-0.100393828917522,-0.0395827796678168,-0.0615379087181281,-0.999048224352419,0.0422716863462662,-0.139758844700798,-0.253454908343807,0.0408683253089409,0.0143748450377033,-0.892576873882396,-0.373144961531093,0.0603019865984871,0.144117994253884,0.0704496332649125,0.0242810962311957,-0.994402078811367,-0.00751503707699102,0.131610994145749,-0.0850185564530642,-0.207353794389076,-0.00626020524688048
93.15,-0.458335869607823,0.177588520154213,0.86337831201657,-0.104231413898326,-0.0346978869933455,-0.0625852205610631,-0.99684006102884,0.0403126744848465,-0.141303995130095,-0.225694710652564,0.029511545210418,0.0172896593020117,-0.894093971818954,-0.378082666854145,0.0580135225301512,0.132869649438687,0.0752826145138361,0.0186901468451808,-1.00366707032776,-0.00392130230733814,0.132148268592488,-0.0801846565228477,-0.230682549220511,-0.0106356676314827
93.155,-0.455317669860523,0.174447780560652,0.860482867867152,-0.100025998127036,-0.0395669369896757,-0.0610640809064047,-1.00014122202652,0.0364613327063894,-0.131991427981488,-0.205603341774912,0.02099356819569,0.022304956257508,-0.897586586448769,-0.380587727335901,0.0527110562697991,0.118998788750519,0.0806488822767843,0.00976617094392137,-1.00910997332716,-0.00178973614068765,0.136429382607145,-0.0807920173483086,-0.253314426714114,-0.0150687799385352
93.16,-0.44932519861723,0.182728845334025,0.861153011659002,-0.100841456917612,-0.0540513220778313,-0.0648126234755506,-1.00007306931357,0.0457925105020098,-0.123503338491461,-0.182113425138953,0.0146759238662779,0.0266499201725936,-0.901355961567903,-0.382069017918148,0.0492938170548998,0.105586938327507,0.0842803212576217,0.000132829341133534,-1.02049052803425,0.00307172532791923,0.139547017321774,-0.0647150091276776,-0.280828375283596,-0.023038623937039
93.165,-0.455233260240074,0.202787931884502,0.856302596194392,-0.102830124170933,-0.0623937045770363,-0.0733322983832596,-0.996971325475857,0.0626295651848977,-0.121446437052391,-0.152715013421538,-0.00108680674913243,0.0263227006375941,-0.898572148282651,-0.378518654658354,0.0433775592839792,0.061354864047983,0.0913551070434378,-0.00978073969489128,-1.01049224788859,0.0130102249234245,0.138001131317101,-0.0706915671406428,-0.31041484344839,-0.020707268533368
93.17,-0.458614546515986,0.193094286788787,0.865933380079332,-0.10878319402421,-0.0684906134469354,-0.082096291844595,-0.996570517300952,0.0620440301301754,-0.128837090755155,-0.140258780679172,-0.0198834154608848,0.0267441346229942,-0.895776937810058,-0.377125689110135,0.0427008056896232,0.0279636605801646,0.0951244465773933,-0.0181354188153317,-1.00451641516976,0.0192911721004551,0.140614758122979,-0.0751344133753117,-0.343217295638336,-0.0175825601334977
93.175,-0.46526325718707,0.185451815555941,0.871410951625571,-0.116944756771444,-0.0961542845389048,-0.0958523742109871,-0.993429408377672,0.0506800987745398,-0.117238236825786,-0.146607011556625,-0.0329047784627152,0.0280735738396171,-0.88964964682221,-0.37717690706597,0.0430467670379875,-0.0115544506000636,0.0971709794486082,-0.026400913347655,-0.995624943215766,0.0212520139089849,0.136865903816312,-0.0796327681267044,-0.360635484530431,-0.0105515769720595
93.18,-0.461353041119983,0.203694483848024,0.870432173903175,-0.110820212609536,-0.133044339927415,-0.101284959014444,-0.997103833164488,0.0720402174768561,-0.102761834805865,-0.170823108930428,-0.0494799137168754,0.0200542224465924,-0.889876695562167,-0.379233039012728,0.0473469766882273,-0.0312835240045693,0.0972635195215645,-0.0468920999987469,-0.989607141029753,0.0353395722209573,0.135990519767656,-0.0981716315706924,-0.363353085697956,2.23088752734409e-05
93.185,-0.449888553172124,0.206275144436511,0.854727779931083,-0.116217090382708,-0.166205146336882,-0.10534786886458,-0.995326978482049,0.0768752160634469,-0.0975307917237069,-0.180465556363281,-0.071682907640934,0.0181193971114229,-0.895228728994662,-0.377130540440641,0.0549403216733984,-0.0486954934895039,0.100904417006581,-0.0386024853821937,-0.990810604464052,0.0306768962966741,0.132752679324189,-0.115313879753939,-0.359240651501978,0.0131351411754924
93.19,-0.453404437006981,0.189152477523005,0.859177833139092,-0.125272878156486,-0.177030873024153,-0.10339771146935,-0.988076665716671,0.0868197229796629,-0.107873406703206,-0.202504349799804,-0.0825022634172776,0.0184283872900133,-0.900941834036444,-0.379870260080641,0.0657611196491054,-0.0440863767481392,0.100433067257591,-0.0479106478709541,-0.985658381665121,0.0311819318527215,0.128612233688681,-0.155658467188799,-0.357108501354898,0.0234888265167703
93.195,-0.451065655941042,0.170563148242456,0.851844864868929,-0.127948765974807,-0.190351339871502,-0.102577263634515,-0.987858889334067,0.0871032812014846,-0.11080511509703,-0.240704160533261,-0.0819831444918541,0.0174054561800844,-0.906923939958199,-0.378170761158785,0.0741566009442596,-0.0274304451780227,0.0983286313883518,-0.060803396866648,-0.978761471360784,0.0293560322977502,0.120813004710747,-0.191142082299952,-0.345847794650267,0.0288795191057856
93.2,-0.45277257899372,0.169592190941247,0.851332353730855,-0.12535792349073,-0.185785085963778,-0.094271724752297,-0.985243213646675,0.0815498141709397,-0.109788519892434,-0.271248936723061,-0.0918554142467118,0.010940554952006,-0.911769887084371,-0.372425730248362,0.0768490618107356,-0.00999158483872533,0.0968957067091943,-0.0698884603025428,-0.980734663138521,0.0361157980309594,0.115856078459257,-0.245187003112338,-0.314823405193922,0.0303278108120334
93.205,-0.423098278010244,0.177060962856342,0.863132915215925,-0.119452843218414,-0.172495943186376,-0.087927084463372,-0.994666773463183,0.078726789883897,-0.115615215141201,-0.335019241176515,-0.092341634685704,0.0063192201708332,-0.922502186804445,-0.362364122300781,0.0686369446305191,0.0280373613144083,0.102538432665695,-0.0720937858698798,-0.97691409100359,0.0369602894231222,0.095592206026376,-0.288838966017938,-0.280164767361126,0.0388814340384123
93.21,-0.417266427389845,0.174575210766407,0.862882424032417,-0.122773886778298,-0.151791311971816,-0.0894111751368382,-1.00570110196227,0.0630522971969381,-0.114261001759737,-0.365256190834273,-0.0904997412355822,0.000179712671215409,-0.925596235887488,-0.353079042715667,0.0636177280257154,0.0481876362921661,0.104193352162838,-0.0757197140490657,-0.973235693275037,0.0366436783144063,0.0819680480705958,-0.324102593162336,-0.240054267659127,0.0413250960409641
93.215,-0.432268717319946,0.172679309929519,0.866317392558474,-0.119433941536388,-0.134179836871844,-0.0861689192823969,-1.00097915602069,0.0370020957348231,-0.111681528994627,-0.372844954812776,-0.0873183918739582,0.00327409840546532,-0.918859190441077,-0.347500039484454,0.0528869982946171,0.0597198284369165,0.105195442424919,-0.0724033006102234,-0.973172153475738,0.0369770543026314,0.0710476948153374,-0.357036482004621,-0.177163754701634,0.049464701917075
93.22,-0.448022724797645,0.170307726314239,0.867466383188166,-0.11781760714955,-0.119044371118919,-0.0814050773728767,-1.00176009427292,0.00184582488010437,-0.129767278984588,-0.354670988922707,-0.0876166242508741,0.0130070038343189,-0.914954141766155,-0.342085863634419,0.0407778465017967,0.0643347377336666,0.108184736495489,-0.0786824571599635,-0.969953905514592,0.041742405674302,0.0592445443338821,-0.379205679737108,-0.116181469566569,0.0591048204985077
93.225,-0.444289546550166,0.156220246522213,0.867907091930585,-0.111651801085627,-0.0939556593848056,-0.0743844819776865,-1.00390814775521,-0.0132248710097239,-0.135143140067001,-0.29365191044554,-0.0881815779339142,0.0142572116172411,-0.916216264448369,-0.341941755088662,0.0325468324719433,0.0494425544464185,0.115888743784289,-0.0569057533380254,-0.964845778770326,0.0486927034843781,0.0570543537928423,-0.391363698070865,-0.0462579054421075,0.0701377217760474
93.23,-0.44406022461964,0.152840665713183,0.871569915602107,-0.10560441931156,-0.0846738745844527,-0.0649309189622676,-1.00213651224297,-0.01702125510026,-0.131430328612675,-0.203885127663455,-0.0851178254757718,0.0271249364097449,-0.915113316812619,-0.343469569496562,0.0318786894254566,0.0278821231799688,0.123213000635576,-0.0554788752132736,-0.96262252886481,0.0651404372030918,0.0574889824451799,-0.407041940326812,0.0303890897730581,0.0858159733277229
93.235,-0.446588608424795,0.160676977253578,0.871647413431745,-0.101974533590161,-0.0889295770799283,-0.0650560343467778,-0.998052990827683,0.00630995290641735,-0.118023317540618,-0.123029226911596,-0.0785809290988354,0.0432436575327102,-0.906119170021623,-0.343405459898835,0.0348208699134391,-0.00678867133635264,0.13867322530445,-0.0630434804931608,-0.96252850910792,0.0691820100966376,0.0544780880423938,-0.411052996798737,0.0862985659152957,0.0973183460726366
93.24,-0.446857827784025,0.185700838881851,0.860905214783685,-0.0824790601189352,-0.081590150348877,-0.0668045047598876,-0.996827554177698,0.0402255708955654,-0.116837711617637,-0.0937836109695497,-0.079106465289476,0.0533746108412743,-0.896059026819249,-0.339538608895534,0.039099106325604,-0.0327367693835764,0.142602726084826,-0.0884857303744287,-0.964026336848286,0.0725361901643774,0.0552245993190655,-0.415354146439376,0.136212011731722,0.104604239086888
93.245,-0.439189254799358,0.19208658701503,0.847201787941883,-0.0754495534859103,-0.0661567914175696,-0.0562089653137185,-0.99150494562467,0.0647893507118596,-0.127775546179825,-0.0643263950662637,-0.0908191796925501,0.0558071722945083,-0.888779459174772,-0.337030310985549,0.0493936386035368,-0.0273695935878193,0.165599205601847,-0.0955674697373122,-0.961821392630862,0.0777715087689222,0.0525569530830656,-0.423854285950396,0.17189476694234,0.12917118307993
93.25,-0.454644808154173,0.187725807130164,0.84202026928054,-0.0832803724729594,-0.0592943249048108,-0.0556681438238081,-0.994190387754082,0.0636707307691199,-0.12980060939596,-0.0858017435313684,-0.0973114295872691,0.0558450637804608,-0.881720469048118,-0.341691970311296,0.067547265847462,-0.00667445272592685,0.187590854560036,-0.105733328943408,-0.960359466938,0.0800514040298373,0.0546744699836051,-0.437387712079933,0.193051534738062,0.14499946179039
93.255,-0.444912556126898,0.154687624642301,0.856995703684085,-0.073478714845526,-0.0498756425911022,-0.0338336662165503,-0.993329379682122,0.0550881602977188,-0.128828627102501,-0.136163438737366,-0.107290898897404,0.0500571437550405,-0.880735398144626,-0.353776114467848,0.0878328915344632,0.0231354148276818,0.209608317297883,-0.121744044089225,-0.956027717624701,0.0811322182671399,0.0484421923455279,-0.459453060603695,0.224641340972609,0.168632416161128
93.26,-0.439809593906413,0.125239032306864,0.862036719263603,-0.0611322776221588,-0.041161591234589,-0.0187085056827212,-0.985551140457387,0.039944058957077,-0.138810435776366,-0.19913591484833,-0.117771380123666,0.0411996533181579,-0.884528445862564,-0.374021619478189,0.101417360702861,0.0499403575859583,0.221116372796682,-0.134805353942785,-0.950832157001634,0.0838322464935347,0.0418415425537422,-0.488933154875554,0.271108069394785,0.182865428390553
93.265,-0.438397362099027,0.148632615555362,0.863067255887989,-0.0361208907663978,-0.0372941403467905,0.00333423188584756,-0.983372119079902,0.0348257255367632,-0.136017526190303,-0.241569708337552,-0.103906303738175,0.0411143745087599,-0.893037793403508,-0.388727404703813,0.105731772367013,0.0975720082333103,0.239574868652699,-0.160072306342982,-0.945069857191003,0.0823282627727525,0.0370331338981902,-0.523740224499159,0.328909049357987,0.20380879382476
93.27,-0.43972101172308,0.169492223961588,0.857649193295829,-0.0295094404030776,-0.0307352245084872,0.0243161504439651,-0.989909555992247,0.0421073943546014,-0.123565097745585,-0.267696380353312,-0.0957537871941812,0.0342613211933079,-0.898440451259293,-0.393785713500799,0.104426561191562,0.146981742961872,0.251716420407073,-0.170811641447153,-0.942622477552759,0.0820976116801966,0.0381643662953449,-0.56968162500522,0.391026667856549,0.222589823617634
93.275,-0.436629699323246,0.18724311910849,0.860460622099101,-0.0303403262712905,-0.0332728627169757,0.0344058679967892,-1.00009568107781,0.0386834820439334,-0.116636668387518,-0.275991640865519,-0.106774290818469,0.0373776005153117,-0.899916994358758,-0.392002803819074,0.104447588256189,0.190730807869386,0.261638101621752,-0.170262575149536,-0.89280452812221,0.084430197086225,0.0497704189926162,-0.615426075645893,0.441618057890147,0.232041661563475
93.28,-0.431281004310824,0.156905274195062,0.868230235821291,-0.0394776212849653,-0.00879900400510482,0.0465940769426269,-0.993521301427007,0.0346042438547622,-0.114935031314822,-0.283443598984683,-0.111992002496495,0.0374959925962616,-0.900027749300818,-0.386835120847524,0.103185513780196,0.21182087908043,0.271729629534989,-0.16907370040966,-0.946136243621252,0.093707247859047,0.059582021311328,-0.658800015031772,0.465993265370123,0.2332382146539
93.285,-0.434091252626812,0.14936935275951,0.871524545465798,-0.0350305661620935,-0.00727593932265713,0.0488034903276561,-0.992143872889899,0.036358194564247,-0.119939037680729,-0.288029640467361,-0.0990887870216315,0.0425614028906741,-0.905055153535923,-0.380170697243051,0.101819031219543,0.225893826514722,0.285919429843275,-0.167639015646619,-0.944698152030044,0.102896525619864,0.0824272909200312,-0.711971023200858,0.465163949320475,0.238740147817833
93.29,-0.446630274915492,0.151683289042002,0.874294275059108,-0.0291586456934261,-0.00588957465729524,0.057343362446661,-0.988610898186494,0.0416703128286294,-0.11880934741717,-0.263534921565466,-0.0993040695194853,0.040591159443208,-0.905817513369141,-0.36340098786554,0.100676717269303,0.241047390553345,0.312082701179375,-0.158287317329787,-0.946988242476995,0.109322030585322,0.0997163889125617,-0.762659318743816,0.443721749702407,0.246760868001647
93.295,-0.454635252847694,0.176731716951779,0.875454062213282,-0.0262541361153126,-0.0234307994123843,0.061157839853877,-0.989621271108987,0.0589930948001555,-0.109180307048128,-0.233080711690973,-0.101929372026509,0.0374544939439056,-0.910543353562053,-0.351476980535924,0.097816341281173,0.24982298906911,0.33520027583911,-0.152733841057775,-0.944463243983903,0.116200413486526,0.104077222713887,-0.809359535892657,0.405613462406456,0.260460435596628
93.3,-0.450085512293832,0.20841853562967,0.861994625956583,-0.023877012788103,-0.0397389336494533,0.0579038810861796,-0.986436263243545,0.0923067066713069,-0.0851577015755072,-0.193631450223817,-0.0902391086619083,0.0386681182347893,-0.920180851104996,-0.34110846949989,0.0944025197648391,0.240810528426511,0.359553707266472,-0.148268323199857,-0.956468240710437,0.119298051928057,0.0995367332887213,-0.855248120325356,0.35338251197042,0.277219936832671
93.305,-0.442085171774881,0.203286951882616,0.869846570991159,-0.0311409123241901,-0.0494546874522814,0.0484698517813959,-0.989872348840185,0.117264484132681,-0.0843436732780614,-0.216130493385491,-0.124543850579508,0.0361068493340204,-0.914993832149751,-0.338511776659433,0.114018767621385,0.218550873787038,0.378770818615278,-0.151024838147609,-0.957442511911852,0.120985048602973,0.0929128756959633,-0.89007027177727,0.341399782753409,0.289202636622964
93.31,-0.434516085844848,0.188725386858139,0.868291461133153,-0.0291913453313181,-0.0616898426681253,0.0403886923769326,-0.995700356636487,0.123493923443912,-0.0925978964382484,-0.220588234597975,-0.139425701799313,0.0293454704937916,-0.915315661791536,-0.337835307676669,0.124964846285574,0.22129899263382,0.388032779077456,-0.165885065994881,-0.965765251920312,0.123639733900086,0.0843178356167404,-0.925867285768637,0.335135482575899,0.311463973392708
93.315,-0.440303385532403,0.203984970026081,0.862853673225599,-0.0173307805776278,-0.0786045968623371,0.0339694295702387,-0.999539030413656,0.126907687959555,-0.0771466062546819,-0.2286212109269,-0.135335702765302,0.019291843665103,-0.914068113661222,-0.33754595586915,0.144022489645092,0.214571837718265,0.391991903006241,-0.170180899547453,-0.976885721031744,0.128314879671972,0.0750811151176837,-0.945511248940012,0.353188238096311,0.32766143558029
93.32,-0.446882517614949,0.21499716515538,0.857767747607756,-0.0189239680767059,-0.102698739408802,0.0332210397040267,-0.994090561369399,0.124955159380229,-0.0783232061590583,-0.253433351095652,-0.144055501147106,0.00792806665208455,-0.919547137880254,-0.338641396392127,0.161894037502336,0.236753817374988,0.385183066129684,-0.175401374454098,-0.984489710673551,0.133837077484897,0.0797938752504443,-0.966778336370312,0.38085045805932,0.34166298631029
93.325,-0.438488476970225,0.19083543768067,0.863979243207969,-0.0195867732167261,-0.124230141406768,0.0219400279480793,-0.991231063712765,0.11698786827873,-0.0923600444481962,-0.241511274439798,-0.150746986761411,0.00102524040398993,-0.923004763857466,-0.344213713166469,0.179875290079067,0.271122087289523,0.381837075251184,-0.178814440965652,-0.999916782783741,0.128262077120648,0.0896662872203779,-0.994103294372464,0.402872755644014,0.355879485958938
93.33,-0.440454616224574,0.176358376031918,0.864597958243375,-0.0201852867894861,-0.121260001859673,0.0145333856574732,-0.989605739853409,0.112087433756109,-0.100617394378366,-0.254747105054391,-0.150488917114858,-0.00530698561457821,-0.928937672974389,-0.356189618866564,0.191516393221206,0.310851791129484,0.374187827110291,-0.186462423298348,-1.01204581744521,0.12883175954923,0.106017247678454,-1.02308848136304,0.409939281058602,0.372358843358161
93.335,-0.43104122466941,0.198377787495295,0.852890767127504,-0.0135245940420674,-0.12729004636739,0.0104801970257694,-0.992677803327436,0.112822025345736,-0.0863715139120864,-0.24636504904654,-0.140898590228133,-0.018199512739147,-0.931442723991802,-0.366501839449659,0.192406097875625,0.352401207487118,0.365647260831816,-0.190627906449796,-1.0211406507258,0.120832232300286,0.119647508475053,-1.05334244417932,0.383752040144,0.38529093630841
93.34,-0.435477674566615,0.212515873687826,0.856887883244005,-0.017886396483912,-0.114350074004836,0.0185655916828434,-0.995008116108811,0.136095951588641,-0.0798469354368365,-0.236908531299732,-0.149484427431233,-0.037951529487309,-0.929128253884705,-0.374591175795324,0.185540853699014,0.376621778139204,0.359406690061654,-0.18694346535061,-1.03595633799891,0.108915506922861,0.143530477979135,-1.08326575524185,0.308362980971952,0.385748230387601
93.345,-0.42604513912806,0.194735403782941,0.870285205791628,-0.0332452158812969,-0.0950133800506592,0.00246221756710298,-0.991552065085569,0.150941786470324,-0.0652089869562509,-0.278562214758247,-0.136286121884689,-0.0313193606245595,-0.925907597463873,-0.372554615629443,0.171541653540712,0.405420809895498,0.356735876639723,-0.174287562088928,-1.04211310114216,0.0999853983865902,0.146830269984014,-1.10441046841442,0.258777302057005,0.384258352402858
93.35,-0.419129696378628,0.201148142078715,0.859999967022623,-0.0310608253042051,-0.089695949007452,-0.0122227114536348,-0.994366348757952,0.137630447202837,-0.0614857792577305,-0.334162359473024,-0.124210851606567,-0.0376434806843773,-0.927275637030971,-0.369723616732257,0.154301343000826,0.416354502537957,0.357760030461388,-0.149649067985767,-1.04942352564265,0.0940230375790088,0.14089307909017,-1.12967462688417,0.189048911147063,0.382085090810912
93.355,-0.424526905751775,0.191295460631289,0.867015217698206,-0.044387822542729,-0.0771431673132554,-0.0221086846602997,-0.998459855233868,0.111721653624988,-0.0861385174297954,-0.370167005379507,-0.126319546845959,-0.0404728242112634,-0.931170069041747,-0.361126831358381,0.137533178553935,0.401137378332327,0.359527498483658,-0.117783279048587,-1.05675205175519,0.0825043030977885,0.131526677798852,-1.15992673985808,0.153863250172406,0.378865467318549
93.36,-0.431453559265528,0.182197894512244,0.863231135755153,-0.0446993912836836,-0.0708191728752706,-0.0344451127207442,-0.995116950807067,0.0777735238831729,-0.0968328207661382,-0.362022591114876,-0.118460518159418,-0.0418734107119405,-0.928142010197699,-0.351582959502517,0.124420306571196,0.389999461052826,0.367954980113807,-0.0984135879253132,-1.05629972646625,0.0829954671625072,0.116081071279282,-1.18766843699799,0.164400802582072,0.37479307612245
93.365,-0.428406841577507,0.179522364864457,0.860023561896548,-0.0461639147460561,-0.0575419323737362,-0.0334599371790785,-0.993402479235176,0.0592166712417818,-0.0955837759591343,-0.329916166788233,-0.114132292804289,-0.0525299050502895,-0.924672678008325,-0.33577828626035,0.107529218793585,0.383775436178618,0.390870407328092,-0.0721267262512071,-1.05565281969706,0.0824864834342703,0.105095308356633,-1.22983320037762,0.192490808551723,0.364909022824105
93.37,-0.424889186763801,0.172705248136093,0.867808071513198,-0.0463911375905142,-0.0466516573043597,-0.0326009094715118,-0.992284707047025,0.0477324983143532,-0.0930551036146341,-0.305506677684817,-0.1166426959101,-0.0497359283283718,-0.92271802583192,-0.328650646140459,0.0929244631122144,0.400669683377587,0.40706437297694,-0.0677835563081731,-1.05914183258443,0.0762291652250606,0.0936737611859704,-1.26401765447748,0.220170341807505,0.347959170598762
93.375,-0.41627450011338,0.176599223814664,0.875000473167298,-0.0448502757892945,-0.0360944340594118,-0.0287970190230759,-0.992563857063389,0.0508458456354479,-0.0855253071689071,-0.268580531653696,-0.114885175804199,-0.0411388284166608,-0.917075321288636,-0.32368514640077,0.0701417062372981,0.432504897599891,0.426017815387008,-0.0739216393243678,-1.04664664839116,0.0690825145401826,0.0759743955238246,-1.29867529503914,0.238804074971679,0.3267811183922
93.38,-0.412390609060195,0.186783720214903,0.86534990144686,-0.0336733339616035,-0.0322617928278789,-0.0312011483533433,-0.992990964739979,0.0664255476012451,-0.0747244308484057,-0.233900752841386,-0.104443134068468,-0.0336977595087617,-0.915220345072984,-0.317253976651828,0.0482141208087772,0.473694988349425,0.437183459928204,-0.0937281987770909,-1.03050033106478,0.0708599215856475,0.0654274566177788,-1.33132881798937,0.264579422267644,0.300525924907563
93.385,-0.42646510378147,0.195585217945123,0.869253837470781,-0.0345383900316231,-0.0260632744256004,-0.0305414540102052,-0.992616002158352,0.0813132493186309,-0.073238260580816,-0.242245445944846,-0.111931536825317,-0.0342411432838395,-0.915801288843726,-0.315409542041858,0.0369099917632935,0.501998182635222,0.440455291279721,-0.111029317875269,-1.01350078343226,0.0674306557260167,0.0576524721637366,-1.3415252435502,0.283718241406486,0.280557816221845
93.39,-0.429405326784272,0.180281113731223,0.868522921659724,-0.032232523709972,-0.0207756575449189,-0.0376177704078015,-0.98245794486833,0.0830787009617044,-0.0865994885876779,-0.259208541939313,-0.106187262344248,-0.0268690609990709,-0.91751141169144,-0.322326349944822,0.0284653039347408,0.52694329251538,0.431216384560887,-0.135884691018012,-1.00161842522771,0.0695493240671285,0.0601201398494629,-1.34818181793052,0.327287491130702,0.258226784372402
93.395,-0.434940668273454,0.168024042911391,0.872419586394277,-0.0238000110590102,-0.0207994647874178,-0.0359565426853964,-0.993907340249558,0.0814977144565205,-0.0951750186164605,-0.269806716700636,-0.111150949636323,-0.0284789223223925,-0.922651494177409,-0.33116556932786,0.0224438375159932,0.527117727587508,0.424345839800546,-0.158098083542014,-0.994465296882785,0.0665192565796294,0.0666570813753705,-1.34968030452728,0.366686584946336,0.23752823650901
93.4,-0.44119059725112,0.16240499043607,0.877289437504582,-0.0283542615361953,-0.0280947949736957,-0.0300888688303618,-0.996307992038162,0.0772791485798265,-0.0962352226411761,-0.300197395409216,-0.108413614534496,-0.0385719620313584,-0.927605380382512,-0.342337255155611,0.0130010522522387,0.523265937606905,0.425290634591962,-0.176295325852425,-0.982408824241519,0.0640361281435602,0.085067971488726,-1.34329305616529,0.384225358059081,0.218910444046862
93.405,-0.440358737651545,0.171363953947628,0.871265949898543,-0.0219757593707714,-0.0327069610357285,-0.0304690614469292,-0.997492275462654,0.0783285882674492,-0.08116359358394,-0.318929889703702,-0.109555438160896,-0.0428143920390981,-0.930771536499315,-0.354561174545738,0.00632211996875072,0.528328847539654,0.424116072912417,-0.190708909828514,-0.991187815853913,0.058876870665349,0.0943710901041358,-1.35249677471946,0.392620591571499,0.195294666123281
93.41,-0.438256641448725,0.179953453115048,0.866939868577596,-0.0218978042103713,-0.0356271984317797,-0.0327081105085874,-0.99293597615891,0.0770721385200365,-0.0768979904834764,-0.34610160659771,-0.110151435427166,-0.0425135597510107,-0.929992363830012,-0.358582008663576,0.00251851607743622,0.536514415846071,0.430440439745691,-0.192818352095034,-0.988539514308769,0.0610673306915132,0.107775316489269,-1.355887792678,0.368877193434818,0.169008864288072
93.415,-0.429159052682138,0.181821843049281,0.869389671704374,-0.0296112185779928,-0.0320482171900094,-0.0282240311780334,-0.987468127639377,0.0834225927845169,-0.0732472576722839,-0.366767806307749,-0.100747786281296,-0.0381245835710506,-0.93027370837661,-0.361296615025109,0.00651922431048711,0.561537779511587,0.428872631920808,-0.185667094052301,-0.978622897761303,0.0562693753137266,0.122011113911951,-1.36980290662124,0.338221315463437,0.1296972727098
93.42,-0.423983812221313,0.178010743001699,0.878449796460388,-0.0426681249528942,-0.0271969372762416,-0.0353102771327867,-0.980014288353248,0.0813471472144061,-0.0676588009298539,-0.378728955984116,-0.0955536541926073,-0.0414482775319953,-0.928767435970909,-0.358736654351947,0.00951434881904966,0.603083270963142,0.430376371368422,-0.177223391728249,-0.973790965898294,0.0634294491373324,0.127693548995081,-1.36939022689386,0.294409137257006,0.0953077160822954
93.425,-0.435103484072011,0.176661502850559,0.878875701531548,-0.054778298101716,-0.0425113027115962,-0.0432094524054687,-0.985117279232111,0.0789074078435445,-0.0624746179476696,-0.380410429302851,-0.0875255268335347,-0.0387516705314307,-0.931153207728226,-0.358296249530459,0.00710090457379755,0.622833925760816,0.41805386287596,-0.171254322253721,-0.970395627755689,0.0701390447620156,0.132833076434183,-1.37976250703344,0.270827077378865,0.0710738231365823
93.43,-0.444454582897018,0.172734647389162,0.872077858541615,-0.0717169112424506,-0.0608610897749467,-0.0550012590814248,-0.983026055644243,0.0818909284906362,-0.0669893090619066,-0.408434071731438,-0.082438487258758,-0.0470440129963499,-0.93400435873816,-0.354539582576636,0.0014857432499622,0.658065669316259,0.412953370463588,-0.158281277572327,-0.968532826708558,0.0741602436651379,0.142967895970987,-1.37758690655513,0.246241133722825,0.0462171397884066
93.435,-0.442759302534871,0.163906004852972,0.87228383895144,-0.0893756099478988,-0.0772994779232377,-0.0625326514719433,-0.987325402540749,0.0710479878972623,-0.0805058541271367,-0.415437326478018,-0.0740588682829946,-0.0451304608669227,-0.936914372580058,-0.350918433365217,-0.00622295708666697,0.667054477226078,0.402369277577381,-0.144526437708707,-0.966888043010321,0.0757023138351688,0.157601038239304,-1.36904313773311,0.243241355349714,0.0289239487329697
93.44,-0.435235563086568,0.157528684435325,0.864784020989819,-0.0965477193501515,-0.0790218524672211,-0.0711476434347594,-0.989092488570271,0.0539668456736232,-0.0969385405221242,-0.416496887618316,-0.0640874820833318,-0.0391808946830835,-0.938599121687535,-0.342733131467626,-0.0103461551991104,0.660559107770116,0.39338119678409,-0.13802587903665,-0.969771309342525,0.0823136711865723,0.176102804369953,-1.34594031935606,0.233084234278128,0.0101027361143743
93.445,-0.436853494450217,0.155533656156392,0.877297996178252,-0.102368216349659,-0.0791886785941616,-0.0643076446079359,-1.00303463827167,0.0409448288437541,-0.0898875129288585,-0.400311867609157,-0.0588209699632905,-0.049010327204013,-0.939893796731961,-0.336086765100867,-0.0131161989622069,0.632898159134752,0.381344298817754,-0.128321599347317,-0.981507522778428,0.0796364913437451,0.191259096667083,-1.31468622867659,0.224102884601386,0.000643931141303571
93.45,-0.435161262119468,0.158924939073876,0.872494675998418,-0.0972164310711241,-0.0801503094601857,-0.0583605043152067,-1.01012829956771,0.0505860052596924,-0.0806296274029922,-0.362970823240017,-0.0540936794267763,-0.0499680637770216,-0.940055406738884,-0.32813260520261,-0.0150511773306799,0.605600576630175,0.376795716775713,-0.123047095044967,-0.993540438509565,0.0810323823952939,0.204048192777501,-1.29122596718326,0.202764232114825,-0.0114027587065667
93.455,-0.430387960309832,0.176216494955644,0.874618136500665,-0.0915952547870353,-0.0781067668093945,-0.0527393358331904,-1.00258682156605,0.0573318859526856,-0.073242330250394,-0.313047050013898,-0.0556283390407719,-0.0490751814028872,-0.94076287676242,-0.317460955450606,-0.013555535464473,0.564160221262316,0.362529906281456,-0.125208265393703,-1.01352042349433,0.0833576030301011,0.211084608452524,-1.26973180215581,0.162101324545476,-0.0179936458532766
93.46,-0.426281649182255,0.171749614720513,0.870591397223027,-0.0861171633005142,-0.0787893542623112,-0.0460395477712154,-0.998159596138944,0.0765639870663088,-0.0643174939468636,-0.281125423995353,-0.0460231460437846,-0.0529128089547157,-0.944318341793944,-0.304903690369789,-0.00153473193263642,0.53957790702276,0.354481144324709,-0.123893116147431,-1.0236341488851,0.076757489822643,0.225341521874885,-1.23836946525116,0.0973844900239925,-0.0204653147675664
93.465,-0.428551856797928,0.179654805771814,0.872816270468611,-0.0838597950380174,-0.0735851327019504,-0.0464157758149649,-0.989122480342581,0.0917117688351355,-0.0512417638874124,-0.267050416014436,-0.035098529919953,-0.0529128089547157,-0.948825049517764,-0.288933413268459,0.00341174485086269,0.541386029654225,0.348945100621019,-0.134830364036288,-1.03797426730411,0.074441035293902,0.234022013673492,-1.21548328895817,0.0381750149122454,-0.0177362847205633
93.47,-0.430961592358663,0.184188641590726,0.866271593067491,-0.0794540061538059,-0.0686907903368633,-0.0459272356257422,-0.981723540229541,0.100875831503693,-0.0460268150257175,-0.260763986432728,-0.0203797724005515,-0.0529128089547157,-0.95668945470599,-0.275485610346043,0.0144728398692584,0.536496222019196,0.333642116357122,-0.140424457387929,-1.04026520290964,0.0669640789773999,0.239295000276437,-1.18531477509551,-0.0220203137961702,-0.0185379348695278
93.475,-0.426899203773697,0.179561919478774,0.876223243178008,-0.0840565503528838,-0.0671241397064688,-0.0458298161847175,-0.975404471682328,0.103910874002685,-0.0372796136210775,-0.278396529935041,-0.00855431465403961,-0.0631321646211934,-0.963707771445525,-0.259282053479871,0.0306059455339423,0.546954895075874,0.320618176175813,-0.152446451011413,-1.04666089056938,0.0569569250631473,0.240167459451576,-1.16210888981013,-0.066529551722123,-0.0185379348695278
93.48,-0.432252860307726,0.179828245684271,0.878669596053052,-0.0860996214758696,-0.0717310178814092,-0.0556727684077687,-0.972795997427644,0.114676725527116,-0.0280402347905501,-0.293121659531932,0.0112503993356025,-0.0699810540213762,-0.966609745000467,-0.249036895117883,0.0471368271900764,0.563633177157559,0.311780439639079,-0.159238468866277,-1.05227651444169,0.0557192116155195,0.228716951133151,-1.12284441678358,-0.122449405889258,-0.0309376268028149
93.485,-0.42327807577319,0.181961668954947,0.874446401389759,-0.0839738863195275,-0.0744052652291514,-0.0619215779006481,-0.971109303873122,0.124286646965519,-0.0281274415162586,-0.315949020976518,0.0324755590044383,-0.0830214309149236,-0.977814789451668,-0.240522412045047,0.0435800410920259,0.59246380334064,0.304164824038412,-0.156406294601578,-1.05026299212738,0.0442486765735994,0.208112405785683,-1.07989798425201,-0.155886386831373,-0.0411043106494208
93.49,-0.427436187038561,0.181443853412593,0.872249985991895,-0.0892322879826068,-0.0712512283808892,-0.0676018647593076,-0.97781628960582,0.111603800952243,-0.0238528297789515,-0.326613722104158,0.0500165867157479,-0.0879399204480427,-0.99189442102452,-0.235712631431795,0.0343498043367206,0.612258018371152,0.304411783002098,-0.159005124978993,-1.04876246888719,0.0433275389396394,0.182049339775551,-1.04264549883064,-0.177447485657881,-0.0585322816389116
93.495,-0.433350281284274,0.171700679771414,0.878355029201144,-0.0946320757818659,-0.0839072627385964,-0.0819871485697321,-0.979796781659446,0.101531144387032,-0.0237581172162422,-0.350795484000099,0.0750528413124125,-0.090785339474678,-1.00195605813883,-0.230181941813287,0.0327229511862284,0.606673528869723,0.292875011880969,-0.146504094827248,-1.04429425631905,0.0471313854502356,0.157331913457568,-1.00254757992311,-0.186243005178755,-0.0818961100011753
93.5,-0.428212025080524,0.171667542418852,0.880040325465137,-0.103327591847383,-0.0951734254226131,-0.082930456184854,-0.976684190078593,0.0866383482823126,-0.0381334942131466,-0.359770277278783,0.0914207770569946,-0.093790840307244,-0.996309968516328,-0.220392520791714,0.0316918304913626,0.571829358311866,0.274475642020432,-0.137400413559321,-1.04473743380024,0.0485241309721088,0.134248893369963,-0.956283162193589,-0.168326238786489,-0.109436590027977
93.505,-0.428666218360645,0.165451203680061,0.88027072403368,-0.110639228373364,-0.105191548179541,-0.093369195300978,-0.97761972337309,0.0701074639880231,-0.0415535630599121,-0.321309328079224,0.10980973681744,-0.104790542388848,-0.992462946004045,-0.214670099819767,0.0314451676887226,0.509732231753046,0.257905184017352,-0.112237901335526,-1.03803232102323,0.0573161430643744,0.129983621399778,-0.934044220690317,-0.142851926400612,-0.124361177322609
93.51,-0.431198072028309,0.165313751278526,0.879917352046842,-0.121550418721122,-0.111504208162586,-0.0924639403820038,-0.979912361425878,0.0614498263297693,-0.037691843980465,-0.301431781499777,0.132463983557092,-0.105486978875752,-0.991168213561575,-0.207089469130641,0.0334954291912601,0.414083466123323,0.241881763658259,-0.0840904410957279,-1.03566662256803,0.0545532383136035,0.123162597479445,-0.908183829810995,-0.107490756052713,-0.155730017256564
93.515,-0.423870271553765,0.167396799520028,0.874344952328672,-0.121370574159281,-0.108713513496875,-0.0963047631407116,-0.986772319834176,0.0649906296993812,-0.0452035422750973,-0.255006083584314,0.144528996838349,-0.104973811848387,-0.992513572499297,-0.204684347648541,0.0325775909116852,0.301687786306866,0.230146654426994,-0.070753860094576,-1.0371693117688,0.0529315158172026,0.124824615361684,-0.890350948512812,-0.0742140241367964,-0.178524311459444
93.52,-0.409835752621162,0.17766989009479,0.869128838263812,-0.120426445263976,-0.113109673227584,-0.10335736101292,-0.9871491171477,0.0738548293264896,-0.0511934303515384,-0.217705346266637,0.160904037277421,-0.108199058806461,-0.984619892462645,-0.206380272636158,0.0295823561426046,0.217311612964886,0.224924049221696,-0.0549891933780414,-1.03893604838213,0.0519277183346831,0.139724840565723,-0.886128195016886,-0.0334189526036482,-0.207314745951815
93.525,-0.406008183373595,0.177300561430726,0.866452378775198,-0.125211402773857,-0.10079371803875,-0.0989598746749877,-0.985453973512496,0.0923478382554827,-0.0383097646616708,-0.195474803447723,0.176584818546932,-0.114426840589181,-0.962992007766817,-0.211677654367871,0.0324192440282028,0.114937690880262,0.218553742012462,-0.048928053165072,-1.03603227372554,0.0507244563159297,0.149199111932138,-0.876684102999034,-0.00465727384462283,-0.217874533891539
93.53,-0.403343484971415,0.168922430182349,0.870014554404929,-0.126420872510847,-0.0938283589441269,-0.102213051619881,-0.984315389070796,0.103851624650021,-0.0440564289105925,-0.204078446172486,0.191003603740594,-0.115234023500854,-0.947828662365603,-0.215863337551238,0.0393406821404434,0.0508616363975479,0.214846892824894,-0.0492546816755956,-1.0317911033146,0.0536728858173274,0.150852000004777,-0.870870580067224,0.0267380256289093,-0.225004315376282
93.535,-0.419476362482238,0.167035376111319,0.867984679108436,-0.121838359357515,-0.0901266038417816,-0.0996953799661731,-0.976044027471337,0.0969210558218482,-0.0616162933160706,-0.238990092408644,0.204018347850631,-0.121070571940163,-0.932794067361577,-0.221563939086478,0.0495236749868113,0.0112410902380168,0.213954491537812,-0.0533626084256491,-1.02544971324114,0.055330534071762,0.152526989638805,-0.868408013794036,0.0561660933614516,-0.227696579616809
93.54,-0.423837907520415,0.15120709165609,0.867395708455129,-0.117910723845741,-0.0799400495738685,-0.0983069169556964,-0.976731158969332,0.0716060487202712,-0.0868363210968407,-0.246355694897976,0.213617300588734,-0.126537183889997,-0.924266068269122,-0.233393910591613,0.0581806142846234,0.00529133736901812,0.21552238752321,-0.0682766981525919,-1.01532305795428,0.0657553582753268,0.153268198607146,-0.843177670644366,0.0728610638280613,-0.230071353420578
93.545,-0.423312025346296,0.143430337428054,0.870846676247914,-0.117037867290656,-0.0644293517760216,-0.0861021241928416,-0.988867795281461,0.0573567845788979,-0.0993611493236507,-0.230196910163658,0.227012659476029,-0.136332815526981,-0.921661552726421,-0.247171549088513,0.0629582736513031,0.0107345970801886,0.218481077735531,-0.0987548728675776,-1.00338821597266,0.0714840465122388,0.158799379286647,-0.828507418521634,0.077738434381262,-0.231632272477072
93.55,-0.423509465936752,0.143860949358126,0.877125092423378,-0.107024721699128,-0.0628465932645352,-0.0744160152338926,-1.00618488709857,0.0510831297115735,-0.100923056053957,-0.198653809759418,0.230627381763137,-0.147561310899288,-0.92028149616441,-0.261305871724055,0.0631932384102624,0.0291773853667401,0.220879228556117,-0.12360696955783,-0.98779754038035,0.0844425247324586,0.164111121177249,-0.805601114559054,0.0741205486297008,-0.232455929858153
93.555,-0.42753743446415,0.138218389959922,0.879262779730412,-0.105986452257359,-0.0608282592514732,-0.0612772516185395,-1.00540122945352,0.0545118831468192,-0.0968204011676072,-0.177460983747002,0.236184120178223,-0.156325557617094,-0.917185076768653,-0.282183754726149,0.0609668657000212,0.0720682942324227,0.222455315114055,-0.151471833383431,-0.980817498905447,0.0911659421377033,0.167696060861768,-0.786516146146835,0.0690609562035089,-0.232785484948241
93.56,-0.4323331722523,0.142603560547357,0.886134748042601,-0.0982512465652727,-0.0687161980784585,-0.055647360607864,-1.00160206348483,0.0550186394602293,-0.0957863362026871,-0.165388118317957,0.255686318981993,-0.158879296876218,-0.912098942148048,-0.308022719214858,0.0610982657702264,0.0940371500551004,0.216720874996987,-0.182010632067635,-0.972301405732387,0.10445335534415,0.173976942239047,-0.761803771578401,0.0753617206943192,-0.239311071588943
93.565,-0.421619527467178,0.15393800152123,0.873682495639307,-0.0956836136870754,-0.0766879618167877,-0.0515837103031233,-0.986710525183522,0.0517114544637607,-0.0865259279837507,-0.127155410504667,0.262419792116372,-0.160326431672853,-0.913903134460363,-0.316136105706459,0.0633012153106108,0.11769699912814,0.220572599221519,-0.200334163390793,-0.97151463244245,0.124172638415005,0.185330668530141,-0.723221391162173,0.0578045190784807,-0.247012649806059
93.57,-0.42449504812386,0.146601548201537,0.877719329968251,-0.0928324712493541,-0.0754743087440053,-0.0460475887506524,-0.983973101225678,0.0616311513868635,-0.083748394066224,-0.116064645349979,0.253968279849982,-0.168313238549752,-0.917598139936676,-0.319218534535714,0.0776987540339822,0.143473939216311,0.23224163775532,-0.199897567993755,-0.967749218031879,0.135493008895958,0.190778257873098,-0.690405186584726,0.0488904699013676,-0.247406711651364
93.575,-0.421933787089211,0.147698166975013,0.880851228336561,-0.0915353342847872,-0.073288581257682,-0.0476858485736499,-0.981931274686942,0.0812850479048417,-0.0854935591818616,-0.100397087268024,0.263070726166966,-0.174121717946748,-0.922652799267052,-0.321736061918675,0.0903517870564676,0.143487098709569,0.243386698532693,-0.187879939301906,-0.978544499025261,0.152384252827034,0.194458572278774,-0.661651981444949,0.0405297419117153,-0.239660891284586
93.58,-0.420404526449163,0.158367576770375,0.871213175568143,-0.0873894471696528,-0.0706132206523816,-0.0388442700423401,-0.987329802823391,0.0882109021783267,-0.0813833500761302,-0.0868058123168146,0.269138951203386,-0.183587758393824,-0.934119124313205,-0.328106201844642,0.104806178080747,0.146223436488393,0.269572031837641,-0.173702681144215,-0.984511265998802,0.155640165741685,0.187019918396776,-0.647798896310495,0.028630489721788,-0.225856173816155
93.585,-0.42293358505201,0.159533499831675,0.871951096627951,-0.0943263573308176,-0.0619114256970562,-0.044817853718996,-0.985610457106681,0.104387252062355,-0.0718932042655338,-0.0866496612478976,0.283300208047061,-0.200472855068758,-0.943022191673691,-0.327467166151376,0.116666979205184,0.103212320672746,0.299218634466406,-0.154050509730823,-0.986747549878353,0.159070754228959,0.180032495029762,-0.626712332751674,0.0265058795619737,-0.207857094534793
93.59,-0.419236442481771,0.166300936208061,0.876323040923976,-0.0976146759937424,-0.0604529756175222,-0.0469761687467524,-0.976621909525052,0.116978707433653,-0.0689192470265069,-0.106330609040021,0.301459480412813,-0.205874240557404,-0.947322862803967,-0.322275647605002,0.127927669346072,0.0780966576463416,0.309867218539385,-0.138828745277312,-0.988446045268752,0.157080426971327,0.175310143230976,-0.63294045592478,0.00825422348121689,-0.182676923004473
93.595,-0.425901745326444,0.174807372190539,0.887883652141463,-0.106694033948924,-0.0807597557077769,-0.0609390311941208,-0.967156026734349,0.116926223804196,-0.0533225550758475,-0.112653755738804,0.302459079470071,-0.220391359484634,-0.947907649477412,-0.313625959368033,0.139846541048964,0.0586084725783872,0.317067238008546,-0.132090986288098,-0.986534142782762,0.15455352320784,0.173390662978522,-0.64346010705627,-0.0132100689700354,-0.165656127367733
93.6,-0.43588816752187,0.167551613006011,0.883669999498844,-0.124264670114188,-0.105107729731553,-0.0707025809735691,-0.968087357433359,0.104800525631945,-0.0588950982771951,-0.169609879075843,0.333849898800607,-0.226602773249788,-0.951854925145398,-0.297222149346541,0.154741818006965,0.0522348978607737,0.322500942970868,-0.111057652273112,-0.976206107788973,0.144612184366296,0.172158283755778,-0.648292303141448,-0.0574621430208893,-0.156263511296101
93.605,-0.429142761275675,0.159144632356843,0.886757601806299,-0.132185389903991,-0.117954918605254,-0.0791784853835589,-0.968935896280904,0.107520995217077,-0.0667309333484374,-0.166154131293297,0.336100398154853,-0.232533000095642,-0.960126269903912,-0.281244609449075,0.158562444916675,0.0656695647900328,0.316632177951166,-0.101575648745607,-0.9628415422799,0.139774177098178,0.16691374291264,-0.660159176538329,-0.110434833524037,-0.154765097732788
93.61,-0.427193552755133,0.147650595523524,0.882173560463207,-0.13969415583982,-0.138940607251037,-0.0909408859551663,-0.968940435800878,0.0920337576892287,-0.0780325787680124,-0.170982967406303,0.35717395965234,-0.241211748122934,-0.966894386887746,-0.272376479648678,0.157848187766401,0.0843045886285518,0.308087225869695,-0.0880685189123719,-0.946516116033797,0.143077468442083,0.166453850960657,-0.660404347784787,-0.149806624325239,-0.164880441892991
93.615,-0.433518443394869,0.1509818826239,0.877172140657066,-0.143536806106567,-0.149549552449551,-0.0974645699053459,-0.961277638098909,0.0760292892474245,-0.0792932943968572,-0.161141887327367,0.375372364002946,-0.251964106041673,-0.963975563720276,-0.263371573099687,0.150902960628513,0.0942893142742175,0.297644584187798,-0.076615600594811,-0.941319767468651,0.147602407397582,0.170682359404965,-0.652353790079667,-0.158611558884387,-0.177895148501519
93.62,-0.428696844304268,0.160748521525816,0.877968748697677,-0.148214871939259,-0.155889372921903,-0.099741930985679,-0.958328398011385,0.0742160085403305,-0.0843609625567686,-0.156402274224425,0.389900660384776,-0.256892413855308,-0.954641444369381,-0.257056794212544,0.140315224669061,0.101572930812836,0.292365250527598,-0.0699907316101261,-0.938377597213336,0.143624258122688,0.169763189852948,-0.638528349884447,-0.140981738671802,-0.18233927945855
93.625,-0.421040707621192,0.145140625101245,0.882865923484625,-0.147908521114214,-0.160342973810808,-0.10705957101942,-0.962552829925388,0.0671760539876572,-0.0911627681459453,-0.156456180788436,0.417389527334357,-0.259303591273866,-0.938268573179169,-0.258144072456595,0.129072211914371,0.102405017059712,0.296388983395222,-0.0500147202135197,-0.93757219848202,0.146364675856314,0.157211364602303,-0.630770330685469,-0.129079043865204,-0.186766365965261
93.63,-0.418300002113464,0.140050194648766,0.878950718555363,-0.154485906819146,-0.155452654186783,-0.110166973287772,-0.976956522993375,0.0585701187570346,-0.109482266509739,-0.149657317076383,0.422501696831876,-0.267326771267522,-0.923292771768806,-0.259821707340269,0.117970801368021,0.104655819032981,0.30053315340555,-0.0325067953600373,-0.935026658295541,0.140277872678421,0.14845288614464,-0.617195368520967,-0.122395665467051,-0.190358489574852
93.635,-0.432831347572995,0.141638721384406,0.868497262638106,-0.156008462117409,-0.152484836717885,-0.10982236670446,-0.988118175362403,0.0468090446949245,-0.115326708953386,-0.149786974961098,0.443413696007188,-0.268416173263055,-0.915607588168496,-0.266350886437282,0.105078161795451,0.0961780370805818,0.312819585456445,-0.0281159456497334,-0.931397979226432,0.128797404433957,0.143805332695173,-0.613631051795989,-0.102507509996245,-0.188942576662368
93.64,-0.419342262891235,0.136727969732645,0.870602691096187,-0.156935910493067,-0.144118398737219,-0.0989282590102467,-1.00364613605009,0.0465941835606726,-0.111586757832127,-0.137004723416506,0.457186269817094,-0.283610685722464,-0.909707445455433,-0.27381921883237,0.0859508087808739,0.0574433741547904,0.327872379217355,-0.0335516264099881,-0.937041119902129,0.136697080993484,0.148577880388738,-0.621449056692188,-0.0306599474220727,-0.185859458051917
93.645,-0.381092024790984,0.130906781313392,0.881187141441087,-0.151238419315031,-0.133747118954546,-0.0935673089394313,-1.00392106210416,0.0488482064523442,-0.108623633590658,-0.132314085208188,0.467084378004074,-0.286334144529842,-0.907158004127705,-0.277774380644892,0.0785262141529338,0.0299462383679165,0.346064829670489,-0.0541715570207278,-0.946699743919258,0.141889564062207,0.149587147369652,-0.614567903078781,0.00918669572103133,-0.179694485773962
93.65,-0.382072699043056,0.138225389890309,0.877793516144403,-0.139945365345723,-0.123136897684522,-0.0857814437927043,-0.999358700239935,0.0642129780647886,-0.106279032740618,-0.175065369203192,0.468961845319229,-0.291948760476054,-0.896898289990474,-0.27591205047253,0.0722311044363502,0.0215774673267644,0.368224198717601,-0.0755272243029726,-0.950727673281174,0.150710251349143,0.150909836510703,-0.602412264870279,0.0195613472779177,-0.159578628988287
93.655,-0.39950166352689,0.149274383694705,0.87161317126356,-0.137177945974254,-0.111206377344866,-0.0848833802739458,-0.984532741080108,0.0683049722577562,-0.109925154981838,-0.183361218195971,0.468747752890442,-0.302697664234374,-0.889119271299112,-0.270802134327266,0.0672398170958382,0.0533403377000167,0.396558100814046,-0.0855791400336276,-0.952365263171257,0.156765492466484,0.153046632054722,-0.582282920165081,-0.000450440450150286,-0.1366944660389
93.66,-0.39806994417496,0.143687554218848,0.874385590559915,-0.132673111167841,-0.107263206793578,-0.0791897359084254,-0.986385590020263,0.0540548208759296,-0.11210589316638,-0.174786612981726,0.479180379898578,-0.306984975556962,-0.890510108383667,-0.258475677675232,0.0691336459780446,0.113049433813922,0.419575625333286,-0.0983676846419432,-0.951545931562825,0.161039011858208,0.1463246157665,-0.561509894886739,-0.0241197559366777,-0.109810237767934
93.665,-0.400879685800252,0.130521286001865,0.884968318379845,-0.137754653872858,-0.100295830257462,-0.077442619468005,-0.987919918664133,0.0581894520329745,-0.118611283003192,-0.135656639477852,0.484593191523522,-0.318811472094222,-0.899253385260227,-0.25871192188249,0.079675204827428,0.168305251573908,0.43845691377756,-0.120245596140003,-0.946891839453177,0.165785795245627,0.148864961646447,-0.548098724208328,-0.0250383713042922,-0.0904679855923381
93.67,-0.420078436247756,0.136021838977127,0.885657604967629,-0.146706347168058,-0.103657487518788,-0.0785758816725032,-0.980099825224353,0.0786819549069725,-0.106673864944726,-0.102403605308893,0.482188885520784,-0.335524214350573,-0.91546611048863,-0.261174799763109,0.094506749428551,0.226797965852942,0.457176371981728,-0.147196646734577,-0.94391222724336,0.163773493111364,0.155384473696918,-0.533442710795385,-0.00804249434010718,-0.0737610117675369
93.675,-0.424405373434194,0.135665524075577,0.87623686618426,-0.140105625329385,-0.109824497366758,-0.0893681489064503,-0.970714359781995,0.0976754493877099,-0.0965055309217,-0.0561604553335135,0.467735774654039,-0.351128574291702,-0.923338553005036,-0.265282659900846,0.10985073813577,0.265083331111556,0.472031545787253,-0.160309565208986,-0.948003810384016,0.167514088318448,0.156737410416372,-0.526352460518236,0.00765642509682419,-0.0610471949041069
93.68,-0.420548480196494,0.122299576903647,0.881123305317405,-0.0987517236698977,-0.119613637683074,-0.102292954145961,-0.964656046589604,0.0897501333900428,-0.123097316473805,-0.0175813855624363,0.453016543047846,-0.362475533791135,-0.927145006036348,-0.269300822746947,0.131961382070661,0.313549707893808,0.484318513583264,-0.167640995074191,-0.951265545154349,0.165487611736877,0.152722148155901,-0.529422463487947,0.0412656050868958,-0.0524364168481681
93.685,-0.409964281113577,0.161890610267646,0.88711191517045,-0.0670189711707779,-0.124463599661354,-0.106416270604794,-0.962461727751044,0.0910076914349784,-0.124710511636823,-0.0185151036552195,0.473006814392646,-0.375061672278553,-0.932041847641933,-0.274122699056058,0.14998121070596,0.322454963204438,0.484629682546507,-0.165701467487543,-0.96266168722397,0.169014413795826,0.141428811317259,-0.541082036937386,0.0665486752133276,-0.0480361203190706
93.69,-0.414597637836768,0.145963824639828,0.887720450684384,-0.0840625140637561,-0.119416040354858,-0.118282661230125,-0.974782629883999,0.0889952066169092,-0.119345144728851,-0.00738876491745666,0.510130110490504,-0.39257136551853,-0.938229199557044,-0.281896361504918,0.163220868167272,0.302852889707184,0.475106541526745,-0.160895355152142,-0.972409352308664,0.17270680885839,0.137036163505285,-0.557225487770064,0.0877186488630559,-0.0459596658557459
93.695,-0.419935821410176,0.145940327554716,0.884034242888748,-0.0950093154985856,-0.12223094633211,-0.12524885148575,-0.981089429097332,0.0894192406548383,-0.124517841621515,-0.0220864218779864,0.536899512058779,-0.411681795150261,-0.93599286098927,-0.290922007765271,0.173377972132532,0.21576860032921,0.459059054156398,-0.149369407898046,-0.98202020507779,0.181247498065649,0.128585044593357,-0.569244445006215,0.107140188813825,-0.0534479831957126
93.7,-0.40330305657458,0.165412581042551,0.886189848483237,-0.107281296240316,-0.119328682245026,-0.124504719072184,-0.96644065915922,0.0918925399867901,-0.107152749956344,-0.0265957347511651,0.554525201798339,-0.427145653813913,-0.93556106576251,-0.299577712844364,0.18318738610461,0.0796102905609811,0.441454656809017,-0.136393373115073,-0.982708413433062,0.18151993013697,0.137256976582886,-0.575212843070771,0.118664211780601,-0.0570188271651296
93.705,-0.400372224616138,0.161070612196659,0.881121603740624,-0.121253876791474,-0.113938515084395,-0.135238094863085,-0.96251834040808,0.0969745761708534,-0.0889653690933367,-0.054992192583482,0.602181922261916,-0.437813475337097,-0.931100199819982,-0.30423266753749,0.186667550832885,-0.0153156259173045,0.441209779148307,-0.117044703883129,-0.970595421663221,0.19949992617067,0.151004336488152,-0.586160169174818,0.112352441069707,-0.0645988986764913
93.71,-0.370480023837553,0.162157850374288,0.884861161868734,-0.133793713903062,-0.110907591285559,-0.145622884130986,-0.965561537032529,0.0981545415156542,-0.0828699399336149,-0.0834338637610891,0.616407184222908,-0.450239626983376,-0.926151370754862,-0.30249919142296,0.185489884081137,-0.0999587925363399,0.444252195475297,-0.0854215168404749,-0.964982612236008,0.201603403363511,0.171105191991866,-0.620682044610006,0.0968079230049306,-0.0657433305966795
93.715,-0.380318763202338,0.160800585535369,0.885528843136534,-0.144262394855025,-0.106313745325823,-0.152174423065772,-0.969539110387188,0.10677253666302,-0.093515205788565,-0.113608125279941,0.640665295169033,-0.466506571792204,-0.931279565083222,-0.288496416505063,0.184118250553494,-0.129033781232555,0.459968344841542,-0.0554865820815754,-0.964454843915873,0.204717806489531,0.183051825769655,-0.644040026356973,0.0682329268762802,-0.0683349096621177
93.72,-0.382869771742947,0.163937518575265,0.885484519298737,-0.144792562888047,-0.105940523829229,-0.163049784645111,-0.988610730795331,0.104544382359034,-0.109578090083845,-0.125742304515039,0.659848356280086,-0.491069599716203,-0.93076707963981,-0.263104718347133,0.172771346161617,-0.110986104421935,0.481703290967282,-0.0150662334312049,-0.970943044668603,0.202824818288971,0.194858797226764,-0.68887865572767,0.0330516202425514,-0.0858662580483626
93.725,-0.392360447700452,0.151093796430999,0.881266730822801,-0.164553751583371,-0.106008633971214,-0.1751144199853,-0.987822675419709,0.102529794453934,-0.117938265340178,-0.112729672800626,0.677002132798174,-0.508003627765709,-0.94032748664164,-0.244435039545798,0.169028093032188,-0.0867141706322909,0.491814384638684,0.032751086178716,-0.974350441189175,0.194736828602176,0.198373818196627,-0.705264237655946,0.00269036696442288,-0.0971914895211032
93.73,-0.398673431600262,0.152426307094633,0.885505363656013,-0.175821524117931,-0.10002901096366,-0.184611681696122,-0.974064430986898,0.0959007064623807,-0.116307476025151,-0.0829483385507911,0.699289403707621,-0.525222379347217,-0.935923192153038,-0.232710909317958,0.165751860302105,-0.0449355107382547,0.505650681213306,0.0712573425560876,-0.98875661862516,0.192266768230318,0.193222471619502,-0.724029932212361,-0.0128753325180419,-0.10834578551666
93.735,-0.393971710416999,0.147854552139907,0.888156669224853,-0.186019081468266,-0.0957355024621903,-0.191893527207216,-0.967179896271004,0.0903378954932907,-0.11793319937159,-0.0575836406717898,0.720819509257816,-0.548977439721488,-0.930405657858153,-0.225223320894806,0.156928404178154,-0.0363788857464879,0.509607145083739,0.085816089539668,-1.0041271602942,0.185196570690645,0.186915244366212,-0.733291691593557,-0.0179048478603363,-0.111877604801373
93.74,-0.39589330709295,0.136566188842872,0.880065625282903,-0.196009751906251,-0.0937117988899505,-0.207522936153363,-0.960876141217104,0.0806409330022439,-0.128368940439108,-0.017983919756233,0.737040548827659,-0.570133355158601,-0.932681742085084,-0.235544108851041,0.158323713085844,-0.0805818635197757,0.498576694470726,0.0929990837627993,-1.00574993832265,0.182223355745405,0.179131848868514,-0.728792933130595,-0.012240584443458,-0.117406353250453
93.745,-0.401118231325574,0.118713414459381,0.891235288267876,-0.188313037443866,-0.0865668811102601,-0.221326376160409,-0.967159484799461,0.0572252746088399,-0.147392296769909,-0.00542768150212493,0.76952733067102,-0.585034384999938,-0.934401360730011,-0.245535319185502,0.16202193240953,-0.108359336348635,0.493437755521281,0.105231438267132,-1.00706476657348,0.181447169088755,0.172360422604701,-0.725758420092733,-0.0102598951679931,-0.115909459995119
93.75,-0.40337444666559,0.112761980067331,0.898040345189795,-0.168130675907201,-0.0778276796515951,-0.221229754694355,-0.976318343227749,0.0393004910261062,-0.152376659702549,0.0304766181815831,0.785588672383322,-0.609694334608476,-0.932930392594449,-0.250753233344192,0.162623484109015,-0.139924202915758,0.488340800944152,0.122092834032182,-1.01138384946121,0.187763863229552,0.164251805886512,-0.72942899601334,0.017595989049359,-0.11645827026931
93.755,-0.397345825754241,0.110029606867641,0.899525182596039,-0.152752301741817,-0.0736513250659502,-0.226605675400159,-0.981847645249913,0.0318988801540942,-0.158354694225672,0.0666855143182169,0.802914732761039,-0.626003951281803,-0.935354398430992,-0.262871651032768,0.162278687480408,-0.159675088636327,0.493127056782504,0.148210486134083,-1.01472618243553,0.191677587966072,0.163322303968472,-0.732581512394248,0.0151465004847838,-0.116416538978605
93.76,-0.372933630809362,0.132566397637331,0.910120933698605,-0.149663504736295,-0.06820897945063,-0.22446161993601,-0.992920471999849,0.0363214956315371,-0.145344095016579,0.0611622884514961,0.812923865961349,-0.644275445071712,-0.930118082177681,-0.269431927560484,0.157680064962162,-0.189406419509344,0.500627283723754,0.161291943211323,-1.02169490196256,0.199350936013023,0.161658306589496,-0.727136726739428,0.0132750284446008,-0.124596778231294
93.765,-0.356573958373214,0.150959881969381,0.908201429514929,-0.156211032403894,-0.0732092406456383,-0.233164154108912,-1.00188535098632,0.0631593065151542,-0.128927645193969,0.068940458497469,0.830766480812616,-0.661243472946955,-0.916822968414558,-0.270988118545157,0.150203555629607,-0.208494955790115,0.520957220558967,0.178937775767819,-1.00850112628953,0.207692052856263,0.167005129621462,-0.706591401902054,-0.0014312176400111,-0.149641299935613
93.77,-0.365852492233876,0.140612920038412,0.907421804638365,-0.181527142141066,-0.0601361894982374,-0.250180338237486,-1.0020019816255,0.0737246341524379,-0.159147053799632,0.027903010213208,0.823695599698315,-0.678036093990179,-0.903560125594622,-0.276671667678626,0.145793630378519,-0.248868305920674,0.535315783495455,0.196196440681801,-0.996785046291938,0.207552993069733,0.172270665525566,-0.703529839084685,-0.0162549768500893,-0.157030230369412
93.775,-0.386288206241858,0.123235148442673,0.900096692258802,-0.200328803952125,-0.0413734896957161,-0.260112856701653,-1.001137872868,0.0721862179894932,-0.205824873511548,-0.0287588288732109,0.824231855314134,-0.697781761373065,-0.88630018907684,-0.288260446154623,0.140984400159245,-0.279250973379117,0.558318936740857,0.222429791853197,-0.984608375602179,0.214778602418695,0.171983499893775,-0.734105062694716,-0.0303872445986218,-0.164928605567249
93.78,-0.409167423410733,0.123176945903377,0.899345945430711,-0.211871297377499,-0.0279120768562539,-0.2622679942621,-1.00854893965534,0.0539734769759641,-0.234862178833995,-0.0647032495592664,0.827480064102847,-0.715046145542647,-0.875455952370214,-0.301038857154783,0.134432009676184,-0.303217992567657,0.578569612180527,0.222183286630688,-0.976274020308923,0.212337741054062,0.1719415078948,-0.755265791061731,-0.036060799664931,-0.174455749213652
93.785,-0.411319051892294,0.129628194542622,0.904279220486536,-0.220105276038664,-0.00917690094560082,-0.259437805165706,-1.04213386412239,0.0223851064053721,-0.238533519695225,-0.0820934487745054,0.830679905227311,-0.743826145212703,-0.88036245768644,-0.322606213424191,0.122176041458938,-0.326869853023227,0.602989684323749,0.234888542166422,-0.968294484000397,0.206545026324486,0.166163018275919,-0.769201650019627,-0.0364599978529936,-0.205451519490424
93.79,-0.391469907939214,0.128023973934602,0.915962574856533,-0.230868458471797,0.0120920021166419,-0.258614391088486,-1.05686000235325,0.000415843439707278,-0.241549453060644,-0.0703690508859224,0.827484250068665,-0.764683639552038,-0.881418757806243,-0.346046432912527,0.11523119807602,-0.348225189292684,0.622909919257091,0.228050240220293,-0.959712611107224,0.205932245715949,0.158184050371298,-0.770790195273859,-0.0308926409137676,-0.230598880158902
93.795,-0.401258744470934,0.12965623026136,0.91279633878894,-0.239778796874601,0.0305457574531753,-0.267162750521584,-1.05019815144361,0.0135638651182621,-0.251321181578068,-0.0693775864834236,0.826525208451491,-0.773883605507729,-0.893398191625767,-0.377506001151567,0.106478652115173,-0.383109120092962,0.642809904814502,0.20664702214531,-0.957670914870127,0.205945895289595,0.156740793208082,-0.771047757753134,-0.00286482548732239,-0.247955629899065
93.8,-0.413627739147139,0.120740630389469,0.912141650412417,-0.256298185737448,0.0582988399085536,-0.273587978243746,-1.04051826242824,0.0157765075043753,-0.26864619941187,-0.0815822591358848,0.836099117709284,-0.780400380634723,-0.902771656053408,-0.407102384811481,0.107174524086327,-0.392290999793285,0.659534394515102,0.163943685564131,-0.959398497863502,0.209380453201156,0.154838273422149,-0.775483846664429,0.0304527625612228,-0.269116870289803
93.805,-0.423047570858734,0.0871872856200481,0.918482657248276,-0.269265050113756,0.0933401451052334,-0.287935078144073,-1.04303706972307,-0.0287153786499653,-0.287053138304846,-0.0391930118010871,0.80793708562851,-0.796957475615284,-0.896632606988611,-0.434545439154074,0.105176502590589,-0.383482140634828,0.667562904065405,0.153654884712228,-0.950851205638202,0.213690768206587,0.155159642561713,-0.773909628331534,0.0561018519104323,-0.28840931353475
93.81,-0.418847182765375,0.0925119650284336,0.919899400019037,-0.265256576432128,0.127136030721544,-0.291078844647533,-1.04091734180199,-0.0460271649475285,-0.278320715814739,-0.0039939696188779,0.810492548774917,-0.808783001391475,-0.888194639402881,-0.449795165507462,0.103235863500561,-0.399075727466033,0.661844779439272,0.140644254463406,-0.949516575850716,0.21188618590401,0.162239989389194,-0.776689367837736,0.0688193083164443,-0.310754918628664
93.815,-0.417262613326209,0.0844112337522523,0.919281533613479,-0.280394032296928,0.166612616822917,-0.292261533774044,-1.06205914601005,-0.0716588881668301,-0.288653808603528,0.0242390441373173,0.811865636799278,-0.820736145140703,-0.891911101749802,-0.459495058051608,0.0951403876975348,-0.387398898726555,0.673951312444411,0.130042351813578,-0.953931236273858,0.21443851645658,0.166764609397683,-0.79647276785882,0.0796744145626699,-0.340596395217003
93.82,-0.426902524006776,0.0582377774721526,0.934365619531531,-0.294141595324982,0.207655866543665,-0.288230187498103,-1.060269762533,-0.106526585687034,-0.298778637641538,0.0613215018382537,0.801267847207407,-0.843249105625159,-0.880706164108159,-0.467701637971668,0.0769705699488401,-0.362266710700764,0.684225780295894,0.151401953058902,-0.969337114952158,0.230494040688595,0.171994502593629,-0.856072683483451,0.0858315521186569,-0.362652176344945
93.825,-0.422821188691528,0.0938965606781039,0.92935404880397,-0.292687566988381,0.257488681382428,-0.283481967996139,-1.06809766908878,-0.0961441670631358,-0.298157527091227,0.0666478556652515,0.812959884584642,-0.842399474606421,-0.915299491559009,-0.467401221069182,0.0737718217420693,-0.371444003759113,0.698687282050588,0.153088391490326,-0.974421344683055,0.236114759085299,0.173604184862299,-0.916039633773768,0.085313107067594,-0.371648273880617
93.83,-0.402603700926974,0.110013392313872,0.941202148805257,-0.315313416474239,0.318672833059529,-0.280115518998378,-1.09291584067326,-0.0981861178027942,-0.292743561312987,0.0868936166442062,0.810193309504829,-0.854406842280762,-0.915446726519824,-0.4691879807178,0.0603495131869757,-0.344965830653891,0.724230213387113,0.190702424602437,-0.987666610269156,0.25005154601088,0.179594525389813,-0.963130805219575,0.0825656690901377,-0.389002942058045
93.835,-0.27934175372818,0.1308828972195,0.943146564438446,-0.453986204173686,0.362682618742749,-0.227461313352546,-1.18577391663257,-0.121056441022134,-0.222286986441531,0.0698658999130656,0.819665808686895,-0.880133751187393,-0.929549085216255,-0.460248070948451,0.0532372370682676,-0.285218568091652,0.772693133252648,0.235159085044111,-0.989058105437643,0.268465377409709,0.189638627417803,-1.01732081073453,0.0917275992481161,-0.404918037071536
93.84,-0.466504406423541,-0.388622635273534,1.08890249069137,-0.647671686220752,0.553832302155525,-0.173789737412346,-1.08228386254607,-0.466820969253404,-0.476995523281254,-0.118914187410125,0.825054132755451,-0.946540757809215,-0.900963004824929,-0.443974337215686,0.048308571634083,-0.224261785225312,0.816845118073026,0.276831483954866,-1.00790861977223,0.287746677001974,0.203782728606982,-1.04900665741573,0.110553912718069,-0.415123648450317
93.845,-0.363119404940255,0.039088187744969,0.938168820067263,-0.48752257530884,0.59004428198728,-0.013863816368156,-1.08074559761698,-0.373166167745273,-0.332721908009344,-0.0953965341650932,0.865764149139895,-1.03608778487837,-0.944036292500204,-0.412456046829835,0.0721140160883489,-0.169499155045116,0.874501023525388,0.282005723690105,-1.03277141710623,0.306016371804574,0.226587620310223,-1.11093095574962,0.114725636609615,-0.383399866150101
93.85,-0.52690864996385,0.0648426477218031,0.939834644255557,-0.56416148572775,0.779158419685833,0.0038711810592878,-1.18723731502123,-0.256770704578461,-0.343186527212658,-0.243603393650195,0.918898041306993,-1.0688800991471,-0.994372227534765,-0.408117543616724,0.0898875918248881,-0.0605889836302687,0.970259569135162,0.339541535324431,-1.05291326267906,0.295934048515084,0.250525774170733,-1.1510096455177,0.0987232023322208,-0.342078074964427
93.855,-0.331826316694922,0.145831216313447,0.963732872480913,-0.445489081847107,0.859656508631022,0.0204687212845976,-1.2630032914006,-0.115834943778965,-0.209359911373538,-0.276764097824341,0.883250290133974,-1.03571936463806,-1.09081881052411,-0.404915870604327,0.0978523891919659,0.0667213555300832,1.08103614050863,0.39906324657261,-1.05137114965064,0.278328304881719,0.261052477695675,-1.16087108183295,0.0913271351191969,-0.318246303947286
93.86,-0.318965156487521,0.197330802365194,1.03487295448535,-0.453409263840104,0.992711405701283,-0.023757082922804,-1.36717427633664,-0.0248768003743773,-0.145404087731313,-0.398904589041447,0.865637018940516,-0.986121443332576,-1.14479836592154,-0.414123796113333,0.0828946518319081,0.231811449167874,1.20824565208364,0.373631266819088,-1.08208813418098,0.256210414877357,0.25125358432315,-1.12314922661131,0.140406418888908,-0.294918041948261
93.865,-0.364134799467879,0.115348631767132,0.993367129573001,-0.529789198469692,1.16380391691772,-0.0681087176226029,-1.35162806900397,-0.121268547337829,-0.238182053260739,-0.439075687745672,0.819430381575494,-0.991220800977533,-1.21632572544824,-0.396599699346377,0.0738518923070437,0.311803034230283,1.31463890301093,0.343680835660104,-1.16014500779201,0.242169389057282,0.232012492771669,-1.07206296771336,0.251214490695631,-0.259344281356936
93.87,-0.391385854255701,0.147410920919413,0.988905228853691,-0.562503878844229,1.34644247879339,-0.103957638825663,-1.35430784125893,-0.120581763132179,-0.276860598413354,-0.493690069915541,0.857486229307037,-1.02788112109716,-1.27415506641897,-0.369712452799011,0.066901674095038,0.39217461960616,1.36840892782927,0.36034457055346,-1.27917054179818,0.243080171311224,0.207802598829221,-1.02696452979852,0.378614861408863,-0.230602272666405
93.875,-0.444681849657501,0.109835366684417,0.972094012508411,-0.629560735781473,1.50367589206063,-0.145079713861682,-1.34794272244579,-0.117806644873186,-0.272501144565717,-0.486550438380327,0.861778167048951,-1.0599938608213,-1.29798001230274,-0.336423126930288,0.0589001400652552,0.448761603853607,1.40092277080832,0.412088116306732,-1.34593301814503,0.250287086321965,0.191158772753303,-0.977621810201152,0.452295014208446,-0.224027776218591
93.88,-0.469837787260616,0.0865537378803859,0.996316568989356,-0.632674929441606,1.62079029188175,-0.187008094903495,-1.30763848872371,-0.166549986582064,-0.257440992396712,-0.39692666642323,0.853208992800833,-1.06815682787364,-1.30910964739778,-0.287051850484589,0.0697899936371292,0.638530291111097,1.47710246100712,0.55326152616266,-1.36433206012158,0.242854527899823,0.16790298086523,-0.960226911440332,0.405828168950616,-0.222891775732364
93.885,-0.390404938671454,0.155229232019547,0.994717558642472,-0.642231795021018,1.7355612392925,-0.225866788412273,-1.26951982947298,-0.152635193587889,-0.1619866181638,-0.276913823923157,0.905202573955711,-1.08165995572572,-1.32073008634186,-0.25026913580904,0.0919447349425729,0.780434532246477,1.55330583506805,0.69220926855521,-1.36446729511933,0.235567855101074,0.140759158303037,-1.01001861615285,0.290394512998452,-0.227076499451053
93.89,-0.420317618669604,0.193461467638355,0.983073659195647,-0.702523276084176,1.86290964305128,-0.296161313684134,-1.25517061897305,-0.0740931577168507,-0.112246623979431,-0.156880739370319,0.911289879400362,-1.09850932626713,-1.30910831324979,-0.221783940832566,0.123277166791287,0.882383758951602,1.60859395828864,0.880978198129933,-1.35825736810268,0.217067914769323,0.118101181835196,-1.09877570773645,0.154918202655223,-0.220767144214842
93.895,-0.428596044654244,0.194833119876499,0.973462877028337,-0.765276892455846,1.96705327914054,-0.361048869301483,-1.2502909730927,-0.0162931923789412,-0.100272039129543,-0.153064538579616,0.928379319695284,-1.10332933694807,-1.3282575441841,-0.1894614584139,0.144799004756106,0.936342584510672,1.63096449157601,1.03208091646878,-1.32791223815308,0.192125965173125,0.099250628851315,-1.18022468485621,0.0804052207031385,-0.253678662623501
93.9,-0.461096050264249,0.162565146801816,0.975363579856977,-0.866227442515263,2.11870492456867,-0.430320794259028,-1.25603108599403,0.00783989581515001,-0.0905327540353744,-0.222687044786361,0.963957137457155,-1.10912398828537,-1.3559048795785,-0.129636797741616,0.20495895092809,1.02663313527692,1.65966104065523,1.11347957122361,-1.29784257688277,0.188154608779594,0.0760457336669875,-1.2813575248874,0.108561683459707,-0.294978866041471
93.905,-0.453208632949341,0.164705317424459,0.980869559801892,-0.934113457266596,2.23361666184387,-0.497405740540611,-1.27653760523303,-0.0267731585421789,-0.0708667889845815,-0.305831613208318,1.01315642052001,-1.14638402740086,-1.37236941966711,-0.0972157114228732,0.241093241660093,1.02710819526859,1.69875936362385,1.1797566132108,-1.29396109669707,0.190522830167482,0.0530341575589255,-1.39143853141618,0.22358185430136,-0.326496664264354
93.91,-0.461003266960107,0.17133575459016,0.9750043973081,-1.03016875352829,2.37981522656656,-0.593473212168834,-1.28274903599375,-0.0293225856480088,-0.0415666260155218,-0.358236310205476,1.07701259657365,-1.17762065329419,-1.3608608754697,-0.0482021803822095,0.263960762633161,1.053018593098,1.72586142356552,1.26637818694632,-1.29324441043269,0.178058992603365,0.0266806058133456,-1.50789770274329,0.281008213752026,-0.324220192844355
93.915,-0.464048533950682,0.194226659047846,0.971873147375849,-1.08317681523095,2.49782808308221,-0.663474080113458,-1.29278561643978,-0.0210743721262456,0.00107231183226648,-0.383732693687009,1.14043503706879,-1.20954981669738,-1.370329728796,0.0247921401765321,0.274341438368693,1.17807305418689,1.75613547950885,1.32939574380661,-1.30071574539847,0.15132597402134,-0.00708458513336882,-1.64311274445389,0.326893924589338,-0.29957050972831
93.92,-0.461177097078757,0.200964027454987,0.970095390684425,-1.16546901028809,2.63443062014432,-0.769704515483736,-1.29952766051008,-0.013247335626403,0.0395918092490215,-0.414120515961653,1.19515706954627,-1.22817147150493,-1.35987372367336,0.0972783425567896,0.272096587861414,1.27967032340799,1.74404839530069,1.40210132272363,-1.30836232087336,0.12025707980017,-0.0491806736939527,-1.74058638073609,0.337607800795279,-0.28286791896343
93.925,-0.475609223462684,0.224088416286333,0.972744523908201,-1.24625773588421,2.77918939451814,-0.848680223734528,-1.31505485938175,-0.00447079513394774,0.0603722954190366,-0.414553736531424,1.25819478761749,-1.23429131507874,-1.33761573608264,0.146504121346158,0.254949100190665,1.3046267980432,1.67671106905631,1.48753767581012,-1.28592766512276,0.0866636376491345,-0.0895309371189862,-1.82922913436845,0.283108362992104,-0.258332408350481
93.93,-0.475981960651682,0.218721785005803,0.9407422147279,-1.32957605399239,2.933562546629,-0.955575694704968,-1.33060188521207,-0.00275130696511203,0.076219649385063,-0.387987686788389,1.33010018951434,-1.23315801370865,-1.32007773065221,0.193629596734777,0.242376516126814,1.32947941593602,1.57455460429005,1.55996048179345,-1.23186616276732,0.071197260193491,-0.129844491874365,-1.87140833084155,0.209763858927464,-0.259211748838425
93.935,-0.511036139696225,0.265883358155142,0.971208163011315,-1.42895021622164,3.11176813412689,-1.07771453587957,-1.35209565462812,0.0137796358225438,0.0895671257163898,-0.341731467524409,1.38575317901918,-1.24079193558105,-1.28026164098143,0.258234623789749,0.223511143205624,1.36672707651507,1.46800194925707,1.60064556697462,-1.18313018157295,0.0600308648473931,-0.17316560795252,-1.89204717392866,0.157485951349849,-0.26204054791114
93.94,-0.466704172078276,0.199335552885825,0.938215217390354,-1.5457356495013,3.26585251680788,-1.21899768443092,-1.37418935001445,0.0164410469661342,0.116960753239045,-0.289987031386335,1.44480807484707,-1.25923523405333,-1.27723886168282,0.293627163196394,0.203209674560143,1.35069801692798,1.3706984252828,1.60074911660175,-1.12122275207922,0.0548726401068217,-0.205371311103541,-1.92992940698619,0.0923091949721348,-0.261998063273055
93.945,-0.533449434180204,0.216358626752308,0.939584458544342,-1.62554355595716,3.44294972384464,-1.3216734612484,-1.39313766659071,0.0160193780803059,0.12251281633185,-0.250392845167714,1.52276658491103,-1.28272282210182,-1.254675945158,0.326077025978351,0.177694562558825,1.27828537926801,1.24155016405312,1.56339552864775,-1.1020506392907,0.0581902903979762,-0.211230826906483,-1.95773467479886,0.0698560837465532,-0.267448139339451
93.95,-0.586378280697325,0.215108586646622,0.932779450506301,-1.77476611698936,3.61290670169034,-1.46991039712187,-1.39045125257956,0.0204168846812601,0.139848471316646,-0.191193056377315,1.59985668431998,-1.30391769925881,-1.25986069323027,0.336986869585899,0.160193504924247,1.22855098519936,1.15844311077083,1.54223016636677,-1.07645130016051,0.0605832677242116,-0.211610831866454,-1.99820364542541,0.042964950271451,-0.264663327426237
93.955,-0.585701567492553,0.305451793532196,0.939823558746624,-1.93617210663826,3.80837095280467,-1.65470728151498,-1.39098311190469,0.0304751579443347,0.172714546094765,-0.130956783263573,1.69015507088613,-1.32549352214501,-1.26508015077193,0.33767526686,0.139955519297571,1.18505471062621,1.09705486295916,1.52394043404246,-1.06544408435967,0.0672905561311657,-0.199435635959127,-2.01831658490945,0.00436908365128836,-0.253799167956825
93.96,-0.526417445805475,0.239545429012914,0.950763798318328,-2.09224495880114,3.96583566199498,-1.7906204677538,-1.39230595349628,0.036486190188328,0.228126078177894,-0.0767585761785309,1.75829041305247,-1.34428639003074,-1.2402456538168,0.339922423474389,0.121049909399679,1.17000627668341,1.07387125753534,1.51377034701461,-1.04959682953266,0.0606755500157969,-0.194641464306552,-2.03695596103573,-0.0494553376268568,-0.243580905009394
93.965,-0.540652431656182,0.276200487064316,0.954811691582913,-2.27524751816195,4.15487637611614,-1.96699672134393,-1.40498533036764,0.0515048684150426,0.310635139483846,-0.0912533618952167,1.84016818061753,-1.36127924987584,-1.20797751715613,0.319382646560106,0.0818472268200993,1.08277660121002,1.00493457040373,1.52125925581011,-1.01878434475377,0.0471872195474261,-0.178001077882692,-2.047230241988,-0.131889503076053,-0.217882573108148
93.97,-0.576355401882708,0.300131891980469,0.981006250055133,-2.54789166067514,4.36827001409326,-2.16369045543855,-1.40631724129949,0.0560699793271212,0.3278891132898,-0.115320132824423,1.90707990681073,-1.37565147538508,-1.17748487728692,0.291908283617566,0.0312560177954573,1.03620701379346,0.979783011377814,1.52733861334495,-0.991499445728587,0.0404023023741774,-0.164001983415778,-2.05886123711515,-0.193195443980882,-0.188393592185271
93.975,-0.542806572463665,0.285705676634809,0.924742488025745,-2.80458256456829,4.53190950769117,-2.34683693431947,-1.41221881206315,0.0455035448482724,0.344184780846645,-0.0966185019982922,1.95921571868954,-1.40353093527423,-1.13505190140222,0.293673080775515,-0.0547366560603973,1.03595701938389,0.979671966120961,1.52040226492183,-0.965819185765032,0.023703754946975,-0.148470462666717,-2.07830803049233,-0.221237997738564,-0.150938831961764
93.98,-0.573559962222898,0.344248598651844,0.952933573999221,-3.11860256062158,4.75875311714837,-2.42210674512616,-1.4045342625813,0.031431395933366,0.382952587597958,-0.0961895253083829,1.99942192833525,-1.4229774882022,-1.10902170984777,0.354378167081738,-0.145234621063292,1.1356110111178,1.01669771177191,1.56349759538755,-0.948398729515477,0.00557190665597364,-0.120665145430369,-2.08690941845485,-0.248122734262008,-0.10435091933383
93.985,-0.545111742093376,0.277532607831113,0.893784178324945,-3.4235477511118,4.93377915918996,-2.5707752317401,-1.40817739655886,0.0373247393411875,0.37936260722893,-0.0553034968425383,2.00315186377149,-1.49052361449936,-1.07398110312903,0.452449524133828,-0.261612348063209,1.47471025025258,1.07558039284288,1.72930787348622,-0.933696836482645,-0.0160197157383379,-0.0991005878778346,-2.07712171993557,-0.256388343329451,-0.0697783153697151
93.99,-0.52415703971889,0.185441127250619,0.904182361582935,-3.79491534566844,5.15966820716835,-2.73551443386065,-1.39574322741678,0.0277564541549449,0.35170941174343,-0.048156161823769,1.99291209812756,-1.54192703685373,-1.05987185749727,0.535674837681266,-0.34135756538529,1.80978609289229,1.13245079153147,1.9506334348653,-0.918166204580626,-0.0402832494240139,-0.076987596115678,-2.06197158324626,-0.273666637818369,-0.0469379230861329
93.995,-0.549184694195659,0.0939987626381863,0.880870239906653,-4.08239464543101,5.38596808378755,-2.8103819175568,-1.35789072575231,0.0374315771513475,0.304647682889602,-0.0433488146057984,1.96525508709113,-1.62809672871556,-1.05067354790256,0.557907385089662,-0.382576227451241,2.09954833497997,1.19874697392389,2.23115739296647,-0.872128963344477,-0.0681403717310378,-0.0599930538997771,-2.06332311751086,-0.29836797972174,-0.0237765981343876
94,-0.64634394043126,0.101575048433586,0.862038498224974,-4.5279468249944,5.70328196680492,-2.85317353736753,-1.33591163558286,0.0327573040556594,0.291435048565143,0.00819847665792407,1.91628514057767,-1.73456527819256,-1.05448890817705,0.479214909204993,-0.334485952683511,2.12720569482439,1.2134129547967,2.38157628558647,-0.833300244826733,-0.0953045675635792,-0.0449760688616519,-2.05705138722949,-0.318417844670068,-0.00634142861888811
94.005,-0.760084708932248,0.198431189726321,0.913864382724634,-4.90103538747192,5.98854618992851,-2.90232786106965,-1.31747884677851,0.0614623462642154,0.250273182017747,0.00239001509404025,1.87925782231979,-1.85491815225699,-1.04625221110454,0.419268999324611,-0.220983853992174,1.92109399978948,1.13487697170678,2.45754150904137,-0.812460826260964,-0.126030465162129,-0.041309776491193,-2.09950020115098,-0.352353727068763,0.0112433648637944
94.01,-0.833060895135566,0.29955081925318,1.05862862297083,-5.15137774372179,6.0888065371967,-2.90187845518115,-1.29263137582786,0.132207288690211,0.214373750698539,0.00331828197221433,1.86992407182645,-1.96438045992641,-1.0174376607776,0.382319881564961,-0.0926211102032053,1.67991904024091,0.986663126264818,2.52576909339131,-0.795319388234466,-0.155078739354796,-0.0520392450803932,-2.15501078366855,-0.401208284434183,0.0383780960577105
94.015,-0.970124586178025,0.405583934949142,1.18895588365933,-5.57463452650473,5.98607833466959,-2.93347252595793,-1.25642125368882,0.209077049029888,0.181145832849315,-0.0803181945698829,1.89041183039691,-2.02896744613071,-0.970197958749241,0.341108416359699,0.0120593832988936,1.41406927286566,0.78081746904188,2.60736978859552,-0.784128267767697,-0.189391282456209,-0.0685787145809034,-2.17485665092413,-0.452359151872241,0.0522161407898034
94.02,-1.26731918191833,0.235008524048655,0.81394434335711,-7.01758777394479,5.9535832894335,-3.11072120206466,-1.25865808695363,0.370369421621264,0.0998786052933878,-0.143205894440798,1.83695365872591,-2.08154252666895,-0.939429626465842,0.269552129685309,0.0978064310645007,1.25564177142803,0.620433501652325,2.63815359656348,-0.789491219378427,-0.229208442997462,-0.081825334842412,-2.15437923911406,-0.511285681866391,0.0441068743496479
94.025,-1.78974411900255,-0.0131774493663426,1.62331999919298,-7.02454275646485,5.7713877683707,-3.18461583181962,-1.20550876985171,0.359164297134638,-0.293650576020091,-0.461923603674453,1.77991024391303,-2.06917795769676,-0.945789115794073,0.137980165535246,0.195361934904895,1.1155197410096,0.437889912169332,2.54884766115566,-0.793887753331526,-0.272111344610416,-0.0927992267589776,-2.12804828350441,-0.564355863394692,0.00716396038641722
94.03,-2.0349306549373,-0.0376080029188581,2.03674520243389,-5.86715094896246,5.08287582018548,-3.0044331987992,-1.17393930974274,0.372981805829703,-0.591913212074405,-0.585790345694072,1.76722970152685,-2.06764177824475,-0.948369675470174,0.012752673688966,0.224255034736272,0.883478623649597,0.226109994004186,2.36969041753738,-0.825159794852122,-0.314751705730142,-0.108552985332692,-2.1004767326142,-0.590955135078995,-0.0431229566626774
94.035,-2.1192744066293,0.395996541916524,1.70270671849224,-5.24267850251153,3.9128943400309,-2.75326190484462,-1.17155199202614,0.462132069512048,-0.673381316476808,-0.537097078966951,1.79182430329112,-2.01777322645609,-0.998448345358428,-0.110331373857294,0.24508624412249,0.591659131233634,-0.0356565063955718,2.14658231878746,-0.876499747501857,-0.343199633926086,-0.13249054831691,-2.029311762866,-0.618050566708247,-0.124231098764292
94.04,-1.85120254762426,0.576519907852918,1.10892277657127,-4.61082208257083,3.4496282196095,-2.14969275134078,-1.21902177944445,0.579145719862058,-0.615687960987693,-0.381225704191514,1.72478667928606,-1.95067516503137,-1.06990317126989,-0.181086417365519,0.239178137189622,0.482153406007648,-0.176349849208429,2.02406858772688,-0.896138523536666,-0.345424171994285,-0.149687072173491,-1.99427943212871,-0.60459840679646,-0.153386747921872
94.045,-1.68925109511369,0.66855272022048,1.14915196342749,-5.00378884774161,3.18704816891663,-2.08443203448952,-1.24528574811551,0.593831858883576,-0.493827987555613,-0.145769973325613,1.5523853226162,-1.9303857081119,-1.15448014703294,-0.320000368891128,0.204733269132408,0.429305420221638,-0.375424805532734,1.77768880419894,-0.973090898761491,-0.329224431300353,-0.151958278239751,-1.95803186185866,-0.56435937609827,-0.11992813147136
94.05,-1.48511825588626,0.719306502706352,1.1134794706651,-5.07969556643026,2.85570679980558,-2.17558486923531,-1.29191793770009,0.624070064156198,-0.444262578862547,-0.359217990894001,1.45628132694032,-1.8495405054221,-1.24632233744442,-0.436121482896401,0.185818786500617,0.431221905639691,-0.498678152835548,1.49297987126121,-1.03432014193789,-0.303075632790718,-0.145158247619039,-1.86674268732,-0.566388549849973,-0.105313951384933
94.055,-1.36645883305533,0.810340130978823,1.04516300719258,-5.28423137284888,2.65805335077966,-1.99958352417099,-1.26947820725314,0.554153062547378,-0.484518737113466,-0.990974306757857,1.46718041723765,-1.77325844600001,-1.31342780707481,-0.544714853536645,0.175723585634578,0.493232465387751,-0.566269321010397,1.21710356202525,-1.10211703472931,-0.268999120509837,-0.120086266997324,-1.76722309136833,-0.621921922794087,-0.0870445786150261
94.06,-1.77770021788911,0.874729836465888,0.984440118111906,-5.07645433377632,2.26519683064257,-1.34537755946894,-1.22072197865649,0.543662918770627,-0.630409501924178,-1.9205534596244,1.55556545225016,-1.62679969411257,-1.35825125661687,-0.61406694042237,0.182463454736424,0.567303918353313,-0.661653823830066,0.975405641033484,-1.13323364809226,-0.23928491787769,-0.104342312775106,-1.66909673918995,-0.758777314625801,-0.0632299627083485
94.065,-1.91611709950353,2.28150117446021,1.58192687213177,-3.95591765155889,1.70906901590102,-0.0583253447810121,-1.15587556038572,0.466741863135545,-0.749499862419721,-2.33277500522572,1.5933002705929,-1.58652025961934,-1.32946287855483,-0.657547856783353,0.216764173345894,0.699487321025507,-0.72248964986312,0.781934165281873,-1.15935652331798,-0.198513300276219,-0.102621433815854,-1.61331199880561,-0.90928306104585,-0.0244429620889376
94.07,-1.38913131189325,1.96014368766245,1.54561276744764,-3.65963746945128,0.769341458767277,1.08525436429849,-1.07994167577737,0.410102707901665,-0.713153595664139,-2.78581027920973,1.64165083373103,-1.60241922346661,-1.29706880765222,-0.664222608487071,0.268331652659338,0.813861613767545,-0.772824679541595,0.657940803780597,-1.13135686486742,-0.173980438060243,-0.101113735326849,-1.56519193524845,-1.0276007400081,0.00871102678696441
94.075,-1.16492653455125,1.14216862661201,1.27124590681508,-3.63235305230046,0.0730175116513705,1.30683489559699,-1.07158689622115,0.488627161860303,-0.493145401809026,-2.87038530598158,1.60633538831413,-1.63239803090779,-1.25412027209177,-0.65475641682643,0.372346789846409,1.07233989811566,-0.806883036901959,0.613353414548169,-1.10170703096997,-0.142199730178388,-0.0937856024373243,-1.55590857579025,-1.12353919057135,0.0690673483232966
94.08,-1.22999463254055,1.16299502704077,1.04956545954156,-2.99360382751661,-0.418910388887616,1.62814577292,-1.03636807723358,0.586959232090931,-0.321356574186091,-3.01475417483207,1.41193422645477,-1.62110630585472,-1.2181653075774,-0.655984866116265,0.447993713198077,1.35619617638031,-0.848673169951607,0.648217563967873,-1.06201298574269,-0.134762924446179,-0.0829971517151532,-1.59561782254636,-1.15475750063272,0.119754203139144
94.085,-1.08888362215206,1.22861214038419,0.846126561092908,-2.83397310536925,-0.617348279485295,2.13186586867396,-0.985229150567127,0.64043404727807,-0.28137693783274,-3.25745990864649,1.25987350287172,-1.53927636168923,-1.18712169133474,-0.652982542242565,0.546777880866971,1.68922261858884,-0.832693605892224,0.694219999764277,-1.03413265822082,-0.103924860169826,-0.0656146965107428,-1.67507990733439,-1.09482860469206,0.158490793254821
94.09,-0.811343311781472,1.18656004555419,0.7585336033791,-3.13575224943227,-0.779207527511183,2.43294324159064,-0.944592715041544,0.658728947586984,-0.200480788344015,-3.3560677921379,1.05697580386476,-1.41490033543745,-1.16155625851896,-0.624381098914119,0.590524160854189,2.00046289249615,-0.797392678747772,0.725108278484319,-1.01222498692749,-0.0947510853284964,-0.0660120899566889,-1.74303386456548,-1.01211599989304,0.199413673561877
94.095,-0.650501984815947,0.974038657894912,0.678358459307204,-3.53582222641772,-0.910163993094641,2.53586749104504,-0.885911428372861,0.666100291053756,-0.0814022897415048,-3.19409073925692,0.804889551333096,-1.31048395982783,-1.14510169814737,-0.58335929879204,0.616963553063171,2.34261991085895,-0.731047493699113,0.775152933375053,-0.988469025874447,-0.0863640029418141,-0.0640262474170366,-1.81038853566814,-0.910877493004797,0.237563656006584
94.1,-0.694132898874993,0.677317629708781,0.727042164638421,-3.76853469445616,-0.977267125898205,2.50535133851259,-0.811947151148501,0.646792698266039,-0.0434768502055669,-2.97096955917668,0.58101112763777,-1.21973851971882,-1.12756613697665,-0.546687001605872,0.60894767188965,2.57660584179024,-0.627206059646334,0.846066877518695,-0.976198116689193,-0.100363508204066,-0.0707498022879617,-1.88944655186958,-0.777481580713702,0.300216353122834
94.105,-0.69846586922778,0.412613543120887,0.77828576273414,-3.54854854129992,-1.1350732898409,2.47431635856628,-0.731483558662736,0.567495622681248,-0.114771958469249,-3.09504301852053,0.403563129510627,-1.14440741847221,-1.1201556031731,-0.503388976647289,0.569156785095175,2.67815849897735,-0.562761127842412,0.956680000241866,-0.972130285830244,-0.116163223866629,-0.0759896450301367,-1.93335381277055,-0.702324621462752,0.342761657717539
94.11,-0.628407652231397,0.271140640316503,0.81550359926966,-3.10638131023602,-1.3033337710435,2.47776547480558,-0.681910580325085,0.50113034298115,-0.273487589600983,-3.41536647664957,0.316689261049501,-1.09373820655477,-1.11540335954723,-0.455030614919027,0.527779966591843,2.7301050394805,-0.535357482256879,1.06805613867951,-0.964742270698986,-0.146850016994313,-0.0797502531348224,-1.9867017037728,-0.615218723314045,0.390106418045467
94.115,-0.547092102627274,0.238229140643522,0.819691003281649,-2.6345343254216,-1.50851948675883,2.49083137645084,-0.658152623071653,0.426794708418698,-0.294125318041808,-3.60067295420801,0.224770944428795,-1.08850457864442,-1.11743134148915,-0.408927053116554,0.462604088761101,2.74073640372847,-0.574168485230925,1.17703968570639,-0.957722020893877,-0.173945568217697,-0.0830668553149608,-1.99315003129542,-0.521737866348756,0.425663709538152
94.12,-0.505209258045209,0.306696205352225,0.788142515567558,-2.19448808428869,-1.73524035794326,2.47682945765255,-0.641972816712507,0.388593979570368,-0.210203763802973,-3.61841498882875,0.0551241300952834,-1.13542295930378,-1.10819759710226,-0.391373806493769,0.417647084217366,2.79516144491055,-0.593175335663069,1.26344616180107,-0.96900936882054,-0.181827286947798,-0.0826183838214841,-1.99949957716887,-0.44881396156829,0.461134213086108
94.125,-0.496387474508676,0.380704859444311,0.75773389687589,-1.92649173219698,-1.90115967069701,2.42695395383669,-0.638084645894463,0.386571436582375,-0.144382076253197,-3.49675618688912,-0.131640264810668,-1.16037699990466,-1.09734881949069,-0.401689759414587,0.361032422232984,2.87880833472513,-0.625376354339151,1.34784887051097,-0.986996785656543,-0.181717237715117,-0.0698225240594216,-1.99035649370006,-0.361312495296379,0.519919454495944
94.13,-0.502189572163303,0.417872720577212,0.741280438280911,-1.7766079906919,-2.04131901204223,2.365063134228,-0.633396515923855,0.367926131175004,-0.167631898950322,-3.44758106951057,-0.282215471212388,-1.14254843874596,-1.08320498345076,-0.426299542828277,0.307275962524444,2.92851490704954,-0.638376262432612,1.40199912875869,-1.01075827242102,-0.184325130643599,-0.0602476802158401,-1.94752051476213,-0.276236019802773,0.565064189714126
94.135,-0.485926411570591,0.46125751990076,0.719300471422233,-1.71392072365164,-2.20288739680269,2.29377875445953,-0.6244938023232,0.325432464541865,-0.210083074835912,-3.43969346488608,-0.392413651539114,-1.11948743214761,-1.08146814162318,-0.45985946753369,0.258393058919417,2.96896777028903,-0.625566615324472,1.42091189303187,-1.02091174852763,-0.195071249244,-0.0472210098386144,-1.88197374241427,-0.242263824385521,0.568952862024026
94.14,-0.469533198236404,0.497230563044009,0.677907622218114,-1.72387456589714,-2.35465672989504,2.2443485128724,-0.625667048853641,0.287417982312957,-0.185126762904863,-3.39426899918261,-0.527506126503846,-1.12659799525841,-1.08179376551917,-0.485416211257431,0.231014151650801,3.02766286376073,-0.603862321640344,1.43650392446756,-1.02911643168248,-0.193850358889736,-0.0309370679871739,-1.80303929876536,-0.211875773682255,0.545366453994065
94.145,-0.448908204216044,0.514305187895088,0.648682670210199,-1.73616038898603,-2.44734193762601,2.21180323662689,-0.656188367712948,0.273856437993351,-0.121409099244333,-3.23807224795776,-0.730285947021503,-1.13258190956359,-1.07483213415507,-0.511011491238502,0.185299400155153,3.11632524859995,-0.583531786610032,1.47026346369948,-1.01833569799954,-0.185563961570084,-0.0161225072400841,-1.7756292072808,-0.175590377859364,0.534106963786342
94.15,-0.446591275287424,0.500424247257955,0.651922241027349,-1.70462182360464,-2.53496635269373,2.20322901442359,-0.667491064792374,0.287737979042521,-0.105492905789874,-3.11032141065328,-0.92984694028384,-1.15693645455508,-1.0663591805623,-0.524287547673665,0.144988588991708,3.17389892614208,-0.563366278023983,1.50358751250856,-1.00329027615621,-0.177589250388678,0.00828497498551595,-1.75773420389728,-0.119618325146699,0.516331103723419
94.155,-0.493882799396383,0.480521897136852,0.688862528496309,-1.59180734257142,-2.62883976148352,2.25477388543624,-0.68569544688249,0.264898443239887,-0.172184862621599,-2.96980482911607,-1.10907929977463,-1.14997470172134,-1.05779987384918,-0.525663588634041,0.104269993688447,3.22408892014248,-0.537780153183684,1.56213799394045,-0.980296058902624,-0.171259981323696,0.0430257290728486,-1.75214565803188,-0.0504327118990045,0.506624778302072
94.16,-0.583644802836222,0.474906058389415,0.769025335315103,-1.38282895097942,-2.74264509363619,2.3544393016456,-0.71173834332817,0.210493053079549,-0.236158253407411,-2.76490985299154,-1.30222187128917,-1.14566172640079,-1.04284305926447,-0.515469747665194,0.0751869230388584,3.26768660573619,-0.501984062726853,1.59060061326098,-0.966024406520612,-0.167775615059171,0.0785799465336822,-1.75065621477529,0.00624651748210082,0.501123359316463
94.165,-0.727097835595156,0.499941110141904,0.857240845357513,-0.998598694631416,-2.97143581375379,2.50694142126883,-0.720373561394379,0.163699967445788,-0.319393827296731,-2.59084411140612,-1.44375500414716,-1.15283854418587,-1.04099025743425,-0.490454202341549,0.060090215943983,3.28788683193095,-0.462335254399212,1.58032408327853,-0.953271585102706,-0.172678357443511,0.107945574951405,-1.75895849712745,0.0429324079402475,0.49501084245981
94.17,-0.796294309352063,0.539505164761341,0.868998392391052,-0.662542826075086,-3.20292592157794,2.66154734638444,-0.710051095317541,0.104190154254952,-0.422738489074176,-2.50371596499469,-1.49682253192491,-1.1633985007638,-1.0392198642295,-0.472148305765062,0.0560255368054353,3.34004819789467,-0.407083565443598,1.57409890303079,-0.939223897473555,-0.166101285922841,0.126009604325872,-1.77360910679725,0.0629724853186711,0.486997275191746
94.175,-0.804954700822653,0.612700857490998,0.781361012633135,-0.304967918228835,-3.51108271008353,2.87486428077827,-0.721759294778712,0.103950109847535,-0.412617847234087,-2.4125666686144,-1.54163061894801,-1.17177034101766,-1.02868986777261,-0.463288706497772,0.0459015183919258,3.37922817714961,-0.395098080359123,1.57412640725254,-0.916526838480699,-0.157083643137727,0.138688520625969,-1.76874616073156,0.0747412194791868,0.473829624690694
94.18,-0.751895409622008,0.68573354570585,0.63438996454342,-0.120178571686279,-3.70087690371348,3.0371045816444,-0.751052404734862,0.144572886126821,-0.321358098852245,-2.23502343834063,-1.64659447518728,-1.17487674922766,-1.03258295673669,-0.449599638272781,0.0401012455023535,3.39137738425983,-0.422451745352897,1.56471868547314,-0.901294897857676,-0.153233057872104,0.143989460129316,-1.76172692050649,0.103952061970136,0.457036857506763
94.185,-0.671224036400744,0.729468181494401,0.454273504225737,-0.14183395065333,-3.76408619314532,3.14685186705876,-0.778368539507589,0.177297286200041,-0.243159133862374,-1.98062732930793,-1.76956788534577,-1.16113757626003,-1.03877585484392,-0.435813809221388,0.0346900461277679,3.42529469988255,-0.453143853223297,1.55923004808231,-0.89041105496927,-0.148792302565648,0.141762942855053,-1.72930724770136,0.124405615795828,0.421579860752489
94.19,-0.587240998615514,0.742949183329939,0.282689626342532,-0.304295610824375,-3.69250847476958,3.22793354559687,-0.798236467153536,0.20113485446642,-0.183198610182287,-1.79952116510405,-1.87803492312132,-1.1442168393737,-0.96123715199877,-0.399536033560127,0.027002582165713,3.25141520806662,-0.337834154177617,1.59961300761945,-0.886847478571199,-0.145634158525735,0.138489663160407,-1.71838019371201,0.137287884301407,0.404401446858045
94.195,-0.536589885615122,0.726808260177669,0.167812264759114,-0.541824090269333,-3.52731620701142,3.29987048670559,-0.807043973825479,0.21432068375727,-0.13620917375887,-1.52898112302575,-2.02417409821476,-1.08232452009254,-1.05984431906678,-0.404572011936015,0.0349231068859665,3.39034345968488,-0.384482770246495,1.60817880082162,-0.886619873342271,-0.146282552417993,0.1326466324383,-1.70797207585162,0.138991056651493,0.379875436743322
94.2,-0.54698519527368,0.670646482772187,0.162378064616846,-0.784205273142679,-3.33118507970927,3.32634092405939,-0.804061386595356,0.25591937511098,-0.120513497193903,-1.36774722471819,-2.14520339933906,-1.08280820874206,-1.03935896010985,-0.398537079133514,0.0104985077944656,3.43317786771861,-0.364215047637175,1.54875590455998,-0.881628998542517,-0.14637893231291,0.131577678736886,-1.68758434442349,0.132953688694113,0.346286822040679
94.205,-0.612744035986595,0.610006347455102,0.24540089202882,-0.91112039418542,-3.16072673883645,3.33636053881218,-0.809455230765175,0.284286110028475,-0.194605994820734,-1.24431247622428,-2.25931914631459,-1.0895637813932,-1.03032119377465,-0.380753008734761,0.00441933146011676,3.48510775371955,-0.327665329761021,1.45026348465454,-0.878455863818211,-0.150396195706111,0.128160110004758,-1.67228820892189,0.124420695675427,0.305812635208036
94.21,-0.744756641558457,0.542215261724437,0.386837653310454,-0.859931625360065,-3.05229132139182,3.37026279940375,-0.809098053158145,0.2776564366287,-0.318417345392022,-1.05936194457028,-2.32167248462841,-1.0418168864126,-1.03776133523631,-0.372553997377434,0.00325723828436986,3.57105577753625,-0.326717052979493,1.37446619638442,-0.872173978553661,-0.149139440113226,0.124719588618359,-1.65044640375598,0.115234803433207,0.268001456567094
94.215,-0.866894466155032,0.496005570602161,0.51755204004217,-0.604833125289173,-3.03987782544472,3.46635407134872,-0.813475852839286,0.268474304985745,-0.402786308270898,-0.97404684184835,-2.42051533253942,-0.988292494644529,-1.09909643950116,-0.378745367247827,0.0198477208468331,3.6387033487123,-0.367175383647876,1.35807728767395,-0.875511080788752,-0.141039284227539,0.101846633519005,-1.63125084103432,0.1149040667364,0.233047507479936
94.22,-0.937637299255477,0.511955648290619,0.640906645152626,-0.341798569055525,-3.1044448920698,3.55303902848314,-0.820755205430633,0.291403067757524,-0.448540138573604,-0.964072421240862,-2.54111178900419,-0.953294155895606,-1.07369088285679,-0.381728700020828,-0.0444873587706427,3.71370336621586,-0.442646841289726,1.43438911839427,-0.878915731448974,-0.13238949488781,0.082723143585072,-1.6089326780603,0.132142085501297,0.202921019795167
94.225,-0.958690802738864,0.563314543464136,0.653154014298468,-0.136030915543543,-3.24070370993279,3.61607743708881,-0.83049093532934,0.407142508289817,-0.474731989655719,-0.92501474401276,-2.70805433777543,-0.919852597090403,-0.986642166985678,-0.358031332995735,-0.0344331498835931,3.59675400989718,-0.487188032636301,1.5443092078008,-0.883984695133621,-0.114202429487409,0.0659201924617273,-1.57282111126571,0.163319641816931,0.193211441635975
94.23,-0.960196981179447,0.619250432454412,0.604691190961701,-0.142382965584306,-3.37703432532823,3.61116049483689,-0.841690474379278,0.47091474912858,-0.430383118686787,-0.859919743728753,-2.77881182397197,-0.882880628843638,-1.00718265812483,-0.360873088110582,-0.0317582574765754,3.55045877301544,-0.539459118372718,1.54187312982524,-0.89254866411698,-0.106198492086089,0.0560758321164769,-1.52145614695192,0.178426996504755,0.17798273422744
94.235,-0.957055752717818,0.644328638337798,0.532620632369912,-0.363117328385169,-3.49207306036694,3.52536072178239,-0.870555370470691,0.516671760675998,-0.385111473411755,-1.02005589360854,-2.86517211498391,-0.845540230191803,-1.00142909152672,-0.360175992075915,-0.0158784558358293,3.51433902431778,-0.550460609246807,1.46184457504046,-0.89637176856867,-0.0985804294992765,0.0533981361707525,-1.47044175055571,0.175381758235677,0.173823305015455
94.24,-0.935244949118561,0.59946557899942,0.464476267282145,-0.663453970734672,-3.55432970267879,3.37479873157744,-0.883855844706057,0.543428019786457,-0.37954027579621,-1.20154034397905,-2.94274823487746,-0.785943343453889,-1.0215638181226,-0.347747458786962,-0.0120528027639744,3.5047349552293,-0.575284291104304,1.37039041600706,-0.89690138054758,-0.10236836094057,0.0476549328354844,-1.4348365818292,0.171617883844388,0.165276542782955
94.245,-0.90750262744473,0.573215919083654,0.427783104186242,-0.862761554992434,-3.57570301136084,3.19960559918937,-0.890150580408399,0.575343289078847,-0.394653482403714,-1.43908106146773,-3.01139514373295,-0.690830795483125,-0.968628763248739,-0.310260670901975,-0.00498014109522607,3.38071276424912,-0.559564766073426,1.33570875926251,-0.910364474222044,-0.102521544260835,0.0481787793868733,-1.38093854840266,0.15639988633064,0.153041579443757
94.25,-0.887463799362596,0.479831575411551,0.417558892691361,-0.890389089091418,-3.58373986417231,3.05093560037734,-0.895782806191372,0.57496021042099,-0.423657131151399,-1.64740373433217,-3.1034600308352,-0.609644206951286,-0.974662976751465,-0.293752270207904,0.00114396084444874,3.45491898735523,-0.62216716931103,1.2725126259482,-0.923038874474719,-0.100504801632322,0.0500432381262007,-1.34053294275319,0.151914700006633,0.139063332893443
94.255,-0.893941008216644,0.485362331663522,0.419530552170801,-0.835008343170605,-3.57909018056081,2.93826070040518,-0.913899628644175,0.545385699060841,-0.440195922507135,-1.8710165576928,-3.18407045303766,-0.559721314953135,-0.994453345677715,-0.294478957332094,-0.0192972893550602,3.40779023271199,-0.678076604540573,1.17356325244261,-0.940832799909758,-0.0929035215487577,0.053826542828467,-1.30818595764475,0.151132263436133,0.145277231389631
94.26,-0.941255787887464,0.552420826969746,0.423993037539615,-0.639583663640596,-3.57467834183951,2.85166558868749,-0.921818208227848,0.504996251168368,-0.465089928852741,-2.1098940843797,-3.25924607530005,-0.508606911825454,-0.986765566018995,-0.287797511523801,-0.0267097936081884,3.28146418389383,-0.691054846656833,1.10183634456704,-0.966394922919328,-0.0859907258646386,0.0632791392908151,-1.2936280455007,0.145893302973122,0.153629901591927
94.265,-0.988940541077027,0.646271595371592,0.435688524200623,-0.468188653659738,-3.56605229889162,2.83158316931945,-0.941274425306804,0.454341818469765,-0.492096490491301,-2.26450007198718,-3.31249618637517,-0.479706013213123,-0.98550390248864,-0.273582886837582,-0.0307706948295007,3.22907514053503,-0.763317352665901,1.03258563493951,-0.982216611069179,-0.0951236807556555,0.0637024565537074,-1.27261589768587,0.127964624810687,0.163771694872427
94.27,-1.04946395168272,0.761207794135952,0.450536870232137,-0.382739817816625,-3.54226454622029,2.86254469071206,-0.970160839994433,0.424986112233281,-0.497005771746971,-2.43154823245007,-3.39100718032719,-0.42952928692523,-0.992250113864555,-0.263650329637529,-0.0421262728386589,3.18335058297262,-0.850693595149016,1.02416451442342,-0.987008244542819,-0.104348370364554,0.0767945928632053,-1.26433057976328,0.0955177804292733,0.16333858646987
94.275,-1.12656251615789,0.854756939467216,0.49232248293969,-0.345412369876926,-3.51030328978952,2.92502756745612,-0.993855661911092,0.421491359320813,-0.490036538707428,-2.52636093922179,-3.46755270703273,-0.394152909791081,-0.982760871375006,-0.255660727460176,-0.0599933729008831,3.10233723335865,-0.92354922441776,1.0473801660667,-0.986745486686526,-0.112355047499407,0.0920891872692267,-1.23935893361488,0.040315456728763,0.15782558356416
94.28,-1.19972872961788,0.890626208755879,0.54546059743371,-0.283346461417772,-3.4893023152966,3.03797327216203,-1.01424239887578,0.398104311071322,-0.574820433514779,-2.68018622861031,-3.5478385825737,-0.343050021510393,-0.967660552443874,-0.251072811492076,-0.0723061080683369,2.98906639407693,-0.955270679034885,1.06322410221356,-0.986317185665415,-0.115975839599311,0.105378810823234,-1.21827570730235,-0.0048562822115388,0.14834568486534
94.285,-1.25621252818426,0.882164741187586,0.561897315693593,-0.25012091879297,-3.51137954712197,3.19361102057233,-1.03884088900615,0.370415618559871,-0.598267207856872,-2.73491468996708,-3.56719175128593,-0.290198312678177,-0.947170802876646,-0.24323604861688,-0.0771000152511692,2.82476450784322,-0.955243883160487,1.05129136418904,-0.973426924396613,-0.104433023527648,0.111962169840284,-1.17606717177612,-0.0469775565219828,0.144039610436027
94.29,-1.23924808804849,0.865471098112037,0.518658842841789,-0.235352789356338,-3.522461526816,3.33535310369119,-1.06920532076759,0.329412806593591,-0.590493760171347,-2.76046462790134,-3.61789563950725,-0.229203143768416,-0.944947648368515,-0.2353503920276,-0.0884622860006751,2.70374485223923,-0.938789193973517,1.01761923794128,-0.953900469669503,-0.100903841371805,0.112315074950912,-1.14786432822787,-0.0808092808037769,0.148933881968616
94.295,-1.20017019762183,0.8465393717299,0.447532956753459,-0.245092769762532,-3.48943297145889,3.4727809814709,-1.08529068125126,0.312227012745493,-0.563541470525539,-2.74669163833492,-3.65126730406291,-0.179046583775891,-0.943923101789734,-0.231744488424474,-0.0989386880131831,2.58329817735558,-0.907617194128281,0.991989243612339,-0.941392946001102,-0.098983923592992,0.103871195015969,-1.1226537544988,-0.0820096520453561,0.149133945062302
94.3,-1.17078114267783,0.795731108033576,0.350913454624844,-0.277955129042541,-3.38705393257981,3.57566417780586,-1.08800361666636,0.292305254453678,-0.537761283796788,-2.67840249846802,-3.67434338712332,-0.121305846903755,-0.93522127544374,-0.224917556317606,-0.111978017378791,2.48482752631951,-0.866307154058421,0.981233661019426,-0.926814505176189,-0.106082265531146,0.0941854636290623,-1.10044926539137,-0.0705551421707981,0.149687825838772
94.305,-1.17497464685907,0.754978367149666,0.31613033590642,-0.303029912959066,-3.25235041311331,3.64905511231419,-1.08862941633112,0.274157137007556,-0.541439771407321,-2.56768985673434,-3.6912306048659,-0.0816593075027528,-0.924142835871236,-0.219345834876827,-0.125212831180303,2.39988503491827,-0.821562202774143,0.992451424529744,-0.923822029401386,-0.106521065262596,0.0978244510487827,-1.08315547887561,-0.0563302775378365,0.144814870218629
94.31,-1.18587625416359,0.735665183452225,0.310890801983504,-0.299442312627928,-3.11286460404945,3.71719564552257,-1.06072294508182,0.263752048943079,-0.549558398642238,-2.47950574006172,-3.70820683395133,-0.0546109062541839,-0.911606639622454,-0.213648628180748,-0.136766890660155,2.32363239557153,-0.766209475649968,1.01217211400902,-0.91895598713489,-0.113444610256052,0.099613856648278,-1.06530253557654,-0.0393232216947383,0.13491879601573
94.315,-1.2113758866118,0.748697860742781,0.320106486839199,-0.262423010276824,-2.93101066900412,3.82964737196136,-1.04497220849134,0.261817484345719,-0.565675783328729,-2.41432149310207,-3.7196626663208,-0.0269481945917404,-0.900381615489408,-0.205928533772665,-0.14592513881794,2.27084934948254,-0.717327814786385,1.02288053475823,-0.919284084530156,-0.117697492376236,0.104056857270402,-1.05426799630964,-0.0254727963390965,0.120168323946181
94.32,-1.22325855298385,0.779909580936337,0.331452597458143,-0.244009664642413,-2.79226109683082,3.94148229472101,-1.04237715181758,0.296910064748286,-0.575353784158111,-2.36716679124692,-3.72828858090773,-0.00970902084578262,-0.89163202300771,-0.197305789918394,-0.149778530086272,2.25667379803368,-0.677822021580444,1.01355946063995,-0.913645509611012,-0.116236663751362,0.104016783145544,-1.04636251674617,-0.0168923978681931,0.109836744737258
94.325,-1.23273543969106,0.832705119509326,0.336528786685101,-0.266402591896342,-2.66773106727543,4.05480697199028,-1.05096753702909,0.30957905383115,-0.582452895171542,-2.38782920829478,-3.72983555474436,0.00316777950350003,-0.877153698223266,-0.191316421676264,-0.159266721185794,2.24277979337496,-0.663779702308789,1.00974686291752,-0.922193806177646,-0.1136491821785,0.108000603812563,-1.03648341954287,-0.00210518131065977,0.0917564916074566
94.33,-1.23976861291369,0.874763514901227,0.323406631977399,-0.348023597555868,-2.51875929638601,4.18544944787383,-1.06551150687159,0.328939589150899,-0.578433118872363,-2.42762460997105,-3.74318746739864,0.0231590753058383,-0.858931659214349,-0.183798449223297,-0.170522263386856,2.66985225978875,-0.271304743789185,0.995364778222119,-0.933895725443438,-0.102254583950635,0.102904531978234,-1.01738023354553,0.0153241313206686,0.0704025396001803
94.335,-1.24141199542118,0.912574076188128,0.305702364689515,-0.45011940138595,-2.36968495126306,4.3116407165526,-1.0914947930608,0.348100134711044,-0.561529287557108,-2.51102275440918,-3.74338406154187,0.0511752720572996,-0.834653119900283,-0.182258807166559,-0.184340936071533,2.39650833616812,-0.505278949156204,0.971305734452684,-0.938197093202478,-0.0959902777874502,0.104986445020707,-0.998886713812994,0.0173019853922045,0.0567625115697216
94.34,-1.25112788682387,0.957267589463444,0.294316237419725,-0.58080111520222,-2.22890185974527,4.42533509245481,-1.11316395031254,0.370234013617314,-0.547812648608684,-2.61433787346194,-3.73665915469171,0.073457657970814,-0.814804033777858,-0.180741191456055,-0.19290196788669,2.23266895497832,-0.634250339591813,0.948916065848482,-0.887038728767327,-0.0918352511499685,0.106066868505639,-0.958527437705506,0.0425479561749133,0.0297400724640295
94.345,-1.30988014046283,1.02857192014758,0.335947989202751,-0.79480386836752,-2.06393651492838,4.57045328718617,-1.12791874733941,0.422645097540722,-0.532047186469905,-2.76168533374206,-3.72986683181554,0.0984349090898706,-0.794602039059949,-0.183489998995331,-0.193699861592966,2.18373172144209,-0.618059968019075,0.923844652407775,-0.953129124381551,-0.0835495588530226,0.117004169353962,-0.921051644552186,0.0591853515672804,0.0142856721911262
94.35,-1.35277220067502,1.05469258888078,0.386715343594315,-0.962461711135115,-1.9604712123288,4.70280053390308,-1.13136803508981,0.460716775425668,-0.546252964697584,-2.89705492878118,-3.72431885446736,0.128404825716083,-0.777552376639962,-0.190785081682639,-0.188237873711164,2.12017969022911,-0.602419916389172,0.901331124877989,-0.968135933132406,-0.0686911368424674,0.130189846047421,-0.859872188506437,0.0845014140905593,-0.00973398014765653
94.355,-1.36380942457984,1.05079803369343,0.434894530910014,-1.09934143782428,-1.8769550530238,4.86000135111816,-1.13757935074598,0.493928899160291,-0.561040036391648,-3.143923947898,-3.7295698381932,0.172127792414793,-0.755036244786379,-0.200045514121697,-0.17444785487197,2.03373143972271,-0.582703860516057,0.86423157603201,-0.969404831524503,-0.0624493066635552,0.153790286908341,-0.795199236360624,0.0993472286257751,-0.0303997369438226
94.36,-1.36557970763903,1.04212807168537,0.472975258642896,-1.21100300047946,-1.80514036910057,4.99296893298931,-1.14144715320454,0.527905339089395,-0.548490421956919,-3.38957152453343,-3.76009513301261,0.208590259698987,-0.739914391136715,-0.21049515241292,-0.156278632499249,1.94595629407023,-0.572308289714713,0.814963974154154,-0.970669293754744,-0.0443509881519835,0.176912463261098,-0.727520341358364,0.126900531196823,-0.0320758746304335
94.365,-1.38880642268209,1.0384144461921,0.534990865005545,-1.26620893786749,-1.7385830668795,5.12313741180118,-1.1615286805013,0.547834071561623,-0.547923748892659,-3.60960071011953,-3.80118549448207,0.228973426114915,-0.725132654349913,-0.224386922815927,-0.129059429116516,1.83628104648863,-0.561908640898189,0.738642851044594,-0.966305577531695,-0.0373150015558926,0.195880435803308,-0.680319187639282,0.142758148555448,-0.031625407723355
94.37,-1.42481446628507,1.00699908181255,0.593548590789702,-1.25805203158359,-1.69638730165223,5.28832523808712,-1.17401746822326,0.550655592535814,-0.572408050444388,-3.9230068343618,-3.8417793261006,0.254476654357836,-0.715003791416403,-0.233089685586605,-0.114138850562879,1.75172850265163,-0.56488485735184,0.663257099643044,-0.954431318724365,-0.0331796408324397,0.209031012606928,-0.638037575014932,0.139039156819223,-0.0192686937636428
94.375,-1.44011449792408,0.951912895127917,0.635431880609609,-1.20982086423325,-1.66790134248971,5.4216897364453,-1.21376425441685,0.541263683044225,-0.571810010470969,-4.15654673190548,-3.87412462115981,0.278259419909487,-0.71446249291023,-0.23533127526181,-0.106281627567345,1.67803959733204,-0.576426337859195,0.584707119497603,-0.94541327612021,-0.0271410367663653,0.203729391676594,-0.620965616043698,0.105569932967566,-0.00513065992699561
94.38,-1.43842229188971,0.883945847013989,0.669444703924242,-1.14627350077024,-1.65081334928902,5.50996658317882,-1.30154125665544,0.513216976335347,-0.578447955103281,-4.45625574961242,-3.93720252835738,0.293531247281163,-0.712912312778182,-0.235316180724408,-0.0993650582093783,1.64149283956488,-0.586081442888166,0.507398663514687,-0.940842103704244,-0.0223100388498416,0.180667235186118,-0.603170793274784,0.0612632530751259,0.0134055216923788
94.385,-1.44116387854048,0.812979338632003,0.699033165870702,-1.02886981576673,-1.63511052522231,5.56527146764181,-1.3353096360932,0.497126983097952,-0.586557849198784,-4.60865495295769,-3.94823948571633,0.30064191876871,-0.71534226169141,-0.230828093147484,-0.102479265172748,1.62436983575824,-0.602135530734132,0.427038848133413,-0.934636598026166,-0.0253011176882763,0.162624731841324,-0.619663939448093,0.0280728604912012,0.0332750840616302
94.39,-1.45978529719433,0.755831030371611,0.710285492966239,-0.911248146065162,-1.63246196654774,5.5865291389241,-1.33794181764718,0.469026738927624,-0.592508728149917,-4.71849842624376,-3.98554444461333,0.285403305714463,-0.71707932986922,-0.224562236736101,-0.102754591330924,1.63891283124292,-0.608702760588738,0.342851283350415,-0.927868199092595,-0.0213958403362351,0.145236422584321,-0.637973229121325,0.00742622006497226,0.0607322356700187
94.395,-1.47950406960297,0.727815782349153,0.700143421941802,-0.839841746720347,-1.6441731695236,5.55358262611554,-1.30816350044415,0.434308139183702,-0.590747638648686,-4.75080790155211,-3.99184183623279,0.29090075468477,-0.721267092676469,-0.215429750520004,-0.0942416810693767,1.68476154467118,-0.604637335198943,0.261866624356946,-0.922862924999754,-0.0153173977117587,0.138871072995249,-0.655917930126862,0.00598981817800697,0.0890049551589815
94.4,-1.51193645035447,0.69016645813113,0.691586784564925,-0.80400199539272,-1.65252393059685,5.49813874199764,-1.23387805970744,0.375707971626391,-0.577677801243186,-4.73569676009777,-3.99204644141409,0.31796895361825,-0.729644151714076,-0.207474435460601,-0.0838070919062319,1.73739173652328,-0.592180781315563,0.21215248936622,-0.907836864590635,-0.0249938147723039,0.144436771742268,-0.669285090212793,0.00676547582905811,0.102601928341334
94.405,-1.51798592431317,0.626255839278854,0.670527505060412,-0.766101371481366,-1.6542522718552,5.43907392380195,-1.18788111745824,0.334544092400333,-0.592197671854285,-4.69887142176709,-3.98588481126445,0.340633678044227,-0.743638105490218,-0.207764836198204,-0.0725129658643814,1.84375802401101,-0.558103755248476,0.137881728598875,-0.904518583189059,-0.0321353576216158,0.161636434102415,-0.681614129069947,0.0323377249980839,0.119857247281073
94.41,-1.50326316554429,0.562657758944262,0.634596895021614,-0.7454077382367,-1.64316663885346,5.38689080368807,-1.16729952377613,0.291348898008456,-0.592138739816858,-4.58486349218375,-3.97074323361563,0.361223746766713,-0.759466182749828,-0.20570886442781,-0.0582756147899008,1.93140337222528,-0.521765657754833,0.0817134770926645,-0.913604995662967,-0.0345187570865543,0.167685842853396,-0.697643684500401,0.0515127132900766,0.121215478380525
